354.3785919283 -1696.9743250240 -249.4634183463
422.6296622278 543.8833332146 896.0998250819
1379.7795965872 1413.9267539193 -681.8449036498
1050.6530318162 -1622.2743963157 1357.7759990147
1602.4167402556 -642.7141562536 -251.6863905937
-1697.9086029394 -671.4406699513 -442.6651505390
-1589.1782280036 26.4571035113 1713.6601676830
-1695.8029797626 659.3964803864 9.5388278266
-246.5094016756 -399.2627848120 -490.6151936157
1007.0934753664 -1065.3770823907 -1752.0076102613
-475.8523931840 504.7475088214 1308.1444880278
742.9568000464 1751.8849945330 -333.4389484909
-49.0487434714 -1006.5000251724 365.5537463749
1525.7740245772 1231.7120928219 -114.1798141633
1082.5707384736 49.0803464864 -691.6980819102
1627.8569743134 1126.3528714488 -472.9077972515
764.5678122852 1207.2828669353 -79.4071781910
569.9824352940 -738.3477663397 970.3078530067
-1173.9659282584 215.5875232547 399.6176275914
-78.7224014540 1992.9166051977 379.0498126491
1062.0816955219 1009.1328514039 -1750.3605207529
-1343.0681005211 -265.0810166764 -1114.0754409816
-1269.4493706299 1230.3013631169 -653.5092773885
1174.7363541808 -105.0002905666 1335.0923184250
-298.7716562883 1756.6179529460 -1601.9273530293
564.4849851085 -1161.4822908271 644.2299539682
212.1473512450 360.5428152098 1815.5222669378
-729.6775480228 1205.1683629507 40.1108522723
-701.0313734557 1444.2357549682 1602.8847796511
-1447.4046290337 1884.1171090410 1436.0356494043
279.3118598448 -1970.3532825198 -927.1350188323
-1906.6453182372 1475.5748919687 -912.7137190821
215.5759474759 1942.9872822822 -1009.3034917766
881.6569911298 -924.7608938214 912.3494472599
239.6034164686 1299.2825441341 1306.2921333650
-948.8077683246 -116.7457280236 -399.6830950779
-918.7247050706 738.5139577561 1237.9490658623
-984.3895818044 -1130.2909433321 -1977.0744157619
-881.0409995933 205.7057548819 1363.0087214930
-205.0537872256 1885.2021165334 -701.0542442944
-1783.8213242535 -1576.8395506064 1689.3187665407
-1475.8732928286 -1661.4807524484 423.7806496840
-632.1536741893 340.1170270987 -194.6340894652
1208.1015749504 -1516.6206713022 -1401.4637827967
-240.0405624445 24.0245497029 414.5200099481
-1387.6088053078 -1214.7315190266 -681.8874138565
1933.3143811358 627.7800441946 963.8679889111
-1799.6793209718 -1305.8048652878 222.4103121238
-104.0635757384 -386.8793971853 -1197.6377746618
447.4272424675 -1907.1893062872 -1207.3166921107
812.6409131122 718.1982543835 -1580.6874819628
1781.9310314793 1455.1947523903 -1512.1567119104
492.2516809719 -804.0806429963 1013.8256617309
-80.7912852661 -663.5559913295 -1001.7595887744
1111.3639242255 837.9875654610 1153.1644181101
-865.4099069171 -838.0319367675 266.2210554696
-1904.5720586955 952.2699097862 1737.0134481786
1380.1891828743 -387.7263780963 190.8591943570
-1676.2077558571 -284.9062286943 211.0504462106
-461.7099950735 -1745.7300713097 402.1961963126
46.1787784173 1688.5876578132 -1736.1546468561
-796.2265331618 1017.1103167575 -755.2585231340
626.8550629476 -1145.6549300860 -1949.6028193693
-1502.9076761100 -924.9424998606 1481.8023833048
-1217.8475580439 -667.0517138676 1596.4295697476
-38.8821698275 -1419.1902038972 1496.1956160136
-1485.5880890497 -95.3674930240 253.9777426524
-247.5209548054 801.9002044905 -822.3940745389
-949.1263116212 357.4867398651 -893.3549683319
145.9975310024 -1617.1962804097 1643.1710991500
800.8391742526 1554.5052341760 -227.3691211195
-245.4767191490 1005.5045522355 -780.7682999302
52.7215912407 739.3922098821 -1922.2706157135
1711.6265156827 100.0300795522 592.9126539325
332.0166087452 7.4017105635 -1623.8631248554
-1776.9294312648 -220.8861857734 -1046.4097952518
246.1575310170 1517.7107016377 -1369.1951057757
360.5864693765 1012.3375045733 -1907.5954802109
-899.8506170985 1856.8626230841 -322.4247001783
710.4085677863 1193.7848341817 772.2636180117
43.2401535004 -1485.4415957341 -19.9315075415
-282.4997400313 1651.2663171135 -216.4256919469
946.4048599371 711.1795355223 1678.5374511200
1677.6553469008 1639.6328840759 1494.9147041099
1961.3536850801 -1438.7589811850 -3.9798620397
1896.3107752018 1126.1104725216 1238.1809288671
1388.7989841752 735.1699471494 1405.6277912348
404.1632245370 -488.9597095254 -1505.6325781905
-932.5559741190 575.6016079798 -197.2527398636
-122.9832689697 1779.7543893091 -1158.0569428153
761.4385979379 -516.7893284338 1493.7011271617
-304.2747032134 1605.5203760470 -696.5009467065
1306.3815402197 -631.8992262452 -623.5129137435
1732.5421290948 802.2167291545 -599.8205710326
725.8409169318 1655.1528741326 1997.4864330117
1065.8364337587 1664.0271501119 208.7858126075
-1452.9233396264 1344.5479090888 1272.9585246915
-815.0744236884 89.9771560614 -1949.4975133188
1869.3646735050 -549.0088257759 309.0297767963
318.7933397283 -1174.0074168139 -288.2052927447
73.8825232203 1822.7391618951 -1953.7718995069
-1145.4268657394 -782.9240081080 1076.0584547531
1520.7735043854 -1428.2336467299 58.1721230778
-907.5648009019 -1155.6134824220 -475.2172775925
1337.9867577413 819.4027145002 736.1891515943
-169.5601136052 -1250.3610973810 201.7927090866
976.4437914401 1361.6337761942 1512.3946186940
924.3079541321 1607.0796751368 -555.8054078740
1151.5296447147 1848.1953336785 -218.3876991581
-1325.4990819679 -1547.4252861723 1413.2130733882
794.2985793407 1737.9312480784 -1963.5916556730
1632.7109964612 1083.4270515887 345.9409829344
-1237.9375133883 1795.5488661094 -256.9632986275
707.1808324346 1576.7069679019 1205.1576360499
-82.7890547320 463.9272268855 1419.9019703660
1844.4985101130 1721.0805404766 1886.0420587269
1275.2014387700 -605.0093026252 1531.6721586534
449.2565830975 1175.7089940617 780.8918024982
-1010.4220211842 -664.9483072485 1468.1377823293
1162.0688666000 1533.4464622651 -1435.9488993073
-1784.7614088532 765.7376140226 80.5952681298
1673.4361357328 382.7804693693 -987.4016902051
-1312.0606045507 1104.4579566245 -873.3930438138
-1203.9796520411 -496.7787702583 -1451.5300170151
1451.1703717914 663.7568232046 -686.1756420456
1643.9355316168 -367.0314696615 24.7336640367
-1753.7660618455 -383.9216420677 -642.6083525698
-749.0713364834 1599.9874925235 1449.6674670969
-1781.0120304068 1404.6751856607 590.3439266284
663.0289784600 1710.4371404139 1979.3197195593
-1346.7827258365 -1639.0010941868 -1468.5461427695
155.4733840797 -855.0082797730 1510.6751061725
-377.1048213067 353.8078143685 1377.4044449553
-340.5433980181 -644.4834132445 -1142.3866876491
375.0463998683 1795.7567791695 -502.7441768034
-861.5391515381 401.2233492270 -1229.1667610176
326.1516067172 -1867.9369966046 695.0687769390
118.5545218630 1374.2607303829 -1850.0470712940
-1148.7849747149 -760.6092510884 1242.6963321030
-915.2780506651 -293.0951300033 1899.4917866045
359.4744363369 3.1805941353 1981.6106635691
-300.2743504206 203.0190484530 -1942.6983236569
1999.0211743199 1230.0313910796 -319.5562236159
717.6362584972 -1207.4810581128 -1273.4309520001
-1379.6123948774 51.4152316558 1111.4899105840
1037.3057426046 -835.1392251230 1633.0362673297
-1664.6254486469 1845.4670383854 -125.9593838571
125.8064505987 579.0691247783 -1894.0462276024
-1300.4685224093 1194.3864951736 639.3176904464
-1153.8476394175 299.5568302587 -1215.3030783925
476.9412756520 1247.2199275284 -1069.8975659027
343.4114872894 346.0505861386 1751.6625997926
-86.8752234592 -927.7445738394 -1522.9140409102
816.1236896108 1025.2267724016 690.6692809203
322.9562672945 319.3618157320 267.0860510734
-945.4151995246 374.1466041759 -644.9852466310
736.7151267273 -537.4609091127 -14.1699980406
1595.4685880172 -322.5023426370 199.8232041180
-564.1884166650 -1496.5302771561 806.9651815639
1460.3212730835 561.5009484702 -840.1460431284
-370.8719713353 -1745.2196242308 1363.7726788933
661.1716741144 -244.1624803961 1588.4319966761
1471.2709574302 419.3904595544 1388.3519484748
-215.9741065929 -1148.0210295219 1474.4182077177
-1254.8760896997 -1941.7842423542 1207.6932606398
256.1707028155 -424.9499570502 201.0374479469
1740.1909401003 -106.4016913504 -953.5141711838
-1197.9667377463 1477.4369783951 -907.7679164918
-565.2093378996 -821.4484254145 1015.2392744014
544.6097912528 -168.3222663365 1487.8160327285
-1775.8729191588 -64.9847458507 1504.0225109162
1320.4726652609 1390.8200375205 1356.8263868927
1697.4156145795 1411.6413216683 337.5095306422
-1232.2810533928 -1032.1981634771 -593.5222715757
271.9218045575 -1555.1220619812 -299.5727562059
-1235.9018438453 545.9758579160 -1109.2830249910
959.2652030393 -14.4215129375 812.1833197463
1570.6680850276 -596.3831858433 1809.7100704068
1643.7701778513 1988.6659516773 -1584.3483835851
-692.7883454386 339.3499525281 1753.1352909611
172.5541594384 1661.6191713494 -1831.0102847285
-795.0675071621 -1068.0131655842 -1649.0731415455
-1224.0504412377 -1711.5861102821 -769.9814186187
-437.0547342210 1405.9719883676 260.1055714722
-821.1707406971 -1706.0551939636 -1913.8251328130
-1461.9023014476 -381.7710040853 -1454.7639846241
580.4845019983 659.7667069146 -359.7825426959
-1355.5373377117 -1899.6796251080 -578.6547838005
-881.3176208331 730.7550814346 -1415.1922778709
-1900.5259867404 1371.8636656863 -223.6028783242
942.9278426593 1860.1082932493 -1830.4077339852
424.3926066446 -1130.0890811668 208.6757371142
104.1334631952 1274.4413185892 -1313.0984558903
1835.0342355760 -624.5659348099 1142.8032592267
1545.3556171236 -1944.7168674677 -655.3884877720
-281.2378721609 -1284.6801501710 1678.1504642236
53.2871773515 238.4279043977 -1784.3648324195
-1995.6027983987 1741.3079690076 1666.9341713184
-1504.5932533128 1937.7921461958 -646.1522155761
-1719.4993765522 112.5390237058 217.2641447349
1917.1183676624 825.4866516146 1531.0545424616
-385.4661361779 -280.5726677736 -1601.5980426445
340.0617506558 1076.2489759601 1108.5584646022
-578.8198617093 -500.0139243961 428.0386671233
961.3655204648 594.5410070463 -139.2200438068
538.4114410705 43.8870966143 402.2398701343
1704.6676028309 -889.8255786479 1812.5520258186
-1065.8837540078 -1560.0584399402 217.1287422743
921.6714323503 460.3124138688 1277.7699215078
-914.0970197241 -1694.3303978120 -198.1053840808
909.5673718603 320.5920426841 -1462.6832308383
1263.4016965498 487.0796104798 -404.0103280495
-1002.7712811681 22.4644447050 -1166.7886006895
-268.9783117263 263.1820222623 -1725.5255892374
1189.3923233754 393.8390310409 502.1283527213
-127.4530864566 -619.9814955524 -1005.6711996335
-1093.8474060514 639.6368608849 -643.4167334734
-1650.5113099433 -1852.1713482737 1057.5311729520
-906.3870952203 1292.3204960923 781.7809270021
-1440.7431751037 -1508.2765140711 21.5643856866
-982.6662696555 1254.1164407213 -728.6164304967
874.7961415884 1163.8109715700 1514.9599409492
44.8850156408 -1503.5973706953 -1696.6133159605
328.9331795176 1719.3076824590 -342.5609542379
146.3937190164 -1637.7962295807 -286.6582263943
1313.2183775176 1361.4605196989 -283.8293871134
-1605.6351100363 802.2409502295 1938.8976821375
1335.8025867883 -1471.4810193482 1917.0098603809
1829.1672706328 -546.3533754409 708.4976052522
-1256.0527781265 152.4720243618 -722.9071037001
-827.7561031435 -455.8934785870 -943.3780697018
-452.9723467139 -629.8448013469 1480.0958546063
-1831.4543631841 342.2989109009 1208.3201285663
-1451.3478752492 74.9631511558 -1335.0548032688
-6.9525501950 -1217.6771609911 -1531.7728919207
-980.0220357446 1499.7648117995 -1077.5494295884
1033.3647780888 280.7145799166 -383.1227232697
-63.2835194837 1899.5213102705 -770.6470870583
1533.5986481885 497.2209143679 -746.0154136361
403.4482017556 -1394.1696384718 -6.1376976474
1465.8568778220 -876.3259452060 -393.1609457488
1638.0223229690 -1028.3773830340 -793.5436666063
53.4850154562 647.2247108089 -732.9565045682
1895.5577916709 476.7688230321 1621.7574021524
17.8939765914 -1253.0556209348 1232.6052685880
1745.5471681838 -1344.0468738804 769.8163517853
1140.0594818199 367.6045420435 -455.2840411070
-29.7164919816 -234.6102820942 1011.2788735550
-1159.8980333338 -1143.7528606805 410.9333686335
-313.2842454592 476.7657450727 -1353.5194389203
-219.7616157433 396.9240125738 111.9661367559
-300.4131614019 293.2735131160 -463.9783620038
-565.0901171445 906.7736793201 -1091.1007390828
212.8965876031 -1975.3082167871 352.9975989326
1062.7405940614 1050.1073360246 879.9722729771
1035.8931318492 -385.0550928421 1964.1245576671
639.1862303729 1912.7162101973 1450.2461662206
979.1713494063 -857.8302117959 -620.5629311512
-495.7650057605 -1504.7106898058 -1263.6387102061
-488.2516127129 355.7233279979 1249.3166004031
1495.4671012197 -1347.6647835283 -1031.5602449807
-138.6868673311 267.4163763683 -1619.5106569178
1027.3377011492 1547.4535783663 1237.7985052408
-1852.4098685336 -1762.0605794659 -1968.8300252363
-274.0519876853 1042.5579376871 -1826.1498850249
-1831.7766622210 -339.0415859793 -1821.0078181289
-849.1844812677 -1470.6296412771 597.8502266349
-1086.5395564279 -876.0389454510 -1606.3634416849
-1758.1538933549 18.1415060243 -79.3641489766
-641.3556493036 540.5483855173 -1600.8620795697
-11.2685427141 -438.5407298390 -1732.7617360898
1898.6398949142 -870.2814604407 -1556.1622268964
443.4458551030 -1249.0654015393 -742.9556140894
1843.5502902380 -1121.0926119470 -202.1044721285
-1948.9771815780 51.0171090498 592.6466885873
-1466.3125529916 -1459.3964947354 1594.4011657805
1780.3709121651 -1223.1458985968 219.2813546822
118.7798534084 -394.8313249230 583.6281662110
-609.2592835548 1210.3986712422 -733.1805600359
-444.5283155062 -918.7953279270 1777.1301021607
32.6217738998 1571.7834479337 1984.1331572066
661.1431474095 -538.3642781194 1105.6642744117
-1956.4041441317 -421.8239873765 -1589.6984985124
1015.6401238784 1140.2643219640 914.0601822223
-1995.0419205623 -492.7650218359 -1490.3189666030
-678.6603183209 34.5756909163 1551.4371655993
-1992.9952584638 -133.4863215884 249.6220724718
-125.4249519768 1299.9507316338 1769.6196793806
419.0665644657 239.6067385852 -1651.5215005996
1634.4267111226 845.7091617401 -648.5378052887
-1131.0923483614 1583.6249099129 -1215.8417258963
-1941.6150579928 463.1864153109 -780.9295133329
409.7355997593 903.3357752924 1065.0011459308
-1428.9667834287 1491.5028170938 -517.3461985361
-415.5865825064 1748.0374997353 -488.2220813140
1585.4788259468 -722.5894519320 -601.4146970195
1095.5100992487 1865.2626722866 -491.9371100876
-1040.3685244131 -1237.6273624473 -735.7728027881
967.6521071969 208.7841051434 -1168.4747441570
-342.0273298980 1999.7693642464 1380.2424242337
-189.3626965435 1290.8208749425 -1921.8846484333
1019.5074234661 117.3814454146 -185.5916937956
1767.6825472503 -519.0136562445 -1061.6600873533
72.7478657380 1896.1108567156 -1869.2477656808
1612.3127989546 -553.5926195347 1527.8478004259
-1623.0323359623 847.0521805802 -1204.8240967997
1591.4495477126 1481.4200376669 1417.9670124044
367.6224507869 280.3301580629 1222.8763595140
1551.9744570496 -632.5142394615 45.0705553273
-1964.1759476009 1242.9118589449 -1141.9783790618
-177.1892247234 1912.0847904170 -1783.4164030912
-1812.3767603303 -1177.5106304418 1793.5699179237
-1405.9595856996 694.6220599042 852.5635972368
-1010.9576034022 877.5374106990 -1507.7481308429
-725.9198010019 1949.5335215080 -1441.6324100583
-1766.7695447553 -243.5998270882 -1098.1522835278
323.3864439444 1075.1157818339 -864.7620876034
-1969.3496559471 -212.0444415388 -766.9959194387
-1685.4054317143 21.4323897624 862.3553830252
-989.0329331484 -1127.9599058118 -1967.1818929896
425.4163478420 227.8831477647 -709.9457552573
191.4930681628 -107.6025990615 71.7804304943
1907.8602072057 -1530.6334653992 747.0522443445
-477.7885456508 491.9887535537 -1401.6834101694
-645.9080781261 -281.4184188862 49.6305495894
-1531.0943580643 -1059.9228059514 -1081.8179214998
422.7416326399 -725.6228517706 1463.5585707893
-1492.9066503725 89.4501964533 -163.8471826831
-1448.4508311982 1406.5442679254 1173.7783644087
-1273.3138691341 1331.4368912086 1298.3385786336
-19.3456797922 -700.2515802114 -59.7074425299
-415.6839824855 901.1308047961 -95.3267722140
1004.6461719914 1966.7436046487 -1356.1503963890
129.3538874170 -114.7799612322 -1995.5200275093
577.4691563030 892.7327795106 82.7672222799
1461.0248489253 756.5655453081 -749.6355152948
260.1921175671 -1573.3064891261 -1795.0095422147
-687.3443932530 1104.4994602839 -220.4400275082
464.6514541676 67.7558323347 962.6124246218
-778.3036174800 -1743.7836506688 49.9358771426
-1947.7806979858 -1271.4501956275 1989.4508581797
-1378.9917358569 -182.0004533070 -1703.8507519778
26.8479839405 192.8364741156 -319.2244331832
-350.4923569046 127.2837294541 -376.3657903073
-1536.0613958970 -1870.0918920039 1013.5919942181
164.1351553208 53.7719104406 1359.8680949150
-70.8481300150 1237.2957512640 625.8250978071
281.6644774536 1863.8241141032 -486.8186602217
-781.6121012905 22.0423370628 390.4038042804
-809.8440372615 709.6671397444 970.9619160970
-1210.5060848190 -1599.3613376389 -395.4749016530
-1167.0637357652 843.2912386480 -1127.9653728431
-17.5495157801 1920.4440781717 -1170.2461713159
-1292.3207701133 126.5909616345 -1571.8519328011
-213.7232150683 1760.3686482513 -517.8306475927
4.3992730344 -81.4083669588 1388.1171129553
612.7714680080 -1231.2891230763 -1076.1405158558
-969.7104586703 -730.9687856367 491.4494502354
1142.1632783398 1613.7772771399 -1261.7923529244
-247.3278434620 -676.1444212060 562.6212947108
1863.1204320325 1965.0735783834 1446.3188282352
-696.0585174696 -1050.5875391689 197.4717740330
475.2999011658 1560.8323453564 740.8529047605
-1056.3301540665 388.4591200085 440.4282202214
-106.1804331388 666.5797917013 -253.7347948578
1020.5580570456 -1939.5934329690 242.2095446149
1723.9039231287 368.7177232249 248.1443572699
1131.8789126353 -1192.2543182365 -48.2433259811
1176.9172210390 -260.4782964505 676.5654731474
-1388.7451981071 -582.0488856453 -1130.2132000398
1724.3405200319 -1116.2083691704 -445.1102397644
-1152.3752838205 -872.9043532469 -56.9204338308
1671.7119640148 696.8604138024 292.3531015701
119.1385348285 -134.7256617814 -861.4110966223
153.2178116352 1431.9429466243 -26.8661425349
-115.9359506080 -228.1274807333 -964.1994273156
1951.2176652997 1428.5747761546 919.4440693820
-1875.5624732717 335.4588854680 -226.1637312499
-1794.9415469348 -1978.3702956904 -107.7913217055
1720.6874692006 90.2584776597 283.7909329523
1004.8408001010 -1330.2741065281 -1442.6751586019
41.0508469237 -297.2363144548 -1587.0885715688
387.0343063927 -1631.6075072868 -682.2981634664
-53.6644026338 843.7773195495 1394.3301078340
22.7764138598 1321.6004903841 -920.8489013751
1242.5035085999 -1611.1837740987 524.7458119073
-1845.2068705626 -425.7441137798 -158.8548038867
-1762.6916827554 1310.3652381442 -1025.8159369341
1404.8223879664 633.3474865957 -980.6780711533
1010.2959446006 -994.5736133679 707.7599904102
-538.2075596823 193.5458515764 1085.9559564425
1429.1326779462 -1507.9367150940 -1161.0204655424
-452.4587866061 -583.6280002649 -1491.6845360067
428.0952427921 774.3478364810 -110.9349925565
318.7443319225 -497.1072231540 -600.4009131716
-693.0896333506 -25.0704477052 -104.3610894031
-1060.1991299089 -1647.7107351635 1236.7302018940
-1710.7265975129 1632.1723564786 -470.9940788293
-890.0449225323 1809.6630391178 299.7785671049
-938.1600459557 -1937.4857382171 812.5344395510
1747.5310728811 1102.8828515731 -791.8848276992
100.7567627768 -1959.8622772792 -1954.4910475599
1406.1392497248 -1984.6635057998 231.8774238157
-1525.7655975603 -1248.6640932855 -747.6604154210
-1457.2175415391 1975.6344523724 845.1067752756
1572.6252006490 -1894.3738655160 443.4402281580
-377.3694523075 1676.0217145219 -1458.6594185845
-992.9982639878 -996.8985178950 1823.8221220068
-133.2866808072 989.1234094974 752.4991084780
-1129.9963266233 -4.8394429196 -442.1652447702
1253.2077554849 -849.7710553924 1253.4990680797
802.9749084969 956.2367312554 -774.5506144031
-1119.9281448657 904.5535429494 1159.0377544735
1680.1367016060 1010.3842350693 278.9227386707
-877.3107885800 -1087.0217656731 -1441.6248061336
-769.8922406651 1238.9473095704 1830.2932595923
-887.0741539041 308.7616671540 1385.0328712255
-1920.0694336882 -777.9061462810 1578.1854191166
1890.3211093447 25.3389452753 -1411.6516865907
1666.7275770017 1668.2621855041 478.7740426064
1674.8815861127 657.2815370573 1086.4504186342
-1034.9182421110 -974.5733324515 -1859.8794885657
-1292.6606768998 -1956.8770358546 857.1399980149
1497.9700660339 -303.5038961866 -1282.9238325254
209.7520141171 1464.0774189948 1540.9363902586
477.2903884260 296.5773428016 330.2950661673
881.6611739307 996.0233940620 -800.2636663878
-877.2388791072 1440.9041255815 772.8665847263
1929.8106883845 -583.1822178650 -493.2319152263
541.5580838486 667.5388044788 -1240.8590739582
171.1880569033 -1291.0982588358 -1287.2833051086
-844.0858281246 1449.5814871127 1891.2845673539
-1092.7848889040 1935.1337164590 998.0963513363
188.0737767111 1244.8632577688 -1212.8571098171
-950.1539286502 1690.0635703572 -235.5844050517
1807.1091047160 1406.7656294609 1523.8991877627
131.4518785946 701.9905066664 1773.9921069830
1595.6449775523 -1534.7939746712 -259.4974199373
-1104.7389668787 -688.3867570003 1121.7044405590
-1905.7852109967 -1707.0633944949 1843.9431831510
-505.5775960087 -526.7753503018 1409.3503872010
1172.5478769319 1037.9653969958 -1313.7017202041
-559.3040158882 1172.1536231446 -283.6857768955
1426.2329078401 -985.5615413615 -1031.3698689167
-1830.7429656726 1531.7066830313 -868.0846459297
-910.4762767491 417.7249074914 1290.5445027850
-1915.6299679506 -1200.6181770372 -676.3229329499
-956.5905924797 -1473.6235391349 1702.7858961206
-1319.0619728809 -1955.0414527758 1493.4617372554
-211.8405124355 -752.8194209993 355.4535780644
-861.6599914892 -234.4812970325 76.1481338733
187.0247909100 133.6695927511 -1251.8938922795
-558.9835364923 -1443.0509778842 893.8744577081
1189.4185785238 1042.2258163559 730.0074813879
1638.0557898800 1554.0914419059 -1203.3053696933
1861.0287910450 264.3504512716 -1676.6842903622
-976.6583820227 -1434.8581543117 -102.5724180435
1121.6667966997 -1235.7109282661 1254.5100590924
-77.7766535004 1211.4908616755 -309.6105411689
1285.4933173519 58.1898770081 1679.9692215768
-119.8549431617 -1009.8852589157 -596.7947162791
-1625.0671505974 1175.9563285513 1790.4195757188
591.9526900639 -1084.4723273667 -1373.4891923285
-1929.2304203717 307.6248880475 -437.1537805667
1700.9860246943 -467.7605122388 -1191.6556750895
1981.3562394711 1895.0865022023 1909.5386868721
633.4954513036 1306.1322892871 1508.9055160753
-123.9795673432 -806.5225865861 -297.1174700872
1638.0620558803 1444.1607217589 117.7405784975
1265.7299516507 459.7284252738 -826.8224713284
-896.6426248131 -1078.5776755376 1397.8735490255
-875.7362114594 -1855.7429954390 -346.1753714709
-820.3168742374 -590.8842498584 -1601.8123843275
522.4648171073 -1697.3083605364 1269.8069252218
-1549.3835486670 -788.1196293286 1536.0773021660
20.0885137216 504.6847177743 -84.1112486039
1658.6564569945 -980.8562306620 1491.0931751475
-660.1527178555 1211.9713439837 -1796.3385326112
-1255.9423666622 1002.7631833536 -1560.0067042728
-1951.7890900626 -345.8169773207 773.3316559996
277.1356155711 -716.8079225919 1404.4415494443
-1788.5078594268 -424.9854791621 -624.6468944442
-829.1939666247 1858.6610237379 -425.1941907284
1538.0509099243 267.8064366365 864.0250213168
-327.0071531980 -1789.1874264761 778.2796371895
-1951.2237521242 1137.9174418948 949.2886445504
-440.5606166738 1158.5512022417 707.1255479670
-258.7537500537 -623.8518282142 780.0127658596
-580.5653768600 1758.5587318872 190.6480275517
582.8684216733 -585.6547439831 711.2589819417
590.7220952593 -1672.4916323569 1774.0134198065
1870.9235616449 -692.3169143978 183.8598647512
1851.2215891327 1598.1795378650 385.0132561522
-1358.2846900331 -1455.6648732911 556.7399267582
535.5886854606 896.0041561992 1850.4177162541
1104.5602159943 1033.3651403171 385.7876441129
361.9570669707 -940.6092537087 1279.8193412668
15.3454319293 -487.7788944866 439.1932251560
910.2590145539 541.9194704260 -1749.1490865935
698.5712119945 624.1851180201 -453.9066696438
1567.5752509653 1431.9951744164 -1338.7349046693
1553.9488597904 -4.6018676256 9.7774317087
-1573.2700446552 894.2710576399 -1575.0426224898
-736.1057300655 1281.1869375347 -1988.3874188711
979.8482367186 1147.0838747444 -1075.8102594756
-36.1708444741 -201.2255443484 -961.8202732611
495.5578550540 -565.4720991061 788.7894657836
1650.3745995935 -273.4180222957 464.2280875565
-322.7716435786 -53.7673938140 1751.5332998657
309.9117402197 -1106.9125735489 -1361.6724936535
149.1431786527 -1296.5679366160 1275.5342111601
1750.6932600618 66.6515960952 -1731.6071722799
306.4755817077 184.2564918863 782.5021648914
-737.4578917067 58.9026071480 972.6430251907
1629.0529224572 -191.3226050753 -247.4615779052
406.3200613989 1824.8661067893 1464.6627304929
-71.7934919273 -708.1313049972 1689.5135031257
371.5353505604 342.6820818596 -1042.3198363525
-241.3729713476 -572.3752713470 -1067.8537303089
-1401.2965197523 -1171.9263131192 265.4171869569
1606.8435576272 1042.6634172188 562.7251839927
864.6512862979 -1479.4021300052 -1289.3831015242
-421.8991507973 -635.8537932802 -324.3902440858
1008.0846107280 1682.4826447465 -117.6169295115
-1728.0024278122 1500.7037561570 -515.4031709071
1287.0243511460 370.9230026572 1366.1762234041
-607.0178919356 -1686.8873364578 626.4998432904
-1082.0741906293 -1494.9464749861 6.4072869900
182.8166388242 826.4396008114 -1126.3516168858
101.8292634709 -1431.3594060943 -1028.5144106698
-24.4869369870 1212.1778595021 1238.0188076784
-842.6607681787 -917.7971017791 864.5953788747
352.9746986913 -364.8559481766 -1431.6116557248
-308.3780710740 540.5969748645 -1536.9605106010
-532.4609887250 1845.5510834131 -717.0620951679
-1422.8437014905 -1188.7457737570 304.3882140450
-1334.4039749423 -1829.6354550886 -462.1934806047
-452.0722485781 831.2138889412 994.6948782240
423.5636680562 -1918.0636516278 -748.0508191771
-520.2562290435 -1721.1029757082 -580.6809241994
1582.8165338480 1539.3795712026 201.5120642047
-822.9240600021 -1291.2683529616 419.5337361607
1929.0782916399 1180.1693310817 -740.1764140303
-500.7887134120 586.5813201077 -976.2712549870
1271.0613975111 39.3494569605 1154.0076010566
-1339.7183034056 -127.3770442587 1943.9044046940
1811.0594184165 -1982.5456156027 1840.8276047112
1481.9673328583 -1596.1123455515 522.0007785603
-100.2897786734 -306.0207833467 -1968.2394071107
-104.3061246749 70.4805015952 302.8829825346
-455.2310929122 -748.9153454356 1831.1312289197
1832.3997916459 1389.5522252947 1847.1000836252
-213.0738482127 -141.3062174307 882.0034829345
1098.3807191356 91.4754178665 398.8539785133
-1688.5196762732 -1334.3508956107 988.9046025495
-962.9317894184 -1159.6941623431 -607.3457561835
1023.2777848211 -91.0394106220 554.4955607991
-1259.4691620763 2.7592316384 1324.4347177275
-1566.3362077801 110.6573316263 1494.8932876703
-1725.0444055043 -10.8111582350 1857.2464889658
-139.2803975122 106.5483636179 -98.1121760369
-489.6781684179 -63.6197185582 1916.8076999713
1545.1255889083 484.4806928733 491.8664036091
-1566.0823686255 -1121.6783232159 476.6599862114
-1571.3422701131 -1605.0256090407 145.9953620864
-1778.8183210189 1784.2058637068 679.4098434429
617.9872699841 1436.2553531993 560.5825901175
858.7949423329 1316.8897142758 -1481.5447073251
-595.3304876282 -1494.3293012235 -939.1052596743
-590.1404704663 865.7674696793 1766.2730019241
-1319.3387211862 1809.5953627916 -325.0338555791
1283.5414271826 117.7250821027 1547.9037972405
1316.2817819385 -1829.3866336116 113.1632917714
-588.4092925252 1136.0303650213 -885.9396481139
-1795.7665390133 -1249.9025728211 29.5288352801
-905.7432350356 -856.2313197043 1808.5038322129
-971.9131994809 589.2009398579 -1588.0280415231
378.5014123601 1178.5778424830 944.4748451115
1308.4820629715 1075.5105590977 1.0288214699
482.9517996713 1520.1414775379 -1282.5323536385
-997.7140117126 -1203.3800668521 -1310.2975360872
-1281.9270357433 -601.2159726901 977.8123881430
1918.2949724348 1595.7599362324 509.0206727112
391.7358248696 -384.2228009535 -644.6815388237
-1853.4610974418 -1818.3615358639 306.0448395098
1184.1060767511 -1389.2393265502 -1622.6804017361
1898.9835831126 -1558.1013100087 -973.1408948978
1189.3592493487 1547.0295799447 845.5882982609
-1986.0822917810 -970.0073748510 -1521.7229398371
1408.7834474145 1400.3209761961 1658.7459893881
-1630.7376628054 -1478.2950330988 -1110.1577091908
-1692.2072544902 -1952.5711377050 -1920.7780743021
1018.1002224215 538.6722184854 890.1769000361
911.5465202980 -349.8435406155 1997.3872309237
1902.7067544370 491.5763644677 831.3911016490
1643.4796525689 -1209.9610040788 1896.6160363454
-1742.0863141479 1596.2127833069 550.2069597931
1860.8188800555 -390.7407645910 272.5788975071
-1871.7234887446 -1229.8013323177 1289.7536803854
-1908.8527335741 -853.1588511081 757.0646564121
-688.7052337193 -1413.6722402899 -1890.8195334205
1997.4423261934 -1620.2840273820 -1644.5856505501
-463.2494196654 1691.0013404885 1054.8516715058
-1102.4134839478 -211.5769833756 693.4135256599
-1789.7228768608 -706.4362435110 845.9527599894
-1778.5083991976 -1021.6339882067 308.0313138222
-77.4035794257 -1198.6158593526 1275.5860473650
-1871.7623056788 1477.8542649736 1692.5582671651
579.5845643500 1039.5342967379 1736.6376169322
333.4248730127 -1402.8588879293 -527.0307984787
-670.7839435580 807.9114095463 1659.0070272033
51.8831291646 -257.4502678963 1003.7469877091
-98.6051350683 1614.3564703111 -1720.5650668864
581.1752811116 -259.1430717452 -61.7601420834
-1549.5711899945 286.0632199743 -1088.7921512455
-974.9139076598 746.9330067613 -1519.5057573438
1870.1936631704 -1261.8496936469 -1639.6216996802
-1168.5971530951 930.6242929312 -397.8873288352
-1864.5132691189 -600.5556567785 -725.1009481624
-233.2116810343 119.5381240393 53.6853283612
-897.3060840285 1770.5017628557 -643.8377433138
968.9106568726 -1578.0213861321 97.6792079117
-1759.9356734108 153.7046696289 -84.1522805775
1655.7043829651 548.5582581561 -444.9270687560
148.5837942270 196.6827813923 1842.0021573889
803.2661519563 -484.6515880098 -1782.1661997822
-1648.7681707346 1514.5933377015 45.9241647294
1326.2249870435 1567.5744861079 -1249.7411385807
322.9236928995 1595.9747335849 -1238.7785057854
-1589.3605184289 -174.3001754670 498.8097003979
960.6887543066 808.9563621524 -1069.8722787651
-367.1714594450 1969.9670080229 135.1034662578
-1794.1777704148 1373.7910778601 -49.8205451729
818.6784499164 855.5271484150 233.4951856404
1014.3212824728 -1794.8930008354 1701.7509340943
-357.1963410055 745.3313196007 -1043.6490675696
-1201.6278330351 1703.5897482267 -240.7715711878
1656.2176105333 1697.1922595076 -186.6911546708
-1220.2019968171 1697.9613751266 -1118.4493843431
1885.9088021115 334.2735234543 1321.0889453065
1016.5054823797 -183.9488053729 -1168.6075532070
1664.6892734180 1920.4876849166 -1728.1435134882
-1764.0554644246 1127.0037985302 -1752.5063689928
-1105.8008543787 892.9794415150 1198.0009117572
-1993.5608901918 -1668.8553600060 -437.7317310247
-613.8927890633 354.6208842804 1683.0250248186
397.0759893084 -775.8862085993 -773.5557308513
-1795.6135687274 899.5585766234 -878.9571770435
1810.4838005528 -1155.0137732796 -4.1917170442
393.8988443640 -15.0122750876 1080.2182808478
-1710.0695315928 366.6698349981 -1340.4331231794
-933.1362735312 -876.4682442085 1480.1851146546
413.4670975741 787.5279577126 -1946.9397244231
34.6244268108 273.5821495926 -1194.1002729637
28.1767987223 851.0193819578 -1507.5001261231
-1709.2392560810 1506.6233400538 -1514.8046654731
744.9379355936 -282.3828521092 798.0513279341
-1607.1758028353 -1427.0995261677 383.7389705724
-930.4026149389 1593.3764438850 -475.7952809671
1888.5216867529 1853.6858853242 -1792.1282986461
618.7144479464 1161.3875965443 -977.2019214221
-410.7142540399 1846.4895794630 -1820.9426993579
-1913.1106272437 -184.8420380697 -1889.0655469428
-1062.5972215550 1325.5501576041 -555.2358738630
246.3251278490 -1692.2395380745 1870.3226452174
498.5719221598 -254.8877237365 1425.9896817305
-1027.9665216543 461.6096600138 -1680.5659239956
611.7186681451 686.5776541654 872.4709172795
1997.5616963683 -1315.0584007161 -1649.4993444909
728.4317241103 -1593.0100110498 -764.2687369613
-1468.9777550872 1497.9037217638 1946.1383443496
-1797.7942973399 578.2341093824 -1246.7934316441
-833.8667369343 -1388.0759354197 -1621.1151019594
891.9160844512 1655.7481519390 -564.3768408202
-1206.9045255726 301.7654778219 -1783.8628880187
461.1523279414 -1777.4752717998 -1146.9217065133
-1500.6299107063 -1125.9711036617 1516.2926540235
263.0265683288 -1511.1038176911 1898.7422809424
-1162.5769513835 1617.2496472557 6.5508156598
1480.4894817052 44.9780709499 174.8440590537
-1092.0063596144 -132.1092182063 -642.3248225152
-1245.3756119389 -1994.6101410122 -1903.1412088503
-1704.4740097379 883.5584932353 1657.7908203926
1924.2005867352 1092.9972665230 1960.0769467256
1871.5261288725 -141.3000670590 510.9115178081
-903.1282512096 -1400.4966258338 -117.7672556230
1025.2147512917 269.4250912755 -701.9758218670
1264.2423555663 378.4933738987 1235.5150575717
174.5593784151 -696.4985402287 -36.4522445114
-453.0067853205 1680.4843332974 -1919.3208307418
-883.5372518715 507.6855578150 206.6948825304
-438.3362088673 -1910.1424625027 -332.0488418764
43.3093514004 710.8508887355 73.5240385429
-1003.7981225884 -327.6464473506 -532.1067587118
227.5489860199 -1337.9602012899 -698.7355901008
18.4613213065 -1313.5924203068 -1378.9161479541
1472.9143336391 673.1470676815 659.6835302114
1394.9696423694 784.7063456140 -1762.7415052348
1824.8289099808 -180.6035302741 1918.0166073220
357.3644661927 1326.6071845843 -884.0022445687
48.8032878382 -818.8646463311 76.1568170246
287.2944162065 -3.8568898063 -1954.3076801610
1095.1861773195 -1659.9878612858 1004.0968238683
-1273.2255447031 -1456.2788751186 774.0486958973
-1686.9495620620 52.1905310814 1171.9216797209
-1584.5939708972 402.8203351849 -135.3210185700
-544.7542571984 875.8480844567 -74.8593651113
-1985.0637575585 1281.2857583710 1584.0461272808
-559.1911810197 -1399.8149640771 1964.8630474296
-1874.8063214579 -903.7850535215 1058.9052441990
1394.4514465962 184.4507392158 -1562.3866689340
-23.8452046400 -901.7889952518 -1634.2060606570
459.5444580964 247.5241110329 1715.0384216552
-1806.0682559271 1882.2806522558 117.7694345583
333.6109539881 -181.4178742266 1846.9728783502
-1475.4741014534 1448.8570257978 255.1921869788
1407.8592375230 -1572.6885307440 358.9917285429
-1767.7382915590 -1553.9652239894 -1745.1933622831
180.8639275787 1250.8729345708 -1040.8878831462
1819.7806518173 1597.1232778686 121.5533290492
-753.4007085595 1869.9470677164 -1578.4920891152
-701.8500793763 1124.1529872208 -423.2578814195
1325.6690555093 -339.4022699462 -1084.5551606931
-1874.9382063938 -1910.1880591800 -41.3118265372
-1228.6729452537 253.6682688146 1880.7822172958
762.9714438345 12.7558019139 -1484.6705031432
-1463.1815227541 820.2803478239 990.9860352990
-1801.8522607921 1243.7532594671 1670.3403046455
-121.2091967596 160.1588790435 -1460.8533673673
260.8826312130 966.0197551406 1738.8628785189
676.5465543126 -958.0839220895 -881.6631104359
-771.1461884835 -142.4689219749 -1173.9114590592
1454.4476000755 344.9985262619 1763.4315400139
1798.9251151268 465.1173091043 1624.3746883644
-688.2110075063 318.2529757956 -1661.0481685754
-72.0483967042 -168.6887032049 1807.7889066280
1459.1653758199 247.1671301868 -1007.5005382582
-683.8701336874 -729.4561464622 -1009.0254041746
1980.2021794946 276.7103098482 -1919.1225351631
158.2944278827 251.3916851184 770.5398360751
137.7371677541 1499.2394391976 1493.5687386306
555.2424975023 1048.1967159881 1714.6267331089
-1269.8763008457 -95.6281500825 -1650.8146456857
1664.3561113723 445.9722665820 -1225.2117402803
663.3248609422 -818.1124220236 1491.1027435089
-863.7856668449 -931.9809779427 -1735.2941026079
-1738.1572070376 1280.9900944539 -592.4716061031
1689.3196176995 -808.5143949090 -1882.7898993647
977.5174960199 1749.4772054037 210.2894955911
264.7372800598 -11.6387287173 952.1145854830
-477.3593021408 -140.6090287145 281.0587649807
1202.0470861054 9.7563759348 551.1796961829
393.0239355261 -1970.4865155040 1008.5556525020
1604.3026337821 1220.5579509818 -1486.0765672035
1948.8368752767 908.8784450914 595.0769288523
559.2924655752 654.3098196835 -96.9090036899
-1711.0826405022 1451.0972193464 573.8917840365
1554.3526836393 -643.0716854727 -445.4216265150
1172.2000399357 1678.2659413312 -101.7070117888
-1173.8685858288 -1908.4852680687 -406.9040104523
1237.8369409052 61.4463199842 -1936.2944727140
-989.2274519602 -1344.0762246991 -1564.1674295912
1057.4339086869 -25.8737720973 -803.1378436665
-1806.0824175927 287.8110609299 -825.4045907338
-1681.9538174467 760.5353670290 -894.6153835981
-1520.6189452835 -766.3611534877 1355.1338271116
-908.8993846438 -1000.7907673444 666.3738145618
-138.9735251346 327.6568045025 -1538.7752183618
508.7223022943 1930.7804140651 1514.3577724624
-645.6526875376 232.7674478898 -1441.7716144887
254.0319749201 -1444.8961835405 -1784.1480092779
406.1265810612 184.1902379919 -1761.5945287483
192.7233517149 -1919.4139080616 1404.7121362508
-547.4799236219 -1871.9943521513 737.1943797212
-1490.2897394760 -315.3074658976 690.9692878172
-220.6328437867 -410.5186151140 -1577.7742183532
-1248.1924323926 -1583.3065669189 985.7532676186
229.7244441964 1788.8993662666 507.8815926068
1763.6702628430 -778.9443824093 177.8406773109
1850.5570016350 -1035.0444649961 92.2407070085
1817.5271803760 -69.3536636539 -1638.2198349498
-1007.2154361582 -565.5910925840 -618.7923009485
845.9071555335 1430.7277074111 -1736.8777254196
747.1879238825 1994.8393724199 -888.6450545583
1233.1744926652 1267.2704588173 -1333.5136084347
378.3370885460 -1406.6965298708 -1686.9021851330
1671.9574982532 24.9663075311 -1084.0957164452
-695.8175448308 656.9777359014 -1629.8155623853
1490.9976611385 -1330.9767428144 -1033.2305542875
-567.2555874880 382.8923927612 591.8259304867
-1523.3231842551 -797.3015274226 739.1508565490
-1651.1360695485 -904.6325249253 1873.6348128154
1430.6714742876 -1383.1929752321 1569.3243092360
-539.2212406374 958.9475198094 1815.8973729265
502.7226205731 -1176.4819552297 -1837.6064261495
1398.0064579037 1279.0384303893 -1881.3563389006
431.0248086200 1543.1988856401 -1039.0138433952
1220.7883043834 -1257.7112949944 -689.4796555354
-824.3834082086 -1931.9042809879 -557.8070459439
1602.9072047961 -152.0631217614 711.0130113043
1577.0407402415 771.0314538136 35.9185372578
1234.0048406100 -1704.3340514623 -107.9492146300
449.8210222310 4.4376488354 -633.9721634425
-354.5685609630 -1952.4282623961 -450.9505055961
863.8375664637 416.5316264282 41.6678848585
-1949.7718723020 -599.5116967881 127.3794990188
-1899.3106432758 -1525.3693174686 177.8852405109
-882.3770218451 -1696.8026997913 -1173.4299313485
711.9875923029 1402.8865303746 -678.4068760966
1141.2473875067 -1182.3778504776 -1442.8079760128
495.4413225991 -1924.8036700675 -1710.5370567078
-1096.6766544893 -1970.1469752647 -1587.7318418004
1603.6008877332 -925.7599656801 -246.5446648760
1433.0756962273 403.1186454141 -1914.6158910987
4.0822677752 1966.5771255370 1870.2471174572
1307.6360123294 876.8456380925 -73.9603826465
-659.2852358301 -1891.0327156271 -1053.3113168502
-773.4412804156 -903.3606399471 -1123.9178350958
-489.9413570730 -1384.1678813036 1239.0753724823
-1661.3243588721 1562.4697066021 1046.7039017095
-1803.3632672708 1874.8705178070 -1908.5046477166
-525.8245487550 -830.0942623854 -619.3131798801
1992.7074823137 1975.4230517363 51.2421834314
302.7650741744 1626.5560241982 -1483.7482426560
532.6122803931 -1130.6738515878 909.6726079180
-101.9394544337 -178.9635498137 -675.9263732608
1113.7362971064 -1532.2525131140 -892.5207413618
1847.3497101480 428.8571135452 1234.9389784106
1349.1727495705 -390.4048863495 -56.2048006892
-615.7649966302 -818.4201767527 -487.3316361450
-1600.8176131542 -1970.4107089712 -990.7969205381
581.0298558334 780.0061859045 459.3160493345
845.9852150353 1572.6582125513 -472.1965518954
-212.4370338255 1762.8461085109 -36.4224847563
-958.4758762633 -1297.5959453970 -734.4707678545
508.5608479518 -275.5391369786 1019.9926091362
371.0423036582 657.8746595622 81.1144579720
569.4751290110 -421.9209255379 814.4452174048
970.8886862057 -1934.2531665137 -1718.4645125137
-1251.3343019617 -546.7077796589 790.3271323677
-1165.5337627458 -1249.8357746796 -821.2288795378
1918.1942544349 1011.4432033247 -1071.4644414953
-1445.2596960408 1820.4255559852 -1566.4550032923
1993.3285137556 1057.1061166600 -1248.0514676883
-230.7509879812 -1951.2430887967 1782.9134754543
1100.1905314970 1894.2692360281 1613.2553301693
-1606.8856857384 968.9017474858 782.3808076883
1674.6198508120 -1894.6722094867 -718.5379965747
1548.4861963288 -970.1164608904 -810.4703769546
1144.5940207434 1166.3618530691 1538.7945537292
-582.1392625234 80.2761785169 -1383.5373693015
821.1892403048 288.6732576811 -1934.2750418882
-893.2789288210 -1755.3311036568 -1277.7848896054
1005.3300644188 403.0190177924 1486.7281882524
765.5513196900 -1678.1886605343 -68.6915553600
29.9930049277 -970.3090202572 1576.3032286572
-1556.6712713229 734.8388565678 -1413.0411488505
415.5720582832 430.4862588007 949.1939135400
750.5474987650 -141.7604808590 1665.1248551973
-538.8686945477 -513.7677026902 123.0073374428
737.5494658256 -1897.2527563103 898.1727759195
402.7935797101 211.9024585215 1461.1442960930
-881.8716634718 159.9314456450 -240.6389474035
338.7608969669 908.2167021890 -1388.3516537260
604.7157045960 -1940.3476705963 405.6641198879
1539.9542402645 1276.1487307382 -1889.3881413651
-71.6719789587 772.1154738526 -60.6282714344
1043.4796230247 -148.1694387498 -1537.0695823685
1994.9621257207 -1334.1159461567 223.0611987672
1924.5653856314 209.2758468316 -819.1178478169
200.5664260560 1347.0561861511 -1531.1242964619
-81.2496115514 707.9912664396 -138.1229835804
1777.7739655772 -293.7889720529 1034.9956303362
1606.4117952368 1936.1402979125 -1790.0764248813
1359.0110032328 -1682.4127095129 -1845.8450559459
833.0413939214 -362.1387774060 192.3009886793
-1942.9810696663 -390.2599522974 1475.3293199077
-919.3895757622 -1381.8933977757 1951.0251398101
1049.3346797172 7.0409545211 -828.0721886440
-1792.8699731770 864.5402054234 -115.9337586853
1378.8513626845 -630.2544231249 -70.7596668198
-1946.6407853176 -292.3373986638 94.3028432621
-1451.1810035239 218.9611040586 -1471.7212838654
427.2984285545 469.5646033956 -1907.5664948454
991.5237830356 888.6533929762 -1108.5925717786
851.4453489794 -1891.4340813205 562.4237457551
-60.9705784659 -0.2260231036 -98.0657723052
-621.6597416820 792.7579560305 -900.7619971174
-885.4113004955 -1573.6985204139 1772.9471281112
87.8875161807 1422.7581199203 -1117.2053236041
-1251.8865388706 334.4852489639 -1991.4145721359
-76.9074119343 -1105.7236219310 1329.7379962839
1080.5421680188 1703.9826890251 1395.5597582622
-1784.4354075057 -57.9041347964 1885.9226668244
-1130.1870388983 -980.9547530537 -1756.1615419196
946.1993631593 -1404.8788271722 -888.0583074644
461.1240139128 -227.5748231880 -1059.7357281691
782.9654745764 1681.2523852325 -439.9335278362
-1720.1316684692 -1100.2571303057 1178.0737417129
-108.1051856149 -820.1520298401 1768.7164875102
1026.6933228758 -1212.5070418830 408.6822652067
1967.0571934756 1040.1508788000 -1638.4427134988
1435.2482775411 181.5031718142 -1689.4646164269
1089.1989001335 -1103.8709077999 1160.3590011959
624.9743689114 -1702.7917870673 1332.5742773808
275.0902969471 1919.4574654080 -194.4102690614
-1315.6349554891 -1706.7123893341 -643.9532315613
-779.6684867884 1343.4207858047 -332.2864730396
324.9055796299 205.0642653653 -190.8933890516
181.5820487695 1645.2394100600 1987.6469784102
-678.9388434856 -1879.6906250552 -1196.2500925554
-1824.0438611669 507.0818621246 740.5179182683
1927.3856089521 1709.0645865469 -127.7013000985
542.4320217514 100.2768300905 108.6256695782
-1340.3903653437 -1457.8782600451 1224.8919634133
-1715.4957036408 -1966.5312831023 -1333.9996529116
-633.4236988607 -1176.2253449589 -1104.8850142884
-428.3421970286 -125.0014833116 -1195.1061508745
376.8173691481 -366.1898558263 1166.9116232006
-816.9859626159 -1139.5292442482 -1926.1962538344
796.6737525093 -301.5195163122 -778.2189538837
396.7401759613 -786.4618238067 -1182.5926609663
-1769.6293976158 -1468.6103503350 -771.6860894988
-981.3086661245 588.5818955970 -556.0131940040
1987.3952011389 73.7672347586 -1802.5553761714
-802.4913688593 -1072.2138055159 1378.7896903384
980.1561163514 -293.6226838121 -443.5318730696
1035.2846544543 -715.1648797928 -162.7884892898
-569.2474227893 1326.7712272536 5.7036234017
-1425.7884545634 1198.2612300483 -1727.2771682403
-309.0159074628 54.3221630255 -1688.6589408618
-729.9057301865 -1467.4953205916 -503.0714439066
278.6869006454 1977.6296455268 -1048.8146484650
-360.8077995491 55.7737344447 -48.7799163634
-1340.8713574012 1389.4175402716 -1044.3268787790
-549.3851383999 -348.5410184701 -773.4087604685
-1664.5112983270 -934.0172216510 1067.9790850893
-70.7093695031 -1483.7348509567 1428.0361309304
26.3463075484 -1625.9500373853 -1480.4613196722
844.6686330686 -240.5791573482 902.9001643607
-1274.7451082564 -457.6514738142 -160.9792706734
-725.6901380657 -458.5930988732 1081.2082797973
788.0284777341 -324.4516604049 899.2556306962
-1437.8244462233 1230.3743002736 759.2505605729
66.7155716029 194.9704265163 -156.6811789728
-1633.1727036814 -463.7835993596 1679.9620732610
928.2572328401 1053.7204176211 -945.7241355688
1255.6953907880 -91.2166334822 989.4966484667
-740.1620551627 1509.5455989497 -275.1086447029
-374.3357567776 212.1626877791 913.6974204762
-1697.1715419373 952.4590102547 -1714.5625665022
1822.5089351601 1108.3626298781 1530.6068787110
1324.9405753519 1885.1229183257 -1184.7654643345
-706.9088313230 -608.1171455760 1570.7285404475
1609.2512216513 925.9034602067 1267.8852999283
-1240.3356179669 -456.2957900145 214.9132653448
4.8990373180 -1403.4473213152 -328.7568579598
-574.4012029402 496.3577731488 876.5942900240
1031.3518744250 -1634.0954903199 -1289.9196790535
-1872.2373603094 1139.6437788817 477.5991805128
-537.1908677178 -637.1915787631 -1074.4777870968
734.8783534603 440.8334323818 -674.1336735098
1877.7919729996 37.0372988896 364.3993992083
1431.4882291135 1919.7697315176 -486.7384450347
-1412.4215657225 -446.4905606902 1218.2072296056
-593.4023723414 -49.8118120874 570.2323882721
-601.4594063438 963.7572029940 1381.4270235255
1413.3099495558 -824.4713301756 -600.3347531195
71.4673444356 -1508.1472619518 -1573.8792054456
929.2205468123 -1476.1962907408 -504.7199599387
739.3946717715 1619.4575583654 651.0237322180
866.4930644102 308.6904893265 -1372.3295567942
166.8220702522 95.1089987158 -487.0150317183
-1834.0616485164 534.7997359256 1382.0351436940
578.0100224765 632.3189097343 -807.6588705798
515.2660412936 1339.1618945676 -1169.2905017304
552.5979696449 799.6713673318 -1765.4408410201
-1064.2994087995 -1941.8443078236 1117.5879472529
-1331.4830366947 1595.0055960077 305.9845609179
-547.4789008379 1127.0166960391 1318.3083321200
1250.2050666827 1287.6132313448 -1926.5039627229
-144.3285945876 -1233.3917063484 -349.9494285938
-1800.6923355889 -160.8881675548 -1561.5904293092
-230.4232150552 484.2738219913 -77.1569281302
1436.6642416190 -475.1119697971 369.4584754005
-1825.1872853674 593.5983402318 1692.1443493454
-1105.4212477571 107.4157430515 -417.1448942721
1574.9644645653 591.4879471622 11.6937571426
41.5941847559 -1127.2316688817 734.2854935688
-255.9621528950 -435.7051660118 534.8618571457
1032.5893756040 1635.3184544890 -1487.5557135809
-1607.1270599639 885.7775760100 -1856.6014532406
-1821.4349227531 -1634.7093127635 -1402.7280782407
1842.6006206059 -1904.0911966747 -822.1031824031
-84.1160177184 -1777.8568305199 -763.9829153051
-1588.4533818068 -1331.8337953152 841.6918134244
623.0335588506 -1300.5966701826 862.4226962809
-780.3483938616 -864.0482825801 1494.0592565544
-764.3988569202 20.9825461406 1705.6073502548
-567.2410805289 351.7831743753 441.1311856795
-1773.9387147710 -295.6213724595 -90.9581782781
435.2648215921 -1024.9289854178 1653.1715099221
-1453.1936109250 1271.3418896062 -169.8738626912
-860.7467313941 -1853.5018931794 1951.1050931090
47.9081222833 1492.1599458744 -524.9363995984
-936.5035518104 1317.9980622194 1917.1875228590
217.3101508138 -1671.5304045806 1599.2035700938
1817.1724033967 33.9533363540 1430.8634275979
153.2159191525 -1209.5200975283 -1032.6602070473
-1501.7621960359 1567.0465336269 164.4079305698
-1201.8187473457 -1397.0523990808 1899.1127213032
-569.2285417838 -1840.2386635961 449.0094363536
1511.5966763315 1259.5296359636 -1084.8015396599
-686.8253287498 866.7014301020 1408.0702373469
839.1617234829 749.4935546414 1555.5909845805
379.5947315295 1714.3368219513 -1545.6971869537
170.2322131838 -1042.1155081952 -1442.7147588061
-1604.9920330544 1615.4236772736 531.3744776024
86.0173774241 -865.2260026582 1000.9155779910
1023.6493358431 -1020.5357120768 -1707.2647923861
-1907.4674597639 -145.8708472146 14.8539554976
1647.1317837303 703.7236781821 552.3067524926
-868.1623772996 -895.9457530707 189.8071280200
-1968.3467404309 43.9835433583 946.3201652775
1525.1398193249 -1873.4187072221 -1116.6045983213
-1198.2739094859 -1160.2161397583 565.9495256595
-1487.2584069936 940.8355789920 1632.4956063576
1325.8580069292 -1058.0561721408 -485.4390953127
-1487.7747217242 1756.6780228030 997.6210861765
-637.7259811222 -1033.9083608188 -1858.0961041915
-878.1158483297 -266.0001423359 1202.0935127871
-912.3468597370 -1647.7965944265 -1025.9139018162
-1044.5020633608 -1975.3629821814 1372.1512768306
1700.4972633081 828.6693912794 1186.8213521744
-1900.2800996026 1484.0785167407 -1004.4463540048
-381.2255590024 1496.0314252200 533.4278604135
130.7227282429 -73.2553498324 -1251.7352313535
-1099.7668896889 138.1637672478 -1753.5524225531
777.3114628640 -211.7440987551 -827.2510650121
-224.8991841884 -185.6309487763 -1338.5253570633
-346.7914589305 550.1674756276 -450.2020017856
-6.7653306906 -1173.7796883612 -398.8206913947
1939.2826172381 -1864.7358774534 1776.5324854087
-1046.3741419761 1500.5872830085 1276.6057576637
1238.4953860262 335.3288832870 -742.3419625117
-1554.5393638250 599.4046217412 -1532.6995328146
264.4577784098 990.8593018082 1022.1143011025
-1173.3361744825 764.4381647724 -431.3523134443
-1369.9290789789 -471.4340618232 -1645.3832427747
1005.3546050404 -625.6141267459 1327.0239798044
-1977.3168629634 -802.7123785825 1534.0354353146
1300.4088279050 -1554.2762123146 451.0063598841
1892.1790171843 -695.2608942201 -304.5708891677
-530.2586760259 -589.7026402338 160.5657457767
-659.4114957479 -212.0292038833 -1800.7690611645
1579.2066957839 -941.8733404279 1420.0462908632
888.2113399601 -318.2278498842 1399.6098793701
1676.7454326589 467.3721263373 200.0901811104
652.7808162263 500.4031612735 -705.2978264765
-1055.5835158188 -124.5764097768 1271.5710097540
561.9414869442 780.8438153878 -1138.0839077950
-1504.8902454897 230.8892618109 1702.7656363801
895.2356167569 1534.2362119909 1434.5794901666
-23.0063831035 -558.6154890191 -270.2015810728
1344.6480884723 -1864.7102657107 -584.0774074350
1414.3552019817 39.2041079428 -1484.1818241160
469.8339892951 -606.9087829401 603.4213538562
-726.2455756350 267.0971189845 1718.7424689801
-1214.2057945446 -1336.5576481081 1618.1279256501
-1030.0817406573 641.4106074061 -1449.1103695414
-1702.5262297890 -230.5316572480 -1924.9995660473
-1526.0236842446 -1273.9580897858 525.9064346466
-1028.9274968716 1450.0397302391 1517.8413540159
764.1008377430 -1110.1925030061 -941.7453765858
-330.8301971548 -1442.5974481406 871.2739695884
1442.1098449975 452.7896387581 1926.0660830773
357.2745890449 -398.7073162019 1286.9373533093
-1056.6285961521 -1095.2140905089 -554.2149906365
-343.2459455461 -907.7412559963 1797.2636823210
-887.7533844139 -1150.7029310164 1549.2784534293
432.4329558958 -912.8612363599 1696.5431787677
1114.0105721919 1750.4832206208 251.2943573746
128.5556127746 940.3022476212 416.2439597104
162.2247359728 1458.6786324075 -1038.8061072855
1309.2882678863 -712.9054436460 116.4375092578
1346.9790249252 -619.2638789529 -463.5356263813
-831.6726620117 -255.3998375073 173.7991106797
1589.7843786569 625.5329080137 -1639.5245966193
709.9064915259 144.7779175454 -537.3223558516
-1161.5362692425 -1181.4164394939 973.9833262058
-1417.8602822751 -1277.1180731340 -1825.9555208369
1027.6440706614 262.5402628892 -1653.4911922220
-1457.0280337890 1007.3000073320 -342.0397683703
-671.6612815652 -152.8739100812 1984.4214190258
-150.0420345025 311.5728604072 -1413.8692143300
-1929.4611293526 -1521.1928116271 -472.2220032145
-927.6197067014 1136.7136397298 1798.4569476534
296.4803262548 -599.7478180387 -1295.9695265639
-1703.0632040107 240.4747418176 765.5851082404
1799.1047104372 1167.0727884961 -1322.1314359821
1203.4151472716 -199.7101993249 -387.8890337126
-148.1263182050 1235.4417840305 -55.1115740949
-787.9306951736 -1801.3954472249 -307.1858868483
-915.4501557390 -402.2460380374 1381.9845965008
589.5680707516 -480.9584304247 -1475.5746842545
-1331.6423566815 1354.8179697252 -1293.9331307549
-554.3610504860 -577.8177288434 749.9699407145
-966.7386207364 -1608.6272372684 -1051.8360292118
1017.9824738654 1164.5651772690 383.3312959199
-403.8094603847 797.1679528438 -1988.1092917423
-1541.5407007529 -518.3955481017 428.2012090190
953.3690395948 -1663.5987139010 1150.5836597515
220.9441808228 1168.3972578682 -824.5308080656
-1077.8443223737 409.5836864423 1246.0051309135
-1140.8196992944 1422.5130252054 392.8391660688
244.4026809055 110.8004679534 -294.5593682749
1087.8617289566 -87.1752550111 394.4907504007
-1643.0560304003 259.9115166907 -789.6373086434
608.4638304367 917.6231831689 149.2547378653
-631.5527534724 -1832.3676847412 -1033.2071869249
-1126.7723622706 1539.7432776046 -1594.0461861350
982.7755377898 -523.3807127037 -77.5400466223
-1098.0927307621 1037.3667229415 -452.7692645076
1915.7485342176 40.9989203873 8.1526793464
-330.4175797003 1489.6719148650 1147.9610974465
-478.1478102997 -177.8698911696 1040.8926754386
1427.0778718639 -41.4960095076 -879.3646033161
34.0211682905 -1320.9113172290 -1672.0339672312
-176.6731585782 -1486.3704500684 392.5503762932
-1095.0364912353 838.5090048260 -1039.3420401295
-321.3458524703 -1455.1471379049 122.2963138107
1590.6754263659 1150.4271470764 -1410.9489458008
1062.2227303257 -603.6698032662 -451.7358645412
1713.9000107560 1294.4081516155 -676.8957686947
-1953.7082870767 -1241.9314193195 5.9483679718
1951.8851451984 1961.6565009930 -994.5872981243
1583.8886598129 229.6806170585 1395.7790161910
396.7390799152 -539.9503513545 413.7166503996
886.7767466276 1070.3541672998 204.0674092079
122.5834905230 604.2517748461 1241.5443475178
-489.7541121217 -248.9477123591 -291.8482826792
1722.4970857363 1966.8214143676 973.3636591831
-237.0499175538 1677.0952862873 568.4049581782
-1382.6691314629 925.6852132270 -1526.3503223555
1674.9678981653 -1229.5599619079 -1627.1085505663
-638.6146251340 -1096.3039177394 -716.4671951206
1112.9202811430 -225.4147825372 509.2031808857
-1095.3255119222 162.9142135572 -1020.1575189253
1597.8580628868 244.8079073555 1376.5897111803
-654.8115460105 -232.5545577194 -1819.4943310539
-1941.5954834485 1104.7619852797 -1109.3839919621
-1378.1635942891 307.2998543754 530.6405105159
-1237.1752625142 1299.6537140348 1007.2243691895
-326.3687749704 -944.4941845635 -1018.0842029814
-1725.9472498289 -269.9959761996 -1959.9868299267
-1196.5155060034 -1347.1704474186 -1776.4845268423
415.6219606794 -514.6795472025 -860.7201653637
-1397.7192847173 -1827.0378349356 -1824.8260947066
1824.2468915194 -473.3633471741 268.4080219084
830.2868211298 348.2077375775 -1600.3884356159
-935.0498668635 80.9670858738 -1894.8615164298
-1068.8290526903 -1562.8633583363 -1873.4066336593
1650.3423862538 -483.7802667902 -1320.7467377171
-1349.8674108006 -918.5313945354 1442.3564282653
-537.4991940997 953.9062033550 -1530.1374404516
-1390.2767337057 932.1540608580 -1951.0714725267
-1938.2156819528 -1378.0581266577 -1371.8988839146
-673.3554175345 1163.9217722835 114.1077183152
-1614.3058363321 463.8072744551 -209.3933653781
-1949.7443070610 835.2930902036 -1957.7923474111
-894.6054172663 1764.0872887702 -1340.6451142840
1915.7603222295 1331.3854716166 1309.8540309015
-350.9401032021 1018.6543782564 -385.2513548826
-25.0060814455 1135.7578079936 -508.5629982231
1303.2050385494 -1880.9409337216 768.0918088869
-1749.7550613000 -1311.7069226683 1379.2559060899
-746.5481580667 -762.0429148239 -1176.7422892543
1985.2796730271 1420.8994693436 668.4253310075
1629.2607965404 -385.4034904198 -571.6601347761
-562.5474858820 -813.9412358786 1093.3351495916
-1001.6977651220 -1993.8750937103 -579.1345600809
-1600.1893314224 785.7833245965 -615.9299508051
637.8983343348 -279.9099952532 327.7179075844
21.2117099053 1491.6588723940 1558.1315953632
-1635.8528357889 396.7713872811 583.3695153608
1776.1479683395 264.4714168942 -884.9910895470
1198.0643409783 1436.2171803340 1729.3999719904
267.6475276396 516.9000221192 412.9919834026
253.2412702822 -921.8327820025 -74.5389651405
1219.2847456019 -15.4329717501 -724.7287241381
-584.6541437883 -821.9126582278 1941.3547923304
-1028.6155625456 -1667.5234625016 -692.0223018335
-607.6802366880 1562.5967108938 -455.5724739804
1926.0891306978 866.8600413636 -1002.8037866719
-1641.7076646743 -272.4575172899 502.1383753277
-534.8342349053 170.9396708800 -1968.6607959358
-816.0093184080 -854.7204158280 1966.3405261562
-1176.7608739970 206.8446776770 -245.6081038888
-1063.8687005255 699.8185325759 1592.2067619351
266.1965286078 297.3198751155 1885.8304490702
-1933.4390541341 -1757.5710193626 -87.0929878384
991.1458494077 -1684.4389004923 -864.8989920046
130.3943398472 1170.8456991816 1324.2241383554
825.5619752463 -458.7874571351 659.4827191886
101.8675432952 1852.6231536090 1432.1370191797
-61.0145942353 -1460.8443858851 1835.9054466497
1209.5962427242 511.8022389921 1193.3214585201
-292.0518024264 1763.5941023450 585.4229297355
1067.8032731853 -466.4067294218 -185.0441813797
-1888.4557600456 -494.6879672819 1795.8819967224
1014.0985970975 -872.8369948177 -1677.9944643627
223.6212092255 -1888.2529534767 -770.7850876117
-1023.4778670841 223.7790130042 -1270.7786192148
977.9523723935 1178.3505828695 570.1237162270
-249.1185312551 -1907.2807790524 1938.4956263613
46.8768450970 -1033.3643466664 1989.6623370345
1150.1810969564 231.2319680554 -1419.5233443492
1026.1828329390 -904.8693366675 62.8982934089
15.2558431807 1722.9918870495 1974.2489188663
16.5744935554 -1157.9023398300 -693.9453766249
-786.0917280249 -91.8082829793 1175.2650464735
-1217.0324854546 1216.0755352811 -195.1102644303
683.0796930874 1528.1159793239 -751.3327204765
-571.0617669997 -826.8178965972 -197.1622512764
-572.6222791896 519.0236498522 -1057.7560550809
-1427.5478831150 1232.0931951640 -1364.6308251069
-248.4696521965 626.2939950348 1683.0640022987
1215.2235012902 -569.7044734411 908.4415974566
-1874.7479107723 579.5489255654 -884.8779566529
-459.1473094750 -1081.6143369940 1964.3657067925
-795.1166869400 -1647.4924479197 1510.0154026441
773.1418112110 348.2124052137 927.9320521732
-166.2597199046 1659.1941748282 1403.1468784489
-1635.6646881485 1075.7344052941 288.9471487405
-1306.6496291707 553.9544124374 -39.1737605504
379.4787319620 91.0569851172 884.8462810564
-302.0638101220 242.1663377195 -1439.1437407338
-581.3834103473 1619.1453686180 -1461.9952087824
-1031.1075933483 1146.0446092056 -1560.6215227118
-114.9506174306 1725.6513195234 81.8191534604
1222.8322920091 -1750.0815092015 -1618.9106356582
1888.2153726686 1342.4186807736 -1925.8897390883
-849.7951681162 63.7925714674 450.0437463354
-1167.0719317792 -1027.1836707350 -207.1014239909
1508.0244724392 -246.0840596913 1739.8686321043
1329.3198344876 -1273.1532587083 -1740.1713270746
-366.5881451397 -1346.4477118493 -666.3858913155
-1935.2617465791 1793.1236506879 980.3354591242
-270.0658553724 913.1989012314 1661.8440524393
785.0113150602 851.4526699318 -1155.2075391020
375.2972875970 1073.8532179904 -598.7371046118
-1773.5245895364 40.5030505362 -884.8878162045
-1013.9209320624 -1778.7293295936 1204.0785684730
1470.9587560442 1496.5295776522 1591.7757894573
706.3523461217 -595.6480940519 -1235.1114399377
276.3330293284 -1092.0771047744 1629.9157612001
-1898.5275086331 831.2105098965 1493.8024799994
324.8093539767 649.8925599392 -1677.5145639988
-102.4027771738 -441.0036342183 -1845.4848097726
-1095.9313462223 1650.4294475860 156.9217025892
-498.1237309644 -76.7125964552 -1503.9789945023
1086.1391717021 786.7947672104 131.1693869540
-781.3677565175 1223.3539572391 -1094.8032758135
-1953.5000260949 1509.0325650747 472.5805021511
-1027.2894678888 -332.5732804603 -911.9034586525
-1942.1844967322 223.5711780902 -1607.2030433584
1000.2769784472 855.9966660207 1138.2495797983
1294.5716190407 -1512.7453873648 454.0778272528
-1868.5612576284 545.8621194554 637.5121407635
957.9360915524 938.1819534991 571.7943478693
-610.8418522298 84.1291838333 842.0963562540
1307.4394365620 -1805.7620458300 22.7825571067
1755.7846042364 -634.3857667069 696.6797811625
1206.2826508179 893.5270635816 -908.6620573870
1078.0552686960 -1265.2413271952 -1927.3714884717
-1550.9189619050 107.2876830139 317.5611016334
-1427.3456828215 -1179.1534076704 -254.3135007005
928.7973454460 -1539.4278606013 479.7275685573
519.8888703017 1499.9337210060 1455.3021606207
1992.8652286034 -116.7693533249 490.9487030478
-1095.2998211384 551.3607881238 532.6325705429
309.8787491623 -1945.8700763988 -1133.9202750761
1282.7630264908 -1354.6164304301 -1112.7509744088
1948.1395257307 1051.2213318327 -1197.3470583902
1943.7646235258 1113.3931032586 814.3715766936
1382.7153682447 -704.7615273707 701.5470710663
-1680.6475125511 -411.3075702888 -99.1534392235
788.4843591360 -202.4120619929 1065.2080263703
-1298.9061575949 1157.3444684516 621.5634785884
176.8486602566 684.2452985609 -1975.8798273919
1491.0434360237 1319.1047603822 -137.9532213950
-1549.6442294094 -1482.4972665911 -386.7105338607
1233.2861048933 -895.9821430555 -1539.0817532203
508.9743998465 -1127.1257216799 150.9919272466
1037.7267531091 -450.3122641428 -147.0707287267
593.5288152312 -622.2539983334 -44.2574326275
1393.8849476520 1378.2194095490 94.7169043664
-1304.1385869176 1030.4771360576 -467.4657357783
-1938.4205434188 -506.9273079233 -7.9940284125
750.2782989803 -1992.0223578426 -1349.3365574480
-768.6623121220 -1033.3467037358 1826.9723434987
-631.7298124260 1643.7153527868 1626.3497841121
521.7145412512 -767.1255442288 374.3011573319
1139.2503894195 -752.2070019391 -577.5899195081
-532.6679516348 -275.8178414773 213.5845544302
983.2989836818 279.0855824947 1822.2948313795
1270.4617637504 -1471.3465478165 -1758.5944872111
-1578.9035912239 1443.1114296374 839.6366881412
1977.3154276398 -1035.5086621012 -784.1327380254
1304.3096257440 555.6540455940 -121.9074476133
1338.9007805150 639.0997111532 -187.7226456173
-437.0648432716 940.3910609432 477.7868521768
-581.4214898870 -298.6121881466 -1275.6955304135
458.7305834768 1325.9789068222 -1885.4758961199
1436.8916683949 102.5763995442 -727.1520396160
-1190.4768149936 1599.6344894026 -866.7362675005
-1974.5820146673 1294.9048731456 -1860.4214558269
1131.0914548784 -1389.2948652858 -853.9450243775
-1333.4532769394 -1827.9508838406 -1449.5539500387
92.8864910037 -1714.9171992033 -518.1292769862
-554.7649596703 1866.0723358986 850.4594529445
1349.3786218099 -50.9644504816 -905.8262792456
-1346.2655175051 -1983.3851561640 -1929.1592367156
91.8775318212 79.9856551852 592.5434641929
-1170.5129923452 1724.1296492878 1286.4925357789
1490.7366677539 1571.5995221149 -1301.6864407154
-1952.7751737398 -687.6674777769 -1440.8035115157
1127.4574690769 516.2623064331 1595.0400547211
-989.5883478208 1201.5886495724 -722.4151514209
813.7682608475 1126.1197025530 1275.3339590688
-1449.8319470735 765.9755818958 -104.8806046805
1640.6084110553 1510.5124142865 -758.6163463832
299.9242035893 79.0671060353 1282.6190656320
1490.3810323092 -242.1571372450 128.8526166105
1792.2159732484 -156.7475554299 -74.6426009164
11.9583247117 -185.6448825174 1673.0653790088
870.5926054184 -1797.8384225611 963.2261139924
-600.4531029867 18.5143893717 -1666.1349763996
-1308.9822849274 -1805.9836050625 1388.1601239539
-108.4197707396 1030.9195637241 688.3274398484
1398.2541345238 -1538.5619248829 -287.7582081953
-655.1095108639 1794.2222570740 -1752.0055233004
753.6615094000 1256.2330413458 -193.1145031967
-206.4504085832 1066.3095009065 -1966.1744296399
1777.3846309190 1285.0584335169 873.0054147236
-337.4293684077 338.9484585886 -316.8911672466
-155.4389136816 -841.9885694740 -1832.9374360768
1231.7987623357 489.2188375327 1287.7929159933
-1728.6240721882 -257.3198183270 1288.9846120251
460.4657045491 -491.5731354425 663.4876424545
-633.8270511475 -827.2684141833 1804.6484005275
-1133.8988344933 -1794.3656715915 -189.5826862726
-1542.0123793296 1297.7425528344 1535.6761216603
-1311.8275638293 236.2522284322 -693.1177318153
-1938.3094020100 936.9704151892 1340.1089609138
-1395.0295973881 923.7697960815 -253.9204060492
-661.2291886449 -1758.8499136429 50.0637920116
1046.8948430860 -769.8933970833 -616.6360534777
-835.6243515655 -1376.0344232481 1060.7154388521
-982.3065471502 -399.5985036788 458.3990727833
116.0375383405 -581.7065674227 1401.0233463103
-572.6374502612 -1002.0820187746 -1641.2779516718
104.8471778664 1490.5072755640 -1911.9155309180
-798.0428940421 167.1781049940 -1700.4503023011
-1878.5985038226 1407.5227345416 -510.9172658103
230.5960553505 1018.0371015424 1663.7036545444
1908.6438517793 -834.4485720957 -1246.4616960845
-1518.8115530260 -1626.5315702663 550.2715570493
1738.0915591012 265.6801693069 832.3535772167
503.5870665871 1447.4379850300 -1131.3855807957
-248.4020218920 1405.4555759963 -1238.1618114257
-1766.9819435095 1286.2168942558 -1163.9585787980
-1414.7059464203 -1563.0799560359 935.0208528133
1663.1964152414 -674.5771891936 -1751.2843943817
-852.3898344906 -874.9131470107 832.3052106346
960.0298342540 1796.3679049054 -833.7717034238
311.0362323915 1028.4906960992 1435.8697664157
273.3401026392 -1586.2118739462 59.4407211541
-1921.4278841133 1338.2558842113 873.9969276585
-444.3807425984 1308.3244608327 -1411.1869150108
356.3437833564 1238.2547880350 51.3651440966
1870.7583167987 -1004.5647636911 172.9594281856
94.9361921918 -1751.9148282474 -1258.4742964661
1868.4919775912 -131.7882474890 1967.5091944703
-90.1915316705 366.2649298524 -1935.2508797911
-1033.8777724348 1633.6247922085 -466.4994536599
76.2623055739 -651.2824022270 -371.8906922574
-1161.0437100521 383.8378042592 -1413.3485056377
1900.7037801966 758.7222223761 1597.9922991741
111.6693643057 -9.1319414433 -149.1452203816
1156.1260788906 -1716.9885711601 853.5707849038
1169.1822684766 -690.5240871491 -289.1613310734
343.1582610163 1004.0623072914 193.1174730858
-1046.8104487175 -724.5823658413 953.4221175978
-1859.1059325829 1586.6470904609 -1327.7290216860
-817.1458535103 -1931.5199785030 -358.1123969090
795.6702239646 -1988.7611305762 -920.6713501885
-1234.6084974188 -1332.1758571962 1361.9382464068
-1387.3420614528 1294.6628669310 1729.0405727051
-526.6978884746 1575.0185478170 742.2671493168
-1173.8927488858 1566.4424370912 327.0052127272
1939.3606818109 -906.4197954797 1324.2519111107
-1114.1177765736 1888.8570104868 420.1873105680
-696.5190731390 -1837.8435491492 -522.0662173481
-918.2002284280 1150.4348920804 1958.7656452009
106.0123866692 1622.0341562830 -1884.6991563376
478.6117830668 -1714.1213414063 -376.1707262772
-328.9907088555 898.7404071730 1639.3903314212
688.9849845307 1822.7686630802 -1506.0022640561
-126.7738881319 -950.5946690719 1050.2121285477
-575.9223430620 1231.6254112610 -1030.5131267353
1847.9616014074 670.6175502306 1011.1191012628
195.4553513190 -1296.3079706066 -837.8794386148
1129.6381462407 -313.3070662014 -1380.3431919505
-1053.3879019570 -1031.6977568465 -1548.9223030550
-173.3979130404 -1803.6636969250 -27.8845956063
1706.5451930107 75.8031205497 971.3396352794
-1574.5466791770 -1394.6808427489 -1253.6069590057
954.2414729727 754.3041844256 -84.0483567858
-1538.7757547519 -216.5755063022 71.9836708397
654.4491438738 -1592.5097374276 886.3409101978
1276.4497300235 1798.6333599615 424.2658159781
1812.9111852316 -1430.4104315028 -1029.5471434289
1045.5031508693 555.8493953257 686.1695930348
-1287.0842793965 -1111.5763580874 496.0774560731
786.0480195506 1880.0963816003 -1977.5943686941
1600.3665776405 82.9237029603 -1394.4322264773
1022.2349237455 1899.3850441605 959.5011177114
298.0379239585 115.6883516095 1709.9858619242
1712.2671889794 -717.2553390942 1431.0084482604
375.6663798661 1039.5553023996 1811.8611029374
1610.2816308422 -1573.5523442728 -92.0943810118
-107.6362634106 391.7903791948 744.3263160087
-510.6203572783 -1541.0658211236 942.4761867828
914.1826001947 -1600.8674735274 1132.3908376756
-1884.5488002842 -723.4954981405 320.5355469193
-987.3327763846 1193.3964426906 1244.8625544051
-965.3404254829 -44.9909050066 -1408.3797769349
-1176.0230904199 -1164.6318872705 -1353.8340731004
1130.6216018123 -296.8707583820 -979.4600083288
-609.0440422932 947.5260032827 134.8436504442
1919.5832838660 -1636.6040327177 1026.3574783560
526.6076297949 -417.4364662368 1906.5530727227
-507.8418532143 -51.6476656559 -1811.7226023147
530.0160361107 1326.0197928585 -32.8505474301
665.1960836117 -285.5501714808 781.6189138967
-1423.6218506570 -895.9619059464 1661.1344378653
493.8339049112 -365.8139946454 -1208.9985182739
-334.8804395516 -1708.4243129803 -1230.8041477495
-1136.9363949604 986.5421927853 749.6636532138
-240.5586627840 1735.5863240746 1001.5281258318
196.3082336056 -27.9035251257 -673.8921706020
1559.3326980065 250.2965216296 -1193.6556616720
364.5797337393 -138.6092531104 -893.0712823040
-108.6277331565 -576.5925098122 -1010.3162353555
-1310.9560928325 -449.9671928557 -909.1190818174
-1251.6277313106 1585.7628006146 411.9222349948
842.9460479670 53.8212319365 -449.9569623319
675.9671775777 -1431.5247313022 914.2724394925
379.0510321538 -1079.4541262361 -227.1742650484
-345.4713250267 -1177.5090845077 -192.6033203972
-106.9250533555 -553.8831679917 -1631.7154985148
-1575.3415395896 -1936.0182746016 1358.9206177890
1770.8788517265 921.9008677855 1583.5003674867
439.9285539870 -1561.3932868347 -161.6748188292
-24.0104862089 1418.7129343835 478.8310573756
-1543.1710856147 1971.7782762291 1689.9524187723
969.1714931790 -1856.0090161501 1116.1144133576
-664.3585074288 1456.7393156476 272.6062098773
721.2032184714 -1641.5876264572 -1322.1626284061
614.1600064733 646.2043830403 1113.9450956318
833.9351084133 -917.9517764317 -70.0666778645
1795.4129979178 -1786.5364121524 352.8012730087
-1958.6001154684 -602.3120272436 1927.8128303705
661.3005076675 -166.3837279643 772.8084517196
1093.9338928696 -644.9386584537 1583.1349002943
494.5556438433 1755.8001546031 727.2846612243
1006.1348003540 -1335.4823710927 1063.1469043528
232.6728719813 -724.0260349928 1422.9910455509
1065.9898134739 1380.3920395293 1964.2298064827
965.1921783183 62.2350809628 809.2819511957
32.6898667985 -632.7173158178 306.1215490731
1339.1529844580 208.0079794361 -1018.3311675541
1416.9801406976 -585.9218513805 -1970.9062929755
-1152.6543066142 1344.7286995849 -1507.4677633121
-1544.9567366053 676.5182088453 -708.0738278515
-276.2188793422 -267.2750958942 691.5601936640
-352.3311663315 -124.1355646264 361.6138516481
-1783.3828796683 173.5505127215 380.9029608093
1136.4602361773 860.9557315440 1357.7630641701
1896.8303816962 1469.4030448932 1983.1196350429
-927.4717395290 1496.9896938148 -1394.6920299171
-64.1691793461 -301.7437368148 1657.7645555414
-1994.7739441297 1756.2146541867 -206.4418722988
602.6213859532 174.3680995458 1783.3637069245
-1194.0234668199 68.0314196289 774.2804519528
510.3682939663 529.2164510912 1420.8737383195
-1665.9035282584 -1975.2607837382 954.5287762625
-625.1851818106 1261.6511732875 1743.6153776372
-1995.9541427017 -1947.1557237425 203.2947914330
796.9099332132 452.7046422309 -1951.3569367573
1215.1163404350 441.1981548492 -905.7145765091
-1007.0496986633 -938.4563034857 -1038.9442468665
1622.6432169902 743.5340258898 -638.9209414444
-1846.5183881199 1163.8527733916 794.3810297664
1459.0064689357 468.8868611879 1137.0262791113
27.7192422598 1132.5580234657 1837.1720958663
-1282.7532339070 -1581.9148824715 -1958.7287463807
-1662.5449049322 830.1742142423 -1068.9478670320
-358.5015915104 -240.7747489138 -487.5378212368
-1243.0793593183 690.6098074541 -362.0838519203
-1929.9250368973 522.1753094388 -405.9475751587
-973.7856889379 -1091.0803125548 -1586.5779131884
161.4253351572 -1828.5034671160 -1080.0311126291
297.0497850285 110.1971845298 1905.4725466443
-841.2541170099 -1882.5302041185 1241.8692282213
141.6945220251 810.4061951047 -1630.4338314191
-837.7661433632 -550.0871340846 -842.9269482461
125.5263294825 1731.7615136034 -105.0212373974
1513.3438587015 1259.0852942521 315.3496559982
-1338.0827898996 -319.2390147167 580.4271970835
-261.8444909799 -216.1113381817 495.1665331913
1173.0382425685 -588.1672770039 -1944.3163310837
-1170.8670484017 1949.8545395306 -850.0188781702
-858.0772463925 135.5800043253 -1151.0393117609
-237.4965593832 1187.4154588020 819.0910894605
1316.8724373156 1706.2640374542 -1714.3507412860
544.9594231026 1656.7958578957 -163.9243224778
996.5300389020 1759.8688312866 1246.2074205786
-1965.7911851212 173.8417666406 -645.7338924772
-1012.2463187471 867.8693530533 -1062.8338186409
-255.5756342657 -163.0903834155 1095.8684324026
1181.5417949082 -280.2174837871 -1519.2729404784
-109.8243449004 1087.9100053877 1465.7699731645
-20.0815127098 -646.2609071138 -1516.8829661774
47.3790759726 -1568.8787518410 -1980.9288339444
-1983.9456114449 1020.0126446145 -531.2941002980
786.3220671776 -1180.1828027329 -1363.4370000900
1876.5727548056 -1541.3778322759 474.4858458578
-198.6220765012 1744.8093633006 1798.7211579482
1388.2507471576 1841.9335705893 -871.4737789502
34.1738271981 -1753.4418368390 -602.9170460086
1294.3823458155 -535.5916956807 1575.8569624630
-314.2714716706 1768.9525160769 -1056.6824236523
-1419.3498168750 -731.8222292407 1420.2964907253
906.8789041103 1077.4132130052 1833.3619630057
421.2831600583 1394.4457435966 1717.7801345592
72.8477690804 384.4810759897 349.9683765327
-146.7473797226 -1892.5026538494 1495.2714479056
-1010.7525670331 -985.0836861695 77.9935082023
1534.5309606514 -68.4029240698 -982.6917990310
-1826.1189127010 991.1812604719 1500.6084940159
1858.6622314978 -28.2189090702 444.2285394506
971.4419417630 -1064.4250005843 198.3661285565
-1914.0222381520 -295.5548069494 1923.8777986019
-557.0527615957 562.7224934920 1383.2657214752
1830.2433579070 -1583.0019086749 670.6922987481
1789.0108741784 1546.9545045341 620.2831297245
487.3872423239 1998.3879879745 1080.1890632162
69.3462481541 -1856.1793603985 1690.3341406396
-1398.7778061237 -1210.6011583025 -1052.6326235304
-1028.5439422270 -1849.7422131004 -613.5661121337
1020.0532739908 -1720.9814707343 -1617.1261707243
781.3737697421 1015.2745162153 1092.1558563238
-750.9427508645 1589.4909560969 1025.5136229110
1474.6241233353 883.7935709810 963.4387932505
-41.4849108679 1517.5690744017 -1113.4838284198
-1893.6320217489 -1815.8500812554 1556.3717916376
-371.2372086402 -1752.9210226469 -1916.1844888420
-1038.3444884949 -991.4423045675 1244.7457376356
-579.8218517570 380.6914476270 1796.2210243667
1490.5041607933 871.5951701510 1856.0866811408
-1205.7251744714 934.0574281333 678.7526059837
157.1834593506 -213.6491709749 -1708.1963915556
1152.5358658750 1938.1274794366 425.5745557837
849.6313054183 -588.3930897621 -1036.4492850833
-380.1351871728 1158.0979376878 555.5149238059
-371.8249395333 -1788.5537299408 -1478.0319750245
941.6711011889 728.4172551075 -465.3687041958
-1833.9850189299 -151.5625186962 -1831.8856781822
-327.0424439992 -1870.0515186940 497.7257089835
823.2642174368 -1298.6899048342 21.6062638896
12.6372465957 -1172.8954370135 252.5299439794
665.8124588103 -210.1452324644 1655.1464772731
388.3938059595 50.8420009585 -625.5910314299
-1275.3223503184 -76.6871810594 -178.1525877516
-636.0827489768 554.1743523365 -923.1651438606
1854.0760395603 -422.6991434580 -1419.5268151278
-295.9085835596 -409.3175001956 1889.2506078411
-1782.9077850182 -959.2352772460 1037.8760686363
-116.0928256351 1477.0390162024 281.2815622457
1490.2450959226 1341.6405330322 654.6232780254
-1831.9924197224 -99.7097715138 1933.0501976763
460.8090275451 1084.1811746861 1684.4798850561
-1771.8341085722 -1913.4578572864 -371.3181668417
-761.6706533572 571.5373796053 -1339.5651651795
-986.8333344969 356.9218416263 1295.3290157423
482.5920312713 1358.4955740224 1132.1838479539
456.7228755277 -1962.6538793617 -99.0666426454
606.4702514023 463.2554607970 1380.2285136844
-1705.5618104773 1414.2412233018 -112.3926240436
-1580.9222118689 -1022.8345578997 1497.8161080848
-414.7830885498 1600.6164248248 948.3286612943
1110.5816206399 -1432.1211859625 733.9156161666
1690.4397620875 -899.0725659818 -1055.1823712737
-1495.1671901573 92.0870850004 508.8378932008
956.7308927840 973.3949650614 234.3999322020
-300.6300606621 -1527.2795504506 1759.6475964931
1032.6939009472 -284.4344795350 -1670.2628205649
-545.3986241547 1568.3035641328 -1652.9716339958
534.9151036633 -1598.8162296739 -1043.6279381560
-1049.4004749128 -418.6750411906 1803.1250658599
-766.2828382839 -1770.9476435344 -898.7244900499
-1293.5999887514 -1820.4546224919 648.3729523638
-1647.5732034110 1230.9122370309 393.2805411933
508.4274074786 1663.2882642365 976.9326029008
825.4501976807 466.2991816855 646.9949614568
1494.3218166909 -980.5615129984 -420.1643468271
1130.1443109627 -1417.0881132666 1262.2730481944
-1852.2553855853 -714.0298272395 -213.8767978411
-1679.8538307016 1583.5858475300 1794.0810677303
773.6968448101 1932.7410977583 480.5374024467
659.0961684806 1871.9200858960 1676.3619122387
-630.0140462700 238.9473145216 749.7300925806
-189.3614045077 -1837.6029366553 1666.9662830638
1088.7715990836 840.6358685885 -1136.1280979387
1510.9757217499 1642.1365051430 1224.6757504715
-1982.0671688570 -283.3943230038 -1626.5600655396
-193.0701354122 1586.4011614767 957.4800652835
-1192.7166684274 993.2600645963 -668.1595445432
404.3334437380 -1072.9825582523 -854.2431275336
1891.1716153821 1493.6467224535 -1725.4781727424
-690.2672243300 -769.3415701883 -163.4432904260
333.6994320532 -272.9305508754 221.3155230523
1893.2151480192 -1298.7636106892 901.0754348297
-132.9090956108 1812.5726347702 686.1161923774
-1880.4313256855 -1226.1205971976 -1448.6570260430
376.3664476183 1092.7329037347 -69.3318763409
-1753.7414982156 -458.3792084627 -744.9622411596
387.0987666609 -1324.2030370062 -1473.5654505428
546.5668642678 -1754.9050112683 -605.4585526080
-1320.3330627031 -524.1152551829 556.6157511766
1947.8043292683 -1235.5868363953 1873.3153096792
1755.3662361842 761.6809923422 1242.0652518045
-1985.3924906735 -1848.6597531108 -1984.9298824801
1890.6830384559 -546.9488049307 1357.6429876113
-894.5628612630 1047.1303511318 1742.7953264019
1990.4882965605 -1182.6448965965 -1929.8886998753
722.3233597184 1852.0487997669 980.1207952018
-890.9214955448 307.3223463310 -1052.9191697011
-1067.1817970805 -1296.1721713863 -1832.2100254019
-748.4195587730 1310.4417120212 122.8953738402
-1437.3141687880 1655.2678679277 -1408.9521454031
1537.2024910922 -180.0740322790 -1295.5530761371
311.2055359106 -1304.9659800389 1279.9781436864
-542.8201321722 8.4045526652 -1846.9859887173
-1469.8292231047 1780.7016636506 -130.3126498078
1348.5004116287 1105.3139976266 394.8329886927
374.6344417084 869.9474036414 1326.5779223731
-1443.6327497505 700.0789117777 1996.5342920928
-1727.6339545134 -1167.5100877563 961.3331773725
1307.6309435938 184.3656673033 1211.4420409864
-124.7910033053 -1991.0459914492 -154.5186763558
1733.6378166016 1768.2575189107 771.8589269214
-145.4010736567 1444.2810609728 -1441.0932736566
1901.1969512530 607.4001576246 -679.7252436206
-1006.4208203376 1307.9405155785 87.3196367578
-490.2271051807 1663.8132359371 384.4575706461
146.6395085754 -831.1649880290 1500.9849799081
671.6416378232 -472.9910370723 448.8391221500
-1021.7326006728 1167.4248603460 600.1564099378
58.9170146741 -1315.2734451136 534.9202092364
-71.7380947068 1544.0152730073 1842.4375163155
498.1125645751 -797.4225462877 150.3465837491
322.2645554379 130.7239711588 593.7530689108
-982.7203730631 -1704.6045410206 1440.2596488789
618.9220215830 1896.9672719954 -157.0934962474
-884.9704083206 961.8704253700 525.8983625272
-472.3357393220 373.6936046936 84.5836115483
938.1298711169 -1558.3014067928 1448.0236782261
-182.5354027164 -762.6810295144 -1978.2452165293
-873.6203251977 727.9709893078 816.2941463193
785.7948148800 -1519.5681518482 -1680.0435745621
1723.3256174073 882.4938208002 1339.2980037990
1554.9006693464 -338.2222600898 -1520.2266996055
8.0125868601 -1150.6157984608 1199.6315115371
-1568.1274294849 839.9693947837 683.0591112176
-1474.8902771121 1847.2933344045 1148.8891401676
1479.4178996376 -285.9624693625 -464.6423505807
-782.0714233096 -69.1655826658 1468.2705163722
1593.2050777468 41.2123638892 1838.3598180602
1613.8020762904 -865.0591944363 886.5417328492
-1576.3898961820 -1231.4137662948 644.8611430203
495.7797196634 -1283.0383981805 420.0952668143
1941.5106728686 1827.5589768171 1509.2072922786
-1680.5244547061 -421.2503406189 546.6552311443
-263.5034976274 -989.2177426560 1399.4293920131
-535.0174710355 -668.6839497099 1594.7023129367
-1460.6454380379 -1947.1143987033 1019.5914208231
1757.6336630715 -1317.8747321727 435.8425698804
123.7652413870 1045.2353679606 894.1351600737
-1326.0529003142 1821.5271866572 -293.3672346441
-510.7074781316 143.7488419127 1492.2116415988
946.7028956773 1951.8578255780 -602.6747641665
-1185.6832590635 -686.2723985945 433.3713751140
-1724.0948903369 -1084.9006725960 -162.3502672052
-1074.3940760745 726.6214455009 -709.9603276248
-1903.4159026496 1190.2988368433 1332.5164729939
729.0609556420 -132.4003447777 1931.8459708592
1074.2052224879 -1184.4624597409 -1234.2322920573
-58.4030708994 -18.3619692520 -919.1793721054
1654.5712634103 -1432.5676742977 -1619.5692389966
838.4504548220 990.2662293652 -1062.9843695104
1065.3301293998 -369.1706777389 -1433.9334747317
893.8092155428 1771.9530789151 -1710.0015217401
-648.9916730910 -1546.2585289750 936.4963485252
-1208.2453195536 1828.2674666429 1985.1145292046
-782.7327060675 -378.2685377885 -822.3572703281
1856.8070134484 -943.4242232139 1810.3439450530
-803.4150023058 1469.1165653388 -790.0010344222
-1673.7699836322 1152.7485269042 -1508.9272356229
336.2010619058 1347.2275185057 677.8806795285
422.9537076415 29.6721322738 -1835.8062705176
-1718.4149343290 -571.6228431772 1384.0301631227
-1575.2110966800 -220.5912163860 -1236.7460365677
1547.8315229973 -553.0109729816 -1719.7896864637
-1762.3840878187 -371.0936078064 545.5015744421
-64.1624761909 -124.2936501057 404.8185346979
-826.7710842623 851.6956878219 -1002.9862414446
-1171.8498263358 -560.9551193456 -47.4431805146
923.4687866689 -667.2800681834 1234.1730136134
-988.6870969006 -362.4593824992 -86.7908907991
-9.2081439542 -556.3081154583 1846.8142867011
599.5552049701 -655.8389889924 5.0486741216
524.8662268280 -1796.9026100429 1568.9598298946
-1500.4704268082 1000.8323397564 1375.5831077493
-1512.8994078255 -1304.3116326930 -113.1079196653
-1173.9296229382 -1155.2350581727 -600.1643798079
-1039.9997247256 -37.7704457637 1349.3353944644
-870.3360268118 -1551.5955411732 678.3824200275
-1515.8932813802 -1678.7884896608 1547.4587694355
-463.4954773407 -99.4490207438 1083.1215617543
686.5077129164 -488.5840456612 -373.4824377588
756.1603699161 1529.4341363632 1581.5911903037
-851.4663729035 354.8823239493 621.0451843698
1226.2618301173 -1800.2232871684 -1.2201735973
-1580.4965021090 -1004.4864788940 -1120.9649502579
1918.3725552006 -478.2535439401 -219.4744405027
-1123.3602785245 171.0572950609 1137.5715915936
-596.2885274103 -1258.3556267318 108.7783255890
-1777.8135652052 -719.3118023902 -600.2677616319
238.8166407678 421.0452918453 758.0697141536
717.2881398343 -1459.1740536224 405.4285092234
-719.2140787783 1449.9451301497 1846.5082353855
-606.0151399154 -235.2054293212 -1738.8739546317
-412.7780723631 -1079.3195595594 -909.6075100745
387.8986958462 -1950.8332654622 -1120.7791904136
-96.1474101721 -1157.1513658009 -89.3594065402
1328.0980501521 -740.2439336154 -1327.9937122181
-1658.7630674379 -1039.8645396956 -375.1043549887
-314.4080765704 -382.1987493595 -523.3671317637
1826.6430346878 -1327.6368696893 392.9332164439
548.6858835395 -127.3198861934 875.5687251760
1314.5546901058 1402.7787885349 281.2585157096
-1545.4363837630 1884.9407746573 1544.9059976266
-1979.2258374676 1337.7562076453 100.7236834774
-518.6340370501 -719.8702717287 630.8502761775
1962.9207076433 875.7176888060 -701.8030968424
-1905.4478100369 -1927.2344572405 -1209.1554021382
1973.4336292935 -331.7423817185 -1788.3310224021
548.5792070239 1120.1668241536 482.1599830517
212.2533351728 1345.2353360233 -358.4777146292
483.8175316027 1502.3098507935 1554.2871825428
-1923.7800389457 290.7097310251 409.0214233269
1372.9330762369 1294.2119139657 -540.5089885897
-1168.3233751238 1200.2866823824 -1256.8816670761
1535.7649296779 1478.4137719756 -287.6407230292
-866.7753744975 -1940.9123758125 -680.7495628917
1533.3033911385 575.1180971606 1966.7410043829
-569.1206258356 -603.5887253616 -750.1610830238
-873.8777565738 -156.7638776666 -1328.6298936443
-672.7128577049 349.1268852429 -716.7242695354
1115.9057561483 -579.5022425997 1382.9676083479
-982.5706899738 612.7022750225 1471.9239205794
1049.0668583918 78.7446209441 642.1262842560
222.8844836605 366.3068804662 -31.5654954717
755.2352610050 -1711.4269859647 1767.5035019360
227.7600594625 -45.6567608490 -98.8353880485
614.2955267111 94.5587447289 659.0794910231
-1709.6348771804 1212.9291714817 6.6482556099
652.5086292834 553.5256146844 -1277.9491076815
1107.6109591886 -610.3303275893 188.9469225611
-297.6456297786 -1443.4079342931 1804.8260681248
770.5800496460 -1709.7047282426 -668.0698568924
1518.1995987379 305.9705622532 -1839.4460985143
537.1135739759 563.6978418297 -83.3282118602
726.2338465022 -1132.5105495203 1456.1902772029
-1726.6125459232 1794.3187013800 1695.6947548926
-1903.7695651203 -205.9437246127 -119.6604277160
10.9079633555 1517.5588469293 1730.5752718573
-1674.7819898034 -1332.0377608068 927.5413853178
1474.2345795805 1034.4675904218 1149.5321147004
1879.8687787649 -192.1627373017 -751.9111971775
1762.3863613267 -1061.0018701587 -611.7087959158
-297.7519308875 655.1885869831 -1586.8776153106
-777.9404496184 -84.2522231758 651.5794753583
305.6060306165 -1259.2333439229 449.1371935627
-979.4753342716 1332.6738167307 1105.4305893853
-412.8404362099 -667.3650892431 246.8490577811
1286.1899402832 685.8336981833 -565.2241480737
-1408.6696223332 1978.5649909130 365.7388224793
717.2640537475 -1022.1292523310 -858.0092252713
-998.1365969617 944.6883564285 1334.1151485010
-26.8666467237 -477.3077152329 -498.8010870451
-597.2057141419 -1422.1080507169 -1929.3694246052
1080.1434510079 646.0470374109 -235.9009181984
1889.6017619259 1869.9646252807 1467.2480806226
958.9571726341 1277.1442974602 1413.3599226940
1780.9820375187 -1577.2239000164 -837.6933916348
784.4370229458 -1250.8406121319 -815.5002802380
879.1274679864 1075.4173048242 544.4173303661
16.8112227175 76.6767755588 1041.9070897364
-1634.5581897064 748.4025648160 361.4547187377
-1160.3018511529 716.1614989480 -1220.7899961325
-937.3165464776 1309.2789379509 316.4306542934
-1834.5630902183 -1912.1075500406 1027.7973558742
1382.7176061505 889.7622074598 -764.7844171759
849.9290219152 -1028.3865586268 1627.6913448105
-1511.9648055523 1110.7343373724 165.8687611078
-1431.6369980780 1809.3381190273 -807.9689211894
27.5071365291 1161.9441919144 1183.6253842030
-22.6591372902 -1925.9884340847 854.7184616318
-1043.3541409013 89.9462133733 964.3927134572
517.7861914550 1098.2786520150 -691.2327326152
571.0633652437 1366.2792075434 1375.4770721745
-542.8813303114 -244.7892941762 -157.5607090209
-1875.6570782221 1210.2829101622 296.1173249679
-1844.2194993368 -1366.2865024529 963.5839033452
-858.3093250479 189.6066764133 -302.4978206128
1229.4024899392 -287.6149825744 933.1242662140
-692.0796747922 769.6331044378 -1785.0749112896
-551.7292916581 -730.6579693416 395.5870386877
-1069.9928367812 1148.4573861436 1407.5723022128
-1596.3496725479 1739.7055025008 1512.1182926599
1802.4192192204 -1915.9760232398 -1775.0354210039
1183.7947222552 94.5156394657 472.9013589635
-636.5772816066 370.0425114877 1320.7571202094
-1564.7135167502 415.3614098548 -294.2452485790
132.7755260602 -248.5349191080 -1930.4577256841
305.6948397022 1970.0955193261 -1793.5227868690
305.2077652653 -1462.0948464904 241.6791766395
1337.8385455591 -1725.3145603846 568.3865242729
1708.3210018529 -234.3304387653 1305.3777060073
-1241.7925168437 1076.2838874926 -346.2359668793
-1787.3813330360 1813.9000273723 -490.9025575775
-501.9240018442 -972.2631838806 738.7179137967
-1789.4301105650 612.5035181174 598.6609702680
509.7569461930 120.6953942332 -444.0442046881
1715.8585807585 71.7069058790 1276.7340329420
1689.4586589856 -1526.3332713429 735.3326963232
-494.8889476745 1927.7884220701 -1178.7753341768
-1634.6869865119 -114.2584685603 1904.9181211407
-911.8207226176 -207.8266374458 -1824.7267909965
718.1482997507 447.5095354560 888.2963227192
592.9022363978 1417.2302252993 -742.6488846669
-28.3342975929 -1111.7777034755 614.6535425198
-1469.5570695227 -713.9937023072 -1276.7286055738
-1603.4214747650 -320.2325884438 1439.2814383949
1913.4751934430 13.6311379552 1899.3482388568
1874.2000283469 -1959.2573502998 310.4056310003
-1868.2505154238 -1765.6790123306 -1178.2017689630
-473.8128628896 -1360.2286606242 1235.2222962666
435.4776109455 849.1151171987 447.0731792223
1995.3106192435 1581.4536281704 -441.8288431131
-1404.7054782639 -502.1028685579 -795.7900226754
1090.7621357311 -1856.8885435964 -61.9520462532
51.6685580149 185.5642827324 1650.8084502175
-1507.8467208105 -981.6322689575 1927.0289397990
201.2773752293 1386.2727377924 -37.3793925582
-31.1319443255 99.4680552646 1823.4396569056
1305.1769338571 -3.0936900262 -1171.1458194700
-1311.4406327909 -630.1228425158 -1940.5952841044
1872.5407451209 1029.2642025890 -1360.7004538603
-1341.9880280425 -127.5333373879 714.6264031591
-34.6962358334 -99.7055686159 1321.7623255647
783.9584662947 -1932.5407012414 -984.0647225246
-392.7696743800 -1752.3282160787 675.3832028522
773.6297567265 -895.6628572152 1844.5976773302
1354.1262022070 396.2988475364 1866.5644413786
102.5199946274 -609.7628584765 669.1657807741
941.4701246490 -299.4136033015 -61.6607244928
-292.2498799831 -1729.9966767114 -555.5714296190
843.1393543627 -1223.0905134496 112.1709301607
-1133.9682412136 -590.6108561706 -1372.7992605908
1210.8425055020 948.7797581073 818.4481693349
1329.8843563652 1372.9213877029 1150.5093215988
-198.5512014500 860.1799846589 -1505.0430206486
-1875.4046067110 689.4251924984 77.5491904254
-1624.3328805235 -1463.3171770993 520.2384066479
1785.5017276440 -1738.0490385701 -1328.8830605274
-310.2152354599 330.0101947784 1415.8966002067
-1428.1510761111 1801.4598603887 786.3340255925
464.9889511414 -1663.7145619922 -683.4685825374
-1352.4066915588 140.1439662185 874.6424215832
1741.0557303488 229.5542967138 -63.1375920210
-1683.2570257281 -1883.8629346612 1306.1993743964
-270.1327134527 -1887.1545129389 258.3428408455
-165.6380879436 -1172.0765037340 1886.0721144427
1346.1270614606 1695.7476843404 -881.0599690156
-1593.5523754610 1794.3209047977 -151.5622009425
-1350.5879363092 -866.9472248182 -1387.8716594544
1796.9968886610 -1869.4471216685 737.3302262457
1406.1774562540 1522.5533919775 510.1006020990
1512.3952041992 413.6388168365 -977.0208841467
228.0086503760 281.1785834323 445.6192152472
-1754.5261431521 -1347.9412797020 -725.5997692844
-1110.6319706360 427.2274010965 264.1104359040
-1474.3425088511 1965.3021721670 -1919.5441398764
1825.0448857212 504.4836586208 1703.9663140499
-766.9370415009 -1450.2690498200 1493.2726810202
-808.1926689106 128.3710779823 183.6611925569
-68.0217292408 -223.6483858468 -391.5635516143
-738.2952622659 313.2375351015 1842.5838969416
776.2977267388 551.3512185447 9.3218938425
1580.1940704737 -1496.0063924804 1705.8367274363
-734.6369143682 913.6400542098 -1845.3182529506
-106.2474916884 452.0304073146 -15.2008488136
1778.8279028299 1077.0592577713 137.7023661350
-1708.6114499023 -322.6565536858 1525.4864597121
-1958.4301769812 1406.8684464619 679.0971870248
-1265.4071305703 1436.1976911704 102.8768528517
-403.7463540474 1817.6001345828 -1336.2812875328
-533.5787858348 1995.7575675501 -393.5938947897
662.3943561411 -479.3590224401 931.3500374851
-476.4745211491 537.4918383258 549.5569093994
1122.0754632600 -886.7845478586 843.1007389558
1349.9698972374 1691.9133700133 131.0661489115
-1475.2966469417 -686.7852770391 -292.6698080621
794.5278604457 -1892.4525742700 136.4252348145
1230.3412144134 357.2389184598 661.4859845866
380.5669355727 1576.7555410179 1128.5340182640
-1895.7650783000 567.6281865302 -1126.1550231909
-1723.8437637843 -1063.0830810924 -1234.9653824416
-1572.1475996753 56.7198302156 -1712.5001200252
31.4708457042 -485.4773478146 -661.4930801148
-793.6554916232 898.5040705919 -527.9908994088
955.1796477561 829.2728146819 415.4948837512
-1663.7120014136 -1682.6951160333 1449.0353318332
-160.3571405527 -1264.6595144542 1170.3136833333
-1145.7498409679 1634.8160793923 1800.9970217468
-850.7642770581 -255.3456850809 -837.0460965328
245.5773314093 598.3228352120 -1002.1032665349
498.2173609656 747.3024249422 -373.2811526639
268.3328718946 -1091.0771752842 201.3499100730
1036.9501636263 -1910.3383419862 -1557.5489304579
1451.1493636895 -1462.6446129508 -1906.9781659304
1031.2358969532 1500.7005889212 1655.7900206965
-151.2837460822 -1338.1632492947 1577.4800419446
1046.6218366427 473.5340157404 725.7709772288
76.1579347760 -1550.6075376926 867.5499022345
-1980.7973316831 1622.4463852361 919.7966763992
-444.0332627614 142.9593133747 -1631.0506471455
-1498.4688768988 594.7105385523 -591.5830606880
-976.9938690747 1059.4210169074 589.9864580618
-978.0650342947 1482.1787149188 -1498.4901988955
757.4782221945 -777.3252168188 -1068.3274569829
1037.1213439127 1869.3967189920 -1881.6101584155
1180.1874261846 885.6504069246 -1614.2457218788
1998.0073575446 811.4990066395 1214.9565122668
1375.8496276415 -842.7920187994 -718.9097071884
-829.9846614190 -765.5757420815 947.7956326849
-1168.4674180656 55.6926265619 1320.5678499532
1583.1158217108 1231.6518805397 1122.5237823191
239.9686888623 757.0847861871 -1777.2158403064
834.9831373038 1312.3461655099 1854.7494262065
-1676.7035643047 973.7420642327 1892.8842247267
1594.8581111103 -1087.8623024955 -801.0555477783
-327.4523045824 -1486.6002861687 785.6960790431
1423.7963524573 -1046.9871306649 1783.6080839531
-1996.0527788673 1859.9575005447 -1061.8643582410
1404.6723381561 637.6439080717 -737.7935098534
-1971.9396366034 -404.5133542436 183.1084981373
-1515.1773425942 -352.2916910197 375.5836343201
1618.6276959369 -976.9537979522 -1856.9804458610
943.4028701521 -267.9651008540 908.9937776274
788.2640993004 -27.4532162088 -1924.8654254394
538.0855836859 -176.7369599909 27.7887173849
1181.2407619043 -1499.0657917425 395.6000239523
-1225.8141319224 213.5831195741 1943.2851795902
706.1511622514 -734.9596328443 554.8878525343
1441.6082140544 1106.7442961164 760.4441333934
700.0014997223 -1446.6240998400 408.8548365458
-1950.8313534780 477.4050633733 1712.3328474845
525.0509917603 -806.5755726539 -548.3823233615
1082.3129425294 -633.9204872373 1530.6417479607
-949.2674378172 -416.2831329060 620.0421578253
1173.3396731798 -736.2395945804 534.4326714999
1330.1233248878 -798.8007948219 765.8590226350
1531.0145068642 1193.6467530591 1750.8313827433
-1415.4869861805 349.5364090030 -695.4468174831
