-5.0000000000 -4.0000000000 -41.0000000000
-5.0000000000 -3.0000000000 -34.0000000000
-5.0000000000 -2.0000000000 -29.0000000000
-5.0000000000 -1.0000000000 -26.0000000000
-5.0000000000 0.0000000000 -25.0000000000
-5.0000000000 1.0000000000 -26.0000000000
-5.0000000000 2.0000000000 -29.0000000000
-5.0000000000 3.0000000000 -34.0000000000
-5.0000000000 4.0000000000 -41.0000000000
-4.0000000000 -4.0000000000 -32.0000000000
-4.0000000000 -3.0000000000 -25.0000000000
-4.0000000000 -2.0000000000 -20.0000000000
-4.0000000000 -1.0000000000 -17.0000000000
-4.0000000000 0.0000000000 -16.0000000000
-4.0000000000 1.0000000000 -17.0000000000
-4.0000000000 2.0000000000 -20.0000000000
-4.0000000000 3.0000000000 -25.0000000000
-4.0000000000 4.0000000000 -32.0000000000
-3.0000000000 -4.0000000000 -25.0000000000
-3.0000000000 -3.0000000000 -18.0000000000
-3.0000000000 -2.0000000000 -13.0000000000
-3.0000000000 -1.0000000000 -10.0000000000
-3.0000000000 0.0000000000 -9.0000000000
-3.0000000000 1.0000000000 -10.0000000000
-3.0000000000 2.0000000000 -13.0000000000
-3.0000000000 3.0000000000 -18.0000000000
-3.0000000000 4.0000000000 -25.0000000000
-2.0000000000 -4.0000000000 -20.0000000000
-2.0000000000 -3.0000000000 -13.0000000000
-2.0000000000 -2.0000000000 -8.0000000000
-2.0000000000 -1.0000000000 -5.0000000000
-2.0000000000 0.0000000000 -4.0000000000
-2.0000000000 1.0000000000 -5.0000000000
-2.0000000000 2.0000000000 -8.0000000000
-2.0000000000 3.0000000000 -13.0000000000
-2.0000000000 4.0000000000 -20.0000000000
-1.0000000000 -4.0000000000 -17.0000000000
-1.0000000000 -3.0000000000 -10.0000000000
-1.0000000000 -2.0000000000 -5.0000000000
-1.0000000000 -1.0000000000 -2.0000000000
-1.0000000000 0.0000000000 -1.0000000000
-1.0000000000 1.0000000000 -2.0000000000
-1.0000000000 2.0000000000 -5.0000000000
-1.0000000000 3.0000000000 -10.0000000000
-1.0000000000 4.0000000000 -17.0000000000
0.0000000000 -4.0000000000 -16.0000000000
0.0000000000 -3.0000000000 -9.0000000000
0.0000000000 -2.0000000000 -4.0000000000
0.0000000000 -1.0000000000 -1.0000000000
0.0000000000 0.0000000000 0.0000000000
0.0000000000 1.0000000000 -1.0000000000
0.0000000000 2.0000000000 -4.0000000000
0.0000000000 3.0000000000 -9.0000000000
0.0000000000 4.0000000000 -16.0000000000
1.0000000000 -4.0000000000 -17.0000000000
1.0000000000 -3.0000000000 -10.0000000000
1.0000000000 -2.0000000000 -5.0000000000
1.0000000000 -1.0000000000 -2.0000000000
1.0000000000 0.0000000000 -1.0000000000
1.0000000000 1.0000000000 -2.0000000000
1.0000000000 2.0000000000 -5.0000000000
1.0000000000 3.0000000000 -10.0000000000
1.0000000000 4.0000000000 -17.0000000000
2.0000000000 -4.0000000000 -20.0000000000
2.0000000000 -3.0000000000 -13.0000000000
2.0000000000 -2.0000000000 -8.0000000000
2.0000000000 -1.0000000000 -5.0000000000
2.0000000000 0.0000000000 -4.0000000000
2.0000000000 1.0000000000 -5.0000000000
2.0000000000 2.0000000000 -8.0000000000
2.0000000000 3.0000000000 -13.0000000000
2.0000000000 4.0000000000 -20.0000000000
3.0000000000 -4.0000000000 -25.0000000000
3.0000000000 -3.0000000000 -18.0000000000
3.0000000000 -2.0000000000 -13.0000000000
3.0000000000 -1.0000000000 -10.0000000000
3.0000000000 0.0000000000 -9.0000000000
3.0000000000 1.0000000000 -10.0000000000
3.0000000000 2.0000000000 -13.0000000000
3.0000000000 3.0000000000 -18.0000000000
3.0000000000 4.0000000000 -25.0000000000
4.0000000000 -4.0000000000 -32.0000000000
4.0000000000 -3.0000000000 -25.0000000000
4.0000000000 -2.0000000000 -20.0000000000
4.0000000000 -1.0000000000 -17.0000000000
4.0000000000 0.0000000000 -16.0000000000
4.0000000000 1.0000000000 -17.0000000000
4.0000000000 2.0000000000 -20.0000000000
4.0000000000 3.0000000000 -25.0000000000
4.0000000000 4.0000000000 -32.0000000000
5.0000000000 -4.0000000000 -41.0000000000
5.0000000000 -3.0000000000 -34.0000000000
5.0000000000 -2.0000000000 -29.0000000000
5.0000000000 -1.0000000000 -26.0000000000
5.0000000000 0.0000000000 -25.0000000000
5.0000000000 1.0000000000 -26.0000000000
5.0000000000 2.0000000000 -29.0000000000
5.0000000000 3.0000000000 -34.0000000000
5.0000000000 4.0000000000 -41.0000000000
