-10.8472353870 -60.4101512386 -78.9490412342
85.5243871842 25.6819214640 45.0113108750
-21.6517799107 97.0784801977 -10.3425871617
-36.9308087126 62.0600132038 69.1713100134
-28.9833282080 3.6927942323 95.6364468011
92.3264487044 -14.2268686240 -35.6850539973
32.8114000114 -4.2015602132 -94.3703286053
19.8428288957 88.8819875875 -41.3068326541
50.4054698319 -13.6366826615 -85.2838173220
-25.5737491433 20.5156161196 -94.4727095514
13.2796018528 -98.6741021192 9.3313313945
49.2033439735 -67.2258157077 -55.3147416541
2.9699833683 -96.2115734179 -27.1018881123
-8.9399639895 6.0199751423 99.4174881153
29.8204467462 1.4695596224 -95.4388880403
79.3544917954 -58.3922205808 -17.1234694947
96.2204805608 26.6040692965 5.8174408040
-65.4972790266 -20.4488374000 -72.7458004912
-71.5576705980 45.1423386246 53.3073075862
-12.8705091088 11.8836551969 -98.4536882724
30.2115569449 -93.6061770055 -18.0317900773
0.2553131732 0.7029850216 99.9972030971
-54.7967056167 -19.9034892978 -81.2475979173
-16.7607309179 98.4174046437 5.7525961353
-1.9779138412 -17.8197295147 98.3795969541
33.8388991609 6.5170368128 93.8746884669
-8.7953533983 -96.7063563037 -23.8856109208
-41.7988284424 -49.3547646399 -76.2690313836
40.5308601603 -61.7960979790 -67.3683282355
-97.4168342706 -17.1879742132 -14.6469772695
27.9267757888 57.3697546965 -76.9987431073
-0.0804220253 -5.3582348819 99.8563110236
41.8399177533 90.7290372409 4.2027471643
23.3666169185 15.1014793491 -96.0517909008
-2.0386324376 -7.1463225560 99.7234879640
-75.5055798151 -2.6539804867 65.5123179590
67.6420527194 69.7536711727 23.6427168877
35.0632232756 -1.4095117205 -93.6407157717
4.5376337044 33.0084497011 -94.2860123703
-2.8917543188 78.5839556650 61.7753969554
-21.4013172113 23.1825429259 94.8923249010
-81.2098379910 55.8468043285 16.9143920901
-76.9523367002 -27.4523726574 -57.6602559122
-77.8156017411 -45.0902487303 -43.7218663269
-96.7286588827 14.1903313307 -21.0285769248
-13.7382191146 67.1770819584 -72.7908029569
-17.0597725964 -52.5292735799 -83.3644982959
-93.0086498449 17.9142926894 -32.0697547772
29.2256686538 94.1802224287 16.6116222873
-8.9708108236 -29.9290596655 94.9935573642
-86.9802359906 34.9173791296 -34.8599366286
34.4354554261 -93.8419661733 -2.8079875951
-60.4876251476 73.7175457911 -30.1159533558
-23.4776000541 -3.9371837009 97.1251814938
46.2901142526 38.6679007597 79.7622640935
21.6111650269 88.2098625367 -41.8566326577
-43.3821840717 0.3865591768 -90.0990381590
34.5046534385 67.7516081105 -64.9549727852
-52.6850640159 71.2958691523 -46.2729194181
41.5208377467 -24.5650247402 -87.5932622542
-34.4079424232 92.8528138663 13.9444775920
-30.3035196682 92.5100196035 22.8821539344
-22.1792974496 -38.3471936789 89.6525041569
28.8658684944 -13.3262616725 -94.8112460940
40.9121694685 12.6124207464 -90.3721264124
94.8308294260 29.4497690120 -11.8247577362
26.3243885586 85.3893440503 44.8963972906
-5.0447289916 -37.9957953773 92.3627102409
77.4736003219 -57.3015196626 -26.7278337603
91.4694391978 -15.6030913905 37.2811645726
99.0656216632 -12.2627429936 5.9688976169
-56.7885466956 16.4567826505 80.6488392291
18.0388703242 56.9264861905 -80.2120584914
-0.5940025976 -49.6261292710 86.8152892899
-32.6814815216 -14.4277312362 -93.4010778146
-2.8452754247 -16.7650128327 -98.5435880840
5.7560850357 -98.0661244024 18.7056870964
61.4224052165 54.7262887652 -56.8535087343
29.8663560489 0.0686794267 95.4358216787
-33.5544195037 57.6310234310 74.5168844629
78.5029739423 -61.2842601818 -9.0289831203
-76.0582518543 -10.0183669612 -64.1465092448
-58.7489921016 39.5953658830 70.5745203855
18.0147768777 -23.8237818502 95.4352934317
-19.9016847167 -39.4188131584 89.7222386849
96.3848295803 20.6975697516 16.7802036089
6.9092144841 2.3630959914 -99.7330363147
-28.5843844022 -26.1491096949 92.1908728156
-14.9997792048 94.6868644099 28.4500321972
61.0555566455 77.5622166620 16.0100452589
20.9019489650 -1.8983937667 -97.7727192553
-5.6954153463 99.0385953806 -12.6063027518
31.7878592478 -94.5934823738 6.4502013018
-3.9304629807 13.2744660755 -99.0370638255
31.4851482878 -8.6169716333 -94.5221309386
31.7243562473 12.6740479012 93.9836886406
-7.4838530660 -5.5350365605 99.5658340675
-16.5935235893 -70.1661068351 69.2919362300
-16.0252274896 -55.1028679670 -81.8954579065
-59.9009172353 -79.4965418444 -9.6010389623
