35.4772102083 -77.1704547757 -52.7834108935
60.2210317322 53.0196641707 -59.6853629321
-29.4904421248 42.9872497376 -85.3370387539
9.5275324547 -1.1379350132 -99.5385916579
11.4805788959 -5.0133570809 -99.2122097274
-30.8176007517 7.5031802492 94.8365845550
-9.0036947007 -11.6959217727 -98.9046960241
35.1933428648 20.3913550294 91.3543718607
-68.7915965515 30.6814765783 -65.7750958865
-36.2204876833 91.0906260954 -19.7629478956
-88.3782687622 0.2674290009 -46.7889954191
-81.0594263565 -51.1468021590 -28.5197129660
-21.6262137564 -25.5861737336 -94.2213064664
30.7097975765 46.4436120702 83.0656320670
79.4887133296 33.2891598021 50.7284564409
-92.1618161724 34.9867315640 16.7966739050
42.8598858688 -34.7621113474 -83.3943990804
17.6138146364 -0.9175667850 -98.4322691253
-20.2889954761 -31.9710951154 92.5537991640
-76.8759173845 -53.7401739168 34.6711268015
-69.4551487370 33.2454255984 63.8022255937
27.0453689070 -48.6499853957 -83.0766329462
5.0612081905 13.5323249424 -98.9507976386
-77.7776972609 35.7753656746 -51.6793287461
-25.1136520986 17.1748952447 -95.2592643873
-27.9397531417 5.0661138600 95.8838082511
11.1398411195 -4.2940300127 -99.2847684496
90.8133654787 -22.2658590492 35.4565109851
96.5046270577 11.1119253249 23.7356708780
94.5938872915 -28.9764176926 -14.5727040997
19.7513998912 75.0396280241 63.0788112471
-3.8334520004 -31.6868432934 -94.7694497602
-25.9767601285 39.9833798719 -87.9007239290
12.1077847589 -17.6694426346 97.6790271512
1.8268237010 10.5168843492 -99.4286571304
90.3444072703 -41.4558931477 10.9223165266
82.6247001696 -30.0576034613 -47.6413622396
-19.4712350293 -96.7838896730 15.9295231001
0.9249652479 7.2579269127 -99.7319754954
87.2877221684 13.3001573710 46.9463456784
26.1876649162 -27.1088224742 92.6246076931
74.4074160788 50.0582713690 44.2459704383
-1.8974402140 85.6839767310 51.5233524938
-72.9593898507 65.2779299233 20.3891956081
-80.6901703080 -21.2204905367 55.1251956646
19.3250689950 50.4642847291 84.1421278262
-55.3359033842 -13.7343692510 -82.1541532604
74.1465852656 47.0083574210 47.8800399544
29.5893748715 -29.2156822460 90.9445589665
54.6064815303 -72.5220785817 -41.9366223374
38.5783765956 -23.8463292953 89.1238544857
-42.2998677786 -0.6301079990 90.6108390306
92.0751753155 -38.2000511005 7.9320984949
90.4851336305 -1.7754318912 -42.5357312559
78.3345671190 44.9167399276 -42.9672208615
-3.1990070314 8.0356206058 99.6252736784
8.2902157707 88.7435955276 45.3414443452
37.0149193555 90.8278499080 19.4986519070
60.7654454616 6.5184828838 -79.1521952870
22.8176937764 -32.7414228743 91.6916140053
-87.1613684068 -49.0189287707 0.2011954965
94.2213497172 33.0652130027 -5.3878517575
-15.3257916527 86.0255186416 -48.6284921899
-35.8022740736 -43.4474429073 -82.6469411169
-0.5599613056 0.4056081063 -99.9976095984
-33.5801676609 -3.9484044041 94.1104799825
0.1076266064 4.0209064122 -99.9190708931
-28.4843666736 -57.0538754004 -77.0291902917
45.7784857427 -9.9692404876 88.3455968750
-15.0563657587 13.7270517248 -97.9023692312
-36.2657453878 -11.1784746845 92.5193894013
-90.6735722170 3.9676926097 -41.9828621792
-19.1358300918 84.0792152975 -50.6409474797
85.1183545544 -37.7391581165 36.4776871882
64.8388256857 -25.0123777469 -71.9048513186
22.6271929006 96.9518847456 9.3990523835
87.6859906400 -47.0796266965 -9.7301487967
-44.6560563368 89.4456239049 -2.3058613818
-92.1291193095 -4.7424945961 38.5970739857
-77.2883596136 32.4935734251 54.5039187059
-42.0424701734 -63.5639781222 -64.7460530612
-2.8402527410 -4.2823750908 -99.8678838664
21.4737136196 -86.8786641538 44.6203690956
-15.1170682281 -24.5520175337 95.7531862823
-16.5308006867 18.4780440274 -96.8777297297
62.4094064709 69.8226615418 -35.0693872083
-29.2812132371 -49.8020534584 -81.6233178858
-45.5887069628 -1.6312582988 -88.9888127453
84.0274580826 -9.5652455934 -53.3656477981
-93.7889695055 -28.2578849702 20.1276212234
68.5361028445 3.6889336356 -72.7268476941
55.1442842766 -19.5600891995 -81.0956892944
69.1066977983 -34.1804587883 63.6864236431
2.6024266103 -22.3511650744 97.4353775359
4.3883344834 31.7940052034 -94.7094702423
43.8694965235 -30.2128514665 84.6324457938
82.0318965842 50.0836016040 27.6116061317
8.7090152961 -64.8452924120 -75.6256643248
35.8216948758 -49.7379995224 79.0122622112
-76.0742527646 -15.2595616175 -63.0860828198
