-2.5796763545 -3.8833751529 99.8912642193
-21.4213526752 -53.0266488465 82.0323116929
-12.2744758364 17.0196224290 97.7735633764
-11.3733066625 76.6048202703 63.2641241694
49.8292949659 -22.0467510619 83.8509518778
-17.0774916071 49.1572285937 -85.3927757916
-26.3879327047 -83.6087762070 48.0962529594
60.8973211052 -39.8496180159 -68.5822442488
-4.4170079466 43.0162694711 -90.1670150420
-3.8435556822 1.9978394441 -99.9061345327
31.4008328030 28.7224915793 -90.4931277874
85.8407902283 -21.6298890569 46.5135102133
-55.9368559856 -40.5089479559 -72.3193838328
3.1577063519 28.9333000276 95.6707533163
-24.5677406313 -67.2899240897 69.7745815916
88.7800884681 -28.0165942613 36.5125504120
60.0559744644 63.6021183395 -48.4566865753
-78.4736859580 56.5785766175 -25.3129468872
13.8984002331 -45.9371476360 -87.7303421743
-0.0120998766 22.6896829191 97.3918792437
54.4403653690 -9.4731961220 -83.3456967919
65.3892024061 69.8195035494 -29.1459968575
-23.9868267448 47.6456304308 84.5844314491
-30.3009575156 93.2983547367 -19.4234131156
-64.5316403363 -56.1351071920 51.8123261015
42.7014045993 49.4793819937 75.6860674283
28.9043314423 -2.0154349058 -95.7103842120
-22.4588641726 -16.8602157502 95.9756872595
-12.0653460285 -84.1282788217 52.6959213575
-20.4549029374 -85.3833765933 -47.8672742837
-28.6580273166 67.1000001302 68.3835320296
13.9829377745 3.7939928250 98.9448486261
-38.7894096557 -48.0836452169 -78.6342467454
27.8023038966 63.4150727247 -72.1495699873
99.9935852566 0.4790326138 -1.0263699515
4.0644029161 -7.6779241775 -99.6219358839
39.1594073315 26.0272649667 -88.2560043045
-27.0690377556 84.4187973611 -46.2680650891
-60.8453589303 73.7312535785 29.3520790130
37.3293772795 55.1846452144 74.5732695038
57.5463879576 -0.3654160036 -81.7819032805
-48.7477307023 -26.7591554978 83.1120108554
70.6901925877 62.7270898242 32.6834648424
-0.5615747931 42.7541683130 -90.3978192525
-16.0068822711 -97.8281795504 -13.1691687591
1.7309910597 -3.7066371130 -99.9162875174
62.1391722954 7.4697659439 -77.9931142036
51.1883395655 -53.4004623607 -67.2914891513
-80.1226629008 45.3029867489 -39.0896185874
90.6419953212 -15.0582421848 -39.4623621504
58.5048179705 -62.5934205446 51.5679161762
72.3663517075 -2.5604230897 68.9677850460
61.5332962005 -9.5827533731 78.2420877565
80.9719553173 -55.2625465509 -19.7381204983
15.2466366277 25.1973882905 -95.5648036407
-37.5414824045 91.8920288979 12.1033930739
-50.6639348649 -20.5063930979 -83.7415879126
80.1218069395 58.5810505441 12.1965802541
67.7260513901 -44.5547495791 58.5496050632
86.9587339137 -20.0891234495 -45.1066038974
39.8699754076 76.3283904152 -50.8366194551
-70.4690457096 60.1394420638 37.6478565794
10.0357365484 -99.2805886173 -6.5305984215
-99.5552628102 8.8621105155 -3.1957227666
-5.0326316711 54.1814189492 -83.8990253765
7.8556175535 -38.4018901687 -91.9977396696
86.1925863308 42.2267029343 -28.0667707603
-34.5702023007 48.4349602785 80.3676286555
83.0704320708 14.6611106779 53.7061928391
83.6149190065 4.2955267024 54.6817498796
0.3858331879 -0.2152734083 99.9990239458
18.9467463122 -42.1766763293 88.6687587485
-59.3496148137 -31.3220912600 -74.1387201168
31.5970011268 -7.7932868356 94.5563017471
-34.0664812931 75.3780691670 56.1927178642
-21.0354313722 -10.0966334691 97.2397481464
-15.8624205288 -98.5665951100 5.7454280419
-2.9426452863 -9.2173798778 99.5308030054
-25.9863369783 0.0912913333 96.5644963553
-25.7821256107 67.4602466836 -69.1693365327
-39.6622691338 -85.3352771498 33.8348175838
66.9497043858 -50.3200355647 -54.6409288302
-54.8337059367 82.9481878479 10.6236917312
30.0183835445 2.2407610605 -95.3618143664
-97.2676364023 21.2521087634 9.3463780050
-58.0556864062 -25.4579377452 -77.3397096042
-85.6896290708 -51.0196598676 -7.3676167584
-95.3553356503 17.2143158303 -24.7189662711
5.7841369325 -50.1767047820 86.3066744647
37.3863508403 62.4040067952 -68.6148723438
-20.6208809841 -68.2348158654 70.1340799558
-58.1869000969 57.4233252427 57.5920686830
17.3637102233 -59.3308703217 -78.6024770230
-24.0589293183 11.6145597882 96.3652941727
58.7473604327 80.8934811682 -2.2343559877
-98.0546905102 11.1795991001 16.1336366922
82.7042143360 -56.1178606371 3.2861297265
-37.4856404786 -78.6157437731 49.1364588561
-2.3140644020 -4.1956506240 99.8851421473
64.5014456079 -23.6023325626 -72.6807637006
