51.8548038262 3.3818226909 -85.4379458755
-76.5385034787 33.5747778087 54.9052982902
96.8747321126 17.4239370748 -17.6548207277
1.1106643179 -3.8940904914 -99.9179787827
-10.6964242554 7.3095928437 -99.1572305009
-42.0542029709 -42.3064547691 -80.2596280664
-12.8014914914 -36.0530692405 92.3920884813
-64.8210804842 22.3221371900 -72.8007535409
-91.9997437775 -3.5983048807 39.0269054225
-6.4758924802 -15.3293315492 -98.6056510087
70.0367787004 70.5479017495 -10.8555602351
-0.9042363709 89.0535476561 45.4823922683
-42.5234516125 -88.9403881378 16.7738910471
-64.9819758967 -50.5015557351 -56.8061235862
-51.2018504126 -85.8136139419 -3.7939658096
4.6371970971 2.1841000012 -99.8685441481
9.6752152781 48.7427989566 -86.7786250133
21.9073071184 2.4545752766 97.5399659372
-23.8039201959 -62.5837849950 74.2741088066
-68.4476032350 -57.8449702315 44.3721199661
-53.3949612403 -73.8466006680 -41.1783642697
-0.4222587420 14.1404596161 -98.9942882160
-51.9811475627 85.4056394078 -1.9588403220
59.6831798756 -80.2271658642 -1.2328411625
-63.6088526253 -7.5883378847 76.7875705817
-39.4758382906 -25.5498667760 88.2545324558
68.9452012051 -43.5449445367 -57.8826142816
96.6351352690 10.9210080449 23.2891007731
-29.7182956698 86.0418004471 41.3960321564
34.8303581057 -84.5350531484 40.5051964990
-54.1899866480 -30.8337129877 78.1839337107
1.5164141974 -97.4046197197 22.5840772501
82.9470820248 55.4545048167 6.6767865852
8.4293966176 57.6920736875 -81.2438915014
-72.8950739724 -33.3692841448 59.7728957490
-72.4544526902 61.3222840778 31.4631492519
53.0361914652 -83.2321938522 16.1109993925
-20.1012649892 64.0386828115 -74.1281744656
0.0408213996 0.1416059245 99.9998914068
8.0961180268 -10.2119124854 99.1472123475
-84.7367461824 -14.6298596057 51.0455782055
79.2278060422 -48.8413281872 36.5715656029
-80.0795175236 -26.4550869911 53.7345256375
31.5950175661 -94.8371806110 2.7684000347
55.2823782634 -43.2854107602 -71.2055606597
-33.0156535775 -0.3494520920 94.3919726570
-95.0678108754 -11.6350615257 28.7530290344
8.2561568660 38.3502936902 91.9841880308
-0.7684616414 99.8424929053 -5.5575243730
39.3111313829 43.6915743225 80.9053847566
3.1026920800 41.0483926749 -91.1339824690
-6.8355516655 -1.6002677748 99.7532674977
-58.0041789638 69.8121355105 41.9735745226
22.9225797086 33.0313214286 91.5613845690
-51.2437641323 -4.1801692018 -85.7706407986
82.5213747848 18.8401201867 53.2472776297
-24.8496710929 -5.8939770157 96.6837881008
47.1354525851 -32.7675872910 -81.8812208795
-24.4479582286 -96.3840985606 10.6020225950
43.4651961275 40.3561365505 -80.5118560730
98.2691785290 12.6683175558 -13.5160009448
-49.8689826028 -22.3287166109 -83.7526894414
3.2184930682 -1.2904143323 -99.9398625836
91.7422353926 8.4137039500 -38.8917964489
-3.9596559468 61.9682039240 78.3853482943
-73.4801735714 53.1516691299 42.1374436887
-56.9335726457 31.6987576178 75.8535237895
-21.5040797093 87.2685011524 43.8381484836
-0.5449325238 -6.1580972852 99.8087214945
36.0114215490 87.3287718780 32.8155926399
1.0562180297 76.7335893240 64.1158379258
-3.0489546443 5.8786173978 99.7804877372
-51.5528155195 22.5119591259 82.6771970275
-36.4175235982 -30.2018639965 -88.1000078667
-16.5954457417 23.7983655017 -95.6986362499
-0.1169122009 -94.4313480297 32.9045109497
-14.7922059966 61.9487177599 -77.0944032318
-91.7111376251 -29.5311131484 -26.7764932680
48.7679450789 84.8967457549 -20.3526433913
41.5634156209 14.1996197711 89.8379278495
-12.0456931829 79.1373155792 59.9348526206
-6.1862641300 -27.0611769359 -96.0698851824
27.0682262000 62.4796286828 -73.2366515485
45.0957762733 -87.9172942659 -15.3922165809
77.0695331774 -57.9129014055 -26.5778649745
2.0732448777 20.8491666008 97.7804372445
-2.2998247929 10.5225305705 99.4182435789
17.9024662448 -63.6693032878 -75.0048099871
58.7076708497 -77.1578123472 24.4965584765
-71.2231092161 45.1487636075 53.7480963225
54.9143715833 -29.8642271027 -78.0547226833
80.0162342705 -2.5094181636 -59.9258297702
-94.7440352543 24.6737810849 20.3659596068
9.8010280590 -21.5726655116 -97.1522513981
35.3484954745 87.3646492701 33.4350403858
10.3951355322 -21.9569628846 -97.0042934006
27.6683274500 -58.1820499230 -76.4807997008
26.2540357826 -91.2020975811 -31.5103634054
1.3629136911 24.8736530453 -96.8475288815
82.9636780472 40.3810982696 -38.5537939433
