-0.9649416729 -56.1614751390 -82.7342589124
-27.5943083779 59.7327253966 75.3030919806
20.5206437988 -36.3517254851 90.8705410589
-95.6663409584 -20.8883451739 20.2886234999
-53.7102124045 41.0883808593 -73.6678901681
4.8480490979 88.8823376886 45.5678227147
83.5857492028 54.3605874853 -7.6386555404
-87.4853147637 -29.9476082978 -38.0717803358
-5.1205570422 -17.1308490669 -98.3885862579
-32.0796516510 -35.6484773726 -87.7501111735
75.2036297054 -15.3284513239 64.1050127458
-99.1167545899 -8.4461777741 -10.2240422814
-6.1309620983 -61.1211492267 78.9089121770
-29.4036207267 51.6085213642 80.4486644436
18.1302920194 50.4628421167 -84.4084952881
64.7196347990 -75.3276721951 11.7094266787
83.9611954393 12.8414450229 -52.7789252461
59.8592568993 -8.8298513133 79.6172285956
75.9955818765 -4.9592085138 64.8080071146
-69.8274120885 67.7566689229 -23.0903949184
85.8061975283 51.3206165930 1.8683624515
10.7115349803 -60.7874102613 78.6775302872
-25.3872828144 -61.5279935957 74.6310382843
76.5905570279 -53.3011404717 -35.9565710068
-10.1830855167 19.7205643365 97.5059183415
-27.8367521403 -16.6114792267 -94.6000739333
-71.4231465090 -2.9477197362 69.9288573560
-40.3176299313 -91.2240991827 -7.2562004544
-62.9403071559 55.4248864082 -54.4665007299
8.8367156278 -53.0815326725 -84.2867922397
-15.0120537057 -7.1185921641 98.6101611860
-5.3491004616 79.4816956043 -60.4487153553
66.4452593939 -74.1599710308 -9.2372182383
0.9322431666 -69.4481339213 71.9450319170
81.4507537948 -1.1792447552 -58.0033110094
15.5258515193 42.3614404884 89.2438025543
-46.2435940995 77.0100939286 43.9428656082
-86.9297960776 -42.5002003141 -25.2377401360
30.5770806873 8.4902622258 94.8312057499
83.1057640310 48.6498347402 26.9559931106
-98.0924981809 2.7182342949 -19.2476752607
6.5973146380 12.0596603819 99.0506942481
68.0954762357 -44.6023678250 58.0830001002
40.0556803408 37.3013815085 83.6907964474
5.3333605182 -31.9975089677 94.5923606083
-76.1287171682 42.9259662820 -48.5981464778
-13.5845287402 9.8170536063 98.5854250759
3.3797329855 4.6820406520 99.8331402906
90.8829270827 4.9523309186 41.4218297924
75.6140175093 -48.3293177624 44.1225271343
-2.0683800901 1.8978902578 99.9605913166
-14.8307031034 -40.6283513560 90.1631150280
30.9090517953 -55.9506440380 -76.9035496506
9.9503039574 7.2106485199 99.2421180703
8.0059390887 99.4711615215 -6.4337364620
-18.2700520779 -41.1778603658 89.2781552944
-44.5490487783 -32.0008258963 83.6141698213
61.2213423673 -62.6431340798 48.2471241776
14.3192239293 -25.8868492813 95.5239805512
6.7066120198 5.9369172633 -99.5980640807
-21.7836413929 11.2537391225 96.9475441846
-4.5608323848 -2.7904413828 -99.8569589205
10.8472206213 41.3680779719 -90.3936940815
63.8838485688 5.1906856608 -76.7587823927
34.5582959552 4.2839685303 93.7409824693
92.2528266175 38.0048677963 -6.7116320565
-12.6809268880 92.1128592408 36.8023811151
-28.7611608959 -45.5276304468 -84.2616786554
73.1433981156 68.1569264757 -2.1625645612
-76.3495728607 -51.6605504332 38.7547449086
-1.3817334390 -29.6931475452 95.4798816587
-59.6058264912 75.9980232609 25.9122733224
-80.5300875416 40.7247447326 -43.0859625286
-38.5425537731 44.4858298122 80.8423310807
1.1498369093 -70.1983745659 -71.2100139263
13.0712300383 -22.6679604011 -96.5158355740
15.3376340994 -92.6921467459 34.2479621566
-63.9747297740 66.9551276958 -37.7391683213
-26.8050171100 -73.2066518999 -62.6280861543
19.4358115134 54.2166045091 81.7484496876
-2.7609628427 14.8262977384 98.8562490668
-44.1066077927 -39.2238893596 80.7223243751
-72.3583707854 66.5051892234 18.4750097061
28.6489150815 72.6228101630 62.4913362690
-48.8359594143 47.9997665495 -72.8770984554
36.6644826624 -90.1438867795 -23.0172845353
-57.4654871958 -28.8102057778 -76.6008474130
64.9627981968 4.3710565076 -75.8994645268
-78.5943085072 -52.6939944670 32.3462148850
-24.5567382484 96.2047268723 11.9002997456
74.5173856286 -19.7318894124 -63.7009558742
-0.9769846304 43.5084935743 -90.0336408679
7.6389073422 11.7726195393 99.0103657392
29.1292650464 70.8653909207 64.2618260518
0.9149025780 1.1035736345 -99.9897248646
-57.5726129496 -74.3097427586 -34.1094762393
-24.8058850699 16.3575441209 -95.4835002303
43.6309891372 -55.9155054431 70.4967590599
-67.4176634689 -62.7200207488 39.0007390912
-48.4799930154 -85.9015332918 16.4504363270
