-0.0935303052 5.5727976750 -99.8445550752
8.8092479541 -43.0603304659 89.8231879342
-87.8705295791 -2.2490491815 47.6834542505
34.6196169153 25.9950340163 -90.1428884113
20.7876598199 18.7542397346 96.0007900550
-36.7179374847 8.9047834194 92.5877848267
-85.2513987662 -39.7530108096 33.9396101919
81.8301697020 -12.5150972556 56.0998722568
-95.9669054978 27.3334370631 6.5754290730
-24.9324467204 94.6842104452 20.3291267130
-0.7534436032 -95.5963417335 -29.3389122143
96.9291057778 23.3320336784 7.7694695793
7.0829824749 -3.1070961892 -99.7004378753
-46.8005509610 -78.7865181512 -40.0299011660
-37.6039369395 -48.7763690964 -78.7833087933
-9.9426799042 -48.4958370807 -86.8866900173
-3.3689162091 -1.9780379481 99.9236597081
18.2621623094 40.5951494654 -89.5462297792
-15.7615680671 12.9653974628 97.8952064235
12.9891731728 15.9789175281 -97.8568115918
36.7873846024 88.3538670312 -28.9876269251
-51.5626337899 45.6769176783 -72.4907855390
-95.5478891131 22.7797882426 18.7531899594
-96.8591955590 -11.7938248214 21.8906813905
65.5179224973 40.5058240156 63.7705265186
-99.7937746161 4.0751245571 4.9594261472
3.5043575213 -45.0130040776 89.2275122497
-25.3060368881 -7.1180486324 96.4828372338
-65.4177243548 26.8161319936 70.7206929062
95.3954183434 -23.2986785505 -18.8914196631
-14.8335887596 35.2011618510 92.4166805769
89.6604151938 15.0892033977 -41.6332305749
-4.6762663398 67.0155334434 -74.0746300053
52.5468366277 78.6377776670 -32.4796841737
-45.2590511830 -2.0819596361 -89.1475391141
-24.8131424357 -7.4437062218 -96.5862267622
54.0418133346 -48.7321581306 68.5905181162
28.3396016728 -95.7876129138 4.6476003806
-12.4917906370 -28.4735296890 -95.0432179260
-7.5395884231 12.5782685725 98.9188645615
-22.9288266539 -11.6285683558 96.6387360548
16.2908089016 69.5158475809 70.0154017373
-36.6890335700 75.2357037721 -54.7129207191
98.7453779127 4.8730601393 -15.0201073820
-24.6615936313 -55.9368499578 -79.1383258375
17.7580563801 65.8941641117 -73.0931636312
12.0715136232 11.0947999204 98.6467636244
27.5619450523 -27.8129316369 92.0151075568
-94.8101317051 14.8546147868 -28.1136860904
-0.5787805989 -7.6932086568 -99.7019536097
-6.5178611147 -62.8979654849 -77.4684672906
8.5053585227 -97.5367428480 20.3529523904
58.2116160388 80.7497350370 9.5335224133
-8.9164029435 -14.9675187367 -98.4706613231
2.4337897188 -17.7683890999 -98.3786613875
-13.6270045977 5.6452354251 98.9061983027
71.0780900402 28.4847550840 -64.3158133280
6.1732609914 24.5222967163 96.7499240955
-36.6595434759 -3.9233473341 92.9552861210
38.6888638845 80.6491195380 44.7089625138
31.7521098650 94.5861430027 -6.7279321482
16.5977463257 -50.8896902465 84.4674744711
76.0218431142 60.4916536344 -23.6947084831
-42.0066979820 -46.2513343296 78.0784951019
-53.9937908094 69.0531178692 -48.1283436923
-82.9253203841 -41.1793279818 -37.7843113762
70.6757969355 35.8908922375 60.9653637890
-1.4872291582 -6.6973222061 -99.7643925692
4.7588787736 39.1255285008 91.9050928532
56.9845828424 81.2228586439 12.4741553622
-3.9900613847 -91.1418348670 -40.9541859549
-73.6364570091 67.6567304188 -0.4889050892
32.3032390466 -11.2640481231 -93.9660681681
-79.3515960589 60.6387063117 -5.1255731141
-78.0029143889 -51.7040622744 35.2453584342
-80.6765754131 58.5597303654 -7.8770653894
18.9178016937 -68.6243824653 -70.2339726225
-9.3147252239 19.1785215237 -97.7006663548
-55.2530138905 62.1799039685 55.5046304239
-82.7525084884 -50.0482468285 25.4400339676
28.8580505987 14.0883267420 -94.7033894074
0.0064192813 1.4906170724 99.9888894805
-11.5941381705 -23.7868623405 -96.4352691710
-6.0984642811 -6.6908697672 -99.5893618574
68.2593397844 72.9521067527 -4.3188716736
19.7721566862 56.5720318097 80.0541506538
-70.9744743589 -70.3419350724 3.8257234276
20.9366307920 15.8887542006 96.4842214097
-11.2477535358 -98.9597253846 8.9699939915
56.8258743572 9.7227771651 81.7085528432
-40.5869733978 60.4776482388 68.5211766821
-50.5257119769 -32.1048145443 -80.1026423553
-50.9585614883 -8.5072455649 -85.6203935049
-98.7288004906 -11.5203566740 -10.9501294870
4.3687439875 63.8806411618 -76.8126145937
17.0393196844 78.6788426546 -59.3236993387
15.4628976970 -7.9746347844 98.4748901744
82.8196904665 56.0034869266 2.1232812086
-9.0471485918 -41.0653921960 -90.7291720790
19.7458148032 -5.6307617312 97.8692869090
