89.6578869492 -37.0048329752 24.3332210009
86.3602434614 47.6698188011 -16.4163554041
-31.2657513715 32.1041382579 -89.3967398617
61.8180133746 -47.7779800364 -62.4163267588
15.4189098758 82.0958232035 54.9775684328
-6.5688235680 3.6225600808 99.7182411367
-54.9712769568 -68.2185299385 48.2119371398
-13.3639606147 -34.3199999213 92.9706521548
7.8500396291 -64.7648774867 -75.7884392368
-85.0936440336 -23.1868003949 -47.1321974082
57.5850229091 -42.2766741832 -69.9760527364
-12.1651201724 -30.5416487357 -94.4416091757
-40.4647555215 -25.4844016819 -87.8245343369
-51.2460131121 77.0543733410 37.9007874476
-4.2278532048 1.4918304706 -99.8994479420
52.9721111221 -83.6483674150 14.0323224051
-63.7574820616 20.0263136735 74.3903907895
-30.2048855954 52.5995999524 -79.5043833446
20.9873941461 -58.1469351753 78.6032010587
-73.0175472499 16.5754305421 -66.2849371724
32.1291148763 -12.6313291532 -93.8518486823
-12.9689221373 10.9943465683 -98.5440581777
-4.7444439965 54.1409653504 -83.9419211246
55.6616141636 -74.6056949447 36.5482556428
-24.5146861333 -94.6952818793 -20.7806100387
34.1374845054 42.1308639861 84.0215594442
33.3781888172 81.0209589243 -48.1819543633
9.3443067937 11.5214352062 98.8935814972
-14.1036163287 69.8793203237 70.1282296765
68.6418776438 29.5548741993 -66.4439767368
-57.7392715498 -30.8397700929 75.5981818664
-79.3852243384 51.3415000398 32.5889019514
-57.3184150518 -81.9054813915 2.4680790048
33.2339337918 -54.0222872553 -77.3116946162
-46.7515304002 38.2089130508 -79.7143234853
41.9697469899 13.0338972865 -89.8257082306
54.8067885696 -82.3130343323 -14.8586777908
87.3806092451 -6.3655029001 48.2090188739
23.3083969537 -92.6178597560 29.6420425354
-89.7864114642 15.3441623786 41.2668995357
-7.7293599018 75.0411686114 65.6435831513
-6.4022783127 16.4139138480 -98.4357367250
94.2370989016 -30.6407144123 -13.4356172507
19.8118580773 -11.2944283290 -97.3649124081
-5.0329402166 17.5148093373 -98.3254848280
-54.4225288199 -35.0702001740 -76.2120031006
-32.1512082256 -53.3822090012 78.2089481567
-47.5557022236 -54.9054676156 68.7302321540
40.4838764498 -8.8921433728 91.0054148600
92.2310341844 -38.6185557998 -1.4295038344
-5.5544205934 93.9571165167 33.7817801150
1.4095636043 -51.3809024118 85.7788785063
65.8781360598 70.8620056383 25.2714729727
10.2659108601 12.3331619682 -98.7041244836
44.6912448812 -79.5719251943 40.8778834071
-27.3540798173 33.4884262710 -90.1680632111
-18.1684571500 30.3250416384 -93.5430329550
-37.9527945163 5.1577371608 92.3741475511
53.5183519906 -78.9056150121 -30.1610662903
74.5410713758 14.7192954120 -65.0151599300
-94.4579339377 20.9083189670 -25.3089097789
91.4585340755 40.3930100492 -1.9342398821
-84.4332968459 3.1236222838 -53.4907596466
3.7079363838 -79.5620424850 60.4659623540
-29.9271709811 -45.9237724298 -83.6383378773
-82.8222512552 -47.6322342206 29.5236339257
-4.0156253068 -50.9699447673 85.9414887223
1.4844483496 -7.0489640851 99.7402051252
-60.8047430692 -75.2194618587 -25.3932230718
57.8658721447 28.3010277765 76.4891669959
-40.9228042863 -76.0941758431 -50.3487883876
1.7186075523 -0.6274804022 99.9832618813
67.2749766401 45.8483784223 -58.0689565440
-30.5897671318 -93.7896072498 -16.3638540312
-75.4909033166 -20.8299413509 62.1871132933
-49.9566162791 -12.9609699120 85.6524941195
2.9995425228 -2.0902021823 99.9331466506
-64.1709287193 67.5969175516 36.2318733275
-97.9071473969 -19.7784013532 4.7963870278
-9.3973975850 -98.1147805961 16.8872362220
1.1690589463 -21.9738980126 -97.5488652282
96.1211120154 -22.1517220706 16.4326818940
-5.9109057844 -7.7850039628 -99.5211279383
37.4686856932 -45.3404162243 80.8723948516
12.3222982737 72.0815506562 68.2085846521
-6.2218040174 -15.7961181152 98.5483221940
-5.5791834856 -96.8572209074 24.2394610034
44.0068158422 21.6521454336 -87.1469147908
81.7605798901 14.7567261069 55.6547087913
68.8654621788 58.9537449109 42.2137901626
-5.3372808821 14.8735989984 -98.7435541472
-1.9622066267 -78.4824153428 -61.9407800009
-14.1316766015 -6.5308877274 -98.7807836673
-39.7776885644 72.2718508032 -56.5200413477
20.0464458679 -97.6222642834 -8.2482437075
-61.0614504588 -64.4865190106 -45.9672506657
-13.0898267198 -24.3074791607 96.1134896531
-84.8063718515 -12.1621501342 51.5748135963
33.5561567750 -33.3791521567 88.0898208864
-57.9703329435 68.6579426565 43.8808319042
