-44.4228528508 22.7306414210 -86.6598412483
1.6040582038 16.0247496225 98.6946523213
90.9690645428 38.0127949956 16.7229397188
9.0835884640 -5.9938219536 99.4060487043
85.3427717677 15.2580228629 -49.8377772911
41.7029048646 10.9046000599 -90.2327957196
2.4989600299 -1.3407213410 -99.9597802371
-8.7247791913 49.9030933758 -86.2180926465
-28.5855176025 -77.7997356924 55.9470223479
-24.2019004614 78.0518431680 -57.6383361326
82.7403653330 -53.5756500123 -16.8428522028
67.5238109662 -73.4045903395 -7.2319478493
20.7754889370 -15.1923157361 -96.6311161169
75.2494171905 -56.5377259568 33.7788507222
-29.7648653697 -10.7005184974 -94.8659669924
5.0132459905 2.3443919505 99.8467385097
-81.7887554339 9.1749214194 -56.8015871392
-98.4320277220 17.6136669429 -0.9458622326
-1.0313667108 -85.8850261132 51.2122892697
58.3331180031 74.6436069398 -32.0246668532
-35.5982627905 -92.7061295243 11.7616850373
-56.5101603090 71.4620182169 -41.2284093099
-18.5779189956 -98.1388526156 -4.8607132280
-40.9987310178 -74.2718779582 -52.9414034522
3.6668690893 31.9842446330 94.6760907850
-21.9766716055 22.4912805599 -94.9271731588
35.6487136286 -22.7530791153 90.6171430106
63.8615044916 59.1176899404 49.2626326963
-85.2328151465 4.0719743070 -52.1419816217
-60.5083961849 -20.2522710434 76.9972694887
5.5108783499 15.3492940538 98.6611848290
-48.6243134634 87.1521656106 -6.3384674490
19.4128415678 45.1451669138 87.0922240306
86.4739843023 -1.0402609234 -50.2112327682
-61.3717043358 61.0472025232 50.0674841690
-87.7820517624 31.9526880929 -35.6838494564
18.5903764932 90.1749523396 -39.0240422355
-60.2000877203 23.1441283362 76.4218474131
-52.0151863899 -1.6277962696 -85.3918653276
20.6070955342 -59.8595851347 -77.4091576052
-72.1731222185 -34.5918523770 -59.9536836095
-2.9956018290 -2.5158243524 99.9234556924
28.4558255365 85.1711091451 44.0016836045
-16.8523605339 23.2435190678 95.7900661122
-44.7361267674 -85.4247261524 -26.4819773363
-95.8093959417 28.4263028821 3.5362344010
81.5465288785 -47.8875341986 -32.5107320166
14.0370124671 10.2790157629 -98.4748907892
0.9979460788 -91.3840850565 40.5949886318
-11.8098805021 -18.0836230680 97.6396912083
-96.5762280355 -4.7006887065 25.5134416361
-19.0869447709 -53.7823667928 -82.1166582459
20.4272960670 -80.9669872161 -55.0188381970
34.5777370733 13.5358774454 -92.8502025882
-10.3116750932 -2.3789092321 99.4384741820
-20.9770544047 -0.9145233919 -97.7707872295
-95.2641176979 1.5692249938 30.3691523122
49.3721460104 68.9777647509 52.9571446388
-14.6989515581 -30.6220690276 94.0543976195
-22.3964343081 93.9000962313 26.0992654691
95.2038208599 -23.5043627355 19.5902380300
-32.5877810332 94.4386886088 -4.4012067878
-4.6112888623 -39.8917839623 -91.5826489426
-29.3752820835 -29.4493308907 -90.9386040832
44.4888006175 60.8154140723 65.7436843418
-8.7235899708 -7.9283467852 -99.3027708338
59.6679009041 -36.0351310998 71.7022379589
-51.0239944124 -26.5280597574 81.8096207039
-81.2619046056 -56.9341552453 -12.4500934286
17.0080672899 6.4806441285 -98.3296847282
-51.5639420313 -75.0455855038 41.3439231156
-28.2916557733 12.3811218976 95.1119868059
63.6615870169 -60.0780858020 -48.3510697386
-20.7649183081 -8.2457261709 -97.4721815062
1.2175680416 -7.3049391899 99.7253999315
15.3966784825 59.4154909389 -78.9477151550
-42.5931715318 -59.8858016014 -67.8197058783
-76.2207027405 -7.1237876440 64.3401594911
12.0823065397 1.6668110708 99.2534110725
-37.6373687267 21.0461334307 90.2246570675
-38.6759578154 -13.6917772107 91.1959731780
-25.7342883843 -26.2755924558 92.9910729180
-54.2400684081 -36.6822063565 -75.5806239449
-11.4991387074 -56.8584401946 81.4548193027
15.2943556794 -13.8371028917 -97.8499732648
-75.8573122129 -61.2829022824 -22.1376166667
-36.7350166309 17.1294835853 91.4172814365
19.2719281004 -17.4527140266 -96.5608386480
36.0498292353 81.9491990203 -44.5504050714
8.1097443373 52.2949627151 -84.8496842741
-75.9549895664 -22.3390986451 61.0884950845
57.6354434063 -31.7842352536 75.2855766579
32.8611775046 -9.9721873046 93.9185737401
-5.0262822984 0.6717881796 -99.8713431716
-19.8815359630 26.5438607801 -94.3405956237
56.1409658203 49.0912861946 66.6200988931
-21.8664888737 -91.9741974289 32.5976022377
5.6173864310 -40.6921833057 91.1734127227
-23.9322931196 18.8247258322 95.2516406335
-25.7839347469 -16.0340017531 95.2790611664
