-32.7274711029 -77.4026697978 54.2009164441
12.0512134227 92.5416957362 35.9277442280
-20.4407695438 -73.1731806866 65.0220006510
70.8055806346 70.4738945262 4.4721293935
-99.9148946353 4.1207203785 0.1830125089
-9.4964017993 34.1541241743 -93.5056904939
35.9832766813 -42.4659480866 -83.0773558341
10.6590562210 -19.1761953542 97.5636102869
-40.9229238010 68.1043574018 -60.7215843870
-79.0140700665 -59.2662342497 -15.6297859672
1.0682151026 -0.3303184815 -99.9937488356
-76.9481294369 46.4723090291 -43.8099288936
69.5255460624 -27.5904233420 66.3699253016
-52.3040656861 45.2581673111 72.2217626782
-23.4694262538 34.6000042660 -90.8406612488
-7.5271623671 89.5015919468 43.9636994086
-45.3863683922 -77.4630001683 44.0404492382
42.8810829658 56.0931405607 70.8150570551
-3.0812158345 85.3161726623 52.0735709476
92.8175383575 -23.6252488860 -28.7532987382
17.4546591277 -12.8418541714 97.6238785143
-56.8744617328 42.4093540620 70.4751182379
54.0245531458 83.3109208527 11.8590945722
-22.5262464641 32.2565472789 -91.9352129376
-32.7221384489 24.7750962488 -91.1891235904
-36.3397122544 -14.9857764550 91.9502681742
-59.3472746998 51.5056082526 61.8471770110
-5.2642619076 8.5833038053 -99.4917807779
6.7702633364 98.3101714376 -17.0080488672
-40.3861420058 -21.5692784860 88.9029007372
-79.9016457207 -0.7088812652 -60.1267369685
-24.9481332449 3.6188507392 -96.7703186257
-1.9770281334 -0.2689816484 99.9800930617
12.3870615511 -46.9885045417 -87.3993200606
-60.4146470258 44.9492979171 65.7999319263
-97.2479857293 19.6845194091 12.4639065801
-1.3755307007 -1.7483515321 -99.9752528490
-74.3406411535 35.6891995535 56.5663336987
80.5118071943 47.3647960570 35.6990895791
54.4146866381 82.4600760481 -15.4718368728
0.2838952365 0.5103169016 99.9982948862
17.6555035373 -95.6987193261 -23.0225609826
99.8112057652 -3.1103014914 5.2961522200
79.3984853386 21.9703425868 56.6849589623
-79.1458741364 39.6061646052 -46.5540796542
-40.6697210342 -57.8376832246 70.7161663993
-10.3359075923 -96.0520883008 25.8295440783
-65.0686042663 67.6127856599 34.5628117221
-80.1144325404 -23.0078219436 -55.2477857306
-85.2264085089 -15.5844627402 -49.9357969174
-90.0404032749 -27.5995252880 -33.6302242331
24.9482953915 -2.4683827200 -96.8064545565
15.7631546136 -6.4341552719 98.5399644944
-53.2284478466 41.6667153326 -73.6927213043
-2.5151769334 24.8924694096 -96.8196201794
69.1506759359 -35.9868739036 62.6348858405
18.2273079655 -41.5535577717 -89.1126650979
-70.0165115692 22.0260456383 67.9156934826
38.8351938398 4.8581432209 92.0229654156
-78.4983206510 -19.8881987648 -58.6725933028
-21.0681259685 71.7585954816 66.3840194827
42.1967777860 83.8966665583 -34.3624982341
80.2545161959 20.0023254021 -56.2060460152
-31.5448482409 8.5729363778 -94.5062289551
67.7260706937 71.7078850517 16.4668931436
4.8991706775 19.5049113626 97.9569117490
-78.8870095729 2.4048356749 61.4089283901
-12.7515057180 -7.8770395091 98.8703765063
9.8515952444 2.6425430479 99.4784551417
-63.2390357722 31.0217500449 -70.9822187505
-5.9075696047 33.8372433780 -93.9156088302
10.2808305932 -13.3776274682 98.5664425940
1.1575912550 -80.2840120321 -59.6081990544
65.8618046131 74.7636724815 8.5215004663
80.6430483943 42.2199018951 -41.4026403704
23.5746850069 11.2907951311 96.5233244979
11.8189555896 -44.5840878975 88.7275120530
97.7234819734 -20.8612345429 3.8639312022
88.0434135453 36.8446785343 -29.8467250296
26.7785910099 -27.5518740991 92.3244349950
62.5314462596 -2.6493709748 -77.9923013003
-39.1603943325 -52.1708340420 75.7935854218
1.8191839658 2.5302698100 99.9514297266
76.1401047408 64.8275518066 -0.2701422269
58.2749877867 -62.0058387593 -52.5290563233
-33.3068743850 -46.3515801337 82.1107979368
22.2734161679 -2.0991289073 97.4653199351
-80.0390320297 -27.3874426058 -53.3261787423
20.4397349902 78.9892477415 -57.8179554702
-7.9505448904 23.3496467318 -96.9101792045
-1.5286891466 -2.5163499357 99.9566460647
21.2039224167 -8.8538337473 -97.3242174493
-89.8762342061 38.1751471144 -21.5620191013
-87.8999613630 -0.2753013066 47.6814534339
22.3565837189 -4.4467058673 -97.3673968603
-81.6322821088 -33.3397719856 47.1659847947
4.9501931955 24.3528176297 96.8629746643
-17.6894753131 -23.6875113449 -95.5300176355
-31.6939353508 94.7927996890 -3.1336223605
-84.7030287273 32.2103155191 42.2834778440
