18.9441653120 65.0188537113 73.5776274603
-63.1345128882 -64.4947960415 -43.0633784779
99.6452199245 8.0793476601 2.3567536121
-4.7167947263 -41.9597080718 90.6484128159
54.0489533539 -54.6755631973 -63.9475834602
-5.1848232807 3.8401635798 -99.7916366798
8.9352873454 -27.4811819449 95.7337206995
36.5554353184 13.8915658886 92.0365391888
-3.9729152671 0.2126411546 99.9208222946
-16.2179275997 -40.7493144298 89.8691949328
-40.7396361975 -39.5116916983 82.3353402959
-25.3772107303 82.2963664863 50.8262258947
-45.4423359270 38.7919614537 -80.1883896339
19.2305568453 88.8337460378 -41.6983362774
66.6097625105 66.8414527837 -33.0962192411
47.7624975199 82.1211087974 -31.2228653482
-46.4899507567 26.2168637855 -84.5657172375
-26.4065114544 -15.5363798413 95.1909504850
-34.7313328380 5.5722633479 93.6092110878
5.8688112313 77.7295552274 62.6392313082
-73.3518411031 -16.0820575448 -66.0369202182
50.0635862154 60.8577032082 -61.5627914854
-91.0990443252 14.4266174417 -38.6372466956
74.7951478070 -39.4164098315 -53.4044239789
-44.3934254104 11.2529509903 88.8965402833
7.2643416236 96.9805702347 -23.2808577533
-14.8124923743 -65.7244417942 -73.8978201336
-87.0083150057 43.1231417276 -23.8735788565
-45.9160350920 -30.7168759451 -83.3558111568
-83.9042886505 11.2736602732 -53.2256980235
-90.8354971010 -4.3104936715 -41.5972608560
-30.2207751495 -10.8894490647 94.7001829377
37.1543588106 -59.2278770416 71.4955397387
-72.1827175017 44.5885403355 -52.9293620292
-72.1520513621 -63.4297109515 -27.7624432075
-88.7696252688 37.7063861659 -26.4231351648
-0.9469247627 -0.5064139249 99.9942342259
18.3953274070 -39.8035369335 -89.8737468740
18.8327629817 -86.5768174597 -46.3657386120
25.8439538639 -91.1687743074 -31.9428339375
34.4923723583 81.2935409391 46.9215989784
-22.0480089186 28.9830172728 -93.1336137627
-26.9085778363 24.8698633952 -93.0452488498
66.6335035160 -51.3063883219 54.1075847414
49.8410011708 39.3525392715 77.2479919168
24.0182975892 -33.4726195500 91.1191808643
-38.2162710055 47.5454047195 79.2398329156
41.0558657261 28.7630906680 -86.5280330570
7.0041906683 -96.3279341059 -25.9204634212
-62.5703498202 -73.9619391244 -24.7907822454
-45.8572341116 -67.6052244316 57.6770986544
-36.2726201184 50.1882885415 -78.5202695043
-25.2855525575 -32.4694853847 -91.1393073855
73.1988632211 14.6352031221 -66.5412447488
73.2480916331 -26.2267314309 -62.8241643842
24.8496357383 -91.4291066102 31.9877174574
85.3125771671 -29.6664375213 -42.9146439097
13.7650789575 -6.5204792017 -98.8332229176
-45.2469104465 -21.6102955577 86.5200105233
38.3149683797 -88.9588519517 24.8653545621
26.8540449485 86.3051011785 -42.7818861257
-62.3869178858 61.8077740609 47.8296094730
-5.4783848497 -12.0080123448 -99.1251478635
33.4277384567 -72.5448801569 60.1649953435
-0.9483148635 15.7785060727 -98.7427943955
17.3771688918 98.2510992396 -6.6899551212
-13.9141947346 0.7047097046 -99.0247371575
74.4886916954 -30.8466718458 -59.1601018047
14.2619591415 -23.5004131122 -96.1474238085
84.4327247672 13.6183179002 51.8233191330
-34.0953982715 -34.6914082679 -87.3728219133
-88.9338119540 29.5543070087 -34.8901136221
-23.9528238112 75.4980710304 -61.0434558504
82.9748284412 -55.7642845450 2.3499817764
36.2214233799 69.0511408145 62.6094916171
-14.2842127587 -86.7170132882 -47.7087085576
33.9506636697 -79.1883232664 -50.7598452976
-24.2217841638 -75.3613483825 -61.1062381586
-11.2547575985 -8.5425619712 -98.9967427058
19.2328482130 -46.8775058599 -86.2125106581
64.4298364871 76.2275774921 -6.1767790907
-90.9108588604 17.4849186823 37.8086413396
80.6277107003 20.1990828356 55.5982852238
55.9281008488 42.8974934282 -70.9355523910
6.6562675584 16.0131507528 98.4848876994
-34.8865978934 24.8578140364 -90.3604690601
-0.8377935825 -7.7165622884 -99.6983087538
-84.6291511162 7.5605027142 -52.7327751978
-70.1455334523 68.6310599362 -19.2193066662
-62.8940507263 33.4344920319 70.1888390401
20.4974501238 14.3818053341 -96.8143492141
61.8848560058 -71.9999735630 31.4049105087
59.2235324419 -74.7293377254 30.1346857993
8.3884119488 -21.2177073356 97.3624334145
-50.7071944006 -36.3530491979 78.1488083724
31.8694336409 37.7310594335 -86.9523223004
-2.6168264610 -42.8765385143 90.3036802368
-6.8364139250 -2.0371870000 -99.7452420608
42.0805352283 19.3608305543 88.6249783929
-18.7433032698 31.3934020972 93.0760059699
