-55.6353851141 -78.7831861060 26.4180527327
77.0876414320 63.6242419426 3.0743089754
-4.4615633016 17.4084010194 98.3719575227
-23.3680709141 44.0062717158 86.7028333529
-81.4542716948 57.9587773898 2.4457608540
72.5001327815 -55.8032470690 -40.3698942682
37.6121611858 -70.0746131860 60.6207383472
85.7078640693 31.6854199813 40.6226069730
29.4886803534 69.3340711436 -65.7510783917
1.1981012243 -12.6381671347 99.1909334815
62.0549389304 -3.4521898675 78.3407106137
31.6083071934 -41.3334446204 -85.3959089897
-14.7983836020 89.0010286790 43.1256853492
8.5668100812 -9.8859058843 99.1407011771
34.1366599305 -35.2023903059 87.1520519870
69.6236383776 7.4338340476 -71.3952875925
94.1035925091 25.1979993488 22.5737614434
-57.9178540737 -60.2067676893 54.9605977397
-50.3360775265 27.1203793541 -82.0412355034
56.0733915684 -53.5173476109 -63.1796507011
-45.1757240734 -38.4898175477 80.4840847596
0.9964066484 -52.9722456603 84.8112513968
-97.1862723840 22.9891523153 -5.1310170467
18.3613943312 39.3571679265 90.0770366465
57.7957253320 8.2570114744 -81.1879048557
-73.8241680057 50.9855890368 -44.1640343361
46.4771803065 -48.5579984959 -74.0404787453
-37.4199193704 20.6717531827 90.4014836973
2.0171125172 -0.1128153895 99.9795905662
-26.2442149236 -83.8026204628 47.8368266780
-0.6072751878 0.9201697010 -99.9939223381
89.2596326703 25.7505070108 -37.0085039450
-3.4941031950 4.3750660839 99.8431271527
-16.9145786186 52.1991209106 -83.6011292168
-67.0278334375 44.4559738896 59.4216789581
-21.2329386809 3.0971481063 97.6707222692
29.7427828579 -35.9612925953 -88.4429324635
-38.0300318891 2.8290977895 -92.4430250490
-28.5133006105 -30.3135840551 90.9289739853
73.9992784141 -13.4705341673 -65.8987974354
79.7740882815 -7.6973817332 -59.8067316722
77.4092179678 -63.2993829699 1.0005444731
-65.1646599703 -51.0902179991 -56.0656464848
10.2483596843 -18.1420380977 -97.8050999562
-42.2819271100 -38.1947366295 82.1790772257
8.6456062456 85.4878512659 -51.1574117659
67.6926425691 -69.8288728142 23.2730458578
28.2380331438 44.8111062371 84.8208597102
-8.6286663469 -0.4283930549 99.6261140287
-4.3623409272 -80.8526270890 58.6840921753
58.7340602960 -77.0467514006 24.7812077947
0.6607302733 -2.1956817563 -99.9737086295
-24.9972493939 -90.6684182218 33.9761013052
48.6315618731 -54.5313968442 68.2736988012
-9.2980224405 -68.5431323121 72.2176279833
62.5214519239 68.1610290991 -38.0150254699
-1.3808153017 4.6355627274 99.8829560401
-19.7677451299 -97.4021507503 11.0479537336
57.9879527507 15.6216383547 79.9585001791
21.4329173788 -67.8582599616 -70.2558652898
-24.0287545011 57.6881119865 78.0685640483
2.5092927504 0.7865916026 -99.9654176380
16.4975509079 -62.4562465527 -76.3351038552
5.3271382833 62.2123426676 78.1104731616
-47.4299375503 -25.8786406314 84.1468774408
-24.8407232329 75.8666944241 -60.2261002094
-47.4780496526 43.2905792874 76.6274138031
95.4603480924 2.7221135480 -29.6633113444
34.7147491936 10.5375760915 93.1871540425
10.5230989116 39.8384600205 91.1161977504
9.5474654243 98.4892779225 -14.4467310586
42.8723978852 18.0553580387 -88.5209667009
-32.8879834007 -94.0207678052 -8.8586550419
49.0859824017 36.7335561895 -79.0013429084
86.3033776297 -41.3876033645 -28.9619284139
-7.6119267015 6.3163479105 -99.5096091891
-50.1071241213 81.5658918662 -28.9185303285
71.4814268747 33.7255889903 -61.2616540685
-38.4545519842 -7.5791283994 -91.9989361047
-84.5440653852 -39.8910288898 -35.5106578684
-81.5489410888 -17.8547934598 -55.0543055337
38.8697140649 -81.8954820824 -42.2170030084
14.5081581169 4.7821159570 -98.8263361409
-22.1396432270 -56.4743971710 79.5014381125
27.9768568565 -36.9883208510 -88.5954829608
-73.9993740378 55.1665908355 -38.4803832829
-17.6922440297 29.4142400056 -93.9243684359
-36.0046914180 0.6903303934 -93.2908657900
63.4766432814 -0.2621857852 -77.2699619279
-10.1216539995 15.7463059179 98.2324079429
-1.8140162658 -15.2384587658 98.8154781369
-26.6206229817 28.4708968762 -92.0909901300
-25.5041133057 27.6111639245 -92.6669511273
-7.7235389245 -18.7994676036 97.9128539279
77.7887074641 47.7984470246 40.7949194520
-98.2432723894 18.6598022642 -0.2668514427
-78.0905378071 35.9052378692 51.1143991313
-10.3259666108 -13.7522817600 -98.5101474973
-56.8314910136 -74.3246851383 35.2990482629
92.1018550964 38.1281111780 7.9684017095
