86.2079029881 -45.0664434766 -23.1778587183
31.4495499473 5.9751322061 -94.7376567329
1.1172684608 2.1020247772 99.9716619999
11.8019126347 21.5790651279 -96.9281115382
6.8943010003 -66.5669692219 -74.3054992738
12.2607168252 -4.5870078694 -99.1394683350
-8.5532912097 -25.7145465561 96.2580038485
3.5961060703 40.8641818738 91.1986110690
-59.6372732469 -3.4001512103 80.1987195123
83.3770157628 33.2048388069 44.1102246910
35.2635507276 91.4653603525 19.7628400206
32.5904371583 32.5298530162 88.7675169675
-35.4608984512 60.7467064676 71.0799714011
-1.3054958746 19.8633400999 97.9986908106
-78.4568910717 7.9716675457 -61.4895825316
70.6464652337 -29.1876742407 -64.4760158695
71.2647172033 -46.8460016530 52.2186959916
40.2742970952 -82.9106845733 -38.7788521888
-32.8194284658 67.2049275023 66.3805907972
28.9099913583 -54.9323012011 -78.4006038524
-42.1543883813 59.9323416694 -68.0523472205
-36.4118652713 -47.4842115378 -80.1213187741
56.6171584347 -80.3732149026 18.2932691719
-22.0259327849 -76.9659941954 -59.9257375630
19.7125999356 -17.7511208139 -96.4173797281
-35.3367297654 29.2878496510 88.8455817264
29.5909694686 -94.7486211252 12.1273789739
-26.9979676941 92.2590390936 27.5568402744
-53.6299104314 -51.8736782052 -66.5804341874
31.0547848310 17.1497333743 -93.4959196131
-78.5652547942 -9.0302454544 -61.2042106897
6.6631820052 15.9623165944 -98.4926720853
41.1099729316 30.3424337591 -85.9610774661
6.3240145740 -85.1448186322 52.0611822740
99.5609868767 7.0973880611 6.1022106523
-28.9083042234 -14.1548294353 -94.6781429401
63.7716834753 56.5024931444 -52.3511284997
87.6731135289 -21.0750574106 43.2350219068
-81.0045104581 58.5225262610 -3.6583063664
95.0417080177 -8.6829621186 -29.8610097942
-18.6221032001 34.1209486417 -92.1356507341
28.0210826826 -29.6499674052 91.3000457731
28.1259947824 -6.9685759073 -95.7098081041
-14.6460495671 79.2688829280 -59.1771698498
25.2987397939 -35.9823549786 -89.8067029516
8.6022902433 37.6289822144 92.2499880763
20.5027575847 -11.4578067917 -97.2026522012
-52.6927083989 7.8661009259 84.6262544239
59.5701559922 -53.3171935249 -60.0722347653
-2.4117347318 -83.2432823633 -55.3600892066
10.3364977001 -0.8232603366 99.4609423729
1.8171658210 -54.9558993693 -83.5257267726
-0.1015205236 -0.2562936915 -99.9996200349
41.8052815883 83.4986578704 -35.7811761289
-57.5263891235 27.2976756990 -77.1074020821
-10.2203828369 -3.2863052823 -99.4220497287
46.9099939660 74.1487374511 47.9730882945
0.1908764870 -4.1098306122 99.9153284462
14.2798864767 -19.7091464985 -96.9929604998
31.3594743738 -12.6903478989 -94.1038704688
-6.4885512220 -15.8540097390 98.5218203153
-2.0225170395 43.5113522183 -90.0148412928
92.4168025345 15.9059350539 -34.7294664422
31.1809248642 -32.5626645957 89.2604212350
18.9206060959 33.1788324658 -92.4184815996
0.1152788645 -1.0452676925 99.9944704783
11.2087616986 -62.6699273099 -77.1157822509
54.5581812840 -5.7193247345 83.6103712440
76.1501028290 60.0146963798 24.4826072463
-89.9475299613 41.6589288980 -13.1899771390
-3.1966239863 62.8793487773 -77.6914994863
-27.0757577370 -77.4721429831 -57.1399195359
10.1097001367 -48.3280973275 -86.9608473501
7.2416545559 14.4306526216 98.6879663597
66.6984563284 0.1803458306 -74.5069352396
48.5277828394 24.8751560640 -83.8229139525
0.5820223061 -10.1581227439 99.4810222724
-19.7769474109 62.1364772209 -75.8151076612
55.5683602052 -30.9847269003 -77.1498803824
24.8164053200 24.5977894668 -93.6968237474
-3.2580022775 -54.8379045467 83.5594976414
-89.3945802458 -19.2016261216 40.4957599875
-32.5878755662 68.6901719123 -64.9591459977
-7.9664581372 98.7516885294 -13.5882139129
-25.1805786774 10.0078306183 96.2589309300
31.4900690992 -4.2062523563 -94.8192121315
8.5287720079 -46.6127574759 -88.0597007066
0.6930909587 4.1310821385 99.9122304089
13.0777796370 41.5717459972 -90.0042310923
-36.8250911696 39.4703506149 84.1784062732
-43.7048334034 0.7187885506 89.9409299496
2.3362290621 45.0063534394 -89.2690886246
-63.9216940648 64.2257036321 42.2974706201
39.6238975673 -90.4534323296 15.7519307185
66.4535039550 46.7971998716 -58.2576509677
-60.3798538695 19.2055389176 -77.3654995562
64.8682275585 -5.6184053712 75.8982646344
-25.0194746916 8.4606410458 -96.4491754203
1.3472680707 -2.6767067535 99.9550904642
-74.6450973279 -23.7956439599 62.1440003013
