-51.5903839817 -63.7822460928 57.1861640957
-62.6779007756 74.6131605270 -22.4578946150
-54.3709082191 83.8602132657 3.3569287246
41.7298574826 68.5028076365 59.7158633899
73.0204344952 -46.4511173423 -50.1029923636
95.8748832043 -23.5481048193 -15.9214801442
18.5719964328 -70.7646758046 68.1721468546
-32.0878410950 -9.9810398141 -94.1846553218
16.7291819173 98.5897418973 0.4441452405
44.0752447634 -65.2817594751 61.6089658969
-45.0209911411 4.0169401581 89.2018752518
-65.0170993994 -74.6567776732 14.1117799423
-4.5975710610 91.7392658932 -39.5318787021
-60.5457497467 -4.5599960084 -79.4570237551
85.6212224402 -2.5885293659 51.5975366037
-47.1355160051 -16.0555943801 86.7205916725
37.2815422531 -42.1741138755 82.6524695702
-86.9751932506 31.0862020010 38.3270635997
-28.6521300613 73.5119272976 61.4414517077
89.9411752974 -31.4442741713 30.3618610753
-9.1258359266 -7.2039662515 -99.3218102377
78.7661439057 -25.9280493175 55.8894518923
-0.2384202027 0.3662095624 -99.9990452273
-80.3483957052 2.9237805480 59.4608006582
-51.0092675386 21.3553495367 -83.3186874077
4.7901541540 -7.2548806023 -99.6213889214
-16.1755361318 0.2515835612 -98.6827681845
-74.6777872029 -10.1418826907 -65.7295239140
-28.4503099911 -56.0756112276 -77.7567083078
36.9690914848 36.9318568322 85.2603320760
-29.5796986127 -89.4567806731 33.5041164871
-25.4554523744 20.1290132158 -94.5877516985
-2.5626761163 -17.9064617712 -98.3503498619
29.2848991683 89.0613591117 -34.7917949217
90.2566714535 -17.0406041945 39.5392345249
-50.4523344802 10.8300025123 85.6578834147
15.0248851040 18.1521475345 97.1841158189
-27.8783862990 11.9870492009 -95.2843440908
2.0176168225 -34.3248379330 93.9027940118
-27.3224041713 -10.9250748168 95.5726371434
16.3554060084 7.3541819638 98.3789444035
-3.9907952429 11.6443587456 -99.2395206696
-12.0567634800 69.1638627478 -71.2109159061
65.7335870264 66.3134298877 -35.7997842616
-11.0017305169 -92.2721319435 36.9434106740
-20.0596741966 54.7192235304 -81.2614056447
93.9545710948 7.4995045271 -33.4110161809
-1.7049587980 40.9532336551 -91.2136270997
9.6291338215 41.1707531526 90.6214591953
33.7825999485 37.1886866680 -86.4623474388
66.2386172416 53.3416435677 -52.6033710652
-66.4795454304 -73.7685064660 11.7761408427
-28.5878869499 76.4924906146 -57.7202875886
4.9880376127 11.5042242493 -99.2107469239
-24.2161028132 56.0903449367 -79.1672506118
-71.0193939666 53.4789459264 -45.7848012250
42.4519846512 -27.4757939874 -86.2722999806
-83.2749008432 -33.2949188211 -44.2350457245
-64.7483075256 -61.1674024879 45.4555337166
-56.5273320288 -77.8729457382 -27.2114875699
-14.6606393083 38.1073538239 -91.2846933478
3.2359007527 3.2455824952 99.8949204944
-90.2905617420 -42.4230481012 6.9209428639
-34.7686432629 93.7493558464 1.4831466669
-68.2648787288 72.9474739852 -4.3095674178
55.3514380964 -27.8091914276 78.5039309385
-74.4473305722 -65.8999578749 -10.7140339163
6.7891447968 17.8476424713 98.1599163159
38.5397479203 62.5151057386 67.8715653623
82.6385709299 -15.0101250056 -54.2730388128
52.4778598051 -85.1181008814 0.9915304441
-16.9889028066 93.4634045608 -31.2405055870
22.4525301917 -37.3423640024 90.0079537524
73.0017333934 -38.3530237797 -56.5667083055
58.2988406973 80.7527774960 8.9573489396
-52.0019928353 21.9346636474 82.5509737788
-21.9566558198 37.2483062717 90.1691130327
-50.5769512033 18.2078255192 -84.3234670589
18.4344459551 16.4426742703 -96.9010302586
17.9833303312 -13.9609496040 -97.3739786409
67.5751915275 51.1102669602 53.1162319944
-18.5621986276 -8.9334961565 97.8551860073
6.9507767784 -44.5453845855 -89.2602678369
78.4109520948 57.3169011424 23.8011645726
-33.7054802321 -5.3726297686 93.9950820612
68.4461453758 28.2810503859 67.1960368792
-72.8676795783 -25.4105044313 63.5972290074
87.8844942974 -42.6352308912 -21.4138447961
0.2293342797 18.6208833781 -98.2507511829
37.0010138830 -14.0408279240 -91.8356146756
95.3268112638 -19.0868724805 23.4198709047
39.4158466294 -42.4237576178 81.5267797970
-51.9483072116 49.6670701631 -69.5309680593
-75.3909434078 65.0952027743 -8.8780756844
84.4493934033 42.6191957896 -32.4330711477
-25.2451506643 -47.1248500412 -84.5099454297
66.6412574163 61.0283880211 42.8308144392
-38.7112191825 26.0754064694 88.4393277160
55.9363009755 80.3810994752 -20.2486809529
-54.5602719822 -69.1389058220 -47.3601987218
