-31.5799235392 -45.6492055491 -83.1796757748
-9.5504555812 8.9461095517 -99.1400823183
64.5829345234 0.6877090684 76.3450825174
-55.7539787430 -23.1531343142 79.7209271506
88.3606154811 -32.5992937991 33.6108267617
-2.9564942111 18.1625221955 98.2923289452
67.5821858876 -7.9915027556 -73.2719866959
-4.9855719131 -13.6562375791 -98.9376129078
12.4499947087 19.3349934053 -97.3198626272
69.4062551084 19.3658316251 69.3378418851
70.2264193051 -12.6004687731 -70.0676688514
-66.1155934935 -46.4756600258 -58.8960212761
-29.5505371358 89.4124195147 33.6479567212
-51.5006578727 10.4314733208 -85.0815291532
3.9614129838 -2.4430456500 -99.8916349607
7.2328771749 48.2935249896 -87.2663791609
10.9992190044 -25.7166418513 -96.0087054031
-8.2115345588 72.4631782308 -68.4226461114
-11.6506236383 -77.2263390555 -62.4528263966
64.6576031428 -52.7413916659 -55.1156961398
-40.2603975258 67.6813217708 -61.6306666720
17.2577164822 19.6538608305 -96.5188944004
16.3831635029 -41.9106965347 89.3033340342
-94.8026583346 -31.1259005464 -6.6056254718
-3.8982148777 -31.6873077854 94.7666526056
-72.9777948567 -44.4705160572 51.9289385552
1.2995279016 -2.6216367642 99.9571820727
-3.5457815953 87.6492480648 -48.0107982287
-13.7738359998 42.6127954693 89.4115826062
-45.7656709220 -54.3796365683 -70.3445697390
63.4193040290 -18.8147593246 74.9933110886
43.3825740522 51.7716090774 -73.7404418358
26.0165429287 -26.3883231031 92.8805463908
-0.0000556232 0.3823824283 -99.9992689157
51.7364103093 -55.0972914249 65.4800147064
-92.0051975511 -22.5792788902 -32.0190535210
28.2112144242 -84.4517679557 -45.5195152639
-71.3361610163 -67.7699607554 17.8433335076
-2.6130530662 -0.0827920107 -99.9658196543
-39.3356474240 10.7490762471 -91.3080730361
-50.3964787767 -0.6423635247 -86.3700312378
-42.7097015231 76.5042690751 48.1972842501
-11.2125776086 88.8703925698 44.4559492966
4.4144813155 21.1910355454 97.6291573621
-76.1515392740 -3.1715813469 64.7370383781
67.5887514348 34.1330690144 65.3199378379
-19.4642292818 -75.9362170718 -62.0873152528
-25.1780439166 -96.5267075382 6.9757319592
-58.3082221022 -7.6403660359 80.8812465416
94.0381623932 -6.8402936895 33.3171786913
-81.8993729667 -31.3911166146 -48.0321819758
-20.6349964354 -79.2450500211 -57.3970292721
-0.9939385422 -0.1117944290 99.9949978158
-93.6117148891 -29.7377468107 -18.7753362191
30.4408215291 -13.4117109568 -94.3052617506
-78.3378501345 52.9890103843 32.4860895585
56.5268557878 12.2162779197 -81.5811076692
74.4964208294 -5.3930679929 -66.4920905163
21.6251156617 -87.5880058902 -43.1357809341
-2.5030481352 -6.8977330415 99.7304167690
68.2896710656 -9.9184525503 -72.3750310864
-39.9844000069 -27.3939401641 87.4689647725
-2.9525763740 4.1413631489 -99.8705732637
-3.1121049803 65.7494854906 -75.2816043952
51.7329218687 -37.5906426944 -76.8807412604
41.6354843428 -44.9646079680 -79.0232274323
-61.2840879184 -59.6462963008 51.8322284452
-57.4931145859 7.2853993811 81.4951822568
-2.8398638573 55.9692542874 82.8213604560
52.0980050541 -55.9263022539 64.4829170059
-1.1686361470 6.9824755384 99.7490818249
-33.6478185343 92.3477128472 18.4316097987
-28.8886852908 66.7745405091 -68.6046981042
-22.9156147979 45.5069393862 -86.0464587658
0.8073928610 49.5450576765 86.8598605606
3.7594210472 23.5489164477 -97.1149591336
76.5754459081 -42.5611502964 48.2156568908
22.4799797477 -31.6760204390 92.1481428988
11.1525876298 -42.3407919775 -89.9048225841
72.6194797871 -68.2140273809 8.5590667669
23.3570237895 51.2397547842 82.6373823965
81.7764890052 -38.0369417583 43.1948713121
27.0451239182 73.5514464047 62.1188055586
-2.9558226440 27.9882578974 -95.9579102126
-1.8868241641 81.4104235195 58.0412167081
-8.4596043957 -38.1749053208 -92.0386424129
-42.8966943938 53.0463979340 73.1160261250
-28.0582123584 22.3044571790 -93.3554921213
49.5568183034 86.8518316653 0.9386671534
92.0178084786 22.0944750115 -32.3196085491
26.8500447559 -95.9217611444 -8.8369019214
-19.8410837985 56.7178920688 -79.9337983144
27.4657466372 17.1816696564 94.6066751846
-22.6659107073 -41.1165020106 -88.2932033297
1.1121701082 -0.3458653210 99.9932170441
-30.7988288556 12.6988108370 -94.2877104635
-10.3065152428 8.8337980762 -99.0744152397
-27.2295223299 -46.2590399297 -84.3721182528
-24.7342221329 -28.9157354674 92.4775567252
-2.9965239981 -26.3527132346 96.4186462729
