-14.3162270764 -98.7097619196 7.1713697492
19.0389355711 -72.1531186893 -66.5691099214
50.5898232876 -81.3886948814 28.5753412094
26.9062460080 -74.9002511230 -60.5475540998
-45.6631518502 -87.6715219776 15.1188887565
-85.6764518171 41.2967909261 30.8888436695
68.0535665457 -49.5318830308 53.9935611331
6.7992982133 -28.0313330333 -95.7497462774
72.9220549405 32.6758319673 -60.1220750515
2.2274854115 28.7047984178 95.7657185873
70.9040109306 -64.3202180053 28.9055494622
77.4055246696 62.4055614110 -10.6738304088
-59.8142077676 -19.9682903325 -77.6113904677
96.9457063516 -8.6338839792 22.9561771084
-85.5234539947 -21.0929174488 -47.3373811095
78.2744165417 55.4685342632 28.2198054874
45.3753561678 -50.0224103789 73.7484610858
59.9265627907 33.1512544593 -72.8683840898
99.5399394102 3.3462930220 8.9779053917
-67.1608106849 -0.6179499212 -74.0880803237
-10.7086989601 15.5509706092 -98.2012784015
-15.9323601643 -18.4739004025 -96.9787342850
-75.4543223684 -51.0475880169 41.2406230989
-33.5355499948 -17.9700451210 -92.4794267115
28.2527164273 -69.2046070003 -66.4266993341
11.7367565519 -82.1751647211 -55.7628088308
-83.6542506032 0.4182424495 54.7886067469
90.7211692309 -32.8752128310 -26.2467109310
74.0529929986 -34.0387360282 -57.9440995922
17.5080922405 -90.2302207559 -39.3951008178
52.3836122547 -46.0010140149 -71.6928439717
0.3031648436 -0.1980375677 -99.9993443588
66.2953499314 24.3705660382 70.7884318829
-34.9322254777 40.9475194964 84.2795364858
37.7853088264 88.2532227587 27.9935547867
-12.3867183785 -98.9511742904 7.4319791690
-48.6733154894 -77.9210555757 39.4869276754
-85.2481308154 -39.5065916996 -34.2342723708
-32.1368395930 -88.7413071690 33.0485089361
-30.0641651338 -37.4044454597 -87.7328526531
-74.5652137561 -54.0099978859 -39.0249795116
-3.2384191115 -29.0871809411 -95.6213812207
11.0474911871 -11.5301927430 -98.7168050222
-54.3124202900 4.7541867869 83.8305356672
-32.3052419937 -52.2424412398 -78.9119678695
56.9539774381 28.5688867037 77.0718052630
-48.3494130693 -86.6914438955 12.1213782702
-40.1245019734 -4.1823959526 91.5015404542
-25.7995387238 -66.2981098926 -70.2776239375
73.9619971283 -15.7976314281 65.4221508517
-11.5280098010 -1.9738637406 -99.3136891469
48.2134790119 -43.7821964032 75.8853063490
-79.4541407157 -29.8746750718 52.8634402255
-3.5919726025 1.5575233848 99.9233298771
42.0884609566 -14.3226488301 -89.5735629792
87.0818530953 -13.3822207968 -47.3039853294
-15.3521198292 84.7294753991 -50.8451415117
53.6743242400 84.2438671298 -4.6944401580
20.4024234977 10.8120724926 -97.2976885842
-41.9852123947 59.5565135710 68.4854994246
2.0737801392 -5.0055059650 99.8531138521
53.8385622893 -39.0368780317 -74.6828719597
-5.0479139094 49.8339527423 -86.5511162218
10.6588119869 -4.6794511359 -99.3201513495
15.0539867364 21.6811751386 -96.4536371940
86.8486226404 46.8324986475 -16.2491173884
-68.8105283377 6.7520811464 -72.2462496610
18.2326226667 -38.9177646731 -90.2938484258
54.9541085264 -68.8257784989 47.3609350635
21.9764303144 -64.9809753396 -72.7633792134
15.6969069854 65.7924262118 73.6543533287
14.5538503885 -35.0028905280 92.5363879431
-48.5201736801 -48.3404358932 72.8628506422
7.0391523944 23.5330325947 96.9363023354
-2.9926856267 -12.9132355174 99.1175674702
-44.0831669339 -75.8505967866 -47.9933470410
-28.1935164830 -64.5235760811 71.0058712927
0.3029548064 -0.8751821264 -99.9957112812
-11.5373767887 -8.5973616837 -98.9594579053
-19.6801625532 18.0082642167 96.3763125554
-57.2105787160 76.8417734842 -28.6756260747
32.9369550602 -43.1351292941 -83.9911757993
-84.2739743779 49.9764898951 20.0061915496
-15.5158135752 25.1299788776 -95.5392259269
-16.9825040726 29.3659161611 -94.0703860066
44.7798540882 -37.2043608718 -81.3055975931
-4.7822322382 2.1809898299 -99.8617721562
98.6841965255 15.4469694084 4.7770798836
43.7151376466 83.6160381787 33.1261965796
-13.9154751207 -65.9193926211 73.8985333321
24.4687487708 -77.6790469225 -58.0279760357
-29.7780113372 95.2329177947 -6.6303400441
8.1748983615 88.4477238220 -45.9365996509
-0.0440112344 -0.1474282013 99.9998816396
60.8568613035 79.1819127238 -5.1640226259
-16.0289539204 -19.2353828842 96.8146305138
17.9373836950 -68.1031185919 70.9944751669
-52.0713836929 -13.8205039415 84.2470454741
-6.4128348604 -9.1376410064 99.3749418409
95.6046296996 -8.7589506576 27.9827726178
