-18.3750133711 98.1431574619 5.5026836196
26.6137893008 -31.2250496904 -91.1959565490
-16.8720419059 -18.1992488689 -96.8716756464
-2.8958377002 -27.4289405648 96.1211076897
-91.4709855887 -14.6839235641 37.6489200934
26.4513858153 -87.0180007478 -41.5715255229
-98.3473993718 1.5129430389 -18.0416196656
-1.8772082782 20.8659572439 -97.7808156919
92.9453248651 31.1915934121 -19.7040880565
-51.2500530241 -44.2485586403 -73.5900613078
-21.0218858154 17.3178467069 -96.2193977439
93.3298237589 33.1907199030 13.7083955829
67.6050542237 -71.3516589777 18.3982989576
30.5147867944 83.9440678905 44.9693368073
-47.9342711859 23.5753681904 84.5370194682
20.9088585501 -1.2472256209 97.7817164013
-28.1980084632 -27.2214938648 -91.9992532061
11.8470044869 -16.2235613190 -97.9614441646
-50.9602251024 21.4728023794 83.3185106414
23.7411764846 51.0201984271 82.6637519810
-41.3593521659 47.0312146088 -77.9581223532
-11.1951661255 33.0723456128 -93.7063936511
-51.9786051146 61.9684124887 58.8059560247
22.3435394749 -14.8863801324 96.3284066633
-62.1618318825 -53.1686303867 -57.5239376244
-62.1769950278 -60.2603625639 -50.0270925897
15.3868546769 52.9580692468 83.4187485209
-57.4908312667 31.1864612820 75.6452837458
-9.9669562146 -23.3432336645 -96.7251426771
12.9010334997 13.7468127369 -98.2068657183
-76.1892943074 4.6232417558 -64.6050854702
63.6214768315 55.7669367837 -53.3137547688
-24.2554694947 -37.0179135175 89.6735539521
-1.0168089391 -22.2446203668 -97.4891940900
14.1695784179 -34.7095011463 -92.7063836941
1.8018358818 -1.6703688084 99.9698117208
-52.6027852021 43.2324832199 73.2386467899
-12.3665493860 17.0045977431 97.7645749332
7.2170605483 -6.8712023855 -99.5022643703
27.8524442427 28.5355357850 91.7058588487
-5.1206326178 40.9827072254 -91.0724811898
83.4594693280 -23.5566366323 -49.7956007099
42.0324433984 -22.2518493398 87.9666351688
-98.9662029295 -13.5872253135 4.5910767805
-19.0442301205 -0.3344480699 -98.1692693444
35.8983298866 -37.5972452048 -85.4269106568
-69.0253010133 46.4006468209 55.5201566517
24.1746260041 -5.8743832870 96.8559707946
-60.1210745604 26.8080768771 75.2780406749
94.1132277413 17.0624909177 -29.1817026199
-45.1479979187 -56.8477659585 68.7749212247
-41.8784860068 -31.0384275784 85.3393720579
52.9067109168 -37.7851431157 -75.9813325738
60.0056750190 29.7956520713 74.2397338570
-69.2345692064 -22.1579526143 -68.6702232613
0.3852782903 -17.1113959217 98.5243710472
-12.0498392516 8.7401848805 98.8858460158
68.6300573587 10.7671020985 71.9304159542
-28.8579167318 -90.5634606257 -31.0721779313
56.3031619784 70.8021013281 -42.6264753264
-31.0312100020 28.5979859324 -90.6599095875
-20.6312348007 89.6819047958 -39.1344873838
-3.0230812927 99.9099211687 -2.9780247747
13.0147552573 -62.2137091154 -77.2014931442
1.0223974984 0.5142555435 99.9934510085
32.7673714483 -41.2018267333 85.0218139198
-37.8607989004 6.6031158362 92.3198720096
-10.6879071883 18.0223128522 97.7801865379
2.0617552095 -2.6812372242 99.9427842938
-93.0945053732 5.7072128361 36.0671705428
-4.4384883129 -6.2995854169 99.7026330900
-88.6228333148 46.3174292257 0.8301597264
-26.9679763494 -72.9308499335 62.8794034609
65.3983379038 73.9585872725 15.9117807951
11.6098038383 -97.5375774103 -18.7518918449
20.6010410636 41.6238274426 88.5610190554
2.5602859532 -16.5681658926 98.5846885413
-48.6057429005 -4.2162217026 -87.2909229625
-10.1577956459 3.1747230331 99.4320889918
-22.0234150059 13.6235653812 96.5886518064
-17.8302323217 7.2092882028 98.1331186652
16.0033457404 23.2468493811 95.9347534472
10.5502019923 99.1568580770 -7.5240105141
21.4079740138 -17.0835789013 -96.1761403912
14.7044809964 -79.6386499907 -58.6639895190
-5.2247025837 0.4979099539 99.8621778682
-59.3149591010 75.0597397729 -29.1165089265
38.5281210787 -82.5159785098 41.3121916231
-0.1624749244 -16.7927214287 98.5798057866
-70.9818950060 57.6452933230 -40.4795101139
-63.9089471620 11.3925081732 76.0648225540
71.9586070200 -37.7092793972 58.3092541806
-81.4653201479 19.3397594333 -54.6751800936
-12.8240455730 81.3038393611 -56.7911045877
2.2304887183 93.1903140715 -36.2020756772
37.4225219046 -76.0565874337 53.0561057960
-59.5430659431 49.1876232664 -63.5232320927
5.7605837632 5.6639009988 99.6731453310
-58.8333631365 13.2169719074 -79.7743507379
20.7579125500 -53.2526115643 -82.0564953441
