1757.7417563544 -1324.3299526862 -1893.0070756213
1622.3329942469 826.0118022298 1477.3135823290
1510.8326418725 -540.4499540108 1837.9343466505
-818.5932576319 426.9165081486 -893.5277132178
1092.7066761891 -361.9409432754 20.5069871852
410.8071985961 -467.4833375067 -1895.3889741079
-1449.0548144173 1996.8525822965 -1352.1722230541
-1861.9611449628 928.0631291511 -1248.5536244677
1591.8903840448 -1522.4241055113 -664.9375293701
-3.8909900744 -1011.3604028883 80.7146146927
149.3521126727 -1562.8028124076 1484.8098324268
1614.7854401159 902.0570732025 890.8608057781
-1348.1056635812 263.6124047038 -279.9166982831
1144.8905925717 335.7728353249 461.6427275371
-1074.8047057351 -779.0808637394 -1115.9222770410
-1040.6785778250 -1506.8999328775 33.3126351678
-148.4021844885 808.9040425224 1868.6945250872
-1131.0844786251 749.0747740781 1670.5673215506
-608.2726127641 -454.3178274186 1790.9184349095
-1983.0758655722 148.7302639048 -1230.5854938742
-847.7359407749 -1806.9113282656 648.4074082028
-796.0619238300 846.2300472338 -1132.1320245935
666.9030025268 458.2290574545 1267.2611444685
648.8851197172 -115.9217937369 -1219.7468299934
-197.5369020733 318.4854692558 296.8816368125
636.4282311467 1461.9260094305 -1462.0772244384
135.0626455854 1385.8738144805 -1458.9357923063
-1876.6862382667 -1409.6476859245 -530.9335720698
1335.2024180241 -931.6810560068 -1778.2881769095
-176.6320731274 -190.4247411532 780.1285349834
970.4002412776 -50.9795992796 1276.2931644094
1928.1693904923 -925.6189528109 1712.4164895249
1383.1169146603 1130.3794563342 -542.9568418576
-252.8948693688 -1459.8875835493 1770.5845977412
327.9774695729 -1358.1401135936 -1983.5830849876
737.0356398715 1120.2283902707 -1835.4110707964
513.3716428766 510.3691661334 -1936.5296579124
1532.7854991931 1180.2325581515 -1662.6961823731
539.5232769434 -612.4740423030 -266.8185191690
-41.5687852205 -1394.1394380593 1156.1805668482
-287.9691380154 1633.2210113374 -602.2453073949
-556.8881123447 -437.2556946931 -610.4847204029
-899.8315529421 476.0696673413 1383.6918116677
1192.7308872864 1894.4966775338 643.6963275894
1267.0600367928 -1982.8734890962 1841.3760162618
-1338.6115709161 -43.6133568765 -1293.2822642732
-1237.1925330135 -388.2985843837 1513.0550205139
-195.2291476744 1898.5990546240 38.2282939644
-92.7285232922 -1812.8085371061 1758.6647386716
971.2969967917 1136.0913680070 492.0469961255
1202.9731175079 1733.4701342575 -1925.7800594775
302.1184046006 1019.0337469375 -852.2196274323
1.7519893898 1959.1523249802 -794.7992501905
-102.7318693212 -68.0313630240 -993.2293305482
-601.1993902832 -1103.8708161590 -550.3109475272
-485.3523547675 1156.1845973742 -427.9564287981
1185.4356763927 10.1254965770 -1068.8212522178
-817.3285531281 1885.4194289908 1417.0134282685
1770.7670469812 78.2629926181 1352.4008441229
-1300.4095354511 -1602.5158952781 -963.9541991019
-1475.5056194852 918.3788806193 823.4289718008
1477.2653451523 -1561.7183858763 -748.3621871165
1807.8968300307 107.2347217434 -1312.1138810601
-1257.1460566810 1865.2958189012 571.9550473613
1915.4286144742 -920.1545460985 265.3421162854
-61.4817691005 -831.1933855853 662.2964394754
1995.4261132630 -949.0601392187 459.3709648635
-1535.6571470729 -757.0023744248 13.6648417040
259.4787930182 -140.0313190559 1868.7406788248
-1293.1298004587 -1002.1657004844 -883.3592275346
577.2113224533 799.7839690513 -407.4619379387
1393.4653463581 -1722.5948358032 645.2985558150
1107.0301103374 -865.3808063718 1099.4625540024
-1797.2173724596 896.4134713548 -1544.3525868344
1667.7549565141 1900.5378668929 -1007.4275307315
1387.0921232212 -861.1659949502 109.1995232393
135.9940125549 1556.4154801182 1765.5925920291
249.8704395895 1809.8598850884 1829.0716186081
-83.5571060315 -368.0880187079 1062.5995164038
-1994.6181862523 -200.4418906375 -1235.7053852652
-31.9847944183 1751.9059879755 -1886.6631316251
1245.9112846751 1281.0009168488 -35.3233673022
1751.0888865647 1273.2112408910 1809.4590174479
726.1270433563 -1032.2066046086 1947.6383175797
673.6110125787 -1675.3869041068 715.6385980782
1273.2982285863 59.3779595083 239.3620416448
-1867.4792248851 1118.1449146183 171.5896043256
727.6667682091 656.1986622283 19.0504101624
1941.9745965705 -1807.5651041809 939.5100346529
1760.3523698001 -44.1981225498 -945.3664927441
-1318.8072225189 -683.9021198905 573.0071834306
-741.3703123929 -1756.0545754293 1037.2226295449
1814.0221562643 1557.2190473652 478.0265450943
-337.7213145042 -274.9352052094 601.9392068138
-62.8097059402 1764.1660555447 -90.2040044189
1565.1184955878 -331.0776605788 -898.1003136291
1101.3697308541 -605.5437104992 360.7729916109
781.5940169151 -66.7869051307 -1499.5610751992
-1448.9317830301 1616.5713135367 -174.8334650281
-1955.5932256982 962.4802908644 603.1034301016
-766.3494416811 769.7421061448 -1691.9820817731
-1573.3426373538 -1794.4741188249 -1171.9916274513
524.7266159292 -517.8410956640 -401.1697009533
-1134.0507547041 -829.8529209316 -1899.3579636176
-1868.6071692650 -227.7768858251 -434.9057480736
-1435.9948151871 612.2293828801 -1168.6253440755
-697.0006938360 -904.7412935819 164.6249294031
-335.9798186182 -945.3701672951 633.2559982272
1060.4579600753 -920.5843880363 952.7567139348
-1972.9991932502 1622.4476854901 -801.2588505187
-1724.3714650699 -876.0878190744 -9.5854488557
1516.9771504582 -1055.6617261362 1111.4359820145
684.1292816041 -1294.2592010394 299.9528165527
-1941.8418914713 282.6530397914 -1202.6137136729
-1278.6039515429 44.4241935487 -673.3070255293
-1304.1672765119 -1955.0119376827 1896.1944788220
-1621.5183606093 -681.0087378444 -1216.6805626041
-183.3039730510 -1094.8998735158 1250.0545208781
1800.0683822418 -1114.5237310249 688.1726281459
-261.3911242803 -274.6680780069 -945.9368817862
511.0334274017 1579.7928145616 -1678.2372416724
-448.8802243046 442.3657614825 -840.2260013532
1511.7671815882 1339.4077832331 -118.6722568394
641.4041318672 -1944.5270543700 -723.5075334743
-1839.5054154144 -188.1223086615 597.6622555818
-1322.7784328991 -57.5703627824 1103.8025458354
-358.9148138135 -937.6477064767 -347.7498992094
-1223.7145475922 -315.4521164715 -1067.1714291764
-1842.3222597369 1310.9296484311 365.4224221625
1451.9891275065 660.2317600373 1439.3865521771
-363.6697369646 1540.3273763077 -1647.3715747538
34.7054137184 1884.3962302455 -1726.1145819469
-521.5765318936 -1114.0458088476 1561.3066081665
1214.4363736621 1047.0314911306 -1017.2814253090
810.2149571660 -1831.8675938626 1485.6515801457
1455.1532927561 -595.5585438336 507.6059699081
816.6061406085 191.5299645117 -1176.7100577770
-1611.9099699942 -641.3244787048 863.4682259253
1470.4730520898 1202.3463756176 -1310.2275190006
608.5855132115 1425.3551343820 -1130.1288531251
-749.8179613753 -1867.0866968146 -1841.7491436653
-1886.2816954884 1177.3615890741 1262.2224364066
880.0000194069 -111.9499485207 1216.5588960596
1327.3700593149 -35.3099719398 -166.2139202006
-1776.8066124206 1979.9214477664 -1641.9210779024
72.6673087408 89.8968778296 -1071.8909256787
-1141.9929077867 -172.5061825137 -611.5878398393
166.3361232783 172.1517007023 -1207.0968704210
1457.8137632597 1713.5904530832 1665.1309497056
-200.4799166283 -1959.6914706050 1782.5535088890
326.2761928185 -1388.1364400410 -1228.8094087993
548.9078634750 380.7641805402 -530.6081992576
1901.3641676333 -1076.7624135880 -110.1721410837
-1872.6181328903 1169.6246873566 1846.3852374773
150.8913764866 -259.9605812627 739.0687887056
-1693.6929788939 -845.4993778341 -681.5864149999
-574.2168300001 -1170.7669822084 -806.8228749870
-723.4027947839 1382.3559928790 153.0070904856
1712.8652083221 -416.0476869549 -1048.5413731369
-1815.8501616065 -1507.6627701916 -6.2085616075
712.9457172803 -1369.3033772580 76.0550427235
45.6744422425 -1212.4342942500 1362.1464746229
561.3414004386 814.9719301548 421.5144834563
-745.8682406429 -881.4057937614 -760.5643859788
-155.2807799834 279.8050355487 1113.8325003911
232.8875547876 -503.6821119081 -1179.6405985397
-203.7215536271 -211.0272796122 1525.7066113968
1247.1034074535 -47.7102373626 424.5619304956
709.1945599909 -1309.3712918956 647.1514391844
433.1838827911 860.2312986595 -778.0051564274
-1841.3461895414 1235.6813435129 1497.8124693800
-994.1670504504 222.3407200662 -151.8453209469
-1143.3804490949 1128.9795600245 -1344.3885488358
-923.0525761897 -1176.9443766674 235.0416897507
1862.6609571882 165.0677072383 -94.1121019721
1706.7742335113 766.6990020142 1705.3899484479
1301.2102820382 -11.7482803450 761.3332137562
873.8897395148 1716.0043938800 1280.4723964870
-635.9694410134 -1804.6698252795 1483.1135655030
798.4028225231 1915.9309934162 181.2443059225
-705.8511144112 -967.3806073394 1504.3093268687
-1329.4692301215 -868.4128853018 153.1943874330
1510.8701349806 -113.1968203976 -842.7103080718
651.7700708625 -1947.6880589248 -343.0264917379
-1175.8773401443 -1627.4538785355 311.6213324495
926.2788736437 1599.0875860046 219.4739023605
-1305.2994719446 -1019.4029593245 -1176.1052037536
656.5116194332 -1762.0451385094 -1469.7283097142
-968.2629113898 -1537.8302011721 -554.1741797302
1066.9363907280 1051.1726761117 -1126.1898298901
956.9446097810 1816.5943553380 187.6181309035
-1404.4231349752 481.0581556738 -254.7520069459
819.6731877743 -1990.3631780408 -779.2351473116
1646.0538801819 1669.3593620579 -716.1416757850
-77.3012401692 1552.2743377447 -52.5524264636
1701.6755597382 1827.5235050108 -1.2419494800
1135.9804166100 -112.9259689127 -1820.3998633395
-407.3152217268 -1150.5042284006 -132.3540995379
1953.0162243556 -680.2017451824 -1360.3672728080
-528.1125916295 1945.8411098022 1033.4260063654
982.2989835100 1181.3092668629 -313.7212169557
1387.4934955454 -226.9819363836 -1758.8490192993
-1198.2964601918 753.6889199451 268.2233009991
-1738.2623750129 -1626.5631410200 883.8788444046
-744.7401455083 306.2661162228 -1773.8886187534
618.3965056513 -1979.0041247650 379.6194671914
-1251.9542512849 -255.4239548946 570.6182917997
-1340.0369943648 1347.0908817620 691.5215918836
11.0946108132 1878.1457523866 251.3611958935
1361.2236008831 -1518.5993746127 -871.7415361840
-1353.3223320648 -1555.6992483944 -1414.1821397252
329.9108931677 -1442.1241725142 1910.0775804668
-999.8416947360 77.1814756132 1813.1856758375
-1462.6184909265 -371.5300034362 10.8683270852
477.5018934337 -1024.0684387463 -1554.4216438790
559.6689586955 507.2118302905 -343.2104637636
1842.9656561844 796.0222973633 -1555.6714804386
1162.9346040936 1049.4756366777 1919.2095421823
-663.2161902665 -1000.2487981750 -1930.7467968921
36.1812939813 -1989.5516871805 -1649.8123835782
644.1245670936 541.9991284596 1580.9897334425
-225.6950610359 732.8169493200 1866.4090272520
-1322.1070265141 -1457.6050328128 -1250.8683146662
862.4834433822 -1920.2069588689 1043.0383284016
1489.4947954225 -922.7401371608 -707.5035151088
-830.9254793599 -938.5788578619 -1450.3591987885
-1457.7320868117 -1365.7104383130 -628.8480245800
45.1556898816 -770.1535233137 -740.4532164956
-504.3058301875 -1741.1590645366 -753.3495014501
1174.5915427831 129.8634507609 -1287.5535470582
-912.0946781190 -1796.1461332490 -1600.5677004700
-1892.2952828754 949.8386648424 -1825.0928075632
-1081.4730461797 1101.6167021612 456.4769010140
848.0720653368 94.0468899678 190.8255782569
1494.2183111052 -985.8483208079 -1908.8118256321
-1316.4262639352 -514.2481413259 -473.5750799751
1555.2957719185 25.1267503553 -310.4282512572
1658.5544206345 707.1286394013 -1831.3964267422
1945.9073754252 -639.7092005719 -538.7280865394
-1896.7013026872 535.0843962574 198.2832466593
461.9493613877 -1750.5957873893 -48.9536717319
1315.0792151657 -1385.7104637298 -394.8195819475
-237.5109791268 1797.2418706508 -164.5943313038
-1204.4750797787 -748.5741187943 1694.5020159900
-1757.7096221321 156.8470718155 -1866.5668646919
-213.9550489298 64.4990398769 -557.0635152010
1109.9785496026 -5.7782977689 -651.6726319734
148.5046205402 110.2577619792 -51.4842647886
966.1168404384 1481.4782991769 -932.6290074062
-225.5310221222 1912.9540269546 -1587.1958086386
618.1032013661 927.0761484376 805.5060460193
1062.9907080155 1072.6043524125 1123.3812769399
-1685.0501781006 -1661.3912987158 936.0665424200
-71.3832952493 303.1273172488 240.8322765091
-330.3971501520 29.4933267545 268.3271710763
-42.1998309723 -1947.1486253387 -132.1432484600
1001.7944855319 -1778.7556617626 -1933.2397338570
-227.3095420605 -932.2219411039 482.6137442595
-869.3122752221 161.3759120652 -988.2183452148
831.1371924884 1238.3870078068 881.5001531217
937.4258874326 -1343.4968158392 -1343.7536330316
888.4690671242 -1050.6071688917 -848.5531699927
411.8485564538 -1136.9319004868 704.5688393530
1754.2802298676 870.2427106925 1578.4158009351
1200.9235452184 1991.3672628850 1999.3178197173
-1036.1963871979 -256.4496289230 -1089.2353734370
-789.0695595156 -933.9151095604 169.4824251559
1376.9658156031 1479.6416315725 947.1049399208
1824.3236419773 -178.8258374315 -411.3340608539
-693.1913258289 -1524.1349127325 1011.9094861064
1028.9513149760 1527.7575864020 -1820.5202323671
1421.5200327519 743.4055011449 269.5247330570
1494.5649496877 513.7329062130 1740.5424782070
935.9677733190 1753.5972296312 1244.7896793466
1426.2556486266 891.1767889261 -1084.0549626490
-83.6162694442 419.5281878338 -78.3476250293
-1406.4295452895 1315.3438597970 1218.5804463463
-214.3520464299 1998.8651743881 1294.1882321666
682.8159373649 -1372.5311679116 1464.3873699750
650.0761754699 -1672.1229541537 478.8030823199
-1069.4856630287 -1895.9412813258 648.7490763620
-882.7958357604 697.8836339576 518.5861889526
-111.4860550663 -1255.0104113672 1480.0526789509
1849.4602375012 -1309.7832572861 1219.6808610916
-1381.8064227307 -1311.4225546331 -1245.0685196858
358.3420470020 1678.5854341019 1246.0681747329
413.7900495430 1564.3688164267 -1851.3345902265
971.7950438742 -1190.1814038772 -1591.4503444603
14.4823861778 1987.8730157360 785.5754477820
-1938.9081423002 -190.7369003875 1577.0782665023
1316.9586537335 1516.1061488361 -1202.6962397703
1099.6955708247 1431.2894502778 1572.5208107843
-1936.3726891098 -948.2790483824 1554.1214305190
-1147.9484517389 745.9348911586 -605.9834683177
1341.9585500860 35.9548965812 -1982.3794512593
1891.1007542873 2.3371892350 1296.6642972754
-1818.0330271078 -892.9924503182 492.3519043282
-803.4394918305 -1951.5046909614 -1287.5676646932
1439.9275246910 443.7552257822 -1813.7035431154
-1641.2374356938 -1204.7429546455 480.7926352050
1071.0895221456 115.1582542918 -1996.3451558705
-298.5068797046 -403.1368362206 293.5537988451
1030.5639059449 -1679.9061834799 -693.7200841156
-370.2303940382 1949.6455293798 -123.7569809929
-1857.0460887908 120.7015908755 -1635.7823108765
1305.0691508571 -310.0804618496 -410.5368534702
-1774.1224003181 -356.6026558883 467.8796675128
-1045.4075906552 -603.3630411027 1912.6195345576
451.3682186146 505.9848409055 -1450.6118660500
-1340.1076881816 1120.2033341940 -155.8121120888
1661.8082471268 314.4775401571 947.7506283146
919.2374802793 1801.9542243690 1287.5680322681
-1173.5472540317 -1990.0170557564 680.8141477732
-655.6202706181 231.7727169538 1054.5783919481
1182.8460923900 -278.8447035598 1208.8075611627
-1668.2658008961 1803.9043845626 -1469.9036199043
1397.7583494928 -1115.2311264801 -1475.8659170086
-750.3764022743 -18.6413287074 -702.4457659015
-192.9512096216 192.5813043835 -1377.1997369067
-396.0804796747 238.1001276748 -474.4076436752
1173.6889641468 -354.9845997424 1325.0141601301
650.0364201495 35.1377547610 835.1100682773
-173.8924964537 -1945.1702955708 -1825.1129206825
685.4631992679 645.1460672493 -349.8883730318
1655.3497554718 -300.3543259689 321.2718349692
1450.9944706833 -370.2527684183 1321.3207274705
447.3759256868 956.0018070490 -335.5896684199
849.3787200233 825.1671565895 1961.4059548211
-1773.1705471120 -81.2324426767 1259.9898682429
-1385.9430929983 1179.9433881190 -730.5923938270
-1371.5871126219 199.2323763691 -474.1551727835
1243.9990617583 1086.5092230639 1943.9867168014
-1867.8619288830 -717.2388604785 887.6991208893
675.3617731471 -1116.4869069626 -32.4062770770
-1607.6819251561 -552.0624073054 -287.1328049584
-1190.6948265751 1070.9932668765 1130.4536134030
926.5362833680 -163.5319110416 569.2409932698
-919.0159731771 -679.3521089880 -1777.0421195879
1675.3091569836 -226.3785347244 12.5499464582
1550.8386444735 -37.2047188352 -1495.8753164749
868.9578398203 914.2805059974 -1105.3489079842
1102.1626120917 417.4129948594 1579.1273206432
-941.7998435846 -1809.2011621714 -680.5509105629
-1683.4670494609 -287.0746992285 -1013.0874409432
439.0802032679 1569.6848743416 -702.9561150854
45.0449967176 -1119.1075738200 -1105.0773728819
-1547.3642668527 1935.5712126241 -599.0845184874
-72.9015224083 1497.3821893949 898.4998520067
-256.8209446988 1835.6612872092 -9.3828268996
1662.3116475333 319.6961961636 301.7365059884
1173.3968604361 1411.4989084485 -711.2274876574
191.8809802796 1203.6899606997 -660.8162737313
-81.9148464931 -1981.9561016281 685.0787261586
-1757.6636826029 1433.0073895068 1583.2754916809
-1393.9898328526 -146.2814157424 -1130.5697553418
-111.2926123583 -1230.2769903144 -1030.6414139411
-296.6029871525 196.6189577702 -689.8015717108
1713.6164792673 1382.3597378702 -107.6171871953
-810.7570171946 969.0061873272 -1301.4247278322
-713.7590792298 1648.9974571723 1291.2835350327
595.0084444886 1126.9112733725 157.2876217203
1846.9335925896 -1438.0853284432 -293.2332105373
947.0918014247 714.0463411459 462.7862109709
-1230.7529101322 1136.8815740888 1216.0257713495
170.8710627538 1098.5023634487 -1454.7863403855
-1225.7827431860 -1676.8133333712 -1137.0959274488
515.0907153045 627.5229726983 -264.0507777345
-229.7335957439 -1511.2565045739 1764.1985460561
1847.0316414094 -238.3859760382 878.6568430846
-27.1703207508 1326.7757905691 -800.3345508324
-1272.8540258863 -1347.8413443055 1864.6215909577
-517.9156712489 -520.7169912205 -1739.6894191405
-660.2858302443 -510.8762012546 1280.1804452211
1009.4785408905 -1385.2323742263 -263.9172837905
448.8580526356 1696.6507733400 990.9790473746
1178.1810301041 -866.9786740438 -1263.3003260293
649.5853036694 -1735.4524691469 550.7043512403
-1278.1462200412 -1401.9819407456 -732.4270738680
-1363.0402186818 -820.0936723246 -131.7897642686
124.5747434101 -607.1106802498 -1514.5715262919
-193.5186702645 234.7432400461 298.9586178287
-478.3320556191 685.8885468365 1034.9793427168
1777.2382068688 365.1085898875 -1403.2962656828
745.8170904702 -1203.0053496133 1966.8961056395
-1662.3467411537 -568.0677543219 -1463.3911787226
-1693.2048099276 611.3917510240 -1555.4545494556
699.0159559727 -16.9464581242 616.2455693826
-1210.6367490819 378.3086288256 1766.2766715557
-1035.2741029173 1900.6205137386 -1428.0908633924
-77.0680185800 -1686.4960543141 1852.9856377819
1868.1410374439 1892.0614968242 -925.2165718670
1657.0280448872 1674.5305617050 980.8821869450
1698.0811178109 -1729.9427297489 1840.8948384337
-1413.2518707265 883.9354338349 -552.4241887268
1893.3306293581 -1371.1336958949 1657.0552945266
1806.7465884687 138.6896259520 1746.0813004692
486.5764276214 1202.5470254004 -787.9984789257
-275.1140630145 1898.4288520405 -1817.1330705151
-329.7200954819 1890.1096791383 -131.6698576195
431.8847325991 1664.2665176811 400.4746851871
-1372.5123136964 1789.8505823054 1381.0873183861
382.0664855094 1560.4830924924 1003.9091824003
1904.1092430918 -747.3892353222 -1360.3450781444
-283.0090800571 1915.2287255421 -1742.5861203195
-1698.6903488953 1446.7340633948 -1546.3235583844
-1354.2021639806 -1060.8966889327 -77.3066915383
120.2150075401 -1614.4666251059 151.6392144471
1488.6865824142 -1440.3830786200 -118.3774448840
1164.4339198151 -1079.9809458001 -806.7084570896
-1111.5283948542 1894.9054209173 -1261.4001050768
1126.8760929245 -460.4707407576 -580.7539275916
382.5787961678 1532.9173263343 -1668.8854646939
762.2339313358 1380.6195527671 482.5900389503
-19.8015622176 1593.6706802667 553.9814964843
1040.4496147739 -427.9045014632 1604.5084369644
-1221.8437437922 -474.7479476985 1178.6755090607
1212.5962226729 -157.0790443396 1723.7144153642
-1271.8319139164 1466.8577306813 1289.2892611661
-357.6196874719 -447.0027847832 -268.1371878493
1629.9694190287 1986.2426995938 -24.0519430416
1144.5530806556 548.3937283591 -418.5530354147
1232.3635884973 -1024.8718594195 -357.6273463377
1243.1949867628 -1318.1893764953 797.9906005133
-835.4226985771 -803.5972803518 393.3426333714
1210.6725982747 -1103.4431668693 -1939.5274102176
-426.5956647096 -929.9243116795 -371.5228236806
1624.2237094667 -792.2045470009 -1765.0737828274
1792.9579843891 1329.7316108268 -655.5240227166
97.4459932134 1779.1369372032 -464.0361960832
7.5681667044 441.1431745151 1857.3919892351
-418.3230654738 -726.6016832841 -109.7441406232
-397.5739521395 612.9668225670 -977.1096009192
1702.3316729459 -1137.1889360016 -1251.8457226092
685.5199077167 732.4507982142 1837.6494120081
-1210.6860025594 -844.2179767000 433.9466602528
-1044.1002896003 1167.5242466240 -1922.8228623125
-691.0698689013 653.4604892149 -1614.3800401266
-1175.8523059597 -920.4677835466 661.9660795401
-407.8258414684 368.0018765319 992.7131909606
1173.7925871418 -1851.9976639721 -1006.1192539015
580.2397161166 -247.3643908803 377.8428140378
-1202.7787051648 562.1629047191 -561.7935320674
-683.9995345583 155.4966586758 -778.5101706079
1329.4851045179 1728.8527408126 -1154.2131895785
-1057.6978379998 -1013.2648052493 149.9076951135
644.9341792546 1347.5299120719 -277.8048644192
1235.8315635547 1345.4083028426 -1249.1461615230
412.0370504841 -12.3136313299 -916.3316102866
-674.5879547732 -79.9109946781 -475.3933732592
-1905.8446072185 -823.7355270279 489.1586727920
1741.1761060148 136.1359256039 -1136.5308409219
790.9618737714 -626.1171235499 -1334.2121197378
-331.0246733451 -1513.4858360604 -1283.0997359960
-334.0844758152 540.9095181342 578.0120798536
1540.0319027413 1744.1936725111 -1308.1094369016
1205.7922324573 131.6170942600 -1023.9685636794
1740.2737416528 -728.0000940891 -914.7806475053
1373.9281905658 -473.5441225436 -1888.6573076239
-1724.1759274696 -1454.8689147565 273.4910688198
-491.6985554719 482.4768740140 -238.3982219685
653.0775328376 1338.2878060964 -1918.6803191587
1121.2229906189 -896.0967852667 802.6015427806
-1077.2059034514 933.6126435121 -837.5176327149
-913.3313696544 475.3631116430 618.1112831639
1648.6282493980 -1412.4536836010 1182.5637115278
-1465.6680609734 -616.3099515467 -1245.7331017578
-1243.8297851187 269.9075309263 316.9400693420
-426.6142785087 -1527.7292668980 -1679.2136785154
-678.5556573668 -1462.5097660223 -1325.9487615385
-1670.1701458490 -875.9416033102 148.7691541693
1146.7643389356 -1999.5480678251 1668.5426202789
-836.0175843160 -227.1562807688 652.6023932514
200.0353873976 1290.6739838969 989.5385021068
-1203.6173538747 -286.4719316458 -854.6357943536
-247.4648246996 -416.8982097513 -1097.3302080071
-579.6699011813 752.4067004581 -157.4575954681
-765.0890865373 1853.7796766078 795.5295533996
742.3307318510 -132.7393647039 -1483.4408656200
-616.7365339556 1744.1260739563 -402.4355160247
1379.6947790910 -1662.2547804231 1476.5012915663
-1488.9313539091 -700.8332555129 139.4399064673
-1260.9293252593 1316.0856904040 -1959.7450716853
212.5812090303 227.3897626426 1528.1328849195
-1186.4027103643 163.3377559400 1928.8819124149
-259.3571408309 386.5870255330 -1930.1351821045
1058.6933855770 1266.9500035540 -1926.4475904020
-1599.3253888119 1391.6734534439 -1433.9465814555
1892.6646433695 292.9629647493 -372.3192297394
102.2003087221 -632.6178058179 1484.0674154531
828.7913925544 1968.4189055509 -1979.9283908345
-493.6004056104 786.9771702826 -656.4968628760
1400.0990836393 -1994.9117595015 -870.9799469069
-1365.8545381813 1446.2079470256 -1493.6943525324
-1741.4893698157 -1153.6774876180 -1698.6917641909
963.0610553487 -247.9858827638 1738.4999214463
232.9132700635 1767.8310828172 1356.7378645739
-577.0810027425 1058.6676232474 1694.6082027649
1718.2254021807 -756.9357868462 -1732.0273444239
-1939.3967433861 708.5911312508 -874.0410554923
1836.6364454867 1063.3272711958 -1000.7589142188
1377.7489244690 -820.5760950154 1340.5778278086
56.6960967057 1533.6721817673 236.6003540594
759.4731624984 -40.7782891643 -801.3915894830
552.6280152582 -421.8375740567 -1320.2523422840
-1595.0609229499 523.7711944876 1946.0074006364
-1533.9059079351 -384.5075936505 738.7537734251
-1771.1939169036 -651.7065224112 1980.1449280734
1960.5024628388 -554.3670147689 -1619.3628251490
1443.6229647597 1431.7520585845 1364.2617497457
1679.3145094512 -1217.1100702015 -1136.6621194156
524.3002586267 -1506.9435382623 1493.5463730384
782.8577442062 1933.1877016360 1721.8116951298
448.6023503441 -755.7404669347 1814.1767644821
-1580.2785672122 400.4985036404 -1280.1971126667
705.6592801342 410.4428565864 -1912.8364086395
-271.6907300159 -1379.2439028693 -854.3192259569
-816.1374740717 240.0532142787 -1772.7314558284
290.8127101851 -814.6632223498 -1504.1165481636
886.0733654249 1340.4052576079 1346.3590295010
-1864.1815931836 -747.0707426731 353.9229377386
1941.7681998866 487.2612165481 -1248.4635471298
1600.8449920880 -1879.9141824773 -1636.3165738822
1113.4888237448 -43.3813143109 -1208.4203333796
251.8091302701 -1576.9622880724 -645.0568275232
380.3473330411 -1978.0181033725 -212.5353513085
360.2848667396 -1662.6734619397 -388.5874262272
-1593.8225189970 1322.1482738238 1712.4018143430
-673.5427370937 1614.9371225418 -385.9386550760
-318.5288905424 -1656.7584874514 217.6488930899
-953.4885434827 1552.8949522010 1509.6341694056
-1637.3184673052 404.4378071189 -250.8895181279
1623.8395942052 -831.7381277811 815.2759231047
1416.0711203439 -1792.0478444915 690.8080825694
1856.1846600457 -1130.0177107222 -835.9417153147
-1111.2264149393 728.7520346659 1652.9792510763
-1865.7442223597 1781.5289787911 -483.0057133232
1569.3878577570 -1900.8030619146 1423.8543289641
-886.1335452133 482.4782039155 1747.4124568861
-1977.5304575100 -1873.1224994466 -1793.1333090995
1804.6782204618 -269.0213416908 2.9919309353
-1158.4932780626 -1962.3473528160 -1684.9219268147
171.4365230134 -556.3579686792 233.5977086364
539.5344126519 434.3738865752 -673.8042701209
-431.4035760464 371.1524160938 1781.9516153430
-1914.8363782207 -1452.5356053611 -1624.1387277560
1473.0031812307 486.7129017296 1521.8569939291
1763.6271775067 -624.4848918348 -777.3371144300
1649.4833377641 -1946.6008822311 927.1182774617
1839.9970425924 1906.3400231051 223.0155604489
1866.5261502820 1884.0370339354 -1410.1455197147
1664.7278370299 1744.7991629751 -1155.1998898668
-1779.0087259784 1534.2516688341 370.2096691598
106.4744872864 1432.8979335132 472.6882690831
-292.5519060644 984.5527717364 -616.3715343609
-984.9862543781 -523.0488032665 98.1184846433
1507.3036116605 1945.8608751240 -1115.5517677148
468.9775653097 586.4877774528 1257.8777517242
1156.3440016962 422.3834203572 -1732.3459476846
-1357.3394042167 -1225.6759739685 1313.8706522055
-1338.6223384285 -342.3818624289 1324.6445275968
1328.3363400309 894.4397836435 1303.2203931829
-1836.9597490374 1828.7608319218 1697.2483354722
965.6155304973 1551.0810826661 1380.6205910445
-634.6726409369 1039.6516976930 -1.2963170937
-1818.8198543443 -758.2069563114 496.1425262032
1554.7299141790 412.7062921871 -387.7747293360
-1708.0124621026 -1783.3464257459 1314.6824098611
-61.1831178905 1614.4685776149 -767.2496936400
847.4265921761 350.3967025897 -75.5349271431
-1013.5381021251 1616.5868799182 -938.6614087894
1897.0311312196 -1833.0879370691 -506.6542536351
403.8270822970 1151.1904626095 -1626.6197159044
-1572.6636315937 -449.5118457535 860.6469522456
-424.4978075437 -697.9953092711 920.2290435440
-100.8510414790 -277.6781735501 1339.1719858810
-1768.2742815630 -1573.3703816330 838.1177417848
1709.3837563787 825.8317445321 1349.2284546252
-580.9060228101 1790.0825880067 -155.9200544277
1783.6402868268 777.1610900490 -135.5943361316
405.7495787446 201.8815166589 292.0846544408
340.5004745996 217.4964700419 1533.3781929779
-1040.5342657046 -189.3822334983 -1087.7013993556
-657.0564978555 1763.1796629170 -1529.7303981064
-1402.6332051872 1813.8234566192 -750.8995726400
1323.4272415055 667.7086212153 674.2012671573
940.8158405588 -1685.5104186382 -1676.6513869349
-1099.2684517456 1984.4482151566 -772.7399730039
1039.4961533108 -1082.9735301105 -1532.3277435413
449.7560394737 717.6164162564 865.1336165754
556.9760402248 -1216.6438648520 -1626.5286525675
1959.1232445730 502.1936491616 1292.7390465236
-271.8197923530 -323.7681473246 627.5027014267
-420.9575754060 -1956.4247170528 -1591.1145251302
-1299.8326905224 -1778.2853163634 -236.5120449461
-1474.9562655663 -1305.7449966506 -1101.3599772312
-1016.0108155294 229.1469538692 1708.0965207330
-993.2854556754 -347.9616713870 1465.9071110135
1378.1925504870 248.5438013972 366.4247871551
-1995.1122368268 747.1654304869 -463.9203545860
-1609.0253105937 -1195.1570258335 -404.6550371772
1453.0458838271 -713.6504364475 422.1879917472
-722.4726730277 1976.3375825778 -1900.5717384302
-1466.3887627207 -387.2365145475 513.2696161058
-1959.0270839125 1996.8948051100 -1931.1393139592
1001.6599860548 725.3376420093 1071.1420586050
994.2967318085 209.5101505271 1340.8159769509
-989.4048015203 -436.0734443768 -250.5712434270
-1338.4238065073 1732.0644817654 1474.1571800590
-1851.8385681953 1093.9510086277 -614.0295858623
1370.1662170832 -1787.7354077088 -1535.8378497655
1337.6145991922 1343.8390862655 1939.7343670200
-1219.0709123623 -1839.2521827695 -1768.7058661992
-1798.6477437435 935.8295064942 -1701.6637301607
-1779.7790675120 -54.5672130066 -77.9973446535
1239.5659204689 276.1019785867 972.8994107244
1323.0205079976 654.0832452708 387.0722918834
1734.9045235725 -95.9008594639 -1337.2312247493
-1004.1569660778 174.5972664874 -1657.9602634247
-287.9890573836 -231.6394700873 -1842.2892476497
-1837.2028836198 -1491.7014158941 882.2139638589
1919.7588684756 -428.6676795055 997.2414701209
-359.9218133499 -547.8853066634 -710.9776577913
1035.2035059518 -882.0146221368 -576.1080753192
-672.3570197270 -545.7284122283 1828.1723075356
1411.6044383630 1549.1475658546 -692.4094043899
-443.0072732750 -281.2884415655 1094.1836135930
1805.2979555915 1733.7463733600 1818.8949099300
1243.9324406993 -385.9652534119 -1414.3953502718
-1717.0660843366 -1025.3970553377 1418.8317958718
-1037.3022225139 -1328.4985266690 -744.3030807603
1708.8776760070 -740.4240871555 573.7732903612
-1225.2413267893 -444.8737940922 767.2584610638
516.8666857015 -206.9044377465 1588.6662519969
-1099.1678016473 1390.8188918783 -1200.9978788057
1909.8076369948 -707.2242870021 1259.5538856847
933.3082633179 504.8128842009 1909.6735360679
-1326.0244648248 -1969.4751212636 1001.2581326677
-539.5052957161 -1222.8863961355 242.0943545691
90.4166512153 -281.1858338390 -1907.1459671511
1251.5330134101 -331.7531652858 -135.5744236370
-929.9250184887 88.7897683165 1550.7204873197
-1970.5857696653 -877.6721937951 1658.6186939957
338.3505002400 -350.3659222098 -583.7231892091
-1120.1959207492 1023.3986973300 1827.7506664307
-521.3896956947 1790.6429447711 1104.3676985181
498.8647237744 -1782.5306319973 716.0928883754
1024.4629717136 -1986.3586240923 -344.0154336593
-389.4474573065 1972.7614670271 -1674.3738278862
-1714.5003130951 1959.9249812537 247.9923848979
-1867.5665815143 114.9262057153 907.0763686835
-600.5466694944 -1137.5749458097 -423.6984366828
1936.7366530293 -219.1143627426 346.1602433177
-1438.5544249388 52.4448804104 -1300.4231150937
-687.5065084890 1230.8848826750 1417.8323362921
831.4687659540 -1080.3222499835 -1911.5546469548
1065.0631141854 507.2568256387 -1770.0587234807
-1491.7976931293 -827.7784105571 1724.9269302686
886.5049510775 205.5352340101 1940.8710053064
1263.4706156051 446.1567612050 -958.3282319570
-1255.5757264669 646.9510565975 911.9281480497
-1327.1131675724 1970.1793849827 461.1378420545
-814.4496721621 1356.2676847253 723.9723707313
46.8754996053 1378.5062159977 1078.5303088842
-1173.4394252684 1289.8235829755 343.8517176642
-768.8437693182 1007.2383830826 -912.0480023256
-89.0280017411 1919.4547862023 1374.5799636599
1372.5514668146 917.9743783839 1823.6821586253
324.2167666255 -1800.9798393079 -1275.2062976298
592.0866708339 -1603.1206263099 -1882.8873290429
-1769.6163586732 -1396.1278027014 1830.4101101837
-958.5763622352 -263.6035600261 1809.0907320225
-632.9244692337 -1067.8813341548 -1281.0654121077
585.5311928335 -1256.4689636229 1131.4244953768
1505.2569404260 -1740.1374013609 1405.3646762188
-1901.5874817159 -475.9935975774 1561.2826378966
1669.4509101019 379.2404231943 173.4789398574
-1761.8970543832 -686.7686766999 -1088.6457205681
752.8764867465 978.7979849025 -1208.4598611318
-975.0154818253 -892.4945590221 -1445.3754755915
-824.4204721996 1085.2691665862 -1089.1804040126
-1676.4476531536 1122.3867544672 1901.7884574995
157.6857930381 1886.0027521102 959.1098578505
1783.7995987198 1575.9321736615 461.9665731342
-1624.3883879063 -1609.3616265125 -1249.9509381919
-1768.5715366463 34.7999665518 -903.8769599925
246.7717652655 1734.9046019899 -1382.9587327733
1994.7208623994 1657.7676191966 327.2811017672
-1961.3333934570 -1757.1891019494 -561.4848774737
1349.3724334999 -872.8747440193 -774.7349311470
-77.5235217656 1409.1057917435 408.1064181128
-1704.6857214728 -642.4912383329 432.0335850269
344.1865376886 982.2204497100 -1997.9769253971
923.6304340449 -87.8150464956 1344.6942347430
101.0244658195 106.2475892557 411.2246018672
51.5991050182 1753.2725549131 -1101.9576533967
1307.1121822698 -1843.4618492960 -119.7548071012
321.6006599388 -615.9953825777 -316.1948356329
650.0330418137 -240.9884376160 -1511.6818332039
290.9276116372 -1444.3219620131 13.4078707084
1727.5966556341 675.3988030429 1420.3238393885
541.0614042465 -1744.4076693794 287.2406813956
-1910.7785511570 1141.8704062276 -13.3618110765
73.7067586665 -498.6343423179 -105.9601416848
705.2539133675 -347.0341898934 1613.1085587650
1106.2630694849 -1099.7092803656 -1841.7049987883
-1567.1114359161 -949.5388722661 -1696.7578799979
1597.8679324767 1544.6345968464 249.5324215824
725.9934616234 1070.3812356404 327.7025471497
-359.4858303588 -1820.5515770055 -1402.4490526308
1858.1572800151 1249.8410144453 -1748.6903275380
183.5676505649 -91.0551279541 1852.6641999366
-1833.9218898017 -124.6616007689 1046.6097883059
508.1870863373 641.9134933161 324.7858711897
1060.5927116117 402.7012174139 -527.8936525307
-1451.4084282720 -1051.3975281729 -176.9661380626
-385.0049023646 583.2543172276 697.7803847277
-754.6748510123 849.4130060879 -1180.5217100306
-280.2694690547 -985.7149662595 -1577.9579758295
-1181.3319111508 -918.4989733102 720.0981115761
-1148.3176320079 1702.3230528940 112.4009817149
-843.3844527537 -524.7292538112 1813.8502489120
678.3953916189 -1390.8205169508 140.4496465621
1152.9083648538 1547.7054321991 1059.2347671888
1982.3554389020 -792.5600071421 1917.3609513358
1149.2436110764 -926.9509384469 -1332.5516405326
1509.2930801320 83.5218329651 -1319.7542629206
87.3173171889 1156.0113442448 -1132.2779309127
-242.8493971235 824.9111295716 1678.5985015487
-1914.2472817914 1446.8936206823 733.4648608744
1944.2646494769 -1793.6632023535 -96.8652173615
239.2418974283 -142.6807868090 1643.9272594084
-1589.5623716605 1136.0599087452 615.5535728488
721.2692509946 1117.5403722809 1185.4108969322
-575.7610669629 -881.0866989282 -1001.4214950291
-1812.4107753498 -1374.9452506581 -142.7998726861
200.6068880587 1505.2761224422 1013.0115423264
737.6311092227 1471.5551878871 -1398.5735088328
-105.0975644706 -48.1251866137 -1687.3804580639
1154.2745842099 -688.1054878541 1833.8486168544
-1177.5248712246 -1406.5230848729 -1951.5130998200
-1644.7362579303 858.4861444148 1016.1358740966
-185.5609154463 149.3005616062 1547.5204646359
-745.7231919162 1041.9874755718 374.8057256800
-127.8369644941 1987.7097981516 -673.9371849255
1778.5498691934 1468.8991916594 -214.4169639234
-1758.2560778216 -131.6853998046 645.8602726628
-155.2612759723 470.6698545615 144.0519630323
-640.5444580757 -604.8849452737 -1787.9181218212
1153.4019143218 1846.8069221953 -1370.8974584648
-140.3974985225 1975.6915993645 135.4501633536
-1121.6331430751 -19.7169297060 434.5193277345
205.0974241537 -1344.8383516690 683.0135980472
-434.3036551093 -1399.7085469727 1134.4944722756
375.1317468092 1830.0095174503 -1177.0123480259
-466.7903385174 -1620.4443515228 1337.8059571012
1164.4271798957 -1971.8807449986 -1547.5933015064
-1710.4424137395 720.4292308158 -523.3991776668
-1229.1264131087 -648.1988762017 -1310.4329710750
-49.5988121953 1774.4364801802 -91.0987542181
-787.1865734059 853.6601471904 1288.7170715696
-1402.7304016677 1088.2988023796 -1604.4560716434
-1181.3996176506 -1934.5087263908 -975.2471654560
-1739.9343573079 -124.7633929902 -1890.2031942885
483.8980925624 1898.6746154119 893.3549803213
-584.8060911774 1292.1925788719 -339.1117727573
819.4303688916 -1987.7436291355 908.2962179210
-1528.5634666127 -740.4130291277 1290.8453624779
-1339.0021206485 1816.5076797853 -911.8720910419
1055.1995950498 -927.7209798887 -1923.9274749655
-1099.2324364100 -951.7008016429 -503.8763438302
-993.9044303157 -1472.0572762779 -1939.2904811345
1963.0410653185 1471.5528392967 587.4523836856
-219.7480632994 1327.9865892989 63.8311327003
-930.0771023075 -1533.6305929809 -1422.6174585381
1294.6296700042 -297.9944532871 1032.5783052038
5.7360472561 1157.2120025226 1108.5557497936
-1682.1468283556 949.3830930326 1102.2592250116
-755.5083482964 -1099.2768643387 645.5808825782
1345.2816119183 -1318.7974152331 1629.7571750433
-1467.1986566887 -943.7951013728 234.3482058158
-1622.6176167207 -1006.5978660190 1463.3956271841
1009.0571462321 -1345.4993632386 42.3927045433
1448.6803378288 -1636.3953291984 92.2902086234
1799.5966673503 -1489.7900621906 -313.7503049033
-1401.0863226903 -840.8374999528 -1769.9781000531
-339.4182443452 1191.3069583462 1459.8746678857
1879.9011456392 962.3934603783 1864.5173807491
1040.5654547669 1186.0357593915 -675.0398200147
-31.3159702703 1817.9576464779 -1704.0493238838
491.9137370463 -691.9905468581 49.8863644405
292.0459526331 -970.3896272491 1150.3730239686
-210.8855593130 753.4579105179 -52.9527693141
-512.2648904145 113.6911096003 -780.6230522693
1650.1328687140 -696.1922160281 -46.1472877758
200.4978862953 143.6826697239 291.4308853047
-670.5146893649 1679.9191695433 -784.5996544351
-1349.8226670814 -582.2787142226 -204.7602078787
1232.2129131528 32.0324465150 -1719.9558776632
-635.1256578493 978.2608580320 338.9130610493
-1245.3678537511 1564.2316777312 1397.9772608546
51.0124063258 -905.4782329839 -433.1021758113
-1510.7479739583 -261.7280108500 -161.3929894664
1532.8953423534 1885.3387851481 -171.8390013738
1467.8216073333 -1777.8923622506 -1657.1670925797
-1127.4919571950 865.8215835438 579.2406251203
-279.4573906618 853.5114248689 806.5572906995
-31.4217548192 -1988.7589203365 1486.3329080183
653.0951932642 -943.6029605730 1887.6488885829
-167.3576986960 -1216.2980961479 1672.3829376000
-1556.7459655968 -1709.3695700540 1522.0736699247
-1528.2388663661 843.9427961024 -434.7622884871
1123.7587164045 762.7650475301 1444.5568506455
554.7691144906 -1147.1283662956 1547.5676062632
1464.8776138286 -18.1850180781 -1806.6461282868
636.1014550112 -965.9252054107 418.0974692414
250.1349200679 1396.8031113119 -1005.1775762974
329.1124833137 1525.7714059685 -1455.1569552350
599.1086855394 -1102.4763358854 -1876.7954911875
-1863.5253533240 -1826.8695844434 1704.6392363377
439.1970050890 428.0693679413 110.8478505658
-78.8138731561 -376.6151183489 -1757.8738070788
-1241.6976191797 1740.4376757176 -868.1798379595
405.8079841706 579.2114186337 98.3885444797
-1179.4668031296 -1754.6011088340 -1190.3934788057
1745.7118216292 -157.4841454491 1941.6157108316
-1078.6322408879 -1620.6398552693 -1685.6374770188
246.7632425959 -264.6661066231 -1394.9927237012
149.8349668885 -1368.5858160713 1153.9889080678
-944.0279352250 -152.6146011673 -1532.0684794277
-337.0898694399 415.4033337169 -1549.1817120881
-1350.5881677693 199.2250831443 -815.5178416906
86.8912005760 -1492.5040695184 712.3791593727
1894.7299690257 -1540.3368776242 136.4738302015
-723.0882068204 201.9952247198 -1624.1263557470
1291.1205969145 -181.3805271732 -1216.4442247890
1428.6529880181 -702.5846700400 -1658.7524038267
885.5926996119 1059.1975873947 -1542.0497263835
-111.7611534709 1862.7741296000 -1276.6617615624
781.1263422511 1930.4347610599 -17.4445325642
-1535.8711685488 -1130.6012212295 1819.6349380576
-1031.5304190115 1299.1913065555 -1229.9389139247
1531.5364910828 863.8275697608 145.8233477192
-221.6098416974 1601.5073378081 858.3020746867
-1300.0710021995 -21.3982884164 1990.8889071525
869.8026293784 -751.5722604262 -1786.6476841261
1178.7677421747 498.7643345448 527.6010493963
-691.7700120875 1638.3218825482 -1217.2647288120
925.6193697028 1612.0877667818 608.0213794195
-178.6060851491 1621.2071636122 310.1572081932
334.6311905162 -1793.4004595528 -222.9076409160
-390.2576463976 -1624.5192033284 -1820.3151858924
-1420.8296715619 -1446.5923810783 1680.5681071843
461.9656716151 1145.5108979313 -1201.8677564030
-1469.2547886506 -1117.1660909645 -1774.8649212426
1586.2887077671 -1157.7482933544 810.7662041950
1344.1365097057 -1187.4710454278 -302.2370940959
1701.2042975663 -1125.3876741033 552.1392902164
-1524.7993572254 -1226.3924658839 4.4152795499
-550.0557034899 -644.6271497224 1424.7619324513
1993.0985769989 54.6846652712 8.2425006113
-749.0115594115 1967.7423536954 1166.0998192127
-1421.1100990218 -1961.6503154901 470.8972281606
1494.1608650829 914.1270806372 1127.4490501412
-688.5465856549 -1088.5624876501 -796.6773832925
1944.2163451102 -1580.8533843203 647.1134018472
-339.3626576904 -1927.2472935213 1753.4546299315
39.2283088956 1731.4771227762 1058.5659683992
-1630.0547968335 364.2609348045 1298.5709240429
802.1826436828 1292.7355954195 -1773.7440878673
181.6528286152 -1737.3596397139 -1474.1334690261
-1051.1935994130 1525.9937579959 1682.7994261534
-895.3283406484 1655.1091026783 -1041.1057032493
865.8252055061 285.9391044608 -436.1930369783
1455.7668928250 1602.1747999221 662.1260774308
-101.2001059035 -62.7298836250 999.5067314792
-1436.0285173991 -1217.3581433543 -945.6562584326
-1078.9086358191 -440.8178287831 -1292.2354730769
114.5206240700 -887.6371079437 -221.2580995801
-1218.2893323731 -1116.9986064692 568.7614069867
-1604.9531018715 -946.6596317858 -462.5729797529
462.9731144452 -1519.1842684511 142.7696250672
-64.0024202508 -870.7213700108 628.5768197399
1307.0747109925 218.3686527074 -1364.0174475548
-678.2182754097 -486.8862995836 -1291.5758583711
865.5965630592 -1985.8957999567 961.6679327334
-15.7150753216 -608.5530222903 1722.4235372832
836.3471037233 -1898.8253318836 211.9766979328
1193.7395625046 885.3702182113 285.7253273474
-684.3285292277 -1304.1796001937 972.8508930532
-1413.0836884338 -1507.3860528930 -1833.7780673673
1062.3302178630 -1664.9144986978 903.4084860515
-1494.5052802034 -564.4676805562 -345.0804004290
-1844.7241916075 833.9369210040 606.4957595428
416.3385470734 1924.3985853848 205.2675878865
976.8445227760 1966.1021394957 1297.7900391073
939.7107629680 780.8263604514 -619.9362833693
1540.0119902939 1450.9051789893 -1003.1016535935
1975.0348514758 72.2208265178 679.2146388714
-664.4636123941 1464.7822531217 -928.9697416069
-44.9119504474 622.7406462867 1367.1596075436
1614.3749991362 -1682.1124604640 -952.7602545902
-1009.0593230693 854.6349231882 -818.3074883085
1520.1509439591 530.0131249852 -1128.6990592557
-1068.0085894761 -329.8837065058 870.6015242010
-1961.2910101309 916.0553885029 361.3571404329
-1835.4224838731 1655.4097270193 -1740.8225937302
850.3781921370 651.1869510454 1942.1589518810
355.8855878505 888.4058331488 1876.4576540908
1922.4148684746 1930.6903599903 -4.9842452668
-416.1640959804 -803.0810936124 857.5290902113
152.7545509944 1135.0436283557 -574.5372754264
918.7158668848 812.6605329254 -1229.3562619563
-144.8441974639 283.0082768169 1915.7921535368
1215.8074657597 1353.3551509368 1499.5879713048
-995.7981303717 -1695.7420647349 -1933.9945992617
949.1467029253 971.4439346192 1134.8166217672
-1452.1914328780 -1387.1166123575 1125.3891062536
-1212.1354923772 1510.5676153442 -323.7242617248
1476.3537280939 1810.1640576858 -705.5059955150
-922.9271741812 -1270.9562169758 -409.1407592810
-1595.7524280382 -125.4361450423 -27.3652156083
1517.0061058520 -489.6456936852 866.0877287589
1030.6657878423 -1413.4578968807 321.6289593487
-697.7633066348 601.0926185354 -1350.7445651799
810.0264766493 -1167.6098740931 -546.2543823997
1100.3301169280 -1048.0319979902 920.8172595402
1093.3406893550 1005.3930921681 -1905.2975649116
444.1999589792 403.1389613700 -1444.8363545354
-1381.9108027866 1369.1497875082 -634.1340550389
1913.9317907735 -471.6775042891 -1747.2728924727
1074.1816029366 -1744.0422226321 1172.1341737554
-675.3826780375 983.8907098612 1984.7721603366
-727.1108935021 -551.5619737254 -1219.8714124077
808.6989445166 1957.4006034284 1474.6203812872
-839.7075296239 -1671.7981586801 -1681.4413767086
551.5068676122 -1969.3827703032 -1804.4838527846
-1922.6551222759 -687.4466915780 -1492.7578049130
-1782.3859129018 -336.8077947904 1305.8565231740
1258.5519829149 -1095.9437494051 1015.7474592661
853.6540084714 -1890.5491984191 1558.9025420457
712.6816426942 -17.3926826095 821.5267277404
-1126.6091009546 -139.7648818751 770.4562837792
694.0267419280 -1982.2425486937 -1256.1578353264
1896.3692308915 1124.7880626267 -1206.7067757449
233.0491648319 1405.0839325791 1828.4737616124
709.6875700672 -1747.8702794801 -285.3517290758
1401.6044273133 774.4330940329 1904.0879037925
1210.0474379253 -994.1068055897 -803.3367508140
-1091.3296371015 532.7204983102 689.3135968901
1357.6531161358 -1580.1084525603 1969.6714820574
958.4161887656 -1940.6780056165 -615.7729264359
-1299.6532711100 -170.5473478430 68.3521873807
235.6931898047 -1932.9713806551 -1149.2412574821
570.6230139297 1070.3672968347 1089.5165669340
-1471.0970259440 -1956.4258918565 213.7463079059
1029.3246352886 224.0377628620 1240.5245695629
-1917.3041400105 1481.6673620516 -1243.2219944863
-1022.2065785379 -1767.6106134006 -1437.5816725696
1961.2057723263 -1076.2071342106 664.4846943829
1946.6175789642 1240.3972043540 -103.2203047057
-763.2380608328 590.9496571137 318.5267756089
938.8094247571 -1354.7830430466 -275.3394892958
1.1705620954 -1547.0111109478 1274.6642447822
-1959.0491767340 -1823.0508636505 -481.2222375659
942.8576488009 40.1164964343 355.9119361804
913.0350781296 -390.0997907475 745.9713833820
1410.0482224232 1723.0463911799 505.0543256041
509.7021414206 1821.7227468683 -1341.3749276843
1775.3473521435 843.0722828767 203.0120864925
-148.9602430181 -629.8498797022 -526.6557614696
312.3765309991 -1677.3081518908 -528.6530072315
-121.4682598057 375.5625683026 1279.9024268016
-425.2154581592 -1277.7696531218 1121.4032433630
1585.6888198129 -48.0182921264 767.1516171105
1289.7738352261 -1360.2570321013 1456.8474472078
1443.1793303383 -1940.2865379684 1697.8268962323
-1507.4250371462 1960.7552945625 1866.0215003326
-1182.1750160410 -1351.1751391001 981.4943739944
-413.0470970942 -1152.0490330409 135.9867900090
302.7158806216 -241.8135237799 -322.8293987736
-1969.3347079700 -588.3548095768 134.9605908911
71.1133260327 425.5413719830 1266.4401758437
-1462.3044042235 -1624.7392700633 -586.7298327327
-969.8826795605 450.5385870738 1558.0130854558
459.1415971466 1561.6907281535 1236.5446110153
-585.4007093971 -1155.1726873243 -616.5272272037
474.0891057765 1308.0476997573 -320.3871194958
834.4891980520 959.8028143328 -1255.8581531441
764.1091651635 -206.4975112635 -1322.1493496200
-1629.9919553380 -1291.1717071533 803.4744268400
1658.3011966018 -1881.4415402457 -426.6915501392
-1413.1161134195 -320.7090858113 1155.2028593100
-744.8831822501 126.9590189778 251.3941850490
-441.0959124223 1732.8048403761 1441.7891223748
609.7280869349 -1243.5167774139 1101.9328556567
970.7495755367 87.2222630882 1211.5561475598
-73.1746253985 1141.7019757620 1903.0046626499
424.9896076390 -679.0856507387 -1152.4269448073
20.0050900480 -1982.5842963462 1007.9258554825
1933.2557251486 1688.7860323243 1748.7134903868
1482.2335817357 -1166.7967435295 -298.2292593197
-968.8429103932 -935.3075089042 -1793.9704734164
1853.0602504482 155.4901019203 1118.3387582233
-1712.5329975930 -734.3120199202 1486.8778922477
-830.8327308037 337.6594413083 1452.1765367737
-1469.2296065289 1710.6028213580 -918.2083449328
1730.7175697582 965.0327869061 -140.7848648206
979.0877028134 996.1914494408 1538.2695208201
1731.6576234308 1201.2696475992 783.8337737822
899.7324334984 82.2765776256 1905.4810631507
83.5200919421 -30.9492332768 776.3266817005
-1331.7165611736 391.5407106477 -652.2862577294
-1271.0794601810 -316.7305851636 997.1659178690
-1618.5581210695 -1330.7675640826 -1377.8247348039
-1548.9799108079 -1739.9651162038 -1597.3403350943
210.4098646074 -752.9961233508 435.9930475865
-82.7174740345 596.3372195479 720.2811069750
-964.0272808301 1638.8885179628 1201.8261586279
955.3140308867 -1513.2208274950 -1472.5458204232
-1340.7647136973 1121.1108915521 -1990.1927799521
355.9513297088 -272.9725512400 -452.1018375239
412.5111374594 346.3967844338 1616.9766837004
-294.6493357282 -212.3017434129 723.7472765264
-140.1058303782 -715.6553026565 -1240.6468648252
-1019.8419013294 1854.9554221800 482.7379683798
-1271.3264565081 1430.2934161800 1301.7211806058
966.7915451589 -1721.1297817257 332.3037786709
-437.5281007344 1883.6156546315 -83.7675101160
1732.9796297460 -1085.4085103902 -1158.3911597080
377.4353751592 -806.5191991704 350.6184433337
572.2489039613 895.0033786426 -1072.0382837766
1776.1264776461 1384.0317158734 1026.8978820389
-1105.2261862071 -1576.0603631904 809.6707124153
621.3116485918 548.5168179309 -251.6980820432
835.7026881287 1716.6834960766 1864.1065517803
-98.2663465855 -431.9986632562 1449.2939946996
235.5297777981 -464.4198719348 -1264.8136450121
-404.8411775580 -267.0989662903 1389.9250520123
-432.7783676249 -1875.2873526288 -284.5901887331
-33.1380124833 728.1294622779 -1487.2030900320
-678.0574126489 1029.9489955547 -345.5975877361
-1605.7870061751 -859.4931153592 876.1477137941
597.6854121609 1927.4435132761 1503.5856480015
385.1269370802 414.4792232406 663.1907732483
-709.8905922992 1477.5646853335 1525.8415983690
642.0929746917 -588.4489978785 570.3431522183
652.8329146145 -580.7013779360 -202.9056384428
1683.2378471602 -1038.1049462872 -1449.7217131078
368.0729563147 -1641.2455672131 1607.4986265831
-1995.3175075349 801.8545176802 -440.4250307371
-242.4153124698 -1853.3774725544 -1048.1085988361
1489.9074107719 960.3165835536 600.2396967955
70.7861162915 497.7142380172 686.0585184448
242.4191413580 436.2851673101 1221.0268307921
-1146.8307228853 -1855.0334846322 598.2289195146
-670.4781503471 -1412.9863577831 -1632.0878443850
-821.9143992087 1790.1307293522 76.1994457721
724.0750220767 790.3991424819 -321.6344967430
549.9917889193 1537.2199603191 -566.1225243128
-306.0011868836 393.6595789327 -1631.3322192268
1296.4621681142 789.8331740521 764.2680694703
-186.6522315746 -1368.5462783043 1381.7963567204
-1250.5228096247 -980.8235710254 -846.3455399879
167.6286296393 -1649.7782858864 327.1798217699
1230.6473144005 -74.7993117763 1848.2322976309
259.4100170820 -1159.6963241143 -1321.5631499674
-473.4376505559 -1211.4851046310 -191.4435645783
905.2793384164 -431.9025400931 -1916.7921659947
1903.8603061445 -735.1744005553 829.4408021350
-1713.2796481952 40.7453139582 -1816.5310516707
-1823.5386582448 324.8599614723 -1678.0510643091
-1395.7770219288 548.3821871486 1052.1830405700
1035.6374095216 1412.0652140578 -1368.2502487893
212.6343759961 80.5047319365 -892.2517634378
594.0923718814 1826.3201156999 -1092.7398924594
-740.2055984357 774.4512038889 -99.0164898425
926.5170414864 -301.8085337406 1819.3524186929
1431.1590228602 -1576.9692843566 -80.4141492440
1855.3721886281 352.5018054191 1163.9563910681
-1984.5085325197 1565.3764958629 883.5701378902
-949.2391883371 -178.2785487759 223.3144369606
-938.3416248325 1659.3095901126 -867.5214454120
1635.8256576858 -1987.3649229025 -1050.8285870988
243.6316094104 -1762.6958816610 -1112.5157888981
-1762.3243991267 -624.3308865885 -1752.8009753952
1013.9295114590 1333.0701598011 -1185.2617518722
-576.6317770105 -164.7448063573 -863.1662507006
406.3358312353 1778.3270684422 -221.5604898524
-847.6681339195 -1346.4686518212 -1783.6993147401
351.9792567292 1423.5940187479 -533.7919599035
1529.5534526896 1263.6857586070 1590.0000437890
-1722.5590509484 482.4200647173 1032.5387187995
-258.6785826604 1199.4153164893 -1735.0087341158
-1963.5337372127 777.8918298804 -1022.4247265795
-1298.7289973079 1152.3281213600 1138.6300924496
1229.0729387055 297.7451074768 1.9568542132
1411.4804797032 -387.9367788233 90.7792778509
-1907.3926478173 -205.4366522254 1349.3869752585
1293.4325530703 -552.2999397321 1381.1764746733
-1185.9845554756 -730.2416473384 1080.9637068758
299.7817338740 -554.7961831548 1251.3835546136
491.4058589795 -351.7538336209 40.1027608949
747.6853733311 -1490.1022643153 -249.4482724118
1487.8489130185 -1910.9353451417 592.6235842402
-967.5402076129 -349.7174494243 1340.1375883933
679.7554267412 -1202.4761992339 1786.7223479926
-32.6905726671 1501.8271996176 -894.7338598251
475.5780359859 48.2208306961 -1974.0548807186
1627.7863390019 -555.8063938775 1703.5308159383
805.2470289766 -713.0661631486 -165.0673989881
-1856.4832983195 1242.7109861029 -1253.7551353515
-1576.6806071924 -1486.0089721388 -619.3215674654
1215.5541872176 323.6234868999 -1439.7527104323
1206.2011919115 1598.0111826949 -91.5893764402
-602.3202001100 -497.5387453000 370.9260820982
1234.4869887396 816.8320591790 1798.9804126235
909.0676976451 -1216.4311013771 -503.6789021480
-1590.6156913828 -594.7820160668 904.0434339129
-1139.8053898577 -648.8990274220 -1086.1646606968
395.7913568904 699.8375651248 -1008.4780033756
-1135.9715467735 -784.3886192852 -890.1016369941
-1356.1331916949 -1139.8958755233 1042.2055216163
869.8731942020 -346.3577387337 237.0203512468
24.0657774230 1306.1549947665 1185.7067985314
1245.8771378694 -667.6551439669 1561.5876995896
-1611.9253477221 -100.1538828339 -977.1442385481
-850.5250480657 -5.1802570322 977.8006191471
-1486.9356925427 1780.9258559943 -1797.4439847824
-1534.4775529808 -1119.5678768573 -1718.7124199397
1691.0487437951 -1799.1564422134 -20.8521956383
308.9093916284 -196.4902553757 1492.8232885128
267.8895473834 -1470.8533837542 1493.7832777200
1938.8862370234 -1132.7339301237 -1161.5934374417
1000.1050916628 102.2497740132 -1215.3171876460
1041.1247482940 1515.5874961352 -429.6996949740
-357.4924825724 1602.1021598747 -417.1469327662
-1332.1932752381 1041.0780583655 3.9061301060
-1924.9880019588 -786.4481845161 -438.7877034207
-324.1369621431 -613.4848891431 -489.6247844801
148.7536379560 586.7416314867 1857.1594456583
-907.2769592211 -687.7039325524 1311.1301815710
1459.9573822260 -1217.6763613598 -1056.0225944098
-959.2094261039 209.4888522956 172.8465864979
-300.4408668139 622.2004509824 1233.5666081658
1124.5966402675 989.6999161699 81.2083461864
1649.4422811514 -661.2398481861 1142.9033059875
-794.7568572440 597.2733634983 -1955.4826101256
99.1628565161 -1526.2241564374 674.5505964257
439.7297255854 1993.9155640307 -1601.0529602518
538.7657703339 -422.5447713365 -259.5474939379
-499.3028064289 -591.6093654728 740.4025118803
-461.4404339257 -1634.4036261473 -144.6265610202
-560.4689564951 413.8436497106 -1131.2858783372
1537.7318752051 1651.3448051124 -294.7254684663
1315.9606583464 562.3590614112 -1583.3565279398
-1326.8503746936 538.7241195358 1863.7012549388
178.8729548550 1178.8881580369 -1509.3307924456
615.5131294213 -1393.2154245664 1583.1593680654
-1064.6130273737 1849.7337521666 -984.5078608291
1615.8081802533 728.5988687633 -159.7489361453
-13.5404922433 139.1785854633 1141.5987292079
-1698.1471705539 -1157.7750212833 -918.6667223470
907.0311781918 -1465.4741418770 802.6830339262
1324.1396993465 -354.9425021123 -1035.2073784982
-1613.3564566320 -50.3690394437 -1977.3127621642
-1605.9243113744 -949.3760711113 -829.4177990662
-725.5702133132 1818.2040371902 -1325.7598495341
1430.9701744936 1348.0219994676 -537.1236847591
94.2468996988 -1555.9151591894 1479.6632630396
294.0760661461 -1494.7984531250 1810.1159821667
-1025.7569242565 527.6698441710 530.9974153417
-1863.7404636796 1189.9049426079 -596.7930885651
1341.9643760619 307.4399835574 -1455.6091837976
-766.2627773474 -163.4800221461 -57.5472043684
-1694.5735928091 -1085.9731045800 -391.7734031404
-412.9687784780 -819.8487707555 -1234.6244413491
515.5934254403 1385.4185576635 -15.1819021667
1037.7391146260 -1596.9921196244 -1716.1548789125
1295.1904926023 -102.0975125419 -550.6772774584
-579.7315409462 16.0952857032 -1887.8904174710
-1926.1390489769 -1572.2873887999 1260.4786355157
294.3008997923 156.0762900135 -1048.5049411371
1568.9293561466 901.1819402861 1486.9995765885
314.1340655894 -66.3730347511 362.9280164802
1495.9889514726 -1569.0469794455 -1783.1529637629
480.3422202965 -739.1735923434 -279.5070843241
395.8129515407 -885.6100518242 850.4151189268
-575.4304319230 -1579.9876092856 -843.3465978190
-819.8539870121 1648.5578946027 -925.0767459593
-696.9329938632 1993.0892287139 -360.4795957945
-429.5139329971 -1174.5463513535 1844.9764970017
1330.2055357309 1621.0572965608 434.4338378930
-674.6904423628 992.9945815329 -241.3220021955
865.2353758818 -521.7850226620 1493.4911173198
-1085.8952413210 -1622.0883382055 449.4932220387
-803.3531207597 644.8816274235 -944.2976971989
-1537.3859798070 -71.7516211663 1924.8776781909
-1794.1922134172 -724.1024195163 474.6372583941
-1376.5977004939 1700.4138081995 1127.5567206935
1287.3039222735 -1715.3304596055 -1720.0497112987
-1008.5338042360 -1366.7751423379 298.5136860238
622.8485067585 -1358.6918946631 1924.3097501829
1147.7255091895 -632.0563553805 -766.5919455032
1494.9138861359 1365.5467484632 250.9457175852
-811.2318171292 436.2988884804 -899.7909929619
-651.4614226689 1204.1027653498 -8.3043635336
537.4666229727 -1013.2805360524 -757.5426250769
-346.4461196472 809.8002827687 -1602.3481972466
616.9408491002 816.2812927285 1234.1692271539
1328.4693753806 1769.0381417434 64.0826430629
-81.6416430791 -122.8389966002 591.9368155851
-810.6101973557 208.6219717648 -708.5925863894
78.3558354467 563.9431026721 135.3157314710
39.9087424597 323.0961883656 -781.7786378877
-1643.2520083277 1776.9972934245 -72.5366436566
607.1778904055 -352.3654625445 1377.1673004514
1877.8345220730 -388.7792061665 280.1658122785
1440.3504403094 -743.9009772082 -244.4402960694
-609.5051120778 690.7930028300 318.7986731227
1633.4915993604 315.0006788370 681.2963075198
1812.4909351381 -1340.4052447376 -403.4165995637
-116.3728717172 -1870.0650834513 -1935.8142368265
-1879.6057461578 -1707.6706920486 366.7099282502
-295.0941501360 802.2535507883 726.3121870497
643.0569983998 322.9038180051 -1003.1523371340
507.8792464514 -1987.0636222095 -1517.0869767571
534.3923522707 1925.7040156962 1108.2636521777
-487.4433831494 1782.3628757889 196.1220882522
-952.0015038526 -86.1394718863 -1008.5049081988
1990.5371719670 268.0328264988 -756.2813700678
-718.7211000547 210.5279015013 556.3443158400
1201.7838966870 829.4765082415 -1755.8505803107
1013.3398310316 -982.5096117036 -271.0074199143
-1199.4373434657 1818.1575635201 -1713.6317232269
-1640.3351198114 292.8707026516 32.3233081020
-704.4401284233 1589.7202216450 231.5103721153
-450.6365338416 -1266.3752178655 -697.5014108820
1092.6846508420 451.4009544020 1543.3905233828
167.3378738371 -1832.1598282274 -1051.3088239717
-1471.5179830661 -1806.8515872320 1422.6730513147
-1934.0729693864 -1980.2393375947 1554.5842473484
-779.3535491475 -301.3421575548 -1691.2799176634
1004.1343344067 1242.0534847934 1459.3832835033
-781.2134600845 1423.8057820899 1514.3890715789
153.9153824837 -1546.5437407730 1082.6672226266
-1862.0252356029 1670.2030603822 1105.1679096177
-1824.5740405233 -1864.2472955465 -329.2615674842
-1444.9669335885 -1487.6239465495 -960.3149249057
1576.4743165566 53.3605381622 -1238.1160682588
665.2955897235 405.1607070207 276.5941843337
-1461.6268200320 902.9071867067 -1697.7468810049
1892.7348206055 1249.2308818229 1922.4633336952
-1674.1738934842 256.5901418084 1023.3363698686
-611.2155828532 -1544.4656951349 1036.1414606705
-750.0276465513 1107.5837267314 669.4520016532
1577.2760550946 1755.4630819270 916.6363067743
123.5638124286 -816.1862363221 -1691.7503180781
730.5818150939 1319.1011254661 1205.5274650373
1616.9376577810 313.3075013024 -348.7476651480
-1094.4245786590 364.0561681599 1181.2266701588
1547.0841163518 -724.1051435983 440.4348809251
-1748.9521992049 -1609.9666951382 -729.3498756513
-1742.9244976613 284.4205590620 583.0777957029
-39.9299963371 1452.1044308153 957.1863126846
1917.3454901146 1750.6355494337 -1883.2167924836
-942.9113531330 102.3901093238 -1319.4387445378
580.3665727767 1408.5794012386 1259.1255076513
276.9190264447 -877.5056369287 1860.6242651608
2.4270329516 1114.6503741990 -286.2997676379
-921.8764654494 115.6222208769 -61.4204614909
358.8716735687 -855.1153529896 -487.8527611783
1904.3524095815 977.2021927365 -857.8788297996
1598.4380222253 1354.6395513598 -1003.8156757393
822.0100389641 921.5741758838 1087.3396977750
1688.4619805358 1485.9911452717 -251.9016455212
330.6478364283 943.3294655987 -534.5852534463
114.3239897485 270.1386116755 1242.2791413860
551.9252264336 1527.2701931851 1093.8178906284
84.1773206137 -22.0335390796 98.0898996805
1559.9444377207 256.2012824875 -1807.6030428840
1124.2680017211 1099.5544419904 -1696.6839840051
-606.1523070718 -605.6581311424 890.9906109513
-630.5242198571 1366.1319038801 518.5078799295
999.3838904382 1830.0161765703 -1204.4185492641
1419.2806532561 538.1132384226 -1448.7686499605
33.0567783275 -592.1599361943 -76.5753263940
-1306.4040136389 -1594.2247471601 1493.3918906665
-868.3850682195 -1182.4503113113 -1677.0275340815
-45.6989005669 -1560.5117891614 1611.9239256594
-1197.8160173783 -1179.0810730852 1917.6059567177
1032.6408195467 -1540.8733398326 -230.9049627527
-1017.6729253947 -698.4701769925 -445.5091330819
415.0194954379 -1649.5916883013 -879.0831795878
-953.0244348181 989.4163803025 -332.7469675961
-590.9942802311 -1328.9565848992 1397.1046852951
-294.7689314184 -1089.4291430387 897.0282538944
835.7685749578 -857.8937244128 1997.0131076891
336.3630200680 461.3138740962 -103.8046177326
410.2261917540 731.5554972483 -94.1129516502
-946.0850842520 22.0121465508 -423.5975645700
-1679.4585289857 1864.3500212287 -173.2687720372
854.2173909894 -1212.3120168454 804.9674617353
-237.4755529681 1611.7766878150 -1950.9735311037
751.7239954406 674.7949084010 -538.1156670319
280.8749477999 -1681.4026975638 1603.1935268405
-1416.6859402880 885.9960135048 -628.3701013911
-973.8641376245 -1440.1832793133 -390.3287581090
172.1986992923 477.0461112729 -1969.2814009261
697.9755480515 894.6536608492 406.9685493366
-495.5146943095 1595.3142523472 455.4910928123
-1256.4542225902 -1520.4643085538 -946.6645126352
1605.3732819155 -1833.2360741209 -1697.1498821889
-257.1451606016 492.3196520127 -1531.0718457005
560.6639268330 -11.2216943040 28.9892526076
57.8702602314 -638.4777690609 1730.9367046553
-1747.8457491389 -1640.9667893029 380.2763160508
-181.0674196679 -885.9808998682 1862.5887188367
1098.2968351635 -648.6271266435 -671.7340955230
1054.8821743783 -1177.7261512380 206.0293986095
-544.1887644200 361.4991359008 1495.2291356015
730.5221529844 840.9111758182 -1873.3149400316
-1030.2544148455 1278.0634762671 -1992.1261437287
511.6608581036 1284.8262997883 1072.4125502780
-1443.5030609565 1972.9034845137 -613.2759752871
1800.2305079557 1764.1987208322 -1456.9935582863
-467.1567185569 -1102.3601107040 -830.6148135954
-1934.3811419545 -744.0317531467 -1278.3480822856
-1102.5840052319 -665.4655084600 1334.8350996513
-888.3845425149 1282.5772787885 -433.5150238309
878.5359641780 -1472.7886037579 -1606.9782882070
-1548.0453806533 -1021.4854043159 579.7288685710
-769.4011815633 -1591.6047138993 -1322.6621061854
1216.8351936466 -1010.2046098626 -439.7795029179
1607.3698118567 -1217.1853449818 -1439.4849405697
1054.2835842868 1046.9806694287 -1195.9872591664
-495.0277366736 -270.0678231767 920.9996302715
-1904.3130508543 1595.9858258594 1312.8833623282
293.9157781993 -25.4309313385 -1102.7527948051
-1486.2592937351 -1282.9515136516 1882.0486891281
1037.3364393488 -757.4315437007 -887.3987083702
370.5093548459 -1346.3661536226 -1313.0667754851
-553.0739027748 807.4776635224 -1500.3880047478
-825.0392216704 1249.2771940692 -90.6950197685
1212.2128330174 -1423.5943621992 656.5745229552
1796.6415010242 266.6339831448 716.9127139698
-316.7804240172 -146.5532041005 -1880.1649273062
1523.0613822127 -1177.7550620189 -1362.7450276573
497.7674000660 -296.6159017632 1650.2262966468
1217.5963208701 1099.4055527099 505.6891234339
1455.8676078799 1801.0496038873 -1944.2932671219
-390.2371104019 1522.9506960170 1817.8335046289
-232.6967056164 1646.6850021376 -1160.4351396835
129.1008824733 792.3512668794 758.3101887099
-479.1328943551 -1141.7264598447 -1126.5432892019
-38.1990181100 -1933.3826790449 -321.5372384978
-1113.3332240387 -987.0999385048 1001.2003888851
149.9952706688 -667.2153154841 -1597.1785648235
-1102.9839731698 -1264.5736548083 -1168.6428746973
1645.6134338944 -1981.1252539112 1110.4496004566
1664.3575040101 1016.6130552754 -1686.7154868093
-620.2498416261 -1337.8251310271 1795.1729980978
-977.3888508284 1866.9809518884 1827.6597478032
-528.7901913860 1167.3058690619 -609.9474409759
-293.9023644663 -1778.5674787769 -1661.1328840887
-1701.4191600552 195.2226075021 1818.7046384965
-1102.6093168153 916.2656490393 -1834.5657179878
1353.5307326946 -1402.4665198226 -931.7976691018
-68.2307247706 455.0235710623 645.8089743421
603.9705976002 -973.4534732645 96.2909081878
1104.5904753228 -1539.6644002033 -1867.5815182869
-1416.0726140318 -1425.5977237481 772.8120080703
-869.9686911297 -630.8411943817 -40.5044156086
-1532.7662143132 1682.2333202878 -1685.5181805164
396.8889433683 -344.1174675566 -1014.6601103134
154.4066658529 1746.9182631370 -1862.7857048710
233.7800892026 -616.1711587266 206.2929702112
329.9181878202 986.2180004498 -78.8419731259
122.5463842387 1087.2880142550 592.9248925495
-1157.0438004767 1288.6888638868 -890.9871258662
1963.8396583073 -1131.3446164215 668.2575749592
1584.8592781047 239.3579672492 792.5458225829
-28.3708620072 255.4004584183 -628.6632451762
-1112.0240824801 -174.0857106596 1722.4822029191
1160.3446332765 1084.7663856178 -1888.2128109581
-438.0283865075 -120.0616025574 1590.1714401580
-1757.5253949584 307.8889842005 966.4606318959
1302.0531480541 650.1484950568 1131.6421555444
-349.1704997744 460.5032424052 -401.2657535228
-405.1572587555 -1616.7999582852 -1256.4770478328
-855.3987307746 -62.7589808194 1659.4328362582
1868.8041952761 1572.0765541749 1730.3502909397
-1383.8898813563 448.2807604937 -1782.1260352298
-1299.4258340073 -784.3076330193 -1840.4603859964
471.4828457871 -1502.9777191605 -1404.1145693376
-141.6990930338 -1136.3116042133 1026.8031484967
-598.2684097864 -1782.0978849386 927.9729259887
-556.8617270818 297.1396774665 -1584.7398982266
-1811.5636003051 1983.0226929563 334.4524236985
-195.3028399848 1554.4398643539 -942.0491396031
-53.1935735816 -1879.2429642473 1355.2295540049
534.4054576485 670.0249981935 976.2051105437
642.2750648434 1818.6683474919 -789.2180543813
539.7552512427 -330.0318238438 -1678.6663811868
-978.9776301696 1834.7532069441 -415.1325410545
-1159.8052340599 669.9330656222 -1907.4456645141
431.6943814208 544.1891139269 1873.7534304698
-1025.0655712314 -577.3895104452 1461.8121982634
-1463.2473196512 -1175.6200159886 886.1649799179
-1215.1677829747 687.7251288050 1411.9874631548
-787.2808615673 -1073.0420111806 -1457.4369190848
1454.5707097933 1103.3391324293 -528.7865374204
330.2662533467 -1789.4063796652 119.1197201147
254.1885659303 -730.1142675344 78.6485776990
187.0572195213 357.6803047113 875.3037909612
-267.6661528794 -522.0161044449 235.1444704785
190.8981524012 -467.6287446333 -846.5310858881
-74.1970885385 1539.9457656270 692.3953470471
-920.6909106054 -1442.4709778799 -85.2023192165
1356.5521187258 1141.3851292376 -1102.3935654880
-1930.8270789902 -1625.4896101391 -1858.6033109506
281.5333045597 226.7702299566 -287.9359352579
-926.1198111090 -301.2603431353 166.5290353650
1303.3162347075 -232.0173380007 118.9233861788
1865.5178719960 1750.6664315867 1978.1259752474
-960.5046741809 -224.8465272426 -874.1973536721
-1739.9793546025 1932.9384919963 -66.4389090321
181.6096030865 1420.0216824313 -584.2780954419
-916.4831580707 1460.2680627212 1279.5431683916
-256.7295889736 1748.8080776286 -1596.2390653283
-1121.4702527440 -1039.7451590048 381.2836967817
-636.3918620183 -1325.9611471389 -1575.4737887468
-1529.5809999914 352.3164718934 -977.4708369259
468.3467199898 212.5980155620 613.3598922443
-1841.9333589100 633.0024308766 -1649.0147435629
1004.2391841077 1841.6688115500 1004.0822163858
1754.3609487711 -312.8649317914 -961.4820620137
-224.3972825563 -1052.1346087506 -19.6489200774
-898.7335590631 -211.1625824653 -1650.7250564165
1134.6566436383 -1520.7011264038 -1946.5042932538
-100.0714729591 -1145.8435687699 -115.0138052095
-159.8763354388 1859.1007361440 826.6554856253
1818.7205985384 1974.3135181761 -1388.2642928678
-1259.4066087013 -887.6585874395 1033.1096266560
-839.3328350467 -1981.6258327957 -213.5948902628
-130.4766232869 1006.2041228621 1190.3682962275
732.0230995436 994.6757778777 1839.3416894647
478.4554493745 151.4340195042 -1274.9259779906
-330.2629442978 -1640.9946645597 1672.5234697784
-861.1216412282 -441.5450053032 1766.7313743482
-668.1455900083 -792.3422513592 688.0581580932
-965.3571473732 -1890.7066273335 -73.1461951159
-725.9456271989 1455.4933229491 518.8473357892
-1623.7428862390 1958.2660586759 333.8092059440
-232.3206308196 -83.3976566541 1005.8007395842
-1103.3863493679 -1409.5883968212 1214.0770040312
1483.9801708983 -1864.7557011231 296.1231336417
-756.6193173003 -1076.2106243778 1206.1057338862
-19.3629548518 -1769.6366659827 1823.5951439398
1299.6006170756 98.5061847805 1326.5369852847
-256.0943418195 -901.2763861135 242.8700158658
1757.8271193270 1386.1461936862 325.2800474136
755.8073286261 -185.5455793201 -782.3179754667
1029.7654566077 1069.0633885175 250.9652082427
1111.1456402856 1578.4940513087 -465.6117431063
97.2759918153 -1395.5301118724 1628.1978674117
-1388.4693747111 -983.9598570045 -857.6266309358
1534.6331945559 986.9434391158 1724.9030372622
-1948.4120453131 -597.7379809782 645.1881231322
22.4764213842 107.4392925830 678.3177894833
437.5026219462 -1177.1599719652 -1065.2098929161
638.3443055519 -1673.7748748342 404.5195698907
-1597.7123276837 1379.9651240336 265.4681948118
-1855.4438577038 -638.2080208141 -280.6810460707
1352.8068960112 -825.6333319103 1389.0180282944
455.2252255001 -1579.4669187786 -1382.3455412186
131.6758839871 128.5752367375 1239.1535524826
-979.0426108455 -1438.1559037498 -1080.3930369175
1700.4292061976 1348.8724359724 -897.9588904115
566.3984590014 -1004.2492843018 491.3892869451
-1399.1924080089 1163.8317090703 -517.2457322813
1280.5268278799 353.4717949758 107.4549970349
-526.3179099813 75.1489152228 -1354.4194135931
1569.3753331677 -231.9730171080 173.9696675844
1059.9609777717 249.3844196183 -1877.5546692374
-1531.0217252383 -270.3344651314 1717.2054326555
-172.0003108183 -1440.3358750040 1249.2366621863
572.9111450797 -1103.4472418166 -743.1208335118
1838.2465304963 -1759.3310540701 1497.6286908020
1275.8757269420 -1787.2107358765 1445.1777373665
278.2785263720 718.2781948642 -336.1630305154
-896.2448281996 1580.6600270484 -691.8951832626
464.0389098861 -1081.4329030528 -299.8744388888
73.7570326310 -450.0207501153 425.8364553842
-334.8022524004 -852.1824907512 1730.1341813296
1544.6013853790 690.6979572699 161.1431031575
-1373.3976073409 331.2163220047 215.7058969377
959.1575766109 -726.6161048007 1226.5142120090
650.4019047618 -685.2647546738 -1586.2858689937
403.8909127900 295.4434203766 1091.5816731212
59.3980855742 -1512.8316095554 -1733.4454756446
-1283.1677406095 1281.1163338576 66.7867726158
-52.7127728872 1908.5148855136 1669.8854557134
1400.1272958467 -1535.8342980036 1735.5559215159
-1682.1427818071 -211.4384556425 -213.7946419454
1286.4819992079 -1608.6434187784 -1010.5476664441
-809.1822009902 184.8560762986 423.4918702717
-1654.1525980274 451.0966444761 -719.8940285954
1867.6129680556 -1673.7370911453 308.8074008146
67.5538219848 141.5405766481 -1479.3375516919
-1708.9245752916 1349.6886869454 -1166.3148017484
-74.5823006763 1227.6292021547 1625.1311134797
-186.1420764907 -1659.0738745841 1630.1228768770
-348.6539906495 -1867.1005020190 1769.6422228225
-1120.0082906246 990.4786632983 -1771.9053161798
1101.6044179732 -410.3012789543 -731.6776325737
-795.5275191261 1652.7857621652 -1205.5727251115
991.5672770347 -138.4643768166 1789.0162829908
-511.4907072820 -436.5678849176 1481.6320050901
3.4987439704 635.3346588103 -528.1769749605
-1218.3177197189 1790.6604526990 93.4672773689
-264.4296716074 1853.5043751653 -751.5322451944
-1452.5310690885 602.8586133145 -1760.0743897711
-74.9215239881 -655.6582683094 -194.6145337065
-1276.6473712435 -1556.1693651597 -303.3031208733
-1656.2860245041 -1361.4108767682 -595.4243070437
-1137.5345292546 30.8364835430 1603.0975073622
731.7856827968 923.7214425091 -1572.6112319745
1003.3228575210 -1764.6734907387 -67.7038693970
779.1393992592 -1624.9450465142 1387.2707091335
-1261.3723587582 1513.4340882028 1369.9159781092
241.5976480638 1045.5441224191 1790.4173813838
-322.8598509704 -1114.6781381344 -144.5317611120
-193.5174454661 1977.0758275401 12.4511488578
-847.2510268783 -885.4439912012 1840.7222237677
396.0007947326 -761.0479367840 1618.2869461226
926.3839431525 197.5141797789 1950.9325647388
107.8746295285 -1673.3979554588 -1067.2378332845
-856.7859436715 -1618.2527726545 178.9436420145
1632.8213627597 -1001.1155724039 -1860.7182903977
-1693.1058562535 -1247.3578814286 -1474.7274508757
-622.9395272181 1035.0648334960 1083.0659972958
-18.7104601334 1490.8764004265 -198.0856534849
-94.7371077735 1655.2989179170 1507.0989996939
1963.2436247609 510.2832694119 -1223.2461254288
1721.6012772460 -1860.8746051395 -534.9233760081
1685.9345267762 590.9566511390 -1166.6993154973
-1453.6561565997 373.3808251887 1380.0517684807
1519.7792655985 -1740.4378822826 1164.4313329311
1155.1801941823 -836.9013613746 -910.4123491535
1376.4415313405 513.3281321248 -1624.9570122303
-1666.9895282479 319.9217211539 1945.6203269752
116.6941519463 531.6982993972 -1603.6522289833
1636.8314995983 319.9667511184 -255.4907057997
-512.3342071866 -1608.1797376943 1531.3847771041
-1729.3182961339 -1209.7184413606 930.1023659199
1794.8092911661 -925.7573619598 -994.1852721755
-1162.4584483983 1044.2088239716 545.2597618368
1912.3003116910 1233.4991250651 128.4761848509
612.8465389869 -149.7694422556 204.9057227026
1655.1169155357 1200.8569703776 -238.4711594732
1651.3534507197 -20.4005351536 1483.4899126290
-499.5321404564 25.1954833207 -386.7671306140
-1232.8024128446 -179.5624345056 642.8701436403
-1348.7843269509 -752.6299641691 308.6623402047
-1580.7614789728 320.9974349260 -1018.6428063373
-1009.2690879468 131.1538724157 1298.5962519619
965.9586967011 1967.2638482243 923.8667610964
290.3566123540 308.0156137480 -1874.9576442981
-407.7753165450 903.3935202083 -250.8509376916
1333.5929470267 -1339.0549783530 -877.3142325548
1399.4899029818 1954.2395991583 -1680.2277491132
674.6703892395 1024.9213430635 -1780.9133228724
763.6297249437 -428.5153988779 -179.6122425015
-1222.9451748260 -1410.1056335442 224.1562679865
83.1268778054 -418.3900105466 1542.4180425566
-579.6807374493 -1837.5941978772 -1358.0169276148
-1399.2880697422 -446.3079993370 -1147.0869938394
1352.8907972824 533.2983836003 -1941.7103294284
521.0160980768 -1595.6958252462 -922.2511921175
-1180.1847336499 -181.3554707715 -666.5469963344
-305.3537461597 -1259.8611701386 -30.1553688820
1627.8841093687 -1207.0647297198 -466.7091466502
1310.3716873278 266.0760755458 1933.2718061880
-285.8990947172 -43.4346458596 -1390.8405467230
-104.4841799823 523.5841174480 348.2797125285
-29.3775961382 1885.9204376218 -1975.4820709695
-973.9875867015 -746.7278185383 846.4130819124
-1917.7451324090 1210.9884365340 -1187.2283081461
-1363.1424867581 1596.7564211448 618.5597293904
-1917.9763592001 474.5044278798 -1186.4942879709
-490.2200235560 -859.3017515750 -1073.1430488321
191.9312591651 -1740.8899259353 211.6417828469
-120.6631260118 47.2554002666 -996.9752604590
1880.6080840511 -459.6291975451 1260.9963519127
-336.3251464315 -1985.4168487710 -1682.0473280608
-872.9765727257 277.7634474908 630.9421059140
1231.4370661235 -1254.1644744538 -70.3627400502
949.0567093459 -1391.1897041399 -1470.9240387928
-744.9327635491 -153.1898831058 -1461.9357064491
823.6336598941 1198.4989539226 470.4782663394
654.0483941190 -1389.2835232920 440.1188159768
841.7472223453 -181.3101940893 906.6950074785
-317.3964512430 173.6839311168 1765.5810407665
-494.7341198069 -1293.5636805040 -1678.3127530628
1230.6735516672 -583.0629630627 -589.4677508060
-245.5728129541 -830.6310761744 -1404.9411501362
404.4700852510 1408.8872560553 259.4853262697
752.9559397799 1969.2592994681 198.9258419334
444.6904384528 -1246.3333581097 -153.4911166119
493.7903625941 -584.0084848714 -1767.3958996159
686.9599762540 -1056.5942185517 -1087.2231410979
275.7352445340 1414.6003868535 1288.4879932747
951.4570052832 -1547.7909442246 346.7975550298
1084.9071230365 1426.5874203575 -1121.4255431544
-1627.0311287366 -347.4920173028 -1494.3918125131
-1077.7175832125 -377.9817054906 -1948.6615599049
-708.7352239107 1451.5161533375 -1889.2067003644
279.6367296629 -1355.8935275435 1662.6352147739
1842.7544008370 -1104.6755946120 44.4982181955
71.1666234864 -1265.0942414053 1201.9376206525
-300.4451465710 1900.5029061177 -466.8353553736
404.9950483736 -159.7757189053 1548.8798989066
-710.9054254843 1395.7518341722 217.8464557434
-1742.1000851517 -1154.8663273603 -80.6961578409
1051.7740367649 -438.6720450625 514.0579453786
-62.9658372901 593.9101089032 -1321.8696160273
-450.0144134966 -1964.1277995687 -564.1145916467
1268.1260848944 -1941.3191745568 -759.2548081397
327.4275473834 -903.6552189415 820.7268620948
1308.4197116894 1192.4240956408 1763.6160615724
-799.1109030489 1951.9389377949 -434.7734729407
898.4960247411 392.1269053741 205.7590508914
1438.4974865909 -111.7585454229 1796.7628419266
1645.5017605171 1890.8197963017 -1375.4390100089
1845.7939789611 511.9428869722 -806.1516404528
-588.3841401516 1138.7181712477 -281.3213113536
1207.9401550942 1454.8793627327 276.7113533371
716.2424540101 1974.7413874466 83.6581513625
-721.6308412264 977.0080064617 162.7769022714
-900.0898615209 208.4663523041 1482.3284076188
377.9748074746 -427.0573828478 1581.3258073480
-1497.7643723770 57.9115818699 510.4866209240
1210.0111850228 -796.6216328867 196.8812936029
1749.0613016693 -1391.3947969975 -1827.4636445794
-572.1954544922 -81.4780921698 872.9098855173
-129.8996082859 1185.6596150835 -1169.2340024039
-791.1174472906 511.4318613003 -76.2182021199
1951.0356558694 1921.3134067924 -741.9986741490
-147.8813354321 -1986.4165611158 1249.5120928647
597.1619951983 290.5272793098 133.9891187330
-931.6618739890 7.1665307457 -977.4424676133
606.8849089441 -1290.6896507900 1964.5379076972
1787.4116178196 -357.1000177690 -1183.0609481843
-877.0595572264 1871.1894089831 668.4294574726
-366.9834790831 380.2517447122 -1586.1115758452
-1578.8096111172 -819.1231701430 -545.0872281756
-619.0946589495 498.1152864249 337.5284186842
505.5145761775 1201.7739413495 -1739.1540109444
-1021.6379523984 -1081.9754755065 -1376.7048382401
-1070.4076667742 -301.0701140236 -1019.9524674488
1771.1450913179 -545.5863909608 -1977.1704806789
-461.9031925398 1509.1120947294 -547.9290953451
133.8122682256 -1376.6752089002 901.4552135807
-870.2051427657 -1194.6365952187 1289.0036123641
-811.1908396834 -641.4493081093 -1192.4739066148
-169.1604219048 929.1927343315 -1148.2386388293
1516.9929207495 1405.7680118192 -1883.7901991261
1068.1291303054 -1333.8998944990 -1578.9427134402
974.0460227887 3.0196407841 945.3668947960
-12.1328919147 -301.8055659124 -549.4018393065
747.8881349287 -1914.5246909222 1268.7437626355
-8.8744455620 296.9235733608 -1240.8444566143
-1422.6760264513 1779.2255516694 877.7362115831
-1793.9881295262 734.6581430362 466.4871592069
-1140.6152535406 569.4414411921 -1353.1948572212
-1362.2751604964 1459.1808926616 177.2604613475
298.6810914715 704.2092629479 341.1033981535
-805.8326398579 -756.3759687719 -174.8835266387
601.8996358586 -1408.3791991935 883.0692890825
-1579.0858783175 1280.4513747566 1990.3114901578
-1420.3376425039 -1378.6811112473 -1977.7783383462
1848.5707383411 -1424.5265427046 1885.7003021369
-1774.8822339796 -852.4651986347 -1215.2690964613
868.9872857285 -1406.0350388039 -16.4708796606
1452.3121097287 -739.0994635631 232.7663732770
-464.0547380359 1213.6631778589 -1248.5512253060
803.2661179766 -1529.0187181346 439.6976486071
1699.3752619600 75.3079918438 1970.9871226305
847.9494130991 1272.6745694300 -1960.6900873658
-395.4758780130 806.3323438685 -1775.8605653313
-37.2472974551 1193.8974817047 228.9739488577
-646.4627139371 1642.0483509640 1865.6690784485
-1146.0182144295 1382.1510205348 646.6164607685
-1302.1762670543 -1994.4679719034 760.9915924481
1128.3151104449 -1061.7332240492 19.4255010714
-236.5335044749 -1394.8069381087 1277.2533272710
-1738.8625243774 1807.7615324151 -629.3614737918
1077.6090097560 -975.3777510845 -1373.0981732213
1346.8698386689 -958.7170733054 1982.2842385358
-570.7036458962 -1133.7027950822 -1222.8450628273
-973.4066722894 1157.8659094769 -703.5237216844
634.3364901744 -1605.8175986356 19.9868904314
1251.8185390885 -831.9361349135 1319.7735883929
1049.7254242398 91.4893214448 -1844.0231904405
193.0338954897 -425.0396195758 943.1396669309
-803.5171923753 -1386.9484516859 10.0367632571
969.4613745069 -1161.9946662940 -1757.4560239863
1361.5806049048 -1906.7312833234 719.3561968192
-1691.3878003605 -1267.2114270998 -1562.5873494282
1799.5076241835 489.8051764556 -529.6207783825
1830.1757466320 96.4294623617 1200.5399092635
222.3663322151 1859.1852088923 1381.3069330507
-1763.7067690998 -726.5413596552 -1760.5420842537
217.5507170122 1176.2042791201 -377.6702828569
-893.4000735517 -1565.7735279521 321.7256108581
41.8439482468 -1023.6208037941 -399.9491426044
1559.3559202215 -476.3496701687 -1515.8926464185
-242.6976755777 -1056.6109394086 1351.3106908190
1236.9697288842 838.8929541379 559.8780543871
515.1784777658 -1467.9753141584 -1242.0614111369
-1507.8113925422 1598.4757646429 -276.9591065748
-1094.1034945581 964.6288691082 -1102.5282555624
-865.4726399262 873.8419526081 -578.4371761631
579.6264432958 -157.0921744952 1692.1124605886
-88.0215141821 -670.3091778957 -1761.0371302322
-1605.9495938645 -1702.3478325079 -226.6003010857
-145.8873671927 -1897.1645888036 -1303.5882819881
-1821.1662950700 -130.0593205852 -68.2421459221
112.1901982240 392.4638925855 1615.5311455297
1767.4746724038 -1595.3041932839 1050.9613948080
-549.0702334513 -271.1644335670 1853.2652831189
1289.2994150769 620.7025132142 -922.1453269025
867.9197949905 985.0298357650 -535.7911585092
156.9547303648 -117.5000229880 996.3962035694
1868.0272209359 616.1283117458 1549.3991620458
1268.2099461291 -1098.8189497321 710.4116237614
158.0245682972 -488.5214956649 1911.1587870610
-1324.6336617879 242.1957939118 -1568.7071166653
1426.9207101358 644.6158782632 793.0093894169
-1889.0019568348 1351.9591610969 -908.2861725960
1743.5951450600 1595.9838664200 1712.4326476780
-23.5657740904 183.9130146314 -1841.0471543130
628.5347348711 583.4422232681 378.7760059324
926.6984386358 219.3258741182 -1133.8070277514
-874.9210711355 1697.1710361657 -1384.3414610727
1342.9692271249 -628.3165632950 -677.9258040790
361.4651630693 -902.6887869165 -1351.3619746800
-1060.3945951017 -943.2006308719 -877.8954619611
1292.4906825799 -1403.1768528604 419.0642373054
1162.7968286003 1579.6674677072 -1597.0895620285
-208.3683965699 -1258.1623022772 -1656.2888562825
271.9420409492 689.4665228607 -1724.2700791610
1214.7398021251 1703.2017811370 -931.2011549063
-164.7643589438 -859.0071530211 104.6799832507
1688.4235351531 -559.7285331506 186.4427329678
1811.8173289473 -118.8682822010 -1122.6073185191
-1060.8098847409 -1092.5625982162 1628.5863608166
1350.2002985781 -172.1774145036 431.9400547162
-1326.3640965246 1043.0432012869 898.9750238182
-112.3800967943 -1145.9180293960 -1885.1330358700
-1655.1782190418 -1594.6644821537 -807.1558484670
364.8278074947 -256.4450354613 -1463.8702661858
1281.6976734146 -14.3578387370 -80.9511753831
-900.9928584139 -1209.9407999727 1566.0270858475
1877.1680338463 -1066.2266330030 1334.3175053972
-368.3650054603 0.2476435435 1850.8713391454
278.2484192079 701.8660167174 513.0124492974
1161.3420405179 -1462.8995724660 -215.5398384772
420.5839138907 -1503.4269752269 -81.0371518428
-1066.3248006329 1058.7770647670 -1771.3270618881
-345.8861722032 -1700.4488942791 -135.7870447174
646.9524526654 42.0418089422 637.3133420955
-1998.8585220715 1194.7661028015 -851.9939266392
-1230.8587554997 -964.6503250264 1805.3948838565
1650.8151042905 -1205.0943803254 1547.7089878389
-864.9680774656 1567.7277930108 -254.1679640566
1240.7983827870 -883.7910550838 129.9475594172
881.3511073236 -464.5638098425 1841.4010661742
-1777.6022577242 -1678.5206829671 1375.7514542943
-1509.6379272896 939.1343800115 1271.0826132349
-89.2065552080 1604.5665441090 -296.3176439970
-705.0724761964 904.1623146205 982.5602730953
740.7754486671 -1956.4412935882 -1785.8179270672
-618.9756551145 -593.8531671633 -709.5737563246
840.3991686474 105.0970100825 138.5861937471
1216.9359266220 -1285.8754717708 -778.7812377062
-224.2871874221 -55.2711913947 640.7532794635
-1611.8692546280 -402.8647079725 213.5376589958
-550.6582854299 -263.6183892952 80.2788266204
92.0796669689 -186.7486438226 1818.0829260727
-1110.5167112089 -1059.4660761903 -1778.4824011967
-770.5267657355 -1172.5360654283 1722.6969526103
-1835.3132336135 1557.1436980358 1838.6482763848
-549.6041416999 -358.6504804769 367.1634028831
-523.3023294838 -1491.3774241651 1246.4319916325
-1958.1394810689 -229.1493394730 1373.6233609766
-1109.1545983949 1754.4490261271 -1421.3550947098
1665.8162563678 -106.8003158881 1471.4282162246
-755.9821559388 1007.4892587825 664.6072595285
-1122.1833195481 955.7117191864 -209.0106978444
1068.1686126297 414.2700956383 -1618.6705345603
66.1928025782 -1689.5600740543 -480.9461945078
1255.2243041784 1360.1783405703 818.9840132550
1521.8361937103 225.6327722394 1272.1983830953
1093.4615367619 740.9828492550 -1604.2513754937
128.6500522860 -1567.9122251320 -1576.3020403244
-1608.0039919411 28.0008818691 577.6632144356
1914.5870978250 170.8648152027 -839.7876849968
1250.5103508500 79.0585287865 -338.1258982323
930.2124363778 -941.3838199084 1351.5288262431
677.1466437249 438.0550614638 -1337.3600611066
851.8577197647 494.1303556829 153.7346784560
-1451.6542477000 -404.2164217319 381.5412614531
-286.8061786148 1343.6212191004 685.0298941277
-404.3686511666 -12.1601503592 -1149.9927428164
1339.0597676367 765.5494718835 -1175.3366409746
605.1795174668 1244.8528840355 1080.3392455723
1505.1165905805 461.0012577074 1890.7709805551
-726.2346805317 1513.6527389471 839.7026788667
-275.2543096510 276.0290406655 -601.6554493667
752.4416207962 1356.0447702252 1601.4650684899
-249.2288946646 -348.4081917453 -787.6594293541
1956.5294571756 429.6794315051 -1902.2215851699
-1439.4636089674 847.4503250997 1332.0305917749
635.2549100971 -1811.4104123889 847.1929576396
1806.6457233927 1813.4359768900 -374.6859681877
1274.4215741500 196.2527742657 485.5570195550
-1836.8899734527 1539.5273708931 -1143.0173981281
1991.9675358358 -567.4441098224 1657.0228534006
1051.6191530355 1701.1042017159 -898.6523619367
-794.5183999477 959.2082036805 777.0878762232
1611.8605241487 -1941.3844533728 -1686.6029106886
955.6560436810 -1215.8054601957 579.4957154995
-851.9798523324 -617.6889719901 -1980.5640662944
935.1240027583 -1191.4495817731 42.1760248623
698.9417448535 -800.3915484094 486.5907112870
1316.7291376255 195.3957090319 -120.7478153090
1617.2561849150 -1904.5567816641 1642.2645187547
-1857.0120797445 588.9065254058 -1896.0704138250
-372.2856061786 1366.3653191007 992.4316458871
1123.8988243627 1904.3539313775 -458.3834728251
-329.3344620685 -1574.6338435520 -1509.1267757732
1689.2678094373 -609.1144690416 340.1973241259
441.5016217892 423.7080062902 -926.5438503437
-839.8156240003 408.0116663752 -888.0996409227
186.4380419576 1403.2512635868 999.9245902640
-1558.5168793335 1539.3281892469 -653.2748049480
-435.9839167833 1030.5153196858 13.0876890746
852.7297364495 705.4488782313 1026.2783169030
1479.7756067078 503.0028209961 1535.0042373572
396.9338908783 1183.2649914431 -1354.1135445983
502.0532484427 -1285.3975836397 -1598.9308801846
351.2628446287 393.1265533203 92.6456741181
1101.6430330486 109.4369316243 -728.0101635001
1447.0145028944 -721.9754604098 291.9661904242
-1688.2462372812 -1131.6912137391 -549.5169453970
-1050.4160477938 -1423.8799503845 -1942.2976175856
-719.9511110338 507.8024962749 1966.8367305829
-1419.0401825916 200.4332729760 -179.2788818697
-407.0833302287 -1663.6821727506 986.4188926506
1578.5210428670 1027.1089328724 -905.2004970689
-1751.1893301016 -516.0495095978 -390.9429921979
-525.4534958684 -337.8647065692 1261.9769638514
-721.0275718284 -1786.7325017197 -1416.1531261579
520.7897448194 250.2012872992 -1476.8457980448
-1187.0301372795 -57.8627031790 1518.2419289110
220.7568535832 -212.1515535767 679.2956353570
-1371.5893551479 -1484.2811233568 -1318.6361020430
1824.3838893060 -950.4625831598 1412.6829822428
-1825.1640767624 -736.6579718483 -994.6620771160
512.8856413674 1599.9346183076 886.5832555471
-1143.7458938076 764.5503028926 1807.8082965028
-1824.8080316697 1442.2518060713 1926.1874294960
1634.3221599782 -982.2325957836 -527.2741979647
1201.6689323774 1087.7545324292 -1193.5178707920
-737.4687847769 1152.8069431518 -1940.9177738264
1189.5441332933 -1549.1144711111 1188.8585164928
247.8497078985 -685.7901449311 939.2420688935
-1607.9854983851 -1706.3899274170 -620.1475107118
-659.4469166208 -930.4803257245 -1357.5873425132
1775.7239784544 1766.9455848550 -1580.7569051488
-1527.9911877948 1684.6818833226 -906.5909271433
-1742.4754556639 -1640.3170215175 -214.5139902981
1975.5390398983 1835.0100369577 -1018.2314040737
-1734.7970500396 -80.1968219739 -1602.5924603749
-923.4948434624 1378.6212977247 16.9184280596
1176.7751921438 500.0183375695 1588.8131981311
-590.1018773341 306.4448180539 -1041.4230292959
-476.8098798473 -1267.1466203231 -715.8742775648
1739.8582267301 1567.6758135817 -1746.4843869492
1934.9185765532 -350.7666537561 -1415.7256293165
308.8525616154 1629.1778397727 340.9666426601
1606.8621518885 -1525.8443314402 -960.9039177893
1505.4110635895 1659.6256631890 -1137.5474049446
-622.6983824755 -1933.8986914357 1131.9110198346
-597.9179312302 -908.2744935884 -994.2250237656
878.5570966903 1548.2176972634 1769.0697747216
-57.9655947369 226.4126825553 286.1617855679
-1871.3922933534 -1061.1122967887 1810.2838703493
1628.2332905593 -1197.0819173436 -1126.7478325204
1369.7752276920 -721.9667805084 1678.2431916789
-590.0061773176 1643.8974297873 1862.7019302027
123.5206089044 -1119.3734682393 -180.0354004919
-1883.4405782323 -1197.9411984373 -225.8602526729
-1358.0237006011 -692.1583246903 -1661.9578354981
1475.5992667073 539.9652709362 -1932.3383707618
-1494.1532320126 -1228.3884869369 306.6416475741
1507.3839978019 -523.0708544016 -40.6659508403
-868.6221264486 -1984.8435012718 -928.4292378874
-720.5137120025 1466.8016227611 -516.0151837166
1205.0826439547 -1779.1191958569 -1458.5433078951
-361.0797017667 -1648.9076026784 1724.5276025274
1813.2362207919 794.9441174405 528.2101458203
897.6817963227 -363.8490880567 -291.1008171756
873.4772500509 644.3688121364 1127.8419336999
-145.3770509477 1318.7833726613 -376.6445908331
-309.0447834443 521.7349532400 1979.4972805975
1962.0020385800 1855.3858715285 -1081.5952933900
-1321.9357739842 358.0556213023 -1040.0546814759
1215.1455319371 -270.7016362150 1662.8277957082
-844.2276825627 -121.4479433835 -877.1433627307
-3.5853396532 1503.0980312807 518.8770002694
1150.1783082378 -517.3999773380 1374.3651087314
-1605.5759182669 758.2215687416 -1373.7553051331
1643.7289718921 -570.8090646503 -955.1558749469
-911.5687132071 -1711.2096641079 1141.5204922436
-8.9437575934 -1023.2402309782 1198.0010242447
193.7613491126 1208.7208659540 156.6692556764
-1931.3910190970 1587.3821303692 -534.7481913738
1890.6324552823 1091.6683365383 -1324.6892166015
-1242.6782049711 1272.1978844229 -592.7455679324
-1466.2922246943 156.2752919554 -917.2003700899
-1764.7495254930 1439.4895917877 1934.9009089726
1493.0077394857 -529.6758856572 -1988.9927053784
983.5678665247 951.4986095590 350.8420634744
-892.8844473121 -772.0232488526 497.7250890835
1217.7213596498 -1215.9522549961 -776.3209580721
1023.6407878456 931.9818884434 1661.7776308416
-0.5063949870 1180.2241605313 1318.0467491222
779.6009319076 -280.8025691191 -1411.9527499034
1484.7798378456 -318.0700329201 651.8669442513
1128.6718684615 -1354.5431045787 -1742.0083817499
755.6779146237 1266.6088797508 -891.8943275497
528.5805956579 -922.4883667015 -214.0471764286
688.3328055815 1248.0125327029 1869.1052271987
-701.3797343714 1311.5265976623 1723.3980259827
-1856.6650786899 -251.9003689353 1017.8603414904
673.6079158277 -1089.7269088862 -1590.9695041161
-278.2248202960 293.1642713397 1700.0195212022
-1466.7440266736 953.8905236781 132.5083252931
-204.1633499469 -1975.0058454333 788.9244818582
-1882.9983824970 -881.2721921963 -1747.0224981445
-735.2872337271 1329.2073887753 -911.2137779558
-1581.3194830213 -161.1710186239 1861.6280098934
1775.6448628665 -692.6989776171 1965.5396764975
593.4206563467 212.6638366786 -714.5472935350
-409.5598222501 -1652.3077543033 621.7713136369
-1944.0781357529 644.7787818674 1648.2828995956
459.2241769727 -1365.9427970241 813.7175012631
-1187.3366398146 -1766.3791153115 1093.0174440961
1160.9142164448 -1593.4762360587 -209.0231930155
99.6108819717 1857.1549636863 1455.7365906227
-938.8458133947 1575.1153252519 308.3199700606
1469.7925032103 1254.9861274616 1486.0223626557
1737.4813171433 1028.7499373551 1688.9584086206
1815.1099113488 -546.2674883633 -650.7299364525
-1346.7042400587 -624.9882364463 441.6070474608
-1618.1623248306 906.5744764413 942.3664926765
-964.8268878622 -1787.6939690258 920.6672091668
-55.9857520206 -527.5240416546 -1113.1486661897
-1061.0974906589 -1746.9694798171 -1973.8078115105
693.2047391400 1401.8443147450 1538.3300737986
-1621.8632651114 1851.2983571590 -1659.6857229574
941.2748633424 -1944.7370713642 62.6691492345
-1158.5868604706 26.1962786966 413.8582923499
-1629.7486849583 -1821.8595006475 -387.6963703635
-596.1799582643 1024.3084232037 894.7438527148
-925.6665484970 -1333.2298374016 -1397.3560456635
-1995.2052561764 -582.6035913114 487.4514614522
-1399.2308524366 -335.0845426643 1951.1387226096
-79.8854797280 1121.8255802231 -1530.4737745660
-1043.6294377324 619.8341203886 425.1605130369
553.7121295126 1753.6274614573 -1666.7322926398
-487.4926749657 -1388.1202075644 203.1615278365
1133.4291248039 1751.2805175702 848.6598725091
754.4061733167 1066.2577854255 616.3003411926
1744.5073465171 1196.9671424440 1059.8086911640
1243.8108143665 -1962.6727513280 1881.6137069575
-1052.4448304761 213.2497009138 -436.9842652016
-1664.2726538132 947.8744421148 1288.2989724752
206.9979015694 81.1804565709 -918.2674554167
1283.5964878968 265.6695131835 1166.9883668232
1865.3655607570 -1987.4229420942 1309.4171407925
1686.9482677947 1094.9278901405 648.3832675749
1770.6707246571 208.7144757997 1166.4864180463
-500.8807189058 1.6449555986 1826.5866151337
1817.9151533023 -1823.8254156419 1904.9260800141
399.9519757599 403.3256110636 -1319.4758193168
59.0788832006 -1855.3534492653 1989.5431438154
375.2687223270 -30.3307717374 1131.8864729649
