1974.8647982428 466.5428698806 1348.1989627869
-1159.7629627156 1397.2965915626 1717.7185660512
-1064.7004838398 1402.4472754498 -953.3009669057
1182.3460647105 -618.3344551469 -418.6464143519
311.3282318027 1059.0755717488 -159.3102996141
-1681.1190322520 1997.5653503823 788.5116691867
-929.5209831434 -1780.9074079608 1713.4548398524
-936.7961318796 -1761.5966901955 217.1387579153
1340.8673066093 1954.1948675028 670.5515414057
-624.0224700962 747.5861082970 -771.9407101736
-1916.0186901544 21.5393157248 478.2075625618
-1837.8999573448 -1084.7984661306 1651.0007367603
1605.2207836746 -344.2453269766 -88.1903340916
-1267.1409222378 -1865.4585927343 1029.5915299720
-459.7162367931 1878.2148751859 -1096.9606593611
182.3097290625 -1871.1447095089 -1885.4183832143
1042.6227366183 581.9180180192 874.4108120700
148.9276926602 -1080.9041960304 1819.2029182279
1899.2185992226 -713.1014481391 1247.3110174557
1821.7546010257 -1049.6708751335 1390.3316568789
20.5464237156 -441.4767478341 -915.6101653161
503.3047388611 487.7365026515 1345.7784311359
-1854.2699159573 -15.3185773675 -521.9095346186
-791.6378761398 632.5064556828 1090.8280740927
-1718.3293459444 1451.8330075053 796.0543648432
-1843.4342791943 153.1592374787 1478.4308985988
-186.9222893413 -1640.0662870452 -268.3001698959
253.6667999480 -300.6695743144 -828.6847682492
-519.3162451821 1514.9860110823 212.8881146449
306.3370859566 -62.9915936152 1455.4151414652
-559.5313293877 -207.3936265647 -1769.5607041282
1780.9686593759 773.7754556544 916.0451855074
1295.6875325692 -1895.1288049798 -1712.1933613390
-468.2361434158 -124.2018481839 -1405.1012654691
-1693.0459313555 -678.4630202212 1004.8411160243
947.7492087976 1888.4328282982 -285.6078544943
-851.0415207710 -781.8629358721 454.9535038519
-1697.0848956246 -1631.1865552181 -1812.8935527152
-724.8284860766 -1169.0627274476 1527.1890001586
678.4495791922 -1855.6395700112 -1207.5936598323
-1384.6957558437 1875.2215926871 -1621.7520063124
1098.9939648909 184.3292477085 -1334.8995283226
-1743.4696335783 -625.5373835589 -1754.9835869048
629.5647913725 1634.9781771942 834.2841170103
484.1191133012 256.3499045091 -1136.4146846888
-1139.6532202805 1531.3697967247 447.1843151962
940.9620384855 47.8514030559 1009.4684584534
126.1988816016 -909.3617969185 1299.1454029844
-742.0098662417 1572.0355059936 -1532.9027839432
896.3326590343 252.9189255306 -578.4124075208
0.8032933473 1269.6900794791 437.5851898272
-945.8313342540 1684.8569317518 1848.3948392925
-1735.3771195157 -817.4083561364 1092.6897654772
-156.9569537587 -439.0343015029 1478.2207674762
-65.9149576879 -1190.4792619634 657.3655289221
1060.5135484374 488.0765682307 -978.1850655736
-1629.8198302658 -1579.7270084791 121.7139108280
979.4206095932 -1121.0896833434 -1124.1361788650
403.0773490190 -1724.5434681305 -1591.2715594909
1870.5842885086 -1120.8808274428 757.3467745859
-550.6319617470 257.3311160569 1763.9243963261
1079.1226899900 -563.8657195573 -1438.4384843689
1749.2404950663 -1901.0789006187 -1634.6236051306
-1280.3742813783 548.2885465424 -1204.1619378924
-956.8266665247 749.5180533297 -947.6397272095
-235.5974698282 991.5803169331 -1755.7361286940
-116.3939181585 -236.2733512803 -689.9687149197
1983.4889596015 -247.2478127415 -1267.1813183662
126.8698432527 469.8132177979 562.9744772644
1116.6734494031 -1054.3669226104 -21.0783034895
-996.4171484233 306.6236914689 768.4034352920
1178.6316767400 -122.4184938601 -1222.4761706888
280.7979852152 -1545.7958387484 1559.6139553272
-1676.3759593502 58.7714786595 558.9821552942
-156.1309940426 -547.8673085720 -258.5182952672
6.5836477953 1129.7639657150 -1151.4194372440
-547.5296099309 -1944.6517201957 543.8982301765
-240.4135460706 -1503.5256257677 1362.3525133473
1681.3322653883 -1297.4887938080 702.3903525890
-289.9661554939 2.2328183064 -1975.9856286291
-1750.6629981199 -99.2173721390 -236.8216358290
-361.8665451469 -1363.0027288341 -1783.9981201572
546.4640550071 1726.4098257034 1173.0467592242
56.4653105336 -672.4726453815 1181.7062257868
1613.4557924638 725.2403873360 -393.9214897490
1739.9257615620 -778.5226055271 1155.1170990543
-1891.6967625862 1454.3982677590 -1697.0124634392
-1055.3305297243 1396.1016717404 -254.3265640134
1686.4920895391 -1700.3350228340 1703.2652997549
-1790.0899213120 -935.5332476954 -801.9345383441
1057.0633184373 1682.9841964255 1749.7941986109
-116.3165895702 1365.9329065706 -505.3272103901
-1847.9567105317 389.1299817844 -1713.4774885606
1453.0492870774 1880.4227991501 -473.6222202524
-799.7283055423 -259.6868328644 802.2355984059
1023.8025909782 452.0827496833 -98.0109881977
823.2216911998 997.5637824488 902.1969173865
1928.3735162386 882.3564607542 1607.1575703525
278.0445852291 -424.2106656166 -1495.7237177452
755.0192732444 1290.4159283839 -1963.7726986546
-211.7737131516 -1054.4052211527 1235.5320990596
-330.8126335127 211.3821236943 731.6685912716
-1785.7372136397 480.4433673594 1011.2263125723
1280.3210840728 568.9575925477 -747.3274934688
78.2548845794 -1711.5718132712 -968.0835443839
1376.9313479596 -393.0363303340 -1574.6225216705
1084.7391318283 -1596.6814909488 -1289.2158506364
766.8655100772 608.3630936027 1809.3925112147
1701.6499946288 -800.5995785738 -852.2856541845
-710.7454486308 -1157.5333639202 -171.8545798497
-527.6602967474 -746.6299076606 -1053.7285261936
96.8731877056 988.9143352304 -467.9243086700
-764.1077061051 -586.5441635884 -1765.8115975059
1351.9863202055 -1269.6103121655 -283.6295705080
1003.1708105036 949.9766139176 -584.3072837098
1242.1639650715 1134.7058225906 -260.0933233920
1751.3109020602 -1547.4635226603 1222.9259705766
1644.9908358444 -1995.4532654377 13.7702719681
307.6894135288 900.0658428727 -789.6580671542
-1914.7874765895 1605.2125010206 738.8817114982
-1960.9439808743 -1426.1952709750 1039.0607260400
17.5197180803 1030.7535647205 1410.2878435209
-111.0663847173 1492.3751263431 -935.7265790739
1619.5094672511 1780.3154286150 1305.6730225341
-836.1490275054 1946.9204598035 1150.8520755687
1792.8271373267 701.1863281025 482.6155764151
1659.7770659269 -1417.6818823795 -1721.4448976500
877.4616462759 1796.6257854089 -1051.3588129587
1692.6099347538 -886.2670588910 301.0785914321
368.3821072172 -853.1304481624 -72.2061273456
1481.6877406857 1098.2593595292 -722.8042954190
-280.8289796173 13.2054039328 -334.2482592546
-333.6984134666 1642.1262884251 -1056.1486849909
-220.8291525243 -883.6449161539 31.2504469730
-1606.7015853801 1715.1760009186 -390.9522237515
349.0237011384 -1267.0884067120 204.0165483999
342.3109700706 1465.9619882179 1225.9712408319
-449.7427679981 1669.8701845114 1930.6623124477
-1540.2506309095 -1623.7014748635 -942.5633935068
-1856.9773055032 539.6893411302 -54.8397683835
760.7382529133 -1401.4087802721 1170.9816593549
380.6761377252 -406.6439359665 785.9111307361
-1215.3199364722 -473.4480174128 -630.7888258852
-1741.9828648398 481.3427436428 -1243.5744981067
-381.3952293715 -1706.8153979278 -269.0290729797
-756.1853077725 20.1410722317 1696.9109654507
909.0945500375 542.9813922982 -1091.9413776994
-200.6159688149 -1408.9769757619 670.0695240286
-1788.2786067755 937.3263713373 646.9677313922
-922.7861087940 146.4061913801 -1944.0664622511
-1951.9208677267 -1510.2858958903 -1321.9338029002
-635.6766508472 589.7244816058 -1046.1175937845
1257.9281420212 294.7664999761 -988.3758707357
796.7738876610 -788.0432685835 -1206.6012059170
-858.8072990569 1778.0323057768 1712.9674657102
496.7140701934 1425.6074701969 193.5399597060
-1215.6570670593 1842.6719666715 -1496.3505796415
274.2373302633 -975.6939589003 -1853.9579476909
1535.8297228506 -565.8934870470 490.7714644585
1441.8512136038 -1827.1721168550 -1673.5444755152
-572.2032141211 -893.8386457913 -108.0229188530
-1760.1493333855 484.2085279567 1744.9542795282
-1893.6582744046 689.7748711519 1594.9228652700
1179.5452206343 -24.0513117197 1289.5727183347
1482.0026284227 -1942.4923915465 -945.3758381360
1947.5124873751 -516.0156914246 221.7258273696
-1989.0790745954 217.1511034222 472.5103370066
-811.3741530200 571.6201363345 -1760.6343874916
-1870.2720509716 1911.3016743129 149.8641535827
1627.7420167569 1821.9897759300 785.4639444068
1901.6177259030 1986.9681534775 -23.9520234265
448.0346085418 543.6231946187 -1366.2428874021
-214.3920711073 751.6434053369 1245.6552583397
-1175.0597154887 -627.7878632513 1546.5549812355
1959.2293371564 -1070.9637886958 -786.5141932336
1057.3654189891 467.8687065708 1678.0539160790
1949.7504455080 1738.8743654341 -242.3944688888
393.1295816717 1953.5024063298 1133.3749959462
80.2538853562 -753.7664688987 1737.5378329855
570.6610477910 -1062.1225266498 -1570.6606893747
-852.4988100335 -388.2236678498 -122.8688588658
445.9589200618 1682.8699835548 -1150.5394711924
106.8470296603 1289.8228184984 -691.4678502931
-62.6536782129 508.9089703874 26.9690224523
-914.5265612420 1812.1252148223 181.3621392326
-1664.3578816937 581.2226536363 -263.9989097900
-120.9240946585 -1879.8436007180 117.5928653082
-673.5001860423 -1001.3419264363 -484.7396835988
-451.0376034627 445.1894487037 945.7983274548
110.9779759247 -771.8673915720 -1611.4340043871
-1219.8001897529 1082.6786290950 -1391.3667693271
-410.3585740689 535.2726466330 1360.4970959646
412.1119104799 -522.3812574755 -15.9197306658
-382.7764381782 374.1034689018 -1090.0042871895
630.2782444445 -1960.4277572767 -1406.3720740469
-765.4054362227 10.4387081597 1458.5357955330
874.4035252962 -23.8916381203 -544.1111150902
43.3123827019 -1821.3769218180 -633.0560024930
-234.7156186746 1848.7691122047 -1535.2229437032
-211.6165004284 1248.7184384520 -103.3443650531
1572.8212568839 837.2810414448 1844.4226104504
-1963.6641547640 1631.9086450629 -449.4930113119
-1776.3156288928 453.6625520118 908.2876732647
-676.4263670899 579.9911620939 1187.8582088175
-1612.1238855242 -1914.9019656030 356.5493831324
1751.1253193327 -132.0798334634 1353.7499257438
426.8553255738 -976.4898098323 -1095.6946977721
1080.5268936709 1921.4747809995 1677.3544981113
966.3036570800 1358.9205891473 146.1230635338
-1748.8962840289 -1141.5455916862 1965.8553534607
711.4155201757 961.3697794734 -81.5792421001
1485.0149289610 236.1085086257 1924.8414023491
-1000.3616643907 -732.6765326288 -205.8360198975
1356.7285014320 1946.6454568916 937.5657891535
500.7688681178 -1599.2568575579 967.4989909288
-461.9225634061 -1929.3061703680 -1272.3868403944
1827.4603501627 1591.6182553385 857.7415466698
532.1331285003 -1938.7150336294 -1851.4094522548
-1400.5790266237 -865.3258379449 143.6177927496
334.1649512853 1437.8359366457 -1394.5138636317
879.7933321063 981.7096125261 -1937.6988878225
-1303.4052883273 -1136.6784136909 -397.6900111925
1813.8621927600 1343.0032179922 -938.7247426181
1017.1494448081 108.4835112002 -221.0775829922
-721.5714803068 -170.9557355741 147.0427125134
-1428.2800662847 1214.7783327702 -1594.2532167543
1567.0456925850 1687.5386695742 1671.8024429158
-1745.7942615406 1129.1846525350 1206.2276063013
-436.9887944685 1261.4521031581 -126.7904548516
88.5197992068 376.8570854466 742.5731668489
-1957.6140682838 1048.7423723112 -548.6975021232
771.4399646081 -416.2276302045 -1343.5949316590
1873.1947170925 -1842.7176743276 1516.2050007679
-1995.3684095337 -1653.7090695567 -969.4863122214
1693.9906137051 -10.5601282189 538.0916853533
797.0006415413 -1492.1665081417 -432.3600690257
798.3409802371 -1968.1796841246 51.4393478500
-48.0758985771 -1910.8368275708 1815.0069018982
-1732.0767759763 988.8820834259 -178.4782171083
-1601.2366741608 -618.2283956127 -1919.3594116138
-1663.9099365937 233.3690937080 -1096.4570229577
-1122.5579838940 -207.9296584479 755.8330961237
-1544.6239362161 -704.3796331740 -1363.2609026777
-1315.1197944051 -1984.4546076815 -242.7818693464
-1894.0425495163 -1452.6940623614 1879.1229024334
1191.7617837732 968.2762348807 -1693.0754948585
1506.3877788718 884.8082991915 -1990.0788442326
-1020.0475456514 73.2229266533 -1024.5367551179
722.6460610003 592.6252133877 726.2940358129
1290.8760449968 733.4309924778 926.7353819172
649.9164134564 -1645.1203835454 -771.1531747447
-734.4276686027 1072.6213055999 -1507.0209238239
188.0444665271 810.8985185640 -7.9482980155
-1547.6133263429 1329.9756828874 -1414.7817668673
598.6799634313 1762.3332156066 738.1596201433
-1093.5582386915 -826.5154295996 -1289.4404687211
-324.0748234598 -1496.9157753254 -236.1681813757
1284.0608279528 -1512.8764673208 -711.3200454563
1019.6869964981 230.5179001581 740.1943365352
-121.7568488275 -1231.6295449448 1572.0794454892
1416.5879488967 632.8025872271 -182.8534051432
317.1841807500 37.8420314511 -972.4877470132
-12.3011362857 -829.8133579747 136.0883915785
-1767.0482771932 -1058.1172063979 1291.8133138026
1797.0760724537 -846.8126739996 -1191.1395156809
-1620.3949144718 -449.3512125140 1037.9728489753
277.6516438816 -1294.8974328379 1346.3223492568
-664.1953307851 378.2021686364 1075.8740227357
-60.5903829648 1719.5322477025 -696.5123920229
393.0949194954 -372.6237253704 -929.7065779986
-774.1602182286 1860.4320163065 1787.2275664534
-731.2934593225 -288.3278943057 358.5443398923
-1984.7081500713 -298.5246314939 434.3023614803
960.3722187885 1244.9310018490 148.0421701481
528.1236876199 529.7502385337 -807.5446577532
760.5619073586 55.5596204467 -1394.4073987387
-897.0412442744 -475.3078493541 296.3889519560
-164.2127388570 263.9948605389 161.3989158588
520.9474111807 471.9090291178 1731.3923291672
376.8479309244 1378.6920230303 873.2415634318
-501.0784790640 -1101.7819722609 -837.6573545446
1884.2944595767 1087.3874721868 -482.4325173196
-1198.4544182954 1216.7114442852 -1506.2334230965
-598.4006993008 1471.0906685819 980.2655490730
1603.2672115192 -124.3478268256 1863.5668023017
329.2591979881 1814.5436362469 -821.1490549521
-1247.4174027920 -1098.4906991014 1888.2417553448
-661.8250670737 -871.8932910712 276.0410131664
-572.9627230296 -1591.9246746487 1669.4166376841
-1025.0086795168 -1561.8518271227 1576.1582110694
-809.5180825049 -633.5468669458 1768.2942380618
1758.4089881422 -249.1490855987 -1808.8987278517
1787.4928676646 -540.7916667809 902.8072865309
-1525.7143790739 -1605.2093015236 1240.7739729181
-1107.5749062944 1173.0358840696 1846.7196546365
-1449.2922830672 -1612.7124465411 18.2098876372
-607.7998956744 139.6548902558 1407.8953298355
1557.1319910252 942.6157823302 420.8320930099
-497.2145949319 1943.8291647749 -1444.8511099954
-1083.4960537640 -1468.8768091505 -1963.7079378075
752.1060392647 -1097.4965552397 -127.6581762545
-579.5498674628 1806.0280972284 -1448.6802462546
37.5802694717 -1312.0822758103 -780.2579769719
-1353.0252787956 -473.4847399526 1883.2082901635
-1476.0088260294 -89.8364943165 695.3801156923
1552.4344787881 169.2602978107 -1899.1400306497
886.2282779633 1944.4153203736 700.2453076660
-1614.8200492487 600.8832854359 908.5839091857
-1131.0849148816 1212.0037292728 1146.8449530684
1557.0398558338 -53.0850657834 -393.1130715688
1415.1302480348 1965.0350809948 -250.1350091004
1268.9886971352 275.3294702431 1258.9762141024
1074.3137410753 1012.4153776050 1813.8934698857
1086.3795352468 -55.6522893385 1029.6963000289
668.7444812306 1359.9815977799 -876.0302198802
626.2217423308 141.0232598626 -453.4605878253
1032.6981646246 -1344.4697646916 -1850.9519822224
373.1294648305 1000.1597326302 1471.5223801540
-1657.5825893107 346.6547877595 -626.1231325441
-238.0531722375 -504.6097362906 440.7717663182
1952.3564781524 -617.0492461839 1118.5868521580
-1631.7465177812 647.3449112021 -1784.0925613575
-626.7489694396 90.4004750941 -1913.1483097403
1220.5288613678 497.0937580920 -186.0994581579
727.7726615754 1456.5625782716 188.9837864806
-1551.6548480021 -477.1447405149 1912.0596069113
-547.8060443825 -1547.9894948076 910.4473361114
-716.8234224381 1376.5541681907 133.6284225806
350.7732142881 -1815.1099655445 -1765.7830013442
-860.4981339470 -174.7623942890 -1446.9454409205
543.5538948020 -628.4507482986 568.8381454743
-614.5792249683 -928.8713794647 -544.3429557355
1454.7709055793 -145.9403216042 -1009.0317934457
663.2968899853 1731.2013583025 -966.8258647160
-1509.9320992437 644.4223657704 7.1006402423
1875.0730102439 503.9275605734 1460.8203878988
-1578.3268426269 842.6927556394 1114.0973870543
-20.3924108477 294.4996824299 -799.6143965426
99.2478287699 -328.8010308055 527.9471810102
370.9183273928 -1366.2968390116 774.6865051424
1295.8879223067 659.0089969259 1578.7961730094
-1635.4185505469 -1199.1532510858 -847.8541297102
960.8474397885 934.5103621488 -1017.2823485703
298.3511960239 -191.8324000868 -1768.0930574889
296.3744164718 145.7935532064 -279.9783224459
277.5931312507 -16.3534130244 130.4151946228
203.4040450737 -1793.0904344746 1028.8007712240
1142.5465088524 353.8131038947 -380.0248729042
-218.6891848769 -265.3725101191 677.3897551725
-1721.7569629914 1091.2217004413 -1764.6857891805
-15.1908847021 -346.1938498975 493.2156012612
1545.0652323321 -679.7571050617 247.3351506184
819.6626388338 -638.5412137738 -1726.8378370536
-762.3373605276 847.5213482984 -931.0357494613
1132.8350488790 -1543.4891543143 776.9066621616
-1906.7038637811 -905.2078714418 1660.9100454237
1117.0249512522 -1191.1804706834 -233.7699514348
-598.6724290539 521.3750569394 361.6998589581
-1917.0875901599 1298.5003480413 1355.7566152777
-1626.1637103091 -288.1453748691 1900.5918141389
1160.1616941296 -1489.7398288128 648.3021951802
-1401.9830356454 686.2438029941 714.7502749658
-1546.2739880002 -538.1447473630 -254.2572629330
-576.2385345782 -220.0479386389 27.2415384474
1767.2013583840 -1892.8530321395 1600.7519501143
-827.8316696822 1162.7772222129 904.5680864700
941.6547170709 -1423.7991105976 1500.3685850637
-1049.2529916541 -201.1273618590 -954.1957618274
-972.7692756525 -1840.3210791521 -1356.3618354067
-18.8243072955 -1314.7650373536 1080.2042802320
-1851.5346580128 -1974.0294957791 703.5987018945
1741.3033525128 -851.6289724987 332.7779211845
-167.2564772784 -1890.0802917575 -1788.2555830076
-1785.7496490982 -1681.9922915838 999.2173456135
-1505.4511873694 -648.3980376983 -503.0209453252
1557.1341608724 -1614.4935696579 19.8837287205
-1678.8074797927 1077.1692371828 952.7539557254
942.6550040385 -1887.4466310713 1896.7855819429
1683.4853215769 -166.4197291262 -1331.5794762600
586.6225120584 -520.3224890919 1595.5778879150
156.1909553567 -1794.8105464494 1710.0038926801
161.5712010487 1568.3733469080 780.5900098402
-230.9484579351 -731.6247741722 -1007.2186993217
437.9396832277 -15.7775710483 -727.8482478596
-1727.2351986215 138.5075070894 136.2916924082
1022.7659732582 177.8910493375 -669.4104568424
-765.6034363420 1401.0658512268 -824.6126946329
973.9068992969 -359.1942536622 80.4239161445
618.3279096077 -1641.6602510673 -1056.9989959468
-445.7245862494 -1302.1935995071 841.7277567936
679.5291327217 -979.6149779552 1327.5914397214
-1273.7417810306 1433.6925884936 -1821.7103677194
856.6856946918 -1130.9621668616 1105.4881713205
-540.7055609040 224.0802753050 1746.1782556265
-781.5227009043 748.0079439817 -1396.2430580660
349.3567509698 -1910.8148266841 1607.1438067992
1654.3485252799 1410.0990561263 -385.5195102955
942.0429346973 -297.0887359876 1032.9031953422
149.9148664028 -1145.0338912466 -737.1087238515
1887.1777480442 -420.7956051651 -24.0093510179
514.3744834588 -1654.5592286999 -1150.5087506939
-498.7250074989 -649.3336356659 162.3559467631
-928.0250591387 -1161.5899886261 1487.0370772733
-897.7917835037 1938.4149765171 -1391.8345189113
949.2725550803 1985.7669758742 1461.2500789609
-146.6344706374 -871.6294585664 -658.3432224768
-1091.1174290167 162.0883931669 -1699.0933832947
1985.9401683013 1580.3952868960 1518.9787481299
-851.5516385702 -1159.6757811577 -768.0920099692
191.1658522117 -1400.1947347392 1020.2355572084
1041.6600760776 -762.0439385711 -1778.9871075794
1016.7684004312 683.5749201435 -1646.2193530347
510.7085917560 -1444.9887565822 -1595.2484967460
-1869.4164171583 1144.0142494185 -1920.4973564306
1380.1128095294 550.2743197002 -1854.6857877987
-1687.0225375382 -336.6753914967 -847.0131079146
1352.7093920863 -1500.4118461791 -973.2137865413
-570.1047795823 -514.8538433705 1763.1834915946
-1983.6178865842 -206.8480036649 -947.3552881037
959.8793956718 1865.1953350106 722.3433553181
1141.9744355751 1990.5253905374 1661.9394817417
-577.4148006875 -1263.6036604413 -1400.2773390204
448.5022360925 1931.3282167450 -498.5821682190
392.3966268315 -1235.1240836866 -974.6772570572
824.7852058063 -1827.3515154169 -1676.4859045316
864.4939666176 -838.8966085813 351.7329174044
-1054.8231088545 -1346.5913528988 1020.3497464360
-864.4580373758 -339.3250032422 1745.5840130667
-1125.6940410759 814.2675690980 -977.4298084390
-1249.3562527757 -512.8224451964 1865.9407115347
-1241.6832428096 827.2063476411 -474.6438277057
-801.9249923963 703.1234292113 425.9722303822
-1961.3506588387 458.3147478264 -1898.0506957988
1945.8802891012 -316.8484817211 1528.5102943335
352.0571464109 -309.8351398330 1663.2023944445
-527.0538747151 -1937.7683134484 -394.2581774687
1759.7977180970 990.5374761060 -1682.9276570466
1521.0414417624 1707.6833689891 193.8283046511
858.7654713561 -795.8085237897 1428.0013320979
-1813.6981462484 -793.0402296868 -363.6950305378
396.7870888896 -401.7814595205 283.0112976503
-706.0098470742 -69.8702800692 880.1036888294
412.3672090660 1676.0110885929 1156.8547560208
744.9801736701 -414.2193501218 1329.0575685034
-1533.6054696822 -1055.5948172426 -1392.1340962965
-1371.9586167119 76.0847138707 -784.7106409480
757.0357241964 394.2973552049 321.2632488183
-536.1021953137 -1332.1654980568 307.2116928285
1543.5756862267 1179.6699352320 841.5011646003
-1663.8555325863 -1818.0400691595 1012.7963066668
316.4524732831 1532.1614262031 -561.9864718077
188.2934305213 -594.9585819254 -710.2078961319
1830.1450310994 -711.6154683867 698.3716470877
-226.2561779010 -600.9712301643 -1778.4940285072
-846.0832590054 -261.2728076373 818.0250640275
-88.4416049765 1454.3209122450 -1600.7955288545
-613.6203804074 -562.3040773505 1882.7692075808
277.2557807157 1805.4209351817 -382.2368124093
-711.9994338789 1314.1860497191 38.3754650569
1888.3110389600 1747.2011155626 176.2516704241
-1201.3211924822 1668.1443619370 -870.5604393116
-637.3785929905 1211.0152654509 1107.8525957539
-701.0696647569 118.4792500618 -1624.4796641184
-1092.9567372675 1810.3199156063 -1007.9314272721
-698.1835007257 1569.8371563133 1331.3028658646
309.9157221266 616.4342677852 -1787.6004243157
156.0349641665 -1344.2457603655 496.4836958680
1695.1889709632 -731.4512568510 -1322.1861621691
548.9072628306 -1145.2041271571 -97.6275475769
1876.3018032192 577.9615186363 40.0499962087
-578.7564237235 -1035.8259388141 -1023.0228135924
-829.0505389120 345.0157797638 -1852.1429687691
1913.4970818277 -200.9302937096 -60.1771879436
-755.4095674794 778.8086085486 1082.3642469019
-575.1001105395 294.7135395436 -829.9552046758
-717.3841574944 855.7166683798 274.7867456838
-1297.7891342060 -1850.7232377321 -432.2215372657
1838.2434203331 1638.7424082448 294.8019760607
-1400.3988133161 836.2575189246 604.2318330418
360.3043961140 1942.9960092354 406.6358300534
-267.0368322602 -1428.1405140974 -964.7443335857
-130.4551959605 -343.1231390715 -1741.4483601256
1052.1390669490 1437.4651398762 -979.3207589022
-1483.9625489263 941.0855082265 -947.5361277241
757.1746262795 -1295.3936500596 -1453.9728326677
710.1961379227 -576.2390471189 557.9089562396
-427.1042562384 -634.2566473193 346.7696905752
237.7133572420 131.2238928332 -580.2594070526
197.8402589237 -975.2040637860 95.3565973351
189.2641269387 76.7398577301 1046.3838586882
-1874.5332204641 920.6401665666 -57.4398738212
-838.5953384405 64.5360897771 -815.1959252060
-918.0520394361 -497.1194851892 635.2344074945
-824.9080401159 -1772.8817881683 -283.0383085437
-176.7111009691 1739.8452016125 618.9610097791
691.8873276185 -1196.8474297664 1718.0890363639
506.8655691084 3.3573674424 1906.1894869474
1478.8686323400 1717.3344774741 109.5569113123
-245.9177490217 -252.8954312628 1605.4497835291
-1745.6798294776 -1879.6239999558 292.4422828750
28.3802163214 -148.2180268755 1360.3632961674
1978.7265098159 1667.4581616337 -166.2417889515
470.4448909102 -251.5564297346 1119.6407993939
1699.7726595525 -308.6190013989 -868.2537708044
-955.3940273064 1609.0918938466 1895.3803790437
-679.4884392341 1295.7454883114 839.2522170450
-942.7384148766 -1659.9551458638 1002.7274532279
-1268.6631411899 244.3901779137 -1822.8568637793
377.5437718059 1771.0076547072 -1143.2756019115
-1823.4619680882 -1186.8674418464 -1146.1144682301
-1960.7226159472 1262.4140538103 -244.1146025857
880.3987321543 627.1122477315 209.7540586869
-1411.4947765364 -375.7395772575 8.6293977467
-643.1854730815 -1721.2459484444 345.9464224807
1566.2284598820 -281.3410689842 751.5776789733
-866.3851177374 1074.0726382483 -1934.9156619224
-698.8105499689 394.8185231383 1560.8214886430
643.6640043422 1097.1249569733 133.2479530897
1320.7751266009 1921.2979833157 99.3705580126
-1845.5604121578 -911.8101925789 770.3376647042
1803.1331291439 1821.5204683129 1958.7180117022
-1183.1686817219 477.2647309868 -1095.7298853265
-1574.2539308303 -367.4361047250 -1265.4199811116
-1098.6091683075 640.8814291769 371.5822176440
-1248.8229590023 -1316.3086192529 -779.8994232887
-1695.3242377403 -680.4743220368 -175.2812287859
-1867.2677048046 1870.1433050988 -316.8104413496
1251.3606701308 -576.8680155388 1857.0768453441
788.3523681065 799.7417152040 -1726.0687290282
-1728.3085797406 -849.4128447229 -1057.4754666057
1651.2410309773 1563.7620047918 -456.6875885274
-1968.0986434239 391.6639427926 -1225.4607353385
538.8043757826 -1388.4003596213 1404.4926479021
605.1244927345 -1719.5291779196 -1626.0595680818
-910.3942551179 1324.8616817736 -1027.3575313862
-1857.8487495546 -1383.2214739132 1242.5041688652
-170.2710992926 597.2793935824 1448.0234524337
0.2410078764 -400.9449284427 -418.3740726973
526.5769601658 -1441.3676864488 833.8293128639
-1135.5339050776 1531.3522941259 -645.1493420361
110.0479993920 -310.8404462016 1805.6334552633
-1235.9763237618 1884.1023921381 -1072.5516573244
-1746.5239787729 1658.3513748927 -1292.0921263948
-1416.0675022561 -272.9897937194 -1783.3098932078
3.9299581898 -1634.9964717304 -1953.8416479566
1437.9320961523 -1907.0369964977 756.5659285693
-360.5982937825 -1373.6016301016 -1474.4364565307
-1027.4357837105 -1477.1469907740 1214.6930515830
-343.3752284956 -840.5674057547 364.3753220311
1252.3875042905 -1157.2423985557 567.9355876496
-921.6968201417 1539.6773689493 -498.2475230759
-1884.7990378322 -1996.7432842113 -677.3556458459
221.5910910284 690.5288891118 -1323.1542173225
-554.8526939730 -1453.3018400120 -1996.5223232680
32.0526228990 1644.3045228399 -196.8210667580
-1094.2220207696 915.1413416670 -1493.2726135336
861.5673852683 -937.5363775259 1968.2784571887
894.5924286070 -565.2889798273 649.9880309885
1868.9644354576 -1879.8106120967 46.4474991754
-1451.1292180991 -1766.7220272601 -1905.9965266966
-1423.4592643239 1118.7561726488 27.6565826932
881.0118646906 -1236.6005650460 -1836.3774465085
-287.1206944594 1735.5993092235 -1239.9004515910
-209.5325476458 -1381.5272861449 1317.6828548398
1427.4818375601 -844.0202163937 367.8685569190
1199.5275702218 -1737.0904412371 627.8718819206
528.7104232372 -1297.0235027713 1817.2263392742
1690.2487470216 -1453.8714337584 -85.3882486405
-1397.2964980440 531.8301751099 1280.7608802993
-412.0589660808 -1394.4771453501 916.4441846479
793.2649134360 1332.2650381941 1931.7178736154
1604.8501936122 -247.5721151620 -361.4365880266
-171.9864035922 -104.7620237096 160.2418594495
1490.2752166196 1857.1410447563 -963.8228007138
-1284.2987569759 1960.9194457270 307.8398343302
-813.2767598374 485.2313037395 -1468.7605900004
1121.1790902675 -1971.6880317861 1925.7057136018
-998.8558018892 978.6217274308 -584.6622468364
327.4057684337 1030.8857216591 1710.6164007838
1838.5058557515 -1290.3992039492 1031.9682052235
-1605.4505465916 1487.0560052702 -1993.9561296486
-1613.6014702676 148.3162541550 1888.0900494139
-1068.9615187444 869.6933650109 -1257.9534524744
-305.8538280120 1651.5208185112 -646.7089471297
1010.9522222061 521.8073779496 -962.8612652141
1419.8684784727 507.5851824524 -1309.6457316403
-1536.3244194768 402.6345728785 -936.3834963428
-1412.1307400639 371.7622347343 103.9061221107
-655.0242252359 823.7797261649 -916.2280739529
-57.2451607867 455.2244238234 -541.3432966038
-1352.3357401086 -326.2877227097 1471.3818691532
-134.6517510424 1456.2845570972 1628.4624626114
1870.8326405344 -497.2379217843 1210.7653291323
-1576.0424771896 1877.4856450118 1989.3086330182
-1389.9241363176 -625.8622144193 -1797.8509888340
1177.7799770235 -1657.5528724653 -674.1790511833
-1129.3664421751 -1477.5018414358 1652.3966852201
-473.6588934383 828.0558491967 -753.3293197682
1130.0960228875 1230.5571894144 -562.0440753331
-1189.9721112982 -1448.8890336368 -173.0668826003
-1485.6977416871 1731.9668418012 -1670.8630510359
1794.7311569805 -323.9762068866 -1018.1380114448
1285.2309002629 -515.3615661804 713.3731090961
-568.6792452068 679.6760907424 -1190.8524327403
-821.2831829624 349.4415875064 50.6313623883
423.8134639446 -1103.9075476365 658.6277972241
256.3202648550 739.2628061226 -492.6686891078
1131.2199171673 -1541.6918840716 -838.3302509687
1760.2814299712 -266.2335860041 334.0885157290
-1890.7337489192 187.2166651289 492.6238818867
-199.5663133616 -955.0637704330 497.6394622591
1090.0340694953 -1277.9482713866 -1986.3136722490
866.2079702005 579.1898370046 546.3937933035
1596.8075266420 -1734.7635174342 1013.9873548241
-1222.0265674194 635.6322147197 1186.5795958489
-773.0541613895 1765.8915701096 -460.7298178485
-362.5931436863 -1588.0895094438 599.8674310173
-1943.7486122734 1289.3901948495 1124.7556522784
1365.1305381481 1463.4520138881 -26.5785420829
-933.1235620107 -1462.0487658737 -1131.1438108789
-92.3979139978 -670.5283679112 -497.0405616136
-554.2917750835 -293.0875903038 -1282.8514361922
455.6685712163 -1380.2811173114 -303.1878177677
-1384.5357199640 -241.2867586820 1406.7934404890
-541.7543070127 -1395.1269871381 -662.0218148239
-1179.4877517359 -818.4892381440 968.5396421904
1395.4499547762 1913.0068049999 885.9341787537
1776.1487898356 -1690.1195399491 -1595.3718427901
-579.9730684741 889.5017530201 -504.1968605796
1687.0403363907 386.1511109701 -237.4828262508
-75.2985114074 1503.4635122755 1228.1436111822
-1542.5921315968 -1948.7554019189 -269.4473955089
-1457.1066355853 -423.2386519160 -1009.9718805177
1329.0753147371 1094.5175246902 -1543.9140939276
-82.6002189338 -662.5931419055 -324.4457613484
-1130.0432523630 -1875.4882371535 1308.0512408564
-317.1916344641 1338.5524387007 -1577.1196199363
1902.8818912460 1427.8765068930 -1986.5507586502
1741.1631147826 -839.2803762635 -1794.5979995439
-1111.6691325511 1466.8518042836 1873.7994939180
1574.2306351980 -1429.3354047598 -1956.1075364991
1337.9898062060 -559.3762473534 -1073.2509562721
-1054.4471798509 -965.4303186216 1044.4153465458
-862.4797022962 -1643.7744442860 300.8062168261
1939.4670019314 480.8409545390 -1381.8217250226
428.0939505878 -1967.6193215099 -625.2904813971
563.2657364466 1755.4546978396 -959.4137989248
-1417.5482355094 1075.2016397213 -358.7321230015
820.9487477511 -483.1101957469 860.8737125478
-956.0951377199 1198.7078098021 -1913.0216067266
-1847.4801239048 1219.1358426689 215.3835196192
397.5372853218 1265.3910067419 -336.2073272175
-1815.9021080647 370.8992118983 1123.7025505595
1514.7868146194 -178.8037150303 318.4185970367
284.4106080900 1925.7668128782 -777.8754219225
-927.4939211035 -777.3910219523 -41.3513733259
436.0669007886 1511.0874582541 -1395.7155543736
-458.2414034070 -921.4354272486 -1758.2062146118
1009.6227104774 749.4564111694 -207.6970128476
252.1280569612 -1674.4728669378 -1991.3591403990
1113.5997035546 1965.1844788422 -970.7434848381
1160.7633826926 -610.6052106719 -462.9437835544
-1797.6838412915 523.8525300115 1533.8421289835
-1382.2197539279 803.6202529437 -742.2941736660
-766.7152079314 -1745.4930947544 1663.4862015175
-59.0950864982 -1471.0558460311 275.8484930583
1508.5474445411 792.4628791596 -1934.0351107957
794.3319339204 667.9114934923 466.0403242441
346.9894291900 1322.9578708465 -232.4925187693
1156.2600789459 -1554.7200443701 1037.6700974897
77.4174825039 429.1392809369 200.7791795308
-526.4028267834 964.7298419743 -176.1554141968
-123.9095167237 -47.9797652523 -1261.8936990835
206.9186361249 1496.1361332352 -752.4396797433
1460.4649631999 -1884.9240804370 -1926.9814391250
1303.5125472930 -1343.2523072538 -1880.9939482160
1575.2521136632 -712.2273229594 -279.8296641117
1692.9701616395 -1034.0073064104 1985.5816095198
113.2905087272 -227.7264544998 -1271.5022813135
250.0228934217 -1270.4447535067 -459.6152942239
-1403.9882219936 -1977.9996092204 1873.2368046994
1186.1196943057 -343.5631936326 689.0708757314
1285.2119484414 -1974.8501269684 509.5755020664
-1356.6634061347 -1809.1707914796 353.0213778378
1196.4890233795 -1544.7635225623 637.9655558905
-748.9068207571 544.3394215636 1484.0769628575
-1819.5088731429 201.8279914651 -1104.0257103739
-1654.9070988135 243.9481156369 -38.9758304944
38.0820704263 1831.0651606900 635.9492605437
-142.0925064613 1752.4857379504 1859.5110636614
1257.5768420210 -224.3854941575 -1220.3988471538
-1317.3914771447 -779.9472641278 634.5413964436
-1351.1829834969 1428.4645830101 -814.5935452355
-437.3713496488 -392.5333524353 -614.1238403588
335.7648116738 891.0197487188 -655.9232940512
-726.4322307440 -1753.6915892351 -1543.6142346121
1248.0607304357 792.6062325602 1353.3778359860
-1972.3628954359 -994.4823288879 -152.8936475682
-1564.3859610952 -1981.1592703054 1797.1916511591
39.5155560308 746.2486305700 1032.0261430614
-438.5441787005 996.8826797185 -665.6227201426
1634.7601941498 -1682.5655627909 1319.0111927212
1911.2010494154 -1633.5223408281 1732.6982962781
669.0550376522 -761.9677375833 -405.4607808767
1938.4644332822 -1992.7399880148 1803.5159745677
357.3508517968 222.2165686294 1915.5297321213
-669.4832725352 1213.3035782331 1474.7867551724
-268.4443628107 -1347.2723301909 -1036.7773105052
374.7695662540 -1489.3336650172 -166.6475241407
715.7425131253 -833.6172995160 -991.2516462440
363.8383697610 -1723.9935537857 1279.2185151751
-1417.0137725617 -1087.8264756546 1200.7222664461
-1904.3592588803 1021.0866156580 1578.0343409880
-1089.6520156607 458.1567653754 887.3586485270
-146.5212562813 1724.9371501481 -1377.1834316197
530.4497207315 -1373.1707423827 -35.1879871132
1209.0728702519 1339.7771200397 356.4331203524
1166.5370476194 -1556.9231717220 1424.1411964857
1772.7235413392 -102.3963102615 836.7047819135
-1097.5126926355 1391.9864135070 1210.6422291202
-1193.2065640771 -1809.7726294279 1089.0788623915
-1856.5670515136 -1990.3977829995 -324.0691158822
-342.0543284358 287.5946097493 -847.8468788365
-347.6068610134 -199.7020404442 -684.8363071933
-351.3919847729 -1541.4962453967 1360.6152458515
-499.9381937791 1134.8078434286 -1205.4877966142
-813.3836962086 1488.7593828064 818.9281915317
540.3910533511 225.5368470878 1537.3263487517
1334.6652228000 -1565.8441714801 708.5821035797
84.0078976279 1370.1339868358 -1971.2294193837
1176.7071149444 418.1970274469 -1803.8100822416
-1119.0501311361 1264.0848236152 1559.4707623149
-529.3342136236 55.2206359153 1621.8053696294
-1146.2750927374 1670.1598441526 496.8022214936
498.6759460593 1092.1601470202 348.1454383906
-1899.3365130005 1645.0131466987 -549.9060288040
-1328.7044906514 -920.1616462569 402.9961218533
930.5996243555 301.1521916895 -488.5851908066
-686.2788465940 -264.6965436002 1448.8194877287
1822.8334857675 -1997.5126977221 1987.3738839070
-134.9570956087 317.2649509978 411.0238936033
-118.6241122322 -1111.6021841344 -771.9285700776
-289.0388383165 517.6923192575 725.4511477743
102.9117558977 -1940.8475643503 647.5854543841
1399.2766750928 -1817.6563636832 -635.1999606290
-374.6890375996 -1742.7024795865 940.7794490899
-761.2602430851 1562.0797060405 -890.3213765515
-1794.1638813192 -943.9256049247 1348.5357452676
-1039.6886339091 -199.3414976921 318.0427940345
306.7922994286 963.5451865497 1497.5124311262
304.9989002298 -1016.9013343040 -521.3007869628
92.2105185546 761.5192372095 1616.9074641540
-1897.5200507099 1405.5771844401 -1754.3050084848
-41.8350860948 -1850.9970130676 492.6814333957
1465.5143936401 1846.8888863183 441.4512136245
-641.0763202828 -1081.6152883798 1638.7888262490
266.2670888820 -1888.5181835825 42.0972420113
-1116.1421842208 1362.5455771653 -130.6975889813
1210.6913821426 -268.0371410969 32.2786125669
1348.5226802091 -1678.6898587259 -1954.5522251033
163.6684654604 1707.5179365674 348.8617317921
-1111.5517236674 1843.9421450256 877.0030774580
567.2702964585 -351.2582048050 -600.3381019269
1095.1481780181 -1269.6082662786 928.5909698578
-1099.4241890703 -1379.3761116504 -1459.9461362000
256.0232176533 478.6798201546 -1198.4378092523
-1655.4887140431 -917.2814451224 1698.9487590309
1479.6568821919 -416.9975661736 539.5260398868
-416.8464020408 -710.3902299955 1016.9012898443
833.9646614581 70.4603608413 -1330.4205104407
717.8431284313 32.4826967268 924.4554482416
970.3455900581 1604.2779312897 -1557.6548261061
111.0670341206 -1149.2597394919 -1766.5492375330
-457.9107503871 570.3640354579 -310.6488577528
484.1145312474 1764.9653263460 402.7709430353
252.2867139498 -1286.8082370585 1790.6940580636
-1470.5704506740 -226.4498774491 751.0431910151
-590.0270188597 -26.9897928351 151.2701887584
1100.8650122691 -706.3612244626 680.2750193403
309.8265498566 1192.1291524178 613.4241962306
-557.0327235002 1995.7600334639 -815.5014296481
-1841.6627591847 -1106.1373404684 1998.3539304167
894.2549015315 145.4509234075 -1183.3587898740
-1767.0547208374 1456.0820192064 -422.7738905368
-1956.6549561496 425.3054052102 1076.1126321531
-1694.4737560010 -1177.2942859316 -1362.2390867460
1435.1450129971 721.9861974147 618.9634587658
-1057.2767387347 1472.5684570611 -1211.5992788789
-695.6970436999 1182.0448158270 -690.0432088294
-1433.2549176862 584.8055142564 35.3571332960
-1157.7650402281 606.0766035349 -1216.3618607305
1176.1704760023 -1545.2431406909 553.8007411840
1111.3719985650 -1698.7960993142 1662.5381720301
197.6580096615 -1346.0108407984 1559.9150388756
-1227.8190592396 -17.9939749777 -39.4765088347
-1729.5486052913 -1941.1245794568 -700.9700282049
-1564.6184547789 788.6408799020 -1690.9138102579
1727.0344776152 -776.8193739925 1897.2428348092
1546.1690691160 -1263.8148116571 -190.5538929180
-938.0247541775 723.6307391831 -1882.2376183982
-697.9427256748 1457.0835678912 -615.5778171608
-1002.4301749079 592.6118978566 1948.0267306622
1483.0727848396 -543.8432844028 1769.4210902595
602.5437228358 537.4215122433 -1666.4355178195
133.8630831359 1573.8880154060 1841.4013274900
385.8300028651 1833.9280714817 -1693.6286335653
934.1072648734 1239.2449956845 -843.8442863150
819.6028189825 -581.7009668370 -1158.6074695478
495.0914646490 1082.0385396733 1138.7323306341
224.2303626654 -1088.0365008309 -1912.3287716716
404.2745044968 -1331.9681827681 -1093.3689194843
665.8336651380 -1712.8259347336 -285.6432300008
1187.9110793130 -125.6576656401 1656.9383229790
1451.6720669865 -1882.3146572378 -381.4735207866
-1997.7132280805 -653.3169097610 423.7298267776
1274.2517298649 -1574.6198335026 175.2418985408
-536.8259311285 79.9867640863 -399.4048766815
-739.4085391080 -913.9321739157 -970.3406883114
-592.2097141422 1906.6677832824 -914.8737629968
213.2013520190 47.6750336306 -1645.8170840579
-1830.6809524521 -1768.2993297546 1754.5300992662
579.7032062457 1925.4845660211 -1769.7985373104
173.7261945331 -1679.3333288652 -835.6209538299
1480.0636827866 42.7174793452 -573.4304112001
513.0427581715 1787.1308403199 -848.4522070194
778.5167956949 1344.1533561883 -326.4642014509
-487.0904892906 1557.4716724163 -1617.7497200813
1594.0599338085 360.1047481347 1556.0393330644
-472.4419076250 -953.5266307975 -296.9300863258
611.3975976399 1440.6694212914 853.3794322501
1895.5531678725 -1749.2981150410 -911.4699914183
-12.6236813284 705.9021548163 -1185.4207617380
751.8857651311 -393.3856817356 -192.3415090903
505.0229288667 418.3324499673 -1450.7134146850
932.3205900867 -773.7170134676 -56.5793897147
1672.1119236104 636.0445865641 -165.3070284179
-1094.0291194705 412.4191693961 1744.5001840224
1945.1941607016 -1227.6335240707 -44.8843547516
-1310.6073334121 -1346.4571384360 -1418.9447272158
-828.6893146883 -613.6090731407 376.1972593604
1058.7678439892 378.1210298359 -956.1372326899
-188.3462721746 29.7740029199 1091.6422388063
979.7604559283 -77.8981897625 166.6527503207
-96.3152657080 -423.5240716673 -393.5921308868
-338.6471106365 -507.7196614124 1806.7397905514
-1855.7070635563 -760.0320519494 801.9950100744
-1902.4324233751 711.6420847285 1790.3556133834
373.0776634190 -1155.4780691860 -1663.9974643745
945.0896350849 -909.9084114274 1936.3164698674
954.6375587683 100.8308837232 1612.5814057825
-1346.9360133778 -1030.4457919806 -123.6215755102
-1213.3794824955 30.7755655005 1315.8790565556
-945.2816230479 1163.9572313386 1283.2416245593
-1992.2689790491 1601.1640576131 1132.3966681502
-690.2815970631 -1953.5587650871 1758.2255952123
67.8917249278 1717.1615108347 -896.6782514021
-546.6270110026 795.1395150245 -670.7166610223
673.0112394121 -14.8977160685 -78.8319386883
-1040.5456060264 1302.9245329830 -1445.7332282703
411.9202973296 861.4724151887 1964.4181022242
1500.1562678889 -1509.0104994725 685.5985457000
-1066.3828191534 -1074.5110815769 -1192.4138027026
-30.3597026504 -274.9239815792 822.2834097177
-231.8491459832 -777.7448946999 -1071.7266420106
1342.1165448283 1336.8090441920 1577.1904068201
39.1769894451 252.4345691550 -1768.1202291033
-662.6564887978 -1786.4097772778 875.2016250114
1316.8029960975 -1046.7400165234 987.3193436869
1471.0981841384 -707.0512162979 662.7534917102
-1710.1263847901 1855.9860510503 -964.6725419752
-583.3511933320 -1203.7577214975 -1435.8269608446
100.7284564612 -1568.7549018609 1610.2576257909
569.5768963399 -1649.3437398985 -41.4031936276
-723.7625912009 -1544.3426969745 -41.3314966405
1205.9742507758 -1033.5964912271 -1491.8986968371
940.5479122377 -1873.3494022679 1455.4455340469
-601.2340111310 -1264.7755957889 1519.9657815349
-1797.7166757917 -162.9621928655 -274.4590817166
727.5872062661 482.7448126105 1707.0842292701
1276.8916852689 -203.0228757233 603.2622891764
-94.5738873590 927.3556231864 245.9794941555
-1744.7491432082 1350.8078786104 1302.2432940590
793.9761685798 1793.9152875881 -146.7987860623
1150.3820869276 853.2990023841 561.1554770319
-1409.9683443363 -405.8475889041 -1379.7435729663
-1081.5768635963 533.9043941902 1434.9817898301
-262.4970532820 -1053.0472743686 1665.1014817419
154.7634533897 448.1725452883 273.9053986153
-975.3635770247 -935.5193031644 -1805.8915833964
1707.6930766758 458.9224175844 602.3401764824
-1978.9824139165 -544.7920540552 755.2242527137
1594.4464338353 102.0846789126 1908.7593362723
-1602.8236336741 -442.7058582056 -942.6883677940
722.9340095424 -1700.7617218580 -1190.4462608884
1622.8610757369 -1443.0363473264 -968.9227269272
1190.4435675379 -323.6617711595 -1404.2361482690
-1465.7022395993 -1483.1777823809 6.4796036050
-1158.6827771710 -1103.0809127263 713.9952647373
943.8808917848 -1226.4245025610 994.9492281855
1755.1049847180 1574.4047907056 -1438.5210871755
-1884.4542716268 -1132.0440431628 -923.1348031013
-1887.3428880428 1718.0369100077 -1534.8007185141
1319.9836978460 1663.2809238568 1541.6789706037
-936.7539478871 424.5443255328 155.3930661928
-1474.3212556690 -1450.4584719816 1745.4133093199
1674.9267363616 -32.1600807412 1860.2835433660
-1526.2874705133 -242.5278979341 -37.2499290573
169.8993305647 640.3693680805 -629.9615303996
-373.6619665052 -897.2074402587 -791.4199923757
-946.2201544247 -605.7023444840 -602.1044373193
1657.8834354880 621.2828592999 -1900.3616508466
-1797.0748767259 -1526.4171892323 1150.6582107946
-371.0759284059 -466.6457606780 1159.6064030353
491.9865551538 1102.4420134277 -1233.4093292195
-1313.2314959372 1686.4337751072 664.5086887200
-662.2380636063 411.0014468463 1719.7484496777
-810.3394749038 1201.3040350762 -1096.3234067352
131.8515168641 -740.7930658249 1900.1143112835
1622.7293366663 408.9512457643 1687.7858255808
526.7252199294 778.1770241699 -1487.4314038874
1375.6993502051 -1290.3985896380 1963.7380510120
-1528.2203749284 1535.3673853948 1981.4995784207
-1752.1224501133 -1045.4977271156 1496.3332350122
680.2302665861 1589.6586287865 -600.2261155980
838.7936218720 -51.7699771735 1361.9775780637
1207.1253005034 -652.6664503449 -169.6121823131
-531.9878100498 -571.5028868334 -90.7328361979
1219.3587531338 -1935.7346659432 -230.4700961563
880.3811224325 -954.6500356084 1345.4358610293
-1612.8513342746 325.5898919305 283.6255495101
1610.5470596357 4.3327345374 -1617.4293947042
629.9223280631 -1791.9938147971 -865.7554933019
-177.5266542520 1398.7937229917 532.5686941590
-1459.9431597349 -1394.9355988255 -1735.0449184152
-1770.0882420760 -1329.0331386596 -1122.8529052268
-90.2864200410 -248.7005282509 328.8763348012
822.0508447978 856.3439267400 820.1303745232
-1985.9981809360 -1084.4621795652 -607.1158797204
1118.2250426945 1188.8892478575 -674.6538338378
-359.9041805368 -1803.2782715980 -1869.2572899129
1958.6914325764 -1076.7536686947 -1990.8409324394
1184.1033619616 1010.4579942465 -18.5945739833
375.7313027357 -323.5994548906 -1801.5781946237
1235.7629244848 -1806.8942802389 -1115.6658849872
-186.3312150168 1422.5087486600 -1707.3856592753
-769.6315586606 -1398.6196205297 -523.2037617635
-249.0305458153 474.7983520758 -35.9414980362
1117.8898909914 -1034.6790310269 702.5488384162
-145.1604411674 752.4275981515 -1097.0110578416
276.2136622712 31.6513201632 1595.7726578065
866.3645820974 887.2648426573 1053.1250061572
-1642.2230996895 531.6232203244 1132.8984282745
-296.4871597780 -365.6128515666 1868.5172946348
-656.2961534347 -130.0219001808 1293.3646052613
-1592.4095150210 1474.7095915995 190.0367589538
-391.6442748842 818.1011961313 -482.5034566815
1302.7182687586 -415.0395849330 812.3434100024
903.9529663822 -1124.9846693126 343.1266842649
-261.2193338339 1125.2843131002 -1545.5885051400
695.1009829169 -613.1545865027 -1291.9121593757
575.1402365010 -1505.7468252922 -600.4314907323
-142.0544001268 -1808.9284336989 -1650.2210412360
335.2636507602 650.2785944518 1920.1363238700
1987.7127022029 748.2473626205 1530.6331874563
-18.3844477973 248.3523914016 -249.5591551329
-1547.5540028278 -336.9150513793 422.6536767159
206.7298820020 1772.6727692056 -1037.4251392943
1014.4698751000 -1953.9323964088 885.4270673219
922.2957667617 495.9200293423 -1513.7833181617
763.0316843458 1682.5503894773 1850.5062284495
-440.3707489236 333.8928273164 1712.8029977040
1695.2897860511 422.7654607456 273.8095561074
1805.4893072668 -354.7644661821 -1546.2293339546
-1251.0230232213 -1286.3273434974 -1681.8912966638
264.0628173797 -1818.9460255187 -166.4498217468
-517.3319265770 -904.3627821318 224.7432433334
-408.0982294985 1308.6885536418 -739.7815862291
-1343.7992505772 -1109.9941963014 -737.6410931093
1071.1000524466 -757.6465169004 1731.0406905651
1421.0289307492 794.9758523717 -453.0588640810
1122.9791921207 741.7850200071 862.8710644972
-1019.4263825514 -920.8788096037 -1285.3907961219
-31.5163315665 -1749.9522930911 925.3623750908
455.7779211285 -1764.8888467098 -1945.4704182180
576.2260332996 -358.5023251778 -1490.7784936873
1821.3954318850 1917.8562066626 -745.5979372478
-190.4717826041 -1478.7120506722 1212.5308550037
-982.8788511326 -1787.7907529815 563.6299506410
1953.8114670985 299.4720184098 38.0347199212
-711.8939571470 794.0513436390 -261.0153288328
-183.9027609952 4.0431960379 1854.9141457615
-1703.3592603733 -918.1213684690 -1953.1742727736
920.3734635100 1979.6266445157 534.1589962045
-1063.2014622352 879.8651468791 1390.7014764721
-134.4046824276 121.6816213776 618.0070479078
1726.0330320998 -820.1204065523 333.2883529896
-1444.0810588059 240.3980698466 -1257.5799238335
-1647.2099114260 642.4492525023 507.2838289303
-942.2932753358 -1712.7785276378 -766.9506163876
-707.2922809512 -1483.1612778648 700.6183518054
494.1771955903 -1571.2994180986 1199.4679469308
1456.8932496542 -641.2871914058 1436.5095654632
-927.2383029703 -1622.8971743156 -1857.3753845627
657.1020688367 1431.8112815399 -1988.2452071991
-1325.8053227441 -1215.1957311175 610.1543328134
700.1682532246 -1725.4417246272 1111.4431829178
87.3921913225 1168.0954370638 1566.8124668048
1846.3253681027 -166.0017302397 293.4707180395
-1292.7838691897 -1794.2854906599 1582.2140816972
1614.0932062547 -1319.2899324745 1196.4614091085
386.0365997492 -471.7598547290 430.6101347986
-1202.5297720318 -1604.1420042290 -67.4737760148
-1815.5654083542 919.4133063735 1313.0415721894
-75.8425570020 984.6665073062 582.5630495304
407.4197346127 1231.2646026270 -721.6465355816
-976.1608263999 818.0650285861 1537.9393806230
-1923.0406964488 -559.6371606874 -1814.1913526828
-1032.2358067281 -907.0549108538 -1253.5932539983
1964.1478911415 339.3736706965 629.6215770376
-892.5614643494 339.6766095424 877.3118369959
-1944.7604504870 1681.3122733065 -781.7068317850
682.1396684171 1053.4279561467 -1500.2645220324
-166.9069508734 695.0751664827 1650.0770666830
-790.3865309253 -1405.9823274806 95.0733615439
915.7371429894 -572.2888489356 -105.5159140894
-1489.8696811660 -1930.7424160897 -1261.3120494169
1999.4203905777 307.6048378246 -414.0107447023
1303.5481212723 620.8357380523 -1011.1627145281
1395.7181524623 1316.5643396083 -1814.7069305735
983.3714261675 -962.0673423251 626.0876994817
1137.5955000956 -434.0538745264 269.5860917709
-1526.9398480140 1763.0856034133 930.9417166364
611.1355971526 1516.6508757486 744.9963064975
1940.3686892790 1611.7121159507 -1940.6418001434
-484.1037639016 -1899.7076348521 -1831.6350983522
391.4850851311 -851.2101946202 420.6786118340
-1858.8401350290 1577.4632578714 1211.4518935762
-1026.2507767001 1187.5783566763 1245.4277053289
-1317.1477447839 -804.3130459291 1567.6979694573
431.1448498817 269.7593483487 1265.0499105757
-697.2295605729 -1133.6445191560 -1961.6909953925
1957.7584083507 1950.5745780295 1941.5148608152
-372.9341318381 -204.0180399684 -988.7960827695
727.6823854442 -153.6972976496 -474.5102430226
1692.4393456171 -879.2660199420 132.6661134911
1688.7165617367 -42.3330721174 -1974.0823834275
-971.7850373999 -357.3672908676 -1785.8623961403
577.2691874926 -43.0856806427 -891.8934183163
1983.3055145530 1331.3340356092 -991.5059999672
1768.9370163474 1069.6140982895 -1424.2489164554
1384.8207011344 -1683.8394775645 -243.7629795832
-195.2651597985 -1573.0409813058 1109.1556777808
-1284.1592568157 1905.0415633041 -1848.2971543712
-974.0653489280 117.1859305082 -779.9689307448
582.9871910926 752.5972204988 1499.4859588988
1671.8921483355 1158.0742994336 -1550.7957970481
1332.3461309654 1230.1270448044 852.0335751033
-951.6543240128 1290.3429581774 -1701.8699064715
633.5070482392 1231.3765472456 -1495.5342769608
-255.3548190387 1717.4252217740 1474.5226613525
393.3386204941 388.8472452012 -342.8530439660
438.1232222680 1727.9286868853 1491.8497952958
-183.5968433425 -889.1727670128 1203.3963701724
-563.9855913364 604.5934900827 -1575.2856525457
216.8999600059 -1252.0034538407 -487.8918191000
476.0602340461 1160.1221880986 545.5130477362
1155.8679504090 -692.6376422192 -772.9133344301
934.9107736605 -1202.9146421446 -1622.0588979307
402.2210116036 -1490.6489335691 -65.8799254332
590.5910692541 858.3088498576 -985.2371883182
688.0715075155 -1605.0996175716 -638.7708903589
201.6064144212 47.7854369348 1353.4421597324
1900.3985493179 1365.3329645012 -9.3428339570
-1137.8038737795 72.1194679767 1914.1281778847
-776.1358661019 962.8124704742 -732.9707247407
1502.4740311696 1713.3718179848 -387.0708595154
-85.3468732110 -778.1456850384 913.3682459504
1153.8556217837 -1416.1223293518 809.0109327114
1712.8244893393 -1454.2673078241 1981.4251930764
938.1648750857 -79.3731153491 -1582.9661840257
866.6399371564 1286.3597298721 524.6517365939
-1705.2546949576 -44.6373626642 1529.2445604153
582.5892263856 -1042.1144186851 -1446.1103726547
-423.8130443687 425.3375530635 -709.3888409562
1942.9106113691 -401.1325533047 856.2041717770
1587.1234033405 -1872.5500867888 1759.7473390418
1104.1937679771 -1305.1737883734 -1896.0619671857
608.6372002777 443.0003979592 -1564.6674725956
-1782.7947721952 1274.2381434770 -854.5739153717
-1490.4468866779 1551.2733449236 1015.0485159627
-1346.0361917462 -531.4220618254 272.0651336754
-1045.4053810636 -556.4671425479 1488.5717295991
-220.3332700819 -309.4481750534 1504.6023764401
-1228.1018269714 107.2338358934 -418.5682214672
775.9043026703 -262.4776043918 -1498.0323561157
494.3477133208 1313.6601432481 -964.1796833530
1353.7942924022 1765.6679144554 -564.8256097962
-687.0359519604 -862.5910203950 -1519.4142140438
-533.3727822940 436.1222982339 -1617.9754578000
422.9829515765 559.4408422037 318.3864254181
-487.1260523145 -999.0356526562 89.5643242967
-597.9735627692 405.6177830713 901.1004390061
-730.8978380266 695.0194671447 1359.8986730146
604.3409215275 -1655.4595410264 1585.1307993543
-7.4702077314 -1344.2206666290 -468.1860772561
840.9343407423 1661.0874503278 -1908.1548006205
-1658.1947788980 1835.1415686838 429.2810100812
506.6830395164 -693.6500011157 1184.2571778319
921.2901243434 1364.3061215677 1640.8367539549
-118.9741356160 -1198.3089432787 706.6647381143
-453.4656310053 -1481.7903860768 786.6220170871
-1678.2296006613 -184.3320988344 -1009.9221752642
-1838.8572356754 151.6642775340 -1544.5481936854
-1252.3349326745 359.2793971097 427.2604793714
1504.7151688836 -1134.1928881151 -221.6819766100
-1625.7054388159 1988.8849972110 978.7624819824
602.7307317951 -862.3081706145 927.9891874689
1353.6985835538 1849.2151759667 450.3392476789
-728.1916624844 1637.1608882132 1323.1810283749
-421.2330347965 -1399.9173700329 705.8503359145
838.2538150801 -1456.0949661439 -1445.1490282409
-1801.8355420112 -120.6186943215 -975.1421270557
-683.2860836854 -178.4213862443 -1889.5454914389
1994.0383755953 -565.5249682284 -925.9904460513
1183.7331107648 1026.7276510451 -1125.8911355942
-1591.5327577287 -1099.6650869142 351.9943236278
953.9407517594 -1444.2827012839 484.6678968310
-1273.4225970633 319.2636626813 1680.8445365790
1675.2569553733 901.3316982269 -1543.1642085785
1406.0158418008 993.0228125124 -594.0542313332
-1317.7642710920 51.3239787478 25.5086323851
1097.0166605115 894.0004135819 -961.1738599193
1306.5035525555 227.8002076844 -941.8810525771
711.0341549397 1301.0639782501 -164.4628025457
715.1660555760 -1879.7966869468 578.0556049061
1831.6175211934 241.0850158647 102.0503006648
-93.4010633501 -1081.6948294544 -355.3303647713
-1148.3405646866 584.3406641649 1334.4167184534
-137.5785398258 1827.3917633392 -1135.8754490845
-1113.1620578627 1509.2879428203 -530.1765082982
-958.4502763642 -1603.1579078774 519.1652387166
-1300.4872991686 -880.3405388827 143.9975018596
-1594.8138551234 -1097.7420167958 -843.1939895791
687.5066212854 535.8172344023 1451.5963538779
-985.5553553044 1295.4373463827 -68.6422347496
527.1959301120 -1382.8582558853 998.6673067857
1418.0175009895 70.0433071572 1787.6300557780
-230.3702841230 1212.9534878057 -649.6264211028
230.5353988202 -1734.7435255346 -509.8292903542
-935.6875588298 -137.8961263240 -852.4991613827
-921.9744341820 1814.1665287236 208.2464420842
-65.9793382089 842.1313959391 -1685.0808234500
-1665.3068671613 1274.3178585763 -1582.0487721625
2.0386884804 -611.7079110620 -515.1850959542
-1380.4275937442 468.4239370597 -1742.4544228964
-1724.3727997808 1408.3665174672 -619.9744005896
326.9065810848 453.0246103323 394.6821518296
-333.3091942146 1561.5210386900 1164.9198999012
-1028.1957241452 306.6132537267 -27.5052639272
-335.4625207733 -1280.6693722861 -418.6382470315
1126.4539761279 -627.5414202935 985.0255758409
929.3772323191 253.2943432997 917.1847206068
-908.1491131027 -1953.1048188356 1140.4669570137
-1723.0180652796 1358.7164014412 817.7897666965
-1038.7859667311 -382.4511226997 1807.0609796450
-625.5498222550 1616.5308716446 -343.4564307615
-523.5416610811 -1550.9192115080 1755.3611717191
943.7548002411 -204.1337390679 -890.7767799531
1809.2690160807 1359.8537614005 1270.6620811103
-36.2014621980 683.7389944991 1101.9198115289
1848.9354681602 664.9897388815 -1993.9605752284
-704.4995501136 1900.6277086255 -914.8661836235
-540.0317019159 -293.9649033161 -300.7985851984
573.1813835743 1509.5170715534 -167.2583284527
-1706.5867672884 -1044.6661127112 961.9547844152
61.2843106836 -87.4373742492 923.6400312754
-32.0524069326 776.7909039338 -1687.9758678994
127.3806373422 -1897.9259831082 -973.6585813374
-401.4484860781 1013.0267594756 -517.5096303462
-527.9078623729 -60.2429454432 -836.5737969098
-1374.5336623244 21.7974802059 -1316.4103826244
-249.5680177888 -112.2817818281 669.2856881976
-99.3921991521 -1577.8278093450 475.5988079376
746.2262880994 699.9366201350 939.8554875317
-1491.0224352629 38.4014361072 -440.6802302912
416.8809656792 -1328.2732165934 -1709.3656637130
826.5083887627 -1431.0617011056 -418.8308600057
1878.9023014141 71.4618284508 -1717.8617649952
-1296.6675224615 -1365.5326863903 141.0053212435
-239.2354915975 852.6914053178 213.4680741359
-468.0863395743 -968.9250363409 672.0956179044
-545.9716575881 -416.6116605347 438.7095850029
155.6766618915 603.6001065206 879.2130972372
1812.9179829344 -1940.8146847499 199.6420253376
20.4475978401 1314.7086270505 -149.8473700538
-1154.2387634266 -1356.1107992792 -680.4028292392
-1216.6517164301 -646.3679086958 -1982.7792261622
1523.7799972484 -563.1565075282 -372.3472550356
-1442.3132679265 1553.0978519202 392.1055215698
-492.3314920665 -1046.6711865898 -1330.4620971198
-1200.4337329050 208.1845329598 -1252.1727959322
-1788.5947723080 363.8001346858 539.2100266369
1343.2036374334 -678.8492638143 1153.7670534597
-382.4072022243 -293.1382558367 1633.7267222669
-148.7802726367 1087.1897946659 1508.6320543307
-1643.8012767311 -693.7487333376 -379.3625077886
-1715.8680609027 -278.2073161072 1344.8179856110
1821.8505565396 -346.6282532801 -595.6079586217
-233.6674165747 -360.9690224380 -699.9132067227
-137.9042892558 503.4003564042 815.4805301887
-1597.2929288065 1490.4291652121 474.2773355040
-374.0263877918 19.8094005296 -1694.8317211967
-1413.8136267148 984.2755103359 -1367.0111475329
-578.9095178134 -919.0658031928 1831.8000575690
109.1712537018 -507.3128421103 1971.9731702883
923.5381893797 -425.6259947809 422.1725574944
1585.0178573668 -399.6244791597 1462.7021181376
-1264.8218391541 -975.9326124624 778.5355660130
835.7294928187 -1207.9256730931 -226.2105095057
-146.1298676562 1342.7657004953 779.7210474964
294.1961106029 647.5441659940 51.0169055907
1355.6714857548 1781.3949306139 138.6753509980
-1703.1462764966 960.8883830590 -1287.4941554383
1226.1122962227 -662.6199842926 1988.4917879342
1517.5768665434 -1773.6823609626 -1952.8757203722
1525.8935215189 746.1142841864 -1557.4411602963
211.5089163702 -1406.4666695209 308.2930312473
1068.4323763237 -1050.0149680935 1952.7740470358
-1363.1968649641 1232.2782590660 -601.3567942945
942.7579636757 -1046.4305045364 -394.8934506606
-1992.7610802181 -508.5588203442 -636.6182105819
1109.4937319228 68.5912538494 -883.1399194584
-269.5443761908 -511.8665169458 502.4293884919
935.3383782256 538.0671360705 -918.7510330537
581.2967278765 1624.8827495175 -1277.3128771980
437.3837977869 1472.3465097256 -181.2791174582
-1531.0270005624 -262.7313726895 304.2159966205
-682.0039930929 -1105.2594083348 91.9258811866
1872.4663125910 -322.7234271032 -1705.7061475414
57.3256959068 1041.4456275100 -1065.3760797856
1515.0099149492 -383.5383435215 1966.4772273336
-750.9420384638 1729.3281150554 89.4720603358
1437.0474204929 -923.9995963595 814.2014884744
1894.2386907395 -1201.2630973368 1760.3232326393
1014.9747249621 412.4151288982 -663.4804865595
583.2823380779 907.8424008792 240.0525168549
1341.7135493766 -1984.8495392631 -1357.7512962181
-1812.1809920372 -377.0340444279 -1843.9362488476
-303.4865678374 -386.1523688486 -327.3602353812
-1047.1792395345 -1492.5468690579 -1686.4696324057
1793.7336308661 382.6172689232 -1366.6252834063
1894.4958208120 1997.0405452862 -100.9395088162
87.5801463394 1228.9406069304 -890.2869018934
-21.1056887134 -473.6684038590 -771.7942380452
-947.0415820452 -1485.2872144040 -655.0213524555
1785.2984645534 -1101.6800120984 -1359.6961027933
-1842.1507272603 -1237.3711451996 -1714.9761609896
1332.4985906577 461.6305441903 -1068.1356893041
-1627.4003961137 -138.9309583982 348.4976063671
-742.4032059450 1225.5474110933 -1398.4338914003
-657.4175589242 -1340.2912082032 -1625.7813770929
-1376.8969546244 969.3341993791 1799.8805377586
1507.7812059769 1893.0161510076 -306.3140858158
-1757.0596968491 -1177.2226906061 213.4140731925
-1466.2006600374 1481.9555614508 -686.3338898408
-1481.4351290139 -1794.0433997432 -784.7832893670
479.3066407149 1041.6594848119 -1254.6929185293
-616.0955795304 190.6735022809 -651.7193158034
-1745.7481776946 433.2270848466 -0.4025509058
-127.8702572743 1315.8537185975 244.7949621093
-582.4657950609 -1175.0399056814 626.4122479770
290.6011682900 1990.2857415869 801.0674094492
-1850.9743040793 -1186.6178199878 1750.7766658451
1787.7366002852 -531.3870332860 -32.5559446660
1272.0196902648 -78.5671172891 -1235.3957461634
123.7153013878 1716.1869312091 443.1678274742
-533.1851908674 -1134.8675161450 -706.7757282313
-1767.1149680863 1012.4417029725 991.7186663860
-1915.2746881506 1826.6044873867 20.0843268771
-1946.6081952876 -1436.0061597036 -694.5413717033
-201.3214346462 -1682.2064521462 772.8589346998
283.0841304311 826.8058793291 -1900.2819294041
305.9910543795 558.4206269829 321.1076509897
896.5918168342 1814.6649615608 -1355.2929150729
1321.6089886973 167.4062705108 1027.5458636397
1194.5459821901 923.2116073234 1601.8324414075
1739.9420728494 -142.9886669895 1222.4680785152
1737.0111417323 1803.4788544599 -1758.8915882289
-515.7577975302 177.0618953985 -392.0514011457
-1221.6204370517 22.2759270674 1305.1544936670
-363.9148833382 -1658.9013405673 -1063.8071515411
1373.6934226742 312.0051807055 349.6858366040
-117.1795379957 893.0444268064 -661.2165516494
908.0347086022 1505.9905328499 1785.0803494661
376.1533648720 1729.8613556455 -113.1344777515
-128.7577039912 -1651.9426807848 -1977.2617479863
-630.8142451889 1113.9941601645 1777.0830751156
-1631.4275961345 -190.3005046350 891.7471935392
-499.1891411358 -1783.8392409654 -792.2406604213
1127.3483151166 -1142.6883772460 -1685.2815619294
-1040.1317420780 1821.3293415198 -300.6480237793
-146.5228816986 -1166.4006014194 1123.5227489569
72.4108261191 1805.6255293107 -1890.4830899964
-1398.7105724788 -801.2716144993 1865.0310234396
1406.9585040452 682.1470065058 -210.2426440616
1877.2411439914 -395.0869925507 1552.6574768586
904.0638981855 -830.5268991141 -1074.9321789910
-1089.4247113690 1735.1089123108 -1847.0936993260
-191.1370268453 -402.2871443562 985.7567054395
-1722.5370458531 -4.7694954513 542.4229976332
527.6824200574 154.6985084893 -1364.9115201560
531.6668797223 -1038.1872626336 -1413.4500653342
-1954.4600617387 -1783.8961520839 100.3879553903
423.6358024063 1657.7741459690 -764.6938212821
422.2353722812 -947.3114283539 1185.5867183662
-454.2452244284 -1437.0250742066 -1814.7390923890
-1390.7943593133 1453.5578482078 -141.3493212685
-1130.2634176528 -977.9857606278 -496.3136608811
-479.6946649691 1600.4330740376 887.8956043772
-1600.5440625017 599.1652079653 1399.0380808989
15.2872610917 789.5028122446 -1276.0323820212
-1795.4443483236 165.6648749103 -287.9459053931
1897.5744330088 61.7234456780 -936.3108361294
37.2273173065 -1420.7823925220 -1207.1754959499
1793.1872614593 -1638.0261061087 1973.8063002206
-634.5716485231 1429.6879239808 -464.1641907270
1091.5732256878 1449.5626413382 -1215.5486703215
1577.0404787051 1520.4922843064 793.4589336702
-1033.5972664334 -507.2542478583 -253.1712201600
-1240.6699641568 1549.3634196676 -747.6966649538
1657.4586135104 998.5286772658 -1688.4176383951
-936.8432175002 -1382.1239475528 1019.7919093224
82.3210433195 879.9991587163 -1041.3179455910
978.3483587750 1112.9671377662 -1161.3936205453
-409.1987273299 1458.8756618203 -1977.5555101307
-1831.4778421219 1918.4768894468 -1284.8917293408
1979.2947288119 -347.4556047860 1859.6040500194
-324.7347776012 1893.5213890820 448.2739950305
-1364.7512310372 -1077.3352398918 1984.8355824800
1073.3506564436 1705.1591540802 -628.2685209438
1403.3681005541 -363.0019299027 -1180.7966092045
1239.1748850139 1506.7428242345 -1063.4565796769
963.9912607441 656.3598824272 -982.7457084550
-785.8924140205 852.4756518032 -1670.8476526188
579.8079851067 -1641.5719746810 1328.2300334309
-663.6071269974 693.9821743546 248.3610240232
-1486.4121646547 1729.2069337995 -189.3069817285
-723.7927736838 1611.5340443615 232.4603913926
1249.9693175941 854.6435521664 -1858.6065631057
1235.9195465632 1132.9164980686 1111.8100133444
1131.1350051879 679.5788232481 1092.9520368276
1234.7036131014 148.4004758762 166.2766679570
-1862.6390839735 1280.5960084745 556.8305786828
1509.2824166072 -221.5136156843 1869.8712269581
1138.0605627518 1253.2783350501 662.4805398379
1274.9702111771 1869.3212709777 -213.2061460537
-581.9347742061 -1857.1297192806 -601.4369032119
1550.0814265388 -580.1857154548 1005.7748904393
1670.9847513471 1743.4385512294 1820.4650088750
-1018.5658726954 573.3766262562 1779.1792862052
1237.3708031598 -519.9559002083 -1512.6280215761
-650.3040711113 -460.9195656164 577.9524403791
313.9367498965 -737.4788871646 -1729.0201677127
-1189.1074536830 1001.0065019164 735.6046400366
-250.7458314815 -1913.5766790885 -1277.9407193026
-979.2951807818 1904.1889506568 1255.0781102628
-246.6787855296 -1365.8112380266 486.8100154732
78.9949967240 -501.5731149243 -1034.8157936660
-95.3922472566 -1988.9009589198 -1841.0052206909
-385.9759858259 -470.3577433919 -1386.6951738733
1675.5890941652 991.0640463519 1582.5097327823
35.5301607826 1235.6785114828 -781.1555078906
-1581.5186844493 745.6396895027 -294.4283313215
1976.2830230778 1229.4484186638 1178.8620219077
855.7910510492 -1763.8478145105 1198.5252565594
-1332.3404905677 1046.8791484450 220.1428551696
-1345.0937089758 -1216.9615460378 602.3721175285
1500.8090792932 1550.9019234749 -280.6276190376
755.5894092105 731.5596189498 1780.5477674833
-1151.0300535977 -1900.4549469920 -930.0288664436
-369.3791442507 1272.7158538122 -1108.2453140423
350.4411896380 -673.1619223742 -1297.0422989672
-459.4459902539 -1179.8874358639 1422.0532655566
574.5569083511 714.5497499912 856.9891479789
-1886.8375257287 1345.8028761354 -449.1179928657
1966.2448318279 -1244.6518458904 207.1938450323
-1463.6261161156 -730.6666213503 -952.7072082571
737.3223108486 -842.4288151331 -1491.1738711980
277.6494845473 -764.8582433266 -93.3454162925
-1773.3901029599 1066.9106808858 -1356.2338704452
251.1134408045 1058.0527116640 178.1965925851
-420.7533796531 -443.4082523417 -264.2128551801
1736.9541936267 -1935.0854034026 1254.1130517172
1302.3301144900 -1116.2988937018 -513.6248505462
298.0745383455 1949.4746296787 -1505.7926452460
-50.6625436214 375.3659388352 -1435.2678223917
-97.0860114481 -458.5579965672 -1424.2863802041
-489.0622266097 154.2171254577 -579.3889423748
1828.0364311373 -949.0917358596 1400.3180629991
-1603.7484987817 548.7656627557 -187.1304027022
286.6454613834 355.3341270661 -1910.5626601898
-1175.9488199440 194.5440191762 -533.1032777297
432.1118813235 1905.4839442902 -106.4672628265
-95.1317630887 -572.8310359216 1836.9834231614
-1306.1326419277 97.5147621308 1565.0696633046
113.8799079791 -778.7490954786 -931.9026667018
-1995.3807833888 1280.8122407692 -1896.7347597807
-1331.8771023722 -268.5663801977 451.4307921402
-504.8591738563 -1451.8584279993 -1235.5154537975
-1060.3328506949 -143.2692809338 -1932.6833260313
-82.4301556074 -1338.3180140310 -126.2889362153
-1460.1311604083 -14.6081175555 -263.9665089923
390.8423509800 -1843.2041563632 619.9661686336
-333.5762022729 -912.8054710696 40.4664690678
781.7217054498 -1992.8341550671 236.1792303750
-568.9082928556 962.4919373484 1847.5456028379
578.3561912010 -1332.7692679695 838.0333509820
-30.3360625245 920.1416885648 1727.7612127570
-110.8560845815 175.8418993797 -916.7164420274
962.6791534110 -314.1178523811 -177.1161129055
371.6032480233 1891.4865612114 1471.7897735526
-930.4465706953 516.3841153125 1548.1006295920
-135.7003311147 -1325.5717141552 847.1247856860
1644.8628410745 1822.0573265830 -161.0412612620
-1993.5674598475 1538.5775908672 -1164.8476560046
-721.5728419513 1805.8963113306 -1632.4754458484
181.6676478719 1615.5716906573 395.9382864187
1380.1011158230 -19.9861062191 1608.4999799281
-1516.1474684697 1191.0685967567 1723.2667315302
1454.8384429493 -907.6981515879 901.4743666523
1055.2292964112 -710.3100817807 465.0820848449
-1671.8511971163 -1200.4388506413 -899.9046584150
-908.3713730298 -1857.0633644288 1080.9679599997
1765.0498581771 -154.3867993570 974.4547878294
-1624.1748597334 -460.4590803622 -131.5298718542
805.1337089387 -541.5565911940 1569.9840900720
-1605.7789362969 1266.0299157785 -146.6685795794
937.6789021071 8.1276582752 1233.0405392650
49.2976459866 -46.1067567954 1640.1757176070
-73.5177331740 -1745.1480565858 1451.4816641009
104.1091070472 656.9503900870 -768.2339727677
-1751.4848697752 423.8414173481 -270.4770734351
-1140.8933424122 -481.4617093358 -545.5397896513
-1751.9374428546 1295.6757098959 534.5193859615
-1827.1409951748 1632.9349793770 1245.9889244008
97.5846590856 584.7843022246 620.4564623664
-472.5538531857 -1934.9618884860 1185.1614981743
1084.8394465717 243.1861063457 1847.9610776575
-1877.1715788369 -886.2481598965 -1291.1101730781
-90.0311205313 1371.7198756601 1592.1910797749
39.3051087288 -1186.1494583699 1065.9702880869
-568.2219525496 1762.8706119537 1718.7531442956
1176.7245858482 -1704.2040343529 -1393.1182524603
-1701.8393168757 -273.0941291426 796.3362307975
-216.5731053461 1201.0836783907 -1079.4511361219
1919.2939134627 920.7857110720 -753.6834039836
413.7203618362 879.4583359885 -1331.9191831051
-590.9772462769 1204.3494527904 -924.9248516053
-1532.9849605918 415.0628416152 357.2101227832
-1627.1692218753 696.8930695158 -802.0654082009
-1173.3299304805 495.7209985338 -1280.7591898917
-741.7081891050 -1088.9629123419 81.4959372173
-481.5666872841 962.6409871026 -1363.0682044713
565.9060331487 754.2313753859 -485.4466153947
500.7946386938 350.7677711851 -1786.9461077648
-1657.9289711067 -225.2796957499 453.1255505584
29.8690321557 -898.7513276909 1229.3742894975
-920.8292666550 -1527.1663886060 1781.1212032401
1471.1985262540 -91.8963309694 -1373.9827848167
-1407.4297617660 152.0027633600 1140.2215705103
-208.1871677875 -516.4578861242 -447.4958517320
675.0575298107 185.2771152605 -495.6986014338
1804.7395000544 1648.6359851000 -121.4333414265
-797.1464936864 1526.9412203346 -698.1311115417
-1153.4028377712 -597.4157607828 1341.8808298147
-778.5835509250 -1017.7609298036 -1063.6296670077
-1918.5448118682 -921.8438654844 182.7886191877
632.0112995437 959.0249704532 1688.1921621467
625.2855333102 -1588.7472955900 -1934.2477908341
-658.7353116131 -808.8569039902 432.3305524488
-1573.0534249372 -1218.8360424626 374.3013418586
1309.6131313993 1608.3011369409 -1952.2024913215
1226.4074111777 -6.1237689345 1044.8653630000
1107.8587730308 -402.5146861585 1814.6224256248
-1840.7265742017 295.2202667857 536.2091749773
-256.8771234554 -1436.4781139393 -1520.3310404855
205.3547335737 -1906.0867572008 -1905.4051371451
1875.0354807659 1194.4423219876 1214.7776780244
-853.0239126400 -1409.0699439406 1784.6699626069
-659.8462838526 -985.3461212621 -1314.7553249154
757.9878683906 -1487.3215323499 1479.2665795927
1438.2629251381 1382.7684983659 1228.0617760402
-167.6131237375 -1080.4450735058 -1577.5945344456
237.7770982448 1478.7522054922 631.8568118311
275.9504566341 -1273.2606968739 864.3673265619
416.9928746753 1518.0064845608 -1456.7857971131
-938.4267048902 596.9027227826 -279.8062362300
-621.8880469132 312.4518043661 -1729.6744963194
914.7050143064 640.5285856573 1658.3604665338
1565.5478988235 -296.0521051928 -906.2543460182
-435.2996732835 -1095.4857744161 -299.3295913364
-533.2664739734 -651.1447041663 -58.0188798622
-1298.0695639557 1550.2215694161 678.4988683995
493.4426599368 -355.2141560329 1466.0337450515
-608.3570581773 -450.6345275275 663.2220531195
846.9373168517 1403.1265917978 713.4694344172
1214.5561897568 1426.0910280359 -1413.5776728962
-436.0748999070 1079.0914669075 99.7188859230
-276.1547641277 572.1010419861 947.0689744788
-1972.2488085217 1537.3851699950 -311.6716926133
-1952.0062726526 471.0513600154 776.9446435810
1204.5278630613 1747.5204640382 658.0027444918
412.3502010805 871.9691143951 1809.3488515171
-1360.8141754892 233.6500141611 -1483.3646440910
1172.0588244127 -814.2801378901 880.3183391904
-783.1147266064 -1081.5640291383 -1516.8754186230
-1551.2755732624 -1492.5865621077 1932.2483915152
1243.9442187371 -724.6941352923 1811.2793231076
1115.6556223753 -1442.2628292893 1857.9720828387
209.6864876807 898.2548951607 1516.3500576616
531.2181200100 -216.7131603140 723.3675125401
217.6135917195 1668.0368203488 460.8572966622
1167.7966109530 -1800.8494622011 1205.8086183292
410.8701724973 -1818.8115681765 -234.1327319646
-815.3113216762 1728.7932793542 129.2990844267
1066.6651956272 -61.9289356824 276.6646040765
779.3907722847 -1667.2255291252 893.0835440699
-685.1430345523 1707.1644036298 585.8848314907
-162.6425349625 20.1890002912 1770.6686554910
1091.1171250516 1428.8927600418 699.7339181172
648.3462584754 -1501.4887613886 -1384.4793205144
101.6608055174 1025.4035823990 -267.2453385227
-892.7536308566 169.0385563936 1111.0547854117
1025.7598853302 -387.0029863471 525.1740026212
-1271.7503749153 1022.2663356087 -1356.2970714060
496.2176304225 710.8930203788 808.0379097867
-1824.5936861639 -956.4353178645 -321.6261847341
-667.4793430722 1709.5840678968 1280.3085058913
-1668.6004815827 1926.7558126615 -1453.8216456108
-1635.6667080685 -1626.6330664637 -394.0111342821
1024.2203710739 588.6297542892 1678.1365198734
-1387.1514227999 973.9329284884 1924.4932484003
-658.4601862319 -1098.7348179606 -379.5665997074
502.5815682154 881.8918888015 -519.6196243386
499.0167690984 -1839.3377684626 -1945.9490549766
217.6952263828 -1364.0344857363 1120.6542810809
1853.2418375757 198.4359452191 -1911.2909204293
1877.6748824484 -1119.7686866593 -753.9495156815
-966.6702841527 -1383.2944926962 -971.9394119471
-1470.4213090640 -859.5848556709 -5.6458983202
-600.1878410027 -275.7021061789 1821.3460130861
221.0388974192 1864.6365260448 905.7677524916
556.8844591858 -130.5347785605 -522.3110611092
-1673.8254013690 296.6353689591 1362.1703290106
843.5437375464 -1090.0063898510 1564.4178722865
1770.5553936683 -1240.9651984585 -1084.2865083197
1019.6651005704 -1234.4296535275 -1498.5951539561
-774.0647735274 163.5158070456 -1584.1442326480
-216.8925230928 1601.0426392213 -369.4581102424
-1453.5419071532 -1896.0126802950 239.7322893431
841.8253142636 -1985.5250138080 -1677.7274238877
1563.2731022357 -1521.4045167004 371.0594952359
66.6020860040 1066.0820700105 1697.3017065820
757.5249289128 -1168.2465763889 -798.7685391966
-1455.9849173350 -377.6406485826 1067.8735255517
-1292.4792467225 -545.2341250379 1611.2232302509
1022.9683226920 927.3389093389 -1362.1742480813
-1672.7303413291 -973.4816173260 1134.3795530874
-1766.3751602020 -903.0475425623 -1571.0990003106
1261.9007826976 1164.8438582398 365.5103003335
-1689.4995001972 -157.1014213626 -174.2846152446
-724.0163262476 943.7365579929 1347.7388995018
1825.5005659817 -908.6350987232 -1946.6562359673
1892.4490372051 1972.2830477290 -564.4708925178
-18.6968430136 -738.8100603433 -89.2258086024
-1881.3511125086 743.6474632237 1066.2944369987
-1311.8470922420 -1356.0845938801 -488.4687787848
1258.0103786701 1799.1808524583 -1152.0312905912
-677.7308615532 -1712.5198597379 1917.6376395149
-176.4853914081 -616.0019024264 646.4758437493
-340.9733135294 -1519.0420151444 1939.0812876029
-601.4473308487 -87.4741018647 42.8824356250
1542.0540788684 1741.4513731203 -216.6174517911
-1208.8646197491 1250.7147284254 647.4564680408
126.2670856872 1971.2073089872 -28.5864077522
-656.8093081904 1167.9048458766 210.7853552549
-699.0732785843 -14.4147784490 -1461.4568105069
-308.7930409437 1066.4924675731 -1689.0540401128
393.7596006795 -162.7326518898 -936.0632376902
-947.1391299753 -419.7509426160 -1317.1435595972
900.1083182081 1731.8634253087 -1450.4968971057
1527.4576468389 1240.0708999463 -471.7888153343
-1398.8940136973 1915.1062678295 -552.2108853751
2.7013836752 1915.3855722118 1711.6116076149
1089.6289742275 -27.7510560981 1073.1072900373
-928.7997779007 -577.5348480008 -1058.1173176900
-1718.0670268207 1019.5656218786 -912.9533008153
-1433.7015083429 1544.4774670021 -1144.2656827645
1245.5040674278 209.3065553372 -1246.0715053178
1530.7463921553 953.3706438806 -243.0129309132
-852.5671078593 -22.6395902447 -141.9354613996
-615.7286150717 1013.6230303424 1931.5574836720
1217.3804408576 -1777.1322774992 -1835.3931551323
-1366.3845865455 1648.0133944080 -235.4262981925
840.9374270940 -1779.9011073083 157.9607028035
1818.4671133956 879.8653404156 1042.2493972462
-1939.9248698246 1173.6251079913 1529.5013263138
-637.0908077376 -1049.5171905710 1087.0772685471
428.9067479371 -164.6787518715 -984.7154743637
-689.8453305258 95.5541666653 130.3659342137
1288.4403161924 -497.0534616551 1094.5944840808
-1154.2591115077 -1415.8563030107 730.5872637232
1485.4629650403 -1504.5213185497 102.2872415736
-742.5947349982 -441.5080676233 -796.3343136696
-1544.3157778606 501.8359232547 1262.2198403906
1339.0887456153 1729.9173622140 1303.3515125112
-1798.3505515345 -126.3485907442 -822.2942688003
-512.7611256863 -589.5864448884 1106.4072707429
330.8171429180 696.6225614432 1180.4698027931
-105.0301373008 -15.3614954485 314.1837939608
430.3200404241 411.3995330046 80.2505003693
-1687.4514976284 1246.7370351945 -1604.3352275700
-936.5511180981 -39.5951015998 1358.5244945851
-1639.1458216233 829.7222637476 -149.2623832956
1773.9321782951 969.1951207762 -1396.5915350269
585.3478399152 378.2169567840 713.4565215650
-1442.4251402531 381.2274448712 -35.1806440903
1376.4890526521 -753.5558635673 230.1739818619
-325.9844544326 1078.2397812529 -1241.5510353541
-938.7253046979 1296.0854748662 -863.4585310829
1890.8558210472 -1502.6371207642 -1331.0397653930
-563.4194910632 -449.4441188001 353.8463042764
-828.5958870469 1973.9060637095 1819.0390435031
-1622.6610916188 10.3401040076 377.4166934676
-1146.2778027837 -444.8654258696 1635.0796019108
-1532.6659150825 1461.8808185518 1094.1853681707
-1551.1635808988 -1142.8927460945 630.1219947175
-1392.7424441664 1551.5955965065 1950.6546427978
-1220.8246848112 319.4232154068 -1558.2503010318
1458.5160723598 -1949.9798643034 453.3901831245
-1372.5886180692 -738.8750710703 -954.1359449960
-943.8112251827 -1117.8444374963 1009.5461805620
-1053.8479420591 1459.8589573731 -1119.4802309269
-462.9719885904 217.3767800829 1710.1977087740
557.9013823080 1806.4138517944 -922.2124594674
-541.9987877123 855.7292972608 27.0808233512
-1679.3893443965 -1043.6907542128 1660.7521072969
899.2736054542 1952.7139447588 -107.3692405455
-925.3273221068 -1120.0301483449 -1161.1528086318
1689.0953502719 -654.7811100331 910.0287575734
-1638.2311779776 -335.0741436906 467.6829990077
-151.7933111077 1915.3009850519 -829.4999615765
64.3469965242 36.2712535007 384.6292833310
-702.1403714534 1668.0961658169 -1261.2508567499
1750.1432390943 -1717.9531340365 -1951.8769214925
-1823.0620475044 1402.6439753844 264.9692773125
1138.9179478146 607.3282989803 397.9775854386
1166.0692199241 620.0157280027 -1646.9092613346
-891.1061506322 1220.1640003131 -896.1977095763
-651.0360909166 -1909.7279373535 1626.6345211739
1158.2038006717 45.2634330612 -202.0505217796
648.7896026301 1349.3533059879 1073.7447770489
862.2938553984 1021.5656276384 -1822.1548770986
1244.2443271835 1968.2020584587 -774.2668908852
-1665.4767972270 1815.2689250112 -1433.5137799975
-1467.9795282576 -163.6850726418 -206.0985351165
-1739.6402421064 1688.6800453796 -917.5626658293
52.0288671901 1433.4038118678 -1407.5316277552
-342.5543613370 1559.0508447775 1165.7523830763
-1036.2781425307 -790.3491920342 1734.2913244841
-1664.2024055200 -1170.1362251181 1359.0900810877
-392.4481481987 -1801.3913682668 1207.4594370662
-1771.9083181046 570.2331824845 -1833.8987452026
-1634.3045795210 1591.8360495032 834.6470296353
-894.9872898986 -479.6874236111 -1609.1299384839
-385.6477945892 1586.0433726195 -1972.8535270588
-54.9279208452 99.1085676429 -761.2898823770
1132.9431175255 1326.3498952705 1277.4384919601
287.0487324221 165.8074412658 -1138.2340388739
-1502.6205466710 1666.8677288793 -1027.6245788027
-1211.0734956631 -1180.6410026390 -298.9595991238
766.2459871772 -1404.5288554602 1976.4580196733
394.0640881032 1561.1123896021 755.0774901719
418.5353713020 -1094.0947184319 -1476.0507082467
-796.5355861780 -1534.9967456715 -932.9593210459
-417.3700198468 1854.5641490623 1245.2331597789
1900.4076046949 1035.2523649444 -839.9802234135
669.3943892104 1625.2984041505 -1041.6119356234
-1788.6143494577 1140.5575978313 575.5163966209
-1117.4259143616 1180.3534856348 920.2032015731
-1336.8173864604 64.5231359095 1073.7904543539
-624.3394951322 1313.9169459876 422.6445191441
-187.3261652837 20.7346748967 456.6064541558
-1822.9514973922 320.9235464998 -1712.5221945053
143.9258639389 1070.3094094694 -88.6059264254
951.1904863615 -446.0867786312 -1565.6933139213
-647.2429059426 311.8959076469 361.4348324893
-366.3040185278 -1027.2337225539 -242.9724026643
715.4157883188 1266.7579549799 874.8341956205
36.2044639236 1985.2100592682 -1045.9288043018
1983.8866501455 335.8240718905 -399.3346182147
1628.7430885776 -1226.1662898721 1303.6617037057
1212.6000748650 -1381.0754963616 295.8017522346
-1027.9126318816 -1234.7368678224 -1635.0894012491
-654.5413077099 894.8347741180 1617.9444467617
598.7619151733 -1772.4443652888 1866.0508607734
-1648.5128844617 1816.1400138735 -537.0939872444
1952.6618953688 411.3064630493 -1761.0860176557
-85.4511767049 -1461.3694455353 1258.8201852658
-461.9200649523 816.5188390539 -796.8053301936
1642.7963800002 1907.4446242859 -1710.9548216187
1655.4340652993 1764.3859888458 -995.6196002610
-1671.2392893351 197.7081137013 -115.8583718318
-641.6594690430 1735.2808506840 -967.4937357636
1848.7337066826 386.1630560230 -616.5661340211
-1180.1607898232 -646.4925534153 346.2149413026
-946.7254466999 -1843.1079803258 -1387.1355190904
1953.9013119880 1007.8629812870 1145.4771672455
-507.0924878625 -99.5541186643 -1368.7368439291
1252.2945884563 927.7571174809 686.3928470883
466.7824162655 -619.7665884353 142.3257563370
617.4219331186 -442.7983171706 -1563.1275746397
-367.4411062805 -893.6339012738 -281.1108313790
-341.6848628416 -1482.8249406279 -394.1152790767
501.7149591274 1191.4346033582 589.9848932150
-1980.6735264569 711.4233850446 -1165.6771661235
438.8272135242 -1450.9461235479 1733.5216774416
-435.7045495932 -781.4728916320 297.5963892958
-119.2780381848 457.8046286449 1420.3261304121
1886.5876266257 -1473.3721452107 1991.9003653224
506.2284712163 -1129.3121211748 121.9768813678
-1935.9753023868 -1394.4546112741 -1116.3739071537
-797.0900476729 -1270.4118255183 103.4360035444
-1048.6620829356 -926.5150145174 1437.0594090899
948.7577757115 -1178.1337888827 -1916.2716781813
-1945.5252464390 748.6319092445 -1303.2250253425
861.3699185798 456.4283838752 -1680.0316692561
-1089.4000792822 1245.8133788771 1127.7866506475
-830.8236737103 -1743.6093026963 -1796.6166832524
-1049.0899074946 -868.4573549208 589.9935098379
6.5119414351 -59.2872540419 -1224.5018335695
-1278.7069492025 904.8900310546 -1985.1496544774
1463.9219845034 1777.0735623739 950.1149458366
-1494.9141919038 1313.9401379617 968.5275255606
-1757.9681978124 183.8495320433 1443.5412172821
-1743.1764763479 922.9323920734 -1811.8843651151
-546.9447931633 1555.0635961521 105.9632136305
1706.5848169490 1886.5302819237 -106.1309693834
-204.4303452115 1311.4579108905 1571.5219798663
1080.0397638044 -316.3390034464 1315.4505653795
1986.6323849515 659.2340079293 151.7786650207
-959.7504952397 -942.1701057499 1159.3037097500
431.7973870884 1054.6312807416 164.9050102777
-324.0272276955 791.3785235324 1798.9031765095
98.2849145312 -76.5592966549 -918.2344242952
-894.2008126946 749.0877530814 -883.2484789379
-1235.4481427983 -121.3419664034 -166.3127195306
-1447.4584893749 -538.6884382071 -1334.3433916580
-1602.9919248945 703.0520416220 1272.9595747083
-1860.6355832036 -577.5669538528 1981.8727127045
55.1297495769 -1822.4042073619 -456.3594706386
1870.4792662034 198.2797504863 377.9389666339
1475.3937960912 -424.7265667243 -315.6522372102
-512.2950263371 1083.9399000014 575.4028117273
-1211.1436507606 675.6900359560 616.1865660527
576.1679526403 573.4122219471 1343.4267286376
-1854.5372297971 981.8489971461 -1864.0072721426
-640.7816313855 416.0908071165 1410.3497336863
-1101.5580375296 -206.2294959996 -488.7294088275
151.8865931445 1107.5073946299 931.6277785378
128.9877955246 -9.6602721305 -1047.8126549231
1665.5048066973 -652.4765492913 477.6149101452
-386.1538092236 -1392.2382206795 -764.4684543457
-725.2103526935 1285.7408936453 -1215.4401887216
-37.2738637050 -781.6829645546 955.4817908017
-881.6017198192 -1086.9805176962 -1718.1885323940
515.1821716509 -782.4651407837 -368.0113737344
1590.5233338399 -953.0392826027 764.5862187461
-1550.8635223724 1514.8341969191 -413.7257202298
391.8718053950 -506.8678693565 -70.4539756442
-792.1187773128 1169.2085988713 -559.5396541821
-1307.9118718463 -1702.9303560849 -993.7304477146
705.3346169895 -491.4643773404 914.0334540121
693.4002127555 467.1108946450 1661.2518017904
-871.7489756507 -1066.9024438351 1590.2753073390
1083.8760419910 -452.1493614843 -1751.5879948220
-779.6700883190 1152.1598327502 474.7256486072
1043.2387658748 1727.2410908848 1038.4992502490
693.4493565593 424.0892865892 739.6453530962
-1722.2894743719 232.8812495105 -1357.7259160566
1069.5501998714 -1186.5658424332 674.8163201705
1341.6622764394 1721.2584090819 520.2228368098
1080.8509452370 -1189.0682230718 292.1170648354
-1021.9552047561 1561.6021501132 -1321.8033965851
-1303.4609128597 1987.9432152409 -1374.9508910239
676.0901051205 -1368.8026299184 -1214.6071030174
-670.2812682418 -520.0904170074 -1568.9559195240
1212.9593970529 1181.9389643275 637.5859189671
808.2559457705 88.1621971487 -1462.0419883242
-1931.6889397806 618.9386142492 1472.3203790679
-1822.8911282155 1008.1925811444 427.9669071866
1867.2664532175 -507.1544788632 -1092.4457888614
-11.1565670064 181.5727546489 182.5338988850
-714.3758958265 -225.4728135713 -1115.4033375936
775.1183196915 -1866.5924911708 -947.4199573436
-1497.5026823410 274.5560205135 262.0703468658
455.7917053530 -1689.6933005235 317.0898951716
-959.8470643848 1214.1051536934 1561.2135204921
-1769.1157621592 -787.7095269246 -961.6644234617
-505.4379174104 1079.3546006561 -175.4379084040
-1725.4205294009 494.4026749801 -921.2586138732
-769.9197813659 -1319.9885354497 -1823.7155766410
403.8398655597 -1294.6315541413 191.2995965476
683.7929028468 -1668.7430466922 -306.9419422140
-1033.9194314639 -225.6076558746 -1810.7277905874
1436.8265258478 1724.0449637489 -319.0763987728
1019.3479958204 954.5560878220 -1244.4561134589
-1050.6342986714 -1605.1956067987 84.2592475393
-450.9351556797 -1494.1592135673 -1999.9605664626
-1730.2499957282 -1715.7269271398 946.5301664808
-1707.4476535598 1118.3963746797 873.1043044574
183.6856626834 -1108.6890643723 1011.9499550304
135.6294876231 803.3023304233 -13.7811121544
637.0424400449 1287.4493516106 34.0890202014
-1938.3457548842 -951.9781505176 1957.5790123503
1695.9022260730 -1982.8816191877 -356.5367882904
-316.0844241797 -535.4677801241 1351.5814810796
-250.1860149035 1371.1659910918 1274.6594257178
-1753.4559094278 1054.2531055617 -498.6404241171
180.9002449940 -1838.3039321195 -1249.2503149316
-1485.0971227213 -529.1187519850 958.2978900210
408.8641271616 -365.3390732830 156.3626754966
-1445.7320039720 -1482.3322958136 -1382.1240799284
515.4955369048 883.4159541285 -787.3816744851
1913.7441991131 1072.6505638756 -1473.2899720786
-473.1687597258 754.4420835640 -1255.3094481576
-1172.9230819278 1610.6404312504 -1223.3912025891
1250.6136953812 -1032.1163800146 -1252.5909704388
-1485.0676791784 419.3842727398 62.9141050482
-1590.1189018191 -924.7991016372 -1022.8855851381
903.2905045691 1319.7075332577 -1404.7023945031
-651.0804299145 -107.1939208792 -358.3006370161
-1242.8607581936 -315.6360595543 1533.1973887111
1015.2680371336 -302.4870326064 -1150.7293637344
-1360.9552570290 1508.4767205928 158.8006867148
-875.2064247603 308.4669782713 563.0996347512
973.2720799939 1929.4877584352 1528.2857081473
185.9936844768 210.3510473176 453.2329959512
764.2136605093 -281.5738291678 -44.6104708748
-22.5116216845 -1650.9296618750 1209.7241944070
-1108.0182590510 570.5413927010 1577.1047621756
-1579.8628094539 -150.6331601856 -11.7853400206
-1121.1183845705 6.7878779216 1434.6053804008
1622.6556130044 -1953.0065894093 -1530.0099727228
1925.0377467414 469.5296803967 482.8685375537
-1718.0653967412 1603.0559242956 -204.0896425496
-528.4449311930 1518.7450053539 -1732.1174757310
-342.4902120989 1083.9200468088 -1261.3786030255
627.5274024867 1198.9556321927 -650.2674095441
232.2949233510 -422.9383600276 -206.4460139445
312.9863231045 12.5851172049 1036.3578432541
800.3745893712 -22.3837423776 430.0875220358
-986.0061099873 -947.2801864637 757.9042753269
-1524.4994589511 -589.7563303239 404.3397930595
783.8034991827 -1776.2052887245 -1406.1963728057
-1739.8429153211 -991.5442987216 -1780.3077358541
1223.7781465436 1376.7567469270 -568.2267097605
-1440.3586129259 -727.5333939482 130.8576217970
-1907.8386706618 539.2577659645 -616.2922125345
-1693.6417851543 -550.3032235706 -1092.9897440855
-1225.7666798155 -307.7762722798 -344.7500446703
25.9352533785 1596.6381629635 -1101.4611567357
-1657.1154790831 -522.9261247413 1087.9591536231
450.6336060840 516.1057619784 -1232.6247174595
952.1329710103 -342.3759921651 1166.3997438869
-1178.3012250824 -908.5353140675 1877.5503085353
-463.0397673996 418.2687514641 1311.5806912798
-221.2103634516 -620.9605276276 -928.2798832757
-1610.4822660595 1676.3126174202 523.1356079180
1959.1911603713 1238.1466737242 -72.0845789980
-519.5409251393 1299.9307353777 -1445.1379324760
1266.3972384698 -1070.1290233630 -375.8887997314
623.3999336992 733.6419825103 -506.4270712909
-1028.6275929125 343.8775896802 1695.2201678177
-1429.2129220028 -633.5443485771 991.0618103829
-1428.5784037639 452.5271077102 1221.5463205961
1523.0226938041 1259.3966671680 1051.4233096958
-979.4925829091 1476.4579626911 -969.4032733409
-218.5179615752 413.0388009673 1250.0483827478
-359.5529049871 455.5456681242 -1772.3525436009
-509.0089417946 -112.9533029451 0.2063745495
-517.1221031742 -923.9734586715 -227.1585882947
-857.5347802356 746.5292711726 964.2633632752
371.7107793909 809.5050617141 -552.5392841920
-1259.7599716214 -669.5178219912 -1326.0759923717
1995.2402534410 -574.1550129482 -1652.6379495862
-684.4897496760 -57.7483548351 252.7800224347
1634.7923505192 192.0251176160 491.6427715696
-1506.0484133176 -1084.9088354984 1676.2808178780
911.3839133346 -15.8618847346 1669.5685783430
1984.7766423442 1361.2934999829 1640.8700154562
-652.5330129913 -1951.8401993232 1953.2300601556
-1717.9853644505 -125.3846809085 -1844.9134523845
-1292.0774230503 1705.2873645104 -973.3387045864
678.6945085646 816.3201267350 439.7948943835
1255.1513959249 593.0434125623 -298.9400445032
-1089.5365097598 992.9053162023 -1680.5314492975
-1505.0865127418 -1348.1418261060 1630.3515710476
999.9567764867 97.5299865651 1411.2645729198
-958.5694469621 -132.4722148545 993.5767527402
-28.6319568161 1276.5452017608 1394.2028964778
-54.0315219649 -1777.2268612270 400.3165107808
-506.7947449684 -1844.5626284016 -1518.7562639498
305.0926733829 -280.8962992670 908.5358775144
-162.1731469971 -1070.6226294678 1372.3664772165
-335.6804283870 318.2501212418 803.3280707541
-828.3672119064 -56.0378592787 -354.4129330577
880.3350638718 -1312.5692536377 -1813.2248566054
1103.6598743102 1972.7538339032 -297.0020690743
698.6712184857 -144.8614214949 -881.3592062388
-989.4863732651 -1419.6009839466 -1598.6573844209
673.6962373059 1526.0137177085 722.5425628658
663.9167407367 966.5971964725 -758.2623135624
580.1571217070 -644.8088748085 -1348.4690889472
-1429.3335484865 373.2576078398 -995.4147650153
587.0610369014 901.1087901048 -1734.2488801390
-1900.6443495812 -679.6995210071 1408.9519600952
-691.3842631725 1234.5403474914 -1823.2343581605
-1029.6993898759 473.6477354919 -452.2222395752
1870.9888197686 39.3990422111 -93.0472792624
1388.7885780030 -71.2329211249 1304.4114877182
1558.7147492935 -1857.7840748329 1976.4777719393
95.5254984238 -862.4299839851 -873.5895255991
1403.9053809289 -1150.3626453463 -1987.1372581592
-1275.2428315155 1538.9492737969 1207.2693675750
297.1901530632 1695.1756106413 -132.8790259966
-141.9247223047 -868.6065980680 -227.9025297907
-1313.4893303656 221.9442387017 -1531.0466963455
1543.0707454370 1273.8075125779 1693.4723662584
1388.2318221448 -456.1291558732 664.0034716121
-711.8631613443 -1545.4836067973 1394.9725542186
615.4813287413 -1092.9197321646 751.0679272359
-982.9564129256 722.8351526344 -629.1802774910
781.6372700089 -1241.1834791005 -829.6740820893
-1619.7193199475 1612.5992977183 1749.3991237649
1089.4559197831 1396.8908237515 1802.9790547661
1951.1842743124 253.6908435274 -1276.5510731951
1592.7035349980 1958.8500114396 -1532.5969830813
-1297.3563756158 -1442.1175614223 412.7875354263
-566.1696786337 -896.6750375149 501.2701766032
124.6560447158 -330.9753018538 -47.2566559214
-806.2030673076 1777.8050945190 8.9256721941
1073.7744415539 571.9830250960 -1244.8232697933
-358.0019723024 285.0637511117 -1518.9516326533
-1530.2241722223 457.8284866040 399.4154234225
1173.9957956694 -1112.0761033879 -1663.0585549603
-707.7320544440 477.3723007010 104.1966349828
179.6798734638 60.1573226362 -1341.7913930766
-1375.3835037416 -1117.2479542438 -879.2477825222
-1464.5413692179 -1182.9765257650 -1716.3392975643
-1013.0238902342 796.3394220166 272.0659438152
-1463.8286190495 1793.0827736495 1965.6015101215
-1991.3675666793 -1365.6130156988 1716.7685960905
1277.0136813130 -542.0871231428 823.9251298378
86.1871022950 -1240.5578200250 610.7988210219
-1124.5879952900 1496.2265887189 -790.4801530821
1183.1280443080 -1665.9647721281 -1645.4981608963
805.8447719326 1513.9183275170 -1047.4759431705
-1127.1394507741 205.5163544804 -461.2422006947
-80.0832557956 -1226.8728710116 1888.8094009885
-73.2971520767 1218.5598386260 250.2703459800
922.2798345914 -165.2229302687 -1586.0752194417
888.0223635956 -492.4452992308 -1447.2078449726
119.8483183500 -671.8077418936 -1566.5445517163
191.8688106500 199.5692300032 1613.8767368777
842.6630591485 -1934.7183439059 305.5887288053
-696.9698456703 1138.6359342920 1418.0860572056
2.9861297968 -115.5770248947 1393.8548306691
324.3644056243 1651.5791293871 1843.8427109287
-25.1632838188 805.8157279582 1505.9631760727
1318.5529337427 1217.5093923639 -124.0491662441
473.4413285183 1746.2169814490 -115.9813948328
195.7180214502 679.0731867054 1772.8710696178
1543.9919183689 -1144.0978879918 1183.7097067800
-1366.5142064981 3.2551796310 -854.9582465435
-204.7831994650 748.1333881941 959.9399815100
547.2249967778 1552.1319986169 -1142.9169866517
-158.8463657849 -557.9949214296 -176.9805910657
217.8075209222 -32.9523405572 -1934.2289727293
440.1205264025 -784.7645614259 -636.4762731764
755.1552010299 -1729.8402627614 -401.7938376017
1185.5912963332 -679.8613158997 -1099.6668049708
-258.6804220243 599.4551047123 1320.3674655189
823.2607543412 1210.7281949038 1863.8126838553
1960.9614630202 -1291.6643590597 570.6833543750
-1588.8321207226 -608.5861917047 -1044.6915568917
-519.9669426820 -1826.2445013005 126.8654231395
-1526.0076600660 -1774.5930295262 621.7345385077
1983.3660022955 -1965.0288257814 2.4055890061
-484.0414600589 997.0246340830 -514.3506268018
