-1797.7144598561 810.1983485683 -1812.5767762295
666.8954322733 1772.7101663683 438.4195450456
549.4542465897 170.8890820261 -1216.4511484009
1710.4772150456 -1835.7668553295 1722.6555899249
-90.4192905172 360.4797152039 327.1934953100
-162.7177696426 909.3404987286 812.5500426363
1070.4531698977 1138.4938026395 -914.7402685237
933.9835427821 869.0560971448 643.2577707575
1931.5563141657 185.4871895269 -1842.7888112904
1427.0597534842 1184.5287779095 36.4540868307
1524.2847172231 -550.1127176657 85.5135617658
-80.3220457256 1364.8094766374 -1912.2213485434
529.7930549920 -1951.5311079408 -1575.2717246359
-1622.0260229609 1775.5377267594 1460.2441756088
619.7529078201 -1000.4667934198 -1789.3852451932
1418.1842228560 -1555.5390689598 -459.3245402048
92.7582129135 -1696.4509880868 -466.2839332636
1201.5049746804 754.1995465492 -1120.2610688705
-1557.6735783599 -362.0404251218 -531.0827526868
1484.5217734619 1879.3132936298 1728.1958046095
-1676.9944946907 1928.7618861355 471.6155859254
541.7087963834 -192.2791278618 -1977.3189640299
1003.2208839812 -1397.6779430595 49.6882489309
-135.1609620116 -302.2815661562 -193.0009236047
-761.9902637428 -1775.1187497068 -36.4444703722
-1086.1869282693 658.1050174529 666.7622268499
1936.4319308247 -1123.7505327202 -758.3475562437
1986.3389362706 1.3725156225 1542.7151579147
-1548.2857655642 1630.3438162027 -1949.9412746132
1381.3435056127 -1477.9431125829 937.8004964711
488.7407893636 891.4394739198 -1743.0618507912
671.7852562167 1956.9414611247 -310.4949832958
-643.4257832499 -882.5252935536 53.4436969514
-778.6067074292 -1169.4688110211 935.8997803263
-793.6073521272 -1781.0313152151 678.0330209814
-1609.8324850103 1520.3038012894 1383.5211072291
-1652.2147129394 105.2512779864 145.1132232273
-1411.8741372714 -49.5803152477 1487.6593667039
1892.4054580449 159.0551009500 1111.9961924926
172.0942583265 601.5003385505 805.6745375615
1895.5665121897 427.7886932912 -961.5227044902
588.1373156213 1078.5667015331 -588.0076777549
485.3780281028 1555.4755919580 437.0172545114
1677.3528480350 151.4550941264 1346.2371924063
-1974.6972240210 178.6874536206 1758.4581870835
1243.7658019953 -258.3515120195 210.6080282894
492.5017933838 790.9311110318 -1230.7467181910
-1304.2552144932 -1052.4723090818 -1300.7472546202
1872.3764001698 1693.8988554592 1200.8960091984
-1341.5602720484 -1969.5615858824 1541.4548850076
1562.4855046643 -1904.6868540231 225.3221618699
-1331.2168780631 96.9718584105 -228.0165181418
-1718.2806919271 -1724.8066121605 1077.4222554919
-697.9445992121 -1692.8408088640 1708.5933674090
732.7712260976 -796.8987992318 -179.6400447597
240.9614973016 82.7282915862 235.3112257964
-1131.1860965333 613.2586839008 432.4771824856
1727.6798601599 -1528.6884869633 1851.4370365060
-1367.8430581793 -938.2527705012 -1034.5646268583
425.0883276366 -619.0006945268 1523.7066177251
145.4024189591 500.9304012661 867.8485346426
-764.2731911283 530.4791012854 1708.9814068080
1575.9908826278 -1370.3356100074 -1800.6097440058
1049.3058939786 -674.0852684419 -560.3460920319
-1580.9773569754 -1096.9034861073 939.3001521126
1017.9808249447 -1647.4965379854 1727.2695092683
763.7398832861 359.6702007953 -1000.9398680858
1341.5449783550 -27.7039442216 -1342.6420540639
-427.7311310694 -1802.2174758838 -1291.7479023534
262.2099391506 1032.7057239879 -275.1749647699
-190.4627684409 1162.2708409755 -550.3800897107
1057.2508094676 276.1738437410 -1554.8609837692
-1527.1237215887 -1116.1367135723 -967.1262087215
-557.1764058437 -1927.0163523561 240.5005416916
791.6437136379 752.7017754725 1282.3792183694
-810.8852025285 36.3870502271 -1848.7848682796
-1207.1925276927 255.4822030144 1015.4775211724
440.6808986047 1763.0093181353 171.3752565794
1786.0698721085 -712.3085747464 1883.2288803726
-237.7042105831 -150.1326187127 790.3942071712
-592.9248023840 1883.0036358094 -276.5147005175
290.9731066868 1462.8935286895 -1789.2996354632
-1665.5607037972 -591.2335352649 -1979.8033017098
-626.9103674897 553.0391932858 332.8949498513
197.4634699335 -1284.0139808333 96.9902364400
1553.5887070464 -448.5962188742 1022.7511776225
-1242.4340415787 -1665.0266950059 -545.8096360469
884.8142157335 1502.0454411113 986.9260535113
-64.6875972511 1592.0869509751 -1786.8148255870
-686.3568583005 765.3108099756 245.8568014021
-218.3061025562 64.3579828351 -1527.5628367178
1667.5736165601 52.5831789014 63.3518855673
-1463.6922842215 -677.5228609310 -643.8635284087
1860.4037060650 -1534.8415249878 -887.3530172132
-489.0618694401 1746.3208299389 767.5590026781
-994.3440844874 -1516.0896616514 1721.3474399919
1614.3580333396 -66.2096758418 -1556.3643865356
-1229.6519031305 -429.2313482058 -1609.7666328073
332.6703951558 914.5759021402 -1761.3444269151
12.4376139009 328.9844706858 708.7980608911
1849.0038481461 1007.0053361654 661.5858534747
-1527.2801993303 -1115.0318817669 15.8318525928
-416.5650895629 715.3819293623 741.8002919013
-467.4268115794 244.4216356081 -384.3480477967
-1271.2138190337 -457.4177558950 110.8886082883
-1207.4195818807 -1775.4400051263 -815.9693790557
13.6660946799 -243.6512980493 -1778.8489277146
1656.3219785157 -1849.3697018250 623.0583672905
52.4761603686 1304.9564660170 391.7509143255
822.8737515672 1676.5019521351 -950.6248976332
248.2618434218 531.4443529123 -1626.1458091708
1316.0400616333 1019.3782070128 -1881.6650266631
558.0184529360 596.0835589426 -1569.9867767161
478.8128648620 1279.0095024458 1376.3304489356
-1607.2352034556 912.8583982107 683.2387070536
-878.2752834971 -111.1152068331 371.9830103447
-1706.4933217976 1022.7996138486 1358.4283199223
141.1417367636 -329.1930886060 753.7995879203
1575.7132722444 190.0378372008 -991.9839662611
1061.9465760353 -1687.9267367129 -1635.2220567420
524.4205718952 -1840.3601626084 -411.5033538992
-1752.9650646726 -424.2756591552 -508.0005195534
1469.5290723628 1385.6485554603 664.3749278146
880.1729714432 -801.1045689545 744.2333344298
-1486.8397797433 -1836.0674332280 603.0376272156
1967.1036722178 -862.1971614204 1505.4142576673
240.0540822313 -380.7830858908 11.8586868169
1440.6808805609 353.0189820960 551.4542077192
-142.6391959217 190.9646254987 1102.4605278385
1233.1680061582 1805.6595424393 766.3809923549
-1145.9129977617 1467.4051944388 -1960.7633761556
-1701.7423320049 -1748.8999674418 1643.9233311985
177.1538495082 214.5494546948 -1022.9888485063
-491.0844447920 1178.3129286912 1502.9431760398
-773.7002242227 127.1425003182 -744.8999167993
-348.7299483819 -1187.0820243254 -1044.9497835174
1451.9863417529 1978.3615420999 1754.4130639094
-1814.4500684511 266.4066450280 636.1808315074
1386.0318458133 -273.2030064395 -886.2610791943
-949.0317360361 -1144.9914390126 -1899.1350137953
565.0095926653 118.3407124619 -551.9469645692
716.5604182458 -1792.9809586353 88.2942332848
66.5907722424 -1811.4827438411 1002.4943404241
1885.8412207230 1636.4118296221 72.9018088657
-1310.3593476426 -583.8655793713 684.2089906506
-975.8878328293 62.8303268692 385.2665876024
1299.9376505719 1329.6593141644 264.4674871074
-1759.8565043438 942.9528713685 -852.1278117325
-1340.1296607261 -745.8649236799 -1983.8911098351
-209.7927089798 241.0347971081 946.9072769086
-768.7044538307 337.7675511378 540.6291170200
159.2648359444 151.2201672804 -1635.5945315152
-1657.0211113951 989.4968257726 136.9917887288
214.1581226941 -1098.9691389651 -231.9922172270
688.5202520549 -1759.8642772779 -1751.1949386997
-22.8080581328 -147.2030148311 -1654.0485850603
1235.2393325929 -222.0388591082 -714.0641366052
-1414.0937846966 -1745.4783118162 1449.6393948479
1516.1632936692 1915.4905664093 969.9055347012
-1273.5005617083 1695.7025711462 -1602.3384185171
585.2841329913 1574.1634323459 -380.3281870747
23.8783712656 -1453.9986371667 351.6094759333
-279.5801684978 1394.9188258648 1090.2533792946
-1259.9668054785 -114.2458416141 1756.3635168042
-1772.8958360227 1577.4019082522 1788.7294086385
1314.3574425801 -612.6960381279 1787.5537017299
492.5641099101 -715.5912155476 -863.7928563937
-1326.9056177728 1990.2680170623 -1567.8591980956
-364.6863431961 -913.3529318987 772.7071171341
738.2877650803 455.9105351699 531.7368482331
1549.0561768134 -173.4173581309 -714.1431429127
-1539.6175795379 -706.2756928429 -1504.4929556012
-1011.1368835822 -177.5546694903 -1701.1909193237
1767.0482945562 1435.7601027982 -669.2036365032
1026.7997983604 1839.2599817250 1502.5501785857
562.1748319444 298.8159006395 253.7985761837
933.9711944462 -113.4513661710 775.4837739957
-1885.2059411308 1064.5584533854 -1166.4329103914
1463.2057990262 -966.6947830530 -1592.2739830397
-975.1080572637 -872.4977437722 -1356.7701551591
-113.9076783928 -98.7112051646 -40.6689966832
1890.4778997671 1046.4358594249 1669.5829997823
1527.7885235407 -405.0638449647 205.2882984823
1357.8851499833 1268.2013582132 1318.1620899933
-441.4513152266 -1362.3293761306 1234.5863424504
-852.4798889003 -20.1969857141 -310.0375601731
1168.6247517950 953.1232230724 753.7860817045
967.3497626497 576.8586139946 -397.9783227111
1631.9346603262 -1341.4092899472 120.5839084923
375.4926213788 1289.3343234044 1032.2062959971
62.8713373231 -1533.0845011260 -1756.9454029481
-841.9571633808 -1124.6420310854 1406.5825568589
104.3455544820 -1531.2557026564 448.5804787935
-153.4472000132 -1897.0522622968 -1650.5266069124
-1223.3106157553 1918.5792004231 1031.6234632745
-623.3633136897 -1459.5202264677 -717.7120049246
1099.0559024630 -1912.4244970602 -299.6929256460
-1489.7650724013 395.2530781214 -225.8207236197
1378.2267732333 -1339.3832235097 1138.4314652397
1560.2018671260 953.9481272299 -61.7658346354
-364.7854501233 -1209.9458153054 -1594.3820120405
1828.7102554338 1830.6324550573 -1010.4940814120
268.6004887511 -999.6308709201 665.4020098316
433.1409883635 15.0703154356 -171.1631996667
-146.0392007969 1361.7043138002 -1511.2811350305
-1198.8362551799 1781.7324234479 -1840.1631390826
-1567.2021330843 -1126.6823500724 -1787.1454887592
1674.6011073122 843.1429043031 650.0521300964
-1717.2961461940 379.0006383358 -1293.3636540273
1871.4853569925 -1484.5995390793 -1770.5858939252
-1618.5098638990 589.8896279765 -45.1266935440
439.2290682976 597.4752778654 41.8839439759
-549.0042916124 -1094.6757637494 -1187.3706240276
-1470.9927044092 -1457.3430702760 1846.2214226074
-148.7366368700 -635.8449496959 1729.2323855233
1762.0952952997 572.8073566814 -662.1981628255
-724.6808908245 -1079.5246854088 1344.4733008091
1151.4226435613 -977.9278386507 -699.9778554481
1877.9375017626 -378.4947445736 1445.3623167025
357.7239242500 117.6146638760 -206.3265068969
1992.2817127857 -309.7970261139 196.9019517109
531.0187601551 -388.7702442421 -849.7283897514
-440.5636999645 -1551.3237282351 67.2508949298
-497.8864722426 -1985.2205508797 -1194.7212575742
539.6332715400 -1528.9681124049 -1062.3320262714
-469.8764251287 -558.3804001331 498.8057493829
-750.7604277476 641.5106200524 -1883.9857033600
1076.5797901985 429.1031066308 -1512.9186584112
234.9711527379 701.5713956375 149.3894124916
-607.8483385331 575.1855925257 489.3258779552
296.6526636639 475.5779495323 -611.5481107204
-621.5542184113 654.6329878326 -966.9825076485
-1456.2958715509 778.4430975330 -478.0223044885
1875.6098729544 1984.2949595422 -1085.7955460550
-1484.8472724797 1121.4988487324 -455.2651248374
1112.3893434858 -1656.8815937131 -698.0541451572
-385.9204116816 -1768.4658627780 -105.7805200514
-716.3141321903 -119.0001035356 1539.8023833441
-282.0748227399 -1861.7322954528 1998.5777147115
-1328.0628928249 -1707.8987012367 333.0982426778
-67.4445726792 215.8025149380 -1693.6473491945
-1411.5733407564 613.0209154150 -646.6887663491
637.0453404152 -1975.1774142531 -865.7025864117
1993.2217155374 -146.6179817122 707.5853902835
1714.4810565043 -1939.8918956734 1425.0756583087
1649.5686120686 -106.4061252302 -1963.3421050897
1417.0164354526 1266.5343386210 907.5759774677
306.3012708111 -1227.1630005024 -520.1434567227
-1010.6925380793 685.6584926992 -741.7030276681
-282.8810368443 1316.5987003870 -356.6330484911
1760.5346239221 -1417.3164806039 -1791.3409496816
-759.1726917255 298.6957176558 3.0119050568
1141.6764974629 -1209.1002405932 1629.1879631336
-1606.6221188814 -110.9872000606 282.5151213415
-1612.8961872678 -340.8524633061 436.7214789205
-1858.2052862835 -1652.3373276398 -15.0653818280
-1384.7653773927 -292.9245226317 -774.9877523097
-772.9309836848 -1326.1347708940 -1843.4242109402
-1358.4530993384 -1288.8840588169 -1322.0556668704
-1318.4563482262 -1681.5049676917 410.9238484784
-877.3096886722 -1267.3297441779 1326.2911352443
-1287.8982964874 -471.9120845506 1019.7508712902
675.2210089663 295.7895868416 -1613.2048587410
88.3949814655 275.5884432607 1900.9089036173
-450.7357347316 -1412.7690047006 -492.0379275642
-1072.8454648123 -1083.9115115000 484.6684454939
1381.0253573751 1712.5172263280 1765.8307976058
1261.4280757848 982.2481270068 -252.1712688180
-678.0705832230 -1503.3357600805 1109.6999247475
1944.5519072577 -1065.2837501893 243.1732595541
-1994.1311561597 1797.6028034199 800.7978241791
1466.9593500547 835.7369498798 298.2884603193
1442.9554261045 -1761.6393262464 -1774.3918338236
-116.3840638113 -1558.2724363918 1899.0233055655
-36.8521462694 625.4982761513 105.2071447277
799.3738601962 303.0015777480 -1853.6056223183
1817.9061784514 -1924.0034479120 -1789.1610321026
462.5074389562 1286.9630504656 137.9924327024
630.2107245144 -628.3740690591 -1787.6835394997
1170.3996369459 1785.3755453073 1466.6668068807
-63.5480212704 -453.6988281927 1716.0605157749
-1421.0532921002 98.3543166156 -1673.9519216214
-6.8973824881 -1595.8199897260 1402.9331538970
-1151.1106233173 762.5589925803 380.2181478435
1443.8140481252 -619.4520460883 1482.0667226503
-1857.6027538095 -1350.8688530092 -814.8346535341
-659.8753577752 959.1664110664 1534.8883260492
-1254.5026104098 -963.5994499799 -1884.7377570655
164.8855559271 -1435.9303134363 -107.2174479851
-253.4665817118 -1070.4323722525 1162.7750851582
-499.1119309987 1610.7346420912 1492.0876642150
-234.7026776057 -1482.5409526650 -1726.8798118146
934.8521369006 21.8108771123 819.6878719145
358.8146944229 1808.5805793511 -1695.4407021935
2.2929697550 -124.1984247277 -1083.1935596068
-477.2557259308 1285.0981956404 -16.4857273742
517.7316666574 -663.1304226545 -77.3371909516
74.3400776300 72.7329681161 1748.6954604154
-950.3765424407 348.5333356794 -1615.0012403060
242.3224415609 -1046.9481264870 -1508.8449319113
-83.8546127685 -1718.9838043706 478.9175337977
625.1086051978 947.6996101972 -1951.9329990050
1531.9462722758 -74.0991998741 -59.0831943879
-675.2580427874 1359.8554532014 -669.1247480043
-1938.6494750226 272.5623983780 -544.6868270013
-1310.2131270764 617.5955441977 -48.4942881518
1952.3675445028 -245.2753676309 -913.2668523470
-813.5541580731 1171.6237262125 -125.3952386561
709.2106227100 -146.7687502696 -610.5439638546
843.6085387907 -877.4340267303 405.8381413322
-524.9675015814 1144.2532562152 -884.6904956892
-1875.9577052493 -24.3709696485 702.0507140357
-1778.6203096113 1490.1708727682 -482.6781779635
-575.7989881052 -526.2044263958 1508.0090818552
-1108.7852262968 -1696.0881591746 473.8911890380
430.3298778842 103.5739153293 -1993.1333308659
1065.8993825511 -1192.1661009001 1780.7198468758
-1012.1508488878 -528.7921876216 887.4595601376
-1673.1302161252 -1134.3650101888 -596.3099329150
-1428.5084277241 -1013.1165953014 -436.3828287821
1680.7980888429 -1919.7497319645 -1014.4953996922
-1933.5071914501 604.6935963734 -1163.4754537647
-1597.1213817827 446.2730037379 -532.6012768463
-460.2264555096 -1148.1141952950 578.3422133301
1872.1753090076 1654.2665546048 1579.9953535925
-1668.9360738454 222.5676757900 -951.4169141130
102.1375464867 -1760.4849033483 -1664.7912871819
-970.7103422905 1587.7180167946 1600.7782372573
835.3308475478 -380.7792926115 -1892.7387462208
-716.1749301876 188.4511778570 -1066.1325795509
-1116.4920172627 -146.6659359824 -705.1979199409
1165.8857014990 907.8056864801 -402.6194465423
1150.4207069426 -891.8254575460 812.9669034062
-410.8177511807 1053.6082377927 -419.9920997907
-476.0003139194 1420.4741876899 1285.6360859492
1962.7782632150 -473.9263680856 1758.2182465676
-857.2298429147 1316.8063414422 888.1970080109
-1481.0130019596 -1909.1657054608 103.3051076859
854.0401753900 -666.3669424113 -1249.1873210353
-324.3342595476 -425.5797136129 708.4246417264
-437.5655848793 498.4440328296 -1455.5078198903
515.4489876853 689.1327105407 -1796.0667951478
-267.8020081094 1836.6655380806 -373.5897142482
453.9374157866 1740.6594019399 1816.1376677827
844.1551074314 1742.5604539092 -1392.0657314827
-1775.5239486385 -1168.6486842998 -52.8650891631
-715.3636779434 -667.3943794209 -711.6229203135
667.6766399632 681.7982115401 101.0695524589
1899.3539409336 -1430.9439795175 -905.3678677209
-674.2626516711 89.0776335146 -959.4182278513
-473.2549391140 -610.6608320322 1425.7971505281
-899.3991085162 -1344.4502250839 -98.3289068693
990.3060473818 -1496.7706226835 567.0116063596
634.9338519934 341.8012101592 320.7158115448
522.2938183919 979.8674605821 -965.6499883002
-654.7558305466 1901.8338030698 -196.7866210649
1786.5331175592 580.9705178431 -662.1834317266
1427.3823971008 -1828.9520202934 -986.9788588382
854.0230727272 365.5860002231 -1248.4624384525
-386.4120664234 -427.6835215110 1158.8369688651
-1225.5366323284 229.8663228801 98.1767419935
1108.3453951808 1646.8371578012 1149.1298681635
-155.0129880009 -1918.8081757220 442.1149398270
-352.1499231656 1657.7650073768 829.4499980449
-121.2479844785 1079.1785760859 -1754.2269416384
965.9256319562 -1971.2698671854 1751.0403125655
-1995.2756317904 -1792.1259781037 -917.8137416725
592.4961038564 -1587.4303907435 -1727.3905112651
-1400.6722542056 1198.2982804269 -1794.3420488507
1564.8038596671 928.5084110299 -1624.7166632101
-579.5782938743 1150.5121215411 -795.7907598340
-1971.7321356420 -1879.0039944787 458.4148836325
1654.3721417625 -1890.3160753142 -1179.2274636123
-295.5024268025 -258.6139098797 -1278.3157407055
-1245.6601727507 1655.0933646682 413.3335531412
1874.1040819027 -1440.3622709610 708.6140457127
728.9212633947 673.5151739329 55.3591891793
-1244.9013745005 839.8767028700 -837.7450957111
291.8391542085 508.5810861413 68.4978317594
-617.8171511647 -626.1688985131 1008.9347673198
-1937.4866745935 618.5327577756 -730.2254630098
-1921.7934972520 1481.0284225258 1305.5759813754
-425.8006915443 -874.9893768767 1500.1800719495
1041.0363012273 1678.2346739226 -1541.5296331798
1078.9124077284 1099.7775310175 1124.9549763142
1259.2212080568 648.6711279493 -333.9110742823
-1076.7848629948 947.1588821668 -738.6832723754
358.2900488594 159.4921792178 -997.6208444499
-736.6029771783 -755.8934284015 -1080.4640763185
-155.3603096775 994.4863360681 -1909.5529968168
-1473.9073847556 -1161.1774358499 -1825.9541718874
-1800.9791012672 -200.1205451105 1334.1197180334
775.8047076796 505.8042571446 287.4585232450
-1691.1286700084 1850.3044472898 694.7608099513
1724.9475102193 -1231.1374354618 1677.0291757343
-1008.0202600135 621.9669246194 1837.2080570397
920.2544394970 -1401.9498893373 1397.9413109603
-1656.9064702166 187.0580278443 -685.6469863981
-521.4132520311 -1521.2554097553 -1382.7573308375
-1622.7312848861 1844.5777909708 1054.6782583106
1749.2630118428 -1875.0075524044 -613.9331809186
-245.6040545096 890.9855679552 -1145.0649880669
-6.8719290212 1782.9255737007 -1853.2345741572
1297.7403747528 -29.2776708431 -255.7017404608
1240.1653823843 1756.5630378348 416.5758452932
738.8692380858 966.1867467325 -461.1804301785
1753.9538676244 1399.0598343373 1199.8821405253
1089.5955362504 903.9808944272 679.2429836171
1085.7073863001 -640.1991962003 1324.2469010527
-1410.8476183933 250.9296451387 -344.0238451354
1814.3340388790 349.2876620854 -599.8559185467
1933.0683763883 -771.0759486907 1795.5499506476
-1021.7194955874 1995.3087665126 1656.2168816586
771.4978916286 579.8574071980 1535.9440272599
423.0260306348 -1056.9260757682 -713.2112284801
-1003.0187530707 1335.1511873217 1422.7128129209
-1457.6521820813 1196.3583321451 -740.0381214299
1982.8651405605 -1414.6519422120 1094.1864573721
-4.9603550636 442.0821872355 -715.0295131136
-1840.7852888630 -314.2131150047 1022.0303494475
1421.7062123330 -1639.3021214878 -284.3473714857
1293.7843797742 -475.2926841084 1706.5461792975
-376.4566114278 681.0794640558 -472.7269066669
1653.6849834904 -1883.3222111153 -657.1930401951
183.7329348488 -1555.2804412974 1705.4888502873
1401.1101178989 855.2200939459 1821.2303751887
-140.5429154942 1264.7326603610 526.4527599613
1785.6793631319 -46.8372357541 -716.7550177422
1921.7705367785 1692.4251076945 435.4574364032
-902.4523642219 1890.1689412804 -1974.8462987043
281.9463727647 -611.0290360131 287.3377508868
-1082.5275060626 735.0329883107 529.6673495215
-142.2607181015 -1140.3367693077 -996.0976053065
-1714.1795689237 -331.9975508827 417.9019661872
-1567.6044183512 428.7049548687 -878.4078015600
-712.8834263368 1501.8860921356 -1069.6280934272
-1593.5832358253 283.4704246435 -1558.8056698054
-1303.7067621639 359.2271845612 -1341.0949142071
603.2982553891 -1583.0274304128 -1683.3200098266
-1831.7079428959 -676.4902859985 -519.0187007719
-974.1523522160 318.0113118826 1679.7706981087
-810.6521918194 1343.9532757571 1116.7220275116
1050.6016429595 -445.8831468648 -1562.8154070496
-868.6413837770 1746.3723537147 754.5211997730
-1436.8404061800 -88.5727271881 592.5930752982
-897.8533126420 640.4629360217 259.8145640575
-1967.5079994405 -1341.2242164443 1953.7708787097
248.0764177209 626.9064445267 1695.2089957842
-1849.7517824595 177.1677184584 -251.4794864173
1312.4243193030 148.2294068781 972.8079301636
1088.9128769112 -1479.5743167009 254.6492123086
892.1382351828 988.2907677245 -91.8407468226
177.1511953025 807.3587598057 -1785.9702653945
-1595.4994490499 1381.2335513749 -1617.8521871512
909.8456037693 1633.1719454911 -1252.7375408578
416.3315012899 -1205.6172481937 1856.5643098848
-200.9703355973 1477.9018836817 1005.7216447773
598.7651916827 1751.4784234188 -206.6156514807
728.2209015620 619.9198075747 405.5881733537
1122.6389500619 189.0034472787 -224.3479129251
-1259.7388993591 -1376.4268722300 -1796.6207710318
380.7801829449 -823.7869187211 -1685.4270384066
-1416.7993734140 -300.3406254576 -132.3831019796
844.1976200567 -1127.1567200865 1443.1524450606
525.0168064997 -1230.1298874323 373.1502815380
660.0200529975 175.0690004182 -941.8933119600
-1229.3122430439 1191.0029838400 -125.2395128136
440.1093955093 -1972.5352192304 -388.3397108527
-307.4407900925 -493.3178131152 -1343.7182627335
-1387.3674089904 1761.7386959501 -1428.7540444858
-1744.8966050596 -1312.9961009578 -1340.6609211179
1678.7476669053 899.5682286116 -1065.3822252259
1604.9507752876 -1494.2241597165 -517.9807065742
-501.8033349105 1784.5184669580 1776.8631116553
-272.0677376528 1278.3409145661 1635.4829974486
816.3023229068 1222.5263285077 -425.6238557140
-137.1831548486 1541.3476486640 1888.7504315344
-1486.2769487742 -1859.1913246895 -1726.9177245093
-1470.1143549614 -612.1008477656 -1189.1543193994
-263.7848208900 414.6566662083 -20.1934884246
-150.1961542351 930.0028646659 -396.2681637539
-566.9149526958 1716.2962341527 1033.1276186331
185.2416416286 -1073.5550941661 966.4075644772
1224.2298626333 1429.3848863701 -605.6289646688
661.8507504510 1417.3573591832 1116.3477610230
-138.2955329467 -409.3171359555 64.7631021466
-201.8638271667 -1223.8595742902 1779.5272518359
-921.1829527774 -492.1410466949 7.0936590971
-1259.7419001450 -40.6098097648 713.2042558172
-625.6648606193 324.5735252269 1900.7036451023
-1541.5887803030 -1805.9638591624 1078.7432829064
-1177.3308314275 -639.0631788947 -375.5725853201
-405.5956910321 -519.5527701429 246.3241263851
1224.0587822759 -1665.5467918815 1345.1794793124
1094.6928606045 -177.4564463084 540.3707718038
662.4956529482 33.6572653650 -1483.4254749190
-30.0243033905 -952.7521624928 790.6803322202
-942.6990056991 1330.6199825523 -1946.2662545533
-1009.2690540506 -719.2530293737 116.4449821052
1508.7595314906 1575.9136237063 -964.4922602468
-487.5753747228 -1250.4150038954 1873.0154968338
1846.3641214962 439.3555667898 1208.6216962734
-1659.8030426508 -1182.7899350993 259.6217947212
-1843.2714108872 1056.5139403767 1948.1180266892
-126.7816936010 -1106.7189643963 649.3305052180
-293.3900370309 336.3062748772 1126.7964444030
998.4927133375 -1283.3927246401 655.3132647388
1328.3325210313 1274.2076086015 -259.7224462067
958.7902313390 59.5826506591 274.4429909025
-21.8784645150 1960.2427134865 -663.4797197715
1913.4414734247 -1773.0960509759 -982.3953479109
-1798.4224934740 -1259.6306766904 -104.7672229466
267.8071817168 -126.4212759217 666.7740786573
-143.5970037237 968.6977607016 809.3030660616
-1557.0133962704 -326.7246340707 678.2894613645
83.7997482001 1750.4395021416 -229.2724619350
-1638.6321360651 -1569.5935656836 -1284.7322753082
213.9035297209 -187.8866594510 -1389.3664486773
-1187.6691601227 -673.3091447339 1519.0946352417
6.6656933110 1207.0643994111 553.3094083564
865.2515886232 -1394.6977781286 1439.0540893744
1258.5397012873 672.5647777438 72.8630872832
-1075.9600045223 -1226.7313379174 1906.3017069267
-1167.4234369572 -576.4856363967 84.0854161105
1093.3907599966 1197.1231839244 1732.1424731895
-1818.4735115992 -394.0668022956 -46.1078043659
-148.4526727300 -734.0083926429 1896.6987763268
1535.6125176375 -1136.7463623055 1838.9874037789
1789.1312995394 -1244.7593747784 248.9563885597
1634.5296590082 -1420.7020836947 -495.8059416684
-1859.2411016518 -29.6898297098 -247.7613249569
799.3533447158 1816.4569687180 544.2991376871
-62.4612088214 1363.6029226890 -375.7765731653
-961.8433109498 607.9607863346 578.5483916842
-598.5789800913 690.7164156747 565.8851995594
-368.2222480372 1201.9170291205 -510.6708413535
-749.0170864770 -776.8732225634 -1153.9540824577
-680.5130248358 -368.9495114469 -1824.5406655349
-919.6088730327 1700.8465565450 1078.2919792378
603.9429489873 -1892.6596846102 1465.2332644159
-200.6983263797 -509.1012749576 -1524.5085046090
-828.8938372600 644.4427216371 1991.9200002939
-1549.0675609603 -1986.4568916419 862.1739746228
-414.3408683879 397.4143301546 779.5314689120
1110.1933357021 1923.6257522024 -1598.5969025265
-1200.2894280811 840.5782817298 -1427.5420792613
75.0880721328 234.6727741976 -1463.1244915618
-1534.3950394319 1480.6118690068 180.9049259054
1170.3759733344 -1358.4881329576 -1766.0133891468
-580.4826845321 515.3022772536 567.8725309334
483.9010732470 -933.5052324360 1920.1276985580
1875.5118273782 -276.4956153013 -621.9727905932
-1837.4888362441 -907.5227018450 -1795.3221822342
-1107.7600189255 -4.8628042428 235.9192092159
495.1735562221 1004.1465327818 -1374.7005654255
734.2099854542 1037.7913518294 -71.9346947660
-126.2351209945 1634.7196703689 421.7478498275
-602.0120114349 -939.9066725342 1351.3006626616
1627.4011870836 -34.0177066409 23.8060374702
257.6402237711 366.3881100489 1534.3244631955
792.7279175819 1847.6565105156 1067.6058643229
-785.7886927418 -142.0722767937 -1889.7441884109
-317.8836476548 909.9197604441 -912.0782170086
629.1386704883 -394.3181764705 -771.5298514010
35.6217028650 -577.7180469655 -591.6746550949
1734.1381228932 -577.9263626089 -1965.0401688628
505.4699775820 1912.4742056595 -1600.7669359107
731.6292197387 1325.7895494473 906.6587099409
-946.6410746964 987.2570223395 456.2165434546
768.6263055117 1816.3224160005 530.9899433591
-1356.2926898124 1711.7963622643 -1921.4518113004
546.5399677185 -1930.5902396198 857.3603699108
-731.5211683734 -447.5186467590 -1219.2233346566
799.7620989889 -1869.9923793889 538.7645709063
1651.2015422336 528.5600466695 790.8192677541
701.4237688242 964.1047443763 -1868.6294963491
90.3915710782 -898.9805140290 1971.0493478003
-680.2386265301 -1411.7391163565 -689.2966614638
1069.1034424859 1957.3104510749 -286.4053122207
1693.6434133553 -1003.3470458046 709.6636591798
405.2706768300 -365.8635962261 851.3627981970
1005.1400690766 -799.8934188409 -1712.4343094348
-102.8631117520 -590.7879697508 1335.1848047583
-1032.2768290843 -1892.2655556488 -81.3841256115
603.8371884827 -1548.3814857559 1558.0450723103
-1306.6405344558 -1905.2871334665 1878.5897099521
-73.1101752014 -338.1250721407 -773.0355179342
-1973.2357900647 1757.1886510825 1623.9337619661
1733.3100991658 -1036.1791935194 -19.8298689565
-1572.5055710237 -96.2639465709 -1794.5190196034
332.3520750292 -628.5960817693 -1433.8809609616
1170.8007074475 -894.8068616444 675.3787258766
1591.3437769468 325.9634897420 -1406.1965198898
1479.8699885308 739.9125817493 -754.8668151817
554.4098704558 -1976.9319597754 -1773.6282561471
364.9516638180 -1675.1131941754 1867.9255524941
-240.7669760958 -1975.5129516550 98.8641581966
958.4625321298 1386.3214884168 638.1800062541
684.5761203243 -1225.0793132241 516.4319133895
1221.1898363517 1736.2791135162 -586.6667470557
-1381.6662496321 917.1674344526 247.8929905209
907.0070804220 1938.6365680512 -1366.2032232100
1174.3009396430 -8.6275222765 -445.8014870412
-502.6349535387 -1720.4919832210 518.8733685575
766.1216379762 -1815.7811512301 260.2626969165
-482.8781096002 609.7596492955 1711.9007841944
19.9187089877 1340.9422346728 1288.0171569899
-1081.8876709834 -1743.0870024229 -108.0744626184
1430.7217454052 1428.5356828872 -1756.4699905854
1113.0645813899 1862.5304069399 -1474.6749771164
-112.6952305604 -846.8691213489 191.9378093728
-59.5080434966 701.9625702816 1635.2877215341
1018.3541812754 -761.7759985048 -572.3571182289
1076.7065122319 -1025.1471183614 -60.1778999686
-731.9901819070 678.9110482751 1705.0562798041
678.9699964836 1397.6764122245 318.7181739072
24.9103025200 404.7755420102 -757.5219059875
593.7669498481 907.0231964130 -1083.7658805657
-227.0478923230 430.8112223207 -474.5388146674
-439.5654986040 1122.9254088043 525.2506262738
-1705.2263077444 -1796.5694937591 -918.1838802106
1827.5370896477 -1310.5429112987 -932.9889432502
1803.0670624342 -1170.8605716124 1535.8825244367
-1857.3973987898 -1491.3250342056 1228.2910445421
-720.8692038246 -1976.4405001107 -313.9188365238
234.1557518848 -89.0724394738 -820.1340095970
177.5561506083 1939.4929240232 -1311.9232959181
1453.0899717874 -696.9518346562 -1828.0608326961
384.5797257480 1371.0068646453 -769.7301418162
1893.2204296012 -283.0373575635 1238.6430092150
1015.1574391325 187.3565049416 -1404.3368930205
-1592.5300037470 -437.9055185282 -393.7491969678
430.7795311150 -1298.3253619841 785.2262834801
1923.1323774404 -1697.2328416001 -1204.8399589266
1551.7305075715 -715.2890413936 1533.2830418365
-285.1783900340 1207.5303227425 1051.1226009174
-1288.3147732251 -1209.6414210778 -1102.4333016174
-1645.4010249586 -338.0896833384 -236.9513618365
1472.0174561026 -1309.3422647910 -1489.8526254330
1883.0037410059 441.8294140317 -1660.1706384255
-206.5534588272 1566.0592969508 1056.7604388312
-1179.1235937869 1627.2181708909 294.8679900687
-1989.2164763311 -1906.3043914366 979.8500607992
-208.9091447084 1082.6799089568 1344.6290356589
1061.5653167652 1344.3054006289 -1092.1258161992
-879.7776454143 130.7381718298 -1682.3831671754
1470.8533937840 1452.5775601745 175.7861866610
292.4534739478 -1034.3111304167 -444.9703998191
-1606.5453524347 -433.3196164393 -188.6170001455
-806.8234432751 -1110.5572351937 -1507.4019265543
-443.3187620247 -1951.6556376119 254.9260118937
-91.7054741037 964.0444956276 -571.3404282466
-588.7338611480 -1892.3583747700 1622.8103924294
1737.2388193202 -1402.1650257916 528.2539303051
1545.8883791609 1892.1985922583 -696.1654747512
-191.2750718783 -1272.3806365684 1776.7038963058
-293.2074654018 -342.6865353422 -1933.7809190330
-406.2845981917 -1374.2292936261 381.4484472421
711.6410159500 898.8139760011 -863.9499054071
91.5310673269 -1309.1534502921 -1482.4070340685
-1104.1884775784 -1278.7161596926 -653.3177228684
1301.4358645701 1661.5462600101 -593.5337739936
-1798.7503008911 -519.7593291380 705.3520603261
-1607.6674338883 -953.7181157909 -342.4754453580
-144.7879208214 -1672.9900034319 -740.3097663144
-158.6852350011 515.9222143605 -844.7767853689
-1036.2101677904 -606.9589731149 -195.5556869213
-976.8047016086 1770.7940312077 -408.0214212239
-597.6710296227 1183.5794541763 1422.8724474200
212.5059477163 606.2536940569 -1954.4509044057
-1365.6221545703 252.9397359711 -1871.5547298412
-1726.9384639904 -1241.6531757341 -971.9891012654
-1008.0677855819 1765.0140108841 412.2672145528
1031.2756122361 1712.4146767323 164.6713677193
-1949.3496168804 156.9161362084 -1067.4778570920
-1091.8802662514 775.1907745515 673.2543957417
-1434.1914556887 192.2765526605 1376.0339530901
-1407.2016597300 730.9129311441 1987.0758518550
1397.1533689842 -1008.4956625089 -1195.7705099691
-1327.1626602987 531.4494721375 -117.1465997412
1421.5520683939 -277.5532910735 -360.8356797862
-284.2077791939 -897.7969956318 -918.8419071214
-1511.7154719136 1475.1869359632 1076.6143554269
-618.8695839372 1959.6307978651 1051.9652835158
-295.8937056623 1949.7842936758 -728.1845509379
-1186.0808229674 278.9988580496 636.3999120453
1866.4146463523 1824.3603700371 890.6693611600
-1605.2589041070 -376.4846362514 -253.6148417601
-1182.5535521578 -1306.5689831160 1619.7020513187
407.3895650870 -106.5233856995 -1789.4620942627
-1796.5021750617 129.2612983484 -1089.9112151386
-1929.5202128968 586.9107457512 653.7361693653
40.9367803124 -1337.0921070285 -1452.0904340041
-1665.9457959223 -1254.9523208300 -775.9443383276
-1230.8178531910 267.2113271784 -1168.2199665664
-873.4070630469 115.0194241155 -1222.0912765038
-578.9499819578 493.6275473716 1715.5207108048
1325.3518973106 -56.2942982905 -587.9058920906
-100.7461891884 -202.1774323146 117.2294075497
-369.3376126339 1003.6572481711 -74.5115764807
665.2480840248 898.7917937411 1713.9469245919
1643.3335772625 -461.6305488598 -1669.3616558454
-1309.4527411624 679.0470621339 292.3965634568
-1364.1125522868 -1437.1240426579 -1669.9952845215
1308.0464999804 157.0687407288 -118.7846599708
-268.6408614431 1670.6937940881 -1801.5822843605
669.3468869700 -558.0975149459 1391.0648196417
303.4569653197 906.1289044180 -1048.6679045358
-762.3448127922 1300.1691950510 1240.3673411197
-161.4649425914 1216.3396464273 1163.5393903196
1855.8558862300 850.1087244515 468.2462531515
3.7707603110 1451.8267227052 -1735.9936717807
-206.3743854086 753.5050890942 -293.7801802225
941.0431196710 -655.0989310486 -1853.1558946959
-1821.4657744623 763.4963126823 -1381.2662773144
-1794.6390908580 1909.3217260354 168.4168774314
1238.9688835186 -7.8669589939 1073.5013459448
-1976.0366132012 -1870.2956012306 1602.3795952224
906.3612968290 -566.8867834790 1103.6798248699
1498.9727291904 -1.7385575615 1922.5829913959
-633.6031452701 535.0587417596 -628.3467037963
434.0231548919 852.2406288063 1796.4798268507
992.3674429801 519.9914757994 1577.9817826890
735.8805393653 -1396.8666217828 440.0360967022
1524.3462311632 1911.0494294670 -1543.0826307638
1961.9872951361 -1733.8086056477 1897.3086774171
-1445.7615989509 860.0175297857 1680.2531744422
-1699.0526302549 -273.7450151166 1877.3063429020
465.4971489833 1604.9141297942 994.1733335491
722.9926597994 1638.5197373992 -284.3988926002
-447.9438309631 -940.8592080063 1124.5671130622
-1527.5307821705 1563.7439548336 -1055.5562793088
596.5106570968 1115.5870655910 345.6319185449
430.7328633176 1930.8178880294 -801.5124105834
819.3622180777 1492.4683975341 1006.2865702034
-1719.6543206816 -256.8588824440 751.8538819975
-685.3826405641 705.8421352319 -985.0282227040
-629.2448947616 181.3086458378 -370.5885948271
189.9786971743 947.1644846882 1482.4929123318
1470.3727118146 -1016.7388244337 483.7993463432
71.2739178948 -1613.3686876142 253.8740077078
1124.4945384059 -1897.9181030912 319.4540020321
1401.9034171438 -580.2104435573 -1340.7085854747
-919.9477924132 1220.5380560153 1119.9126546445
-1476.4661279961 1053.7697109576 -634.6879297424
203.6350850256 -450.3680393030 982.0618649903
-630.7402979121 -113.6114407967 167.0966187913
1923.2635939422 -889.7321339591 1073.4309161018
1959.8271275407 -1162.9960359447 -1291.6862208818
-455.4482261620 -193.2089019912 713.2251319870
-1095.3219189286 1056.9401012368 -1875.2299462994
784.8655341610 -372.6954981390 -1625.4435079804
606.1480518975 -334.2464871792 -1161.2904660192
-1102.2245707976 411.6102596246 1719.5249766638
102.3722819763 -1297.2769224234 855.2819380287
1185.4441797292 -185.7689290824 -1232.1095913592
1292.5762741234 243.0013677985 -1114.5596122007
-484.6457363273 1200.5494330227 -1513.4998190364
398.8291012672 -1976.7090163017 -1780.1562130038
371.1358125179 860.9983400767 -777.4510453867
596.9736698011 -199.0224205191 1486.0944183932
-1448.8263109182 1545.7822135407 -333.1289571250
-84.7735422981 -1578.2826966333 -1873.6616783944
1283.5763316823 181.1789071887 -411.7315271754
-235.7552393025 1157.5359006834 -18.3261267656
-1715.1333773503 -1897.4873677285 -1048.8825081874
-537.1202010036 804.8762813870 -1499.9304776226
1634.5683686520 -337.7086870138 1129.9704855306
-642.5764374058 414.6242365713 590.3315810597
768.4558421901 -1706.7578910737 367.8956579791
-273.5101259939 1403.0092915387 -654.3888638376
1958.5977968963 1376.6439735106 174.9239566664
1448.5137095074 -1409.1211146204 789.0985953262
-209.8609896864 -528.0303132983 -59.1649334292
550.2371822806 1958.8441383182 -767.1332601262
1662.4814314676 -203.5368023399 54.9294797846
-235.6440972353 582.1683519187 -886.5940522273
-384.6248366954 1120.1564416789 -1156.6288747319
1738.8661393309 972.8745850484 -1170.4342516986
-398.3650855333 -1180.9854178167 -1756.9248969154
-1138.1753160439 -1602.1846683369 1529.5952700416
366.4937695434 -895.1473641418 1738.4546924415
442.6531060749 -590.6261277189 445.8043907078
469.2788844603 -720.7349839632 663.6296672977
771.2536708836 -1105.6537705821 1743.3360006560
-1127.0188027529 -1066.9299571746 -1706.5912615452
257.0073417220 -400.6048285220 -1899.8405449069
-381.9720468946 -1867.0100887343 -561.3563031292
970.0798590570 1106.5205553558 -357.6855612677
1926.1997211472 -1339.5696150087 -1976.3538286469
906.7050890592 -1823.6124631312 424.8688726336
-1671.2715451043 1243.6774920436 452.2628574721
-1984.3267414432 159.8291144720 1189.7109334707
-856.6944866602 -1172.1111336134 -1435.1239417990
182.0282460571 -196.7828628553 -690.4207460002
795.6142830892 254.0360253131 -191.2248021666
-1550.9779142577 -426.6100809800 -1544.1453177135
530.5715507519 -1137.3128857046 518.5993801335
58.9935982491 169.5514612528 810.9085509877
1594.7323911220 -935.4759914590 487.0808809881
393.5143095515 -388.7438955451 793.0422984436
-449.9416086836 -1273.2265292865 -163.4676729312
844.1747530320 -358.6717920658 -428.8339871543
1700.5247847542 731.7659502542 -142.5468446367
-1731.3776828841 -46.1672493780 752.5190765332
-1761.8566213800 -18.3838483389 408.1905752292
-1325.3686218392 -185.4214220278 -249.1746598716
-1071.0542932348 -600.0152276677 -1707.2500887199
-717.6502839855 -22.8188169022 -1852.9152194594
-1860.5584163701 -1183.7136654221 -1244.5600491629
-489.6946066415 -22.7239501082 -761.2286119190
736.7216518660 712.2998946794 1188.0543539539
-893.4377139506 594.8717059606 1121.5662098211
769.5063844041 -941.2440938021 676.1545401965
1893.5681900795 1459.4488834695 428.0865283426
1024.5031550933 -726.7625606389 -15.8682720546
-604.4114189532 -471.3602572945 -381.6370973388
604.6466534649 -311.3716891419 143.1542231951
1277.7271820109 49.5183851498 1599.6497729813
-1375.1042988808 79.8043230511 -1679.4196580224
-865.2117768272 146.0636478657 591.7927582129
896.7884491465 705.8570790197 1661.7199339653
-980.8807015588 296.1325524289 -15.6161528069
-866.1136229195 487.0389167214 1073.6140586670
391.4267544345 -239.8267043731 -893.5704094693
342.8323755952 758.0309874909 1766.4500213282
-768.1573721288 1696.5238827154 1315.4263045181
-1637.5074438811 1318.9199128704 -1419.6320326981
-1134.0660529783 236.0087862365 1666.8572535640
1367.0853326232 -1505.6971192046 1656.7107542299
1272.7348873199 -1527.3465837078 -78.8470391511
1054.9269756693 -347.7740975611 -1347.2457180236
-282.6827423385 336.1369933481 -65.7785034843
-1796.2880289554 -701.2385713723 1036.2545796983
363.6838381785 -111.1329256334 63.1082746324
32.7309226101 -1320.7435348040 1381.7118476376
-1580.7931407303 1776.1606204715 1809.8223923997
1185.7424396122 -1366.2166808551 121.1682664947
-935.4991242531 -936.3257191236 -1429.2098168225
-1185.7424420411 1303.7246460681 1611.5498523995
-1498.5723244392 -678.2295400188 -260.4244472635
-165.6206157484 464.9224623815 24.9657422086
-545.5921997897 1490.2532255636 1246.7172405148
270.9416410304 1744.0552552409 -1450.0966549015
1132.5048156524 -691.4588224639 858.2492335100
774.5640650658 1046.1989149601 1069.0377637997
-607.4577464718 502.2345420558 709.8513043078
-477.8654517170 415.8814349548 -1426.0559608123
-116.0914695810 119.2134502609 1247.6197242073
905.1189636819 700.9607475327 755.1656924262
-1233.9439324926 -1279.7263684190 -1783.6306105923
-1610.8737680868 1968.3787775828 988.1828355194
682.7015303675 141.1765334226 -549.4566963357
1691.4638072849 -1113.2102366894 -1988.9377116495
19.0958218366 -67.9099201924 933.5319617726
1778.6059362442 -1216.5988057432 -1744.1254255805
511.5490324791 -1316.0576723119 -727.1058843460
-1181.1328672532 1279.0807974664 1139.2107140067
-104.3565411022 -1872.5673728276 -1403.6062913753
-185.3637634633 -1159.2857906492 -248.1163723815
-1818.4006594076 727.2840468642 -443.1145160026
-769.3729922760 246.8643913006 1679.6507687851
1778.1475491912 775.4612897881 757.4558562533
908.1644493448 453.5496780616 930.0735239572
-1210.9060803924 966.7163723139 -1568.7140356512
-1384.1181619729 1192.5332252209 1655.9625298812
-1978.3809319804 -1268.5153147852 -20.0042485289
-887.2376159699 775.1319147229 1648.5646879554
-1672.0281334565 1774.7587193600 -767.4542046531
602.3689515419 -1031.7680528879 906.3610043040
1499.6674625221 985.8870382584 -1039.3651785839
1692.9869094315 778.5177209357 -1251.3734328047
-1716.9287099622 217.3303821803 -233.9477116456
-57.5168454916 17.3895313627 1410.5670290474
-1330.6458590763 310.2222515119 -1051.7768591160
-1950.0824134270 -1427.6528141021 -345.1312707305
-64.0901184931 126.9338265256 -1932.5862512339
-1141.6117349031 -1873.0516660077 1395.4797355086
-175.9454857701 -1646.2729208604 -1390.2356732858
809.7207349984 -265.7996590269 -808.7225597542
514.5132192799 876.7489160824 -1895.5872338946
1986.6294451252 1362.1353449440 12.9048311318
1844.1232039741 -1364.3946762977 -748.1136855071
662.4209468383 -1431.2880158446 -537.2749897833
1575.6701922982 -428.2134877840 229.6541993575
-335.9511917852 -1857.6054631557 -1785.3575232958
1086.2967670570 -655.5455939316 -561.2795412620
10.8798082989 -815.2555043893 -744.9275037520
94.4236409028 -751.5676167894 -1801.1588566680
29.3001592312 1067.9301450047 -374.0189091627
1563.9989208931 428.6815106849 -1645.1258533307
1715.9851447089 1869.2614539185 -851.3584668099
-1799.5176826658 -1294.6719991610 -398.1831065333
-208.4547127559 -289.6319296087 -406.7112397227
1762.7633921628 -109.3176802306 -1647.2899444259
414.0311466142 -587.0293732140 -302.8045392178
-1085.0221258474 464.2260876575 -938.4052419929
267.9409714263 1163.8814775018 -1840.9526860010
-894.7276352706 1580.4396266013 -1425.5085529472
-1621.3531679558 1571.0986077403 -1557.6511375667
226.9166646315 910.5649733240 -481.3534115823
-1038.4770204261 393.8587292781 -1388.9149701388
1448.2991882434 -1910.1764862998 -1345.2562796561
1396.0227614271 -191.8511885889 1777.5004568732
-162.0116843559 -856.2524343183 -1662.3801098006
-1030.1512431093 -298.4745600231 557.1539962984
-1579.4805700275 -509.7958220307 521.0455863410
-708.6535681963 1006.5353508933 1183.3448166837
-418.0116500249 1053.7091790239 -20.1231295650
-1307.2962482319 -681.8317170082 -1331.1866087742
1053.6577158778 1743.9478491217 743.4277285672
1987.1269612890 -528.6865872937 -1399.6571072973
-1928.7629735708 1015.7390007801 797.7921249320
242.0163443564 706.5592792806 -306.0633869628
16.9424988744 1491.9240413507 -1866.6911161048
903.7618831601 1661.0576941181 392.9886744741
364.3787208343 1320.8078844539 175.9138148414
1676.5395713566 -697.5405635566 58.1052311600
-1394.2753057036 453.2363336876 524.9774890946
1135.8439088623 864.3337584129 -83.0091549972
1630.6627004188 601.5155897895 -972.1159340645
1085.1969833860 712.3970624947 -1649.8872627690
1780.8099469034 -525.5872967986 -558.7736343730
-144.9174249627 253.2200940666 -76.2080978092
812.0974581272 -1261.9502107589 481.2071689104
-477.8776308014 -1230.3720485051 679.9355377758
-1878.7282300540 -630.2626758917 912.3296921990
1673.8763565404 -1423.9216169368 -1675.1078140851
-437.3361142386 -1475.9531500057 664.9748780534
1452.8883720708 210.8243039913 -1590.4357365064
-1836.3372758333 -687.6852429687 -968.1289645741
-650.4903159148 1891.7988505137 1283.5710458590
1470.3355417237 427.9891649893 -96.8872924070
634.8955566700 486.3102385103 -1967.6479986063
-932.9905810035 139.4282654616 -1214.3587832207
1709.7810575027 -952.8847868697 1938.9979505795
-1721.7365562278 424.0787511123 1245.2261131437
-1553.1678640070 -780.8461709813 681.9005590814
24.3293804329 1370.9124545609 752.7418099595
1747.2678915790 -991.3608273576 1711.8063079157
121.3884144280 1436.6576504140 1811.0616348121
1129.6749406842 -1304.9682614007 1870.8351600924
70.5356249998 167.7301078570 1693.9707803265
-1756.7712254261 434.6649396795 -312.3298082594
421.0101793198 -973.2320038947 999.6938976064
-196.4760670845 -578.1435507215 -1122.0541047813
1827.4909026122 -1359.4444197217 -172.8721327282
1330.2629609468 -387.2768316675 1891.3784164988
-383.7605714299 -504.0212393542 -1893.6706152279
-1251.1644172133 -1079.3211187628 1838.4679275218
1368.7799625028 -1987.4702135338 522.5091714719
-720.3031315940 -1515.3404701538 140.5485117269
1402.0703600882 -1108.5504513368 -1658.2022360625
-936.0835122792 -745.5510834480 362.9975472869
-563.6735336274 -226.0274606828 -309.3907341421
-990.0030533718 -884.0692091290 1087.2879999606
902.7822630146 -1941.9916870337 1901.6443054903
-607.2336424832 -86.3269004297 1300.6168370193
-738.9867095841 339.7551716383 -413.2120054210
-794.6786599630 1635.8105692441 35.1586826902
558.6193485014 -744.2401219011 -68.3260629333
-1239.6362429497 588.9408942025 1151.7170967897
-358.4403361271 -171.9026266546 -337.5417818690
-348.8158544214 1071.1355039210 1526.2136033072
1890.8221906320 290.5078837672 -627.7304642496
-1892.9939644138 1432.6520789977 134.9991883033
768.9152585316 -120.2874660799 382.0845096124
1383.3230318288 -1609.2962585840 -1581.4486962565
-495.3548088192 873.6116046661 -1505.2231817557
-196.0199894308 1908.1142372869 1692.3829339585
-1530.6763726346 1370.6429796002 359.9219948208
1874.5055885653 -1449.2309731084 -1291.6902359282
-756.5113241167 -1376.3273718200 -1729.8249856130
383.8175750397 1716.0426486804 -221.4888262405
-358.8102203160 1266.9990773507 -1129.7442409404
425.9103295733 -1949.5585903377 1323.7476471768
1471.4287189457 -1340.1690044864 -1478.4691619595
582.6060104941 90.9301456476 -1341.0983453207
1672.7590580250 544.3370498314 1436.3566694893
-1614.6643447679 1134.5177487987 1716.0771409123
-1387.5370718298 1584.7386089547 1555.7612392527
-219.0016126448 -1003.1350126346 404.0771112756
631.3352129944 1269.2746194649 -412.1579774220
-116.8118659779 -1234.1353278067 -229.8270774175
396.6059648706 -1168.9879100780 1193.8888882298
-147.1592407950 -817.3114552245 -860.9198568949
-1534.4013612297 1790.9677489793 -136.6797064812
1572.8883614652 1747.3204300499 -379.0655670297
609.4952171693 433.9893652070 -809.0067016695
-529.7780053477 53.4641346776 -1514.9405716887
-1617.9734220418 422.5063128882 -1642.2601499511
513.3850058289 1130.8154575171 -686.5966826356
-827.9240636396 563.0230651717 -1403.6457295300
-1214.4839624770 34.5861513197 -322.5824533429
-237.4942343773 -418.0277162408 56.1837712224
822.1202183741 -1435.8344575132 -1232.8910577857
-309.8277504731 125.2211389838 -70.7358902364
1927.7576326934 -1715.9887629195 -423.6318534156
562.7961994864 -1921.7806145711 1943.4952704948
-459.1220993448 978.0975573703 -111.1941988832
330.8084954153 -1856.8175708403 1329.0835908763
-248.5496394278 -491.6038878412 976.2319835273
1135.2278695527 1478.8429906527 -1155.7781778580
-282.9286076216 -377.6563437556 562.9855902194
1892.9458239183 1965.7308443386 1064.1933651152
509.5616457109 1733.0075269847 1909.3106876815
1312.0510743517 388.7881714103 -1673.4449514615
281.9142516761 -1886.1764867485 -1814.9800602289
-1342.0414205361 504.0233740486 476.1431872186
-1182.5349276999 -39.6162371097 -602.8574891736
347.8155373385 1440.2309867594 571.2014794478
1046.4528044042 -1436.0042541623 1173.5308657260
-1365.4902435290 488.9598570668 -283.2300690703
778.1073050017 49.9542869103 1860.4301561452
-907.8730771199 1472.9527511958 -583.2273070989
-1464.2914248497 1713.4825976496 -667.0753195472
1012.8258666643 1855.7160421597 451.6143661028
-375.4147251540 -438.7891489356 468.9349789388
1479.0590769239 1802.2228057952 -721.4307172654
637.1941806383 -1505.1351221239 -1181.4818309085
-1563.4576952388 1533.6171141649 262.7647960229
-722.0588376252 -1731.4427229768 64.6211775666
-1299.3792049821 1706.6882792180 -175.1305617995
1085.6229639930 950.2467503068 -306.6148897832
1079.4036194672 -1296.0803252809 -1064.6920456017
1188.6797326502 -1156.0931036794 1483.0494129648
-1561.5183299087 360.2098168132 -306.0592689664
-1071.4038291437 948.5741659243 -297.7932295662
-1983.3979188489 -1729.3462210909 1897.8865768708
-1166.0873437962 865.2734643196 -356.9474842692
1724.1373891210 -17.3508587411 -818.4571850849
-458.2794764555 227.0133262645 1372.1265866985
100.0305080290 -1458.7793930600 1308.0352043638
1344.8491772845 1065.3939287185 -674.0382337021
224.4813536225 640.0254784538 1168.6764760636
225.6659056461 1141.5789482819 1066.2617561760
-1173.8954508676 -1291.0471476540 -1117.6754331106
-630.9984724265 -613.0434970759 -1597.3618733391
1901.0664780471 -1008.5649292206 -831.5617667601
745.0667036946 1982.9299163486 -868.1188736684
-16.9946661912 187.0394700328 1548.6902250231
-728.4660804221 1121.0730512047 -1939.7282859471
-811.3919372450 -152.0512610881 1937.8970091845
-1082.4919532611 300.2681550844 -1520.5014538665
-691.6308594746 522.3552162343 -1742.5568150610
140.8060332665 0.6120500369 1682.5828412684
1424.0789004804 1127.5698277765 1993.5823196647
1513.6101371541 -1936.0030025729 -577.4681469072
-277.9402187904 742.4617038030 -760.8281104290
-51.0216273004 -530.8084926043 -1309.7656855409
465.4140869341 -676.2990695182 298.7377521168
-1590.5245459058 1523.8910945533 -51.9736866667
1775.4695870440 -1046.8640176967 841.3805362310
-1372.4502118538 -199.4501940977 883.2474415785
-571.1587300360 -144.4405904684 694.4000168920
1741.8110461096 914.9621480115 1834.9505251792
952.5625832536 -714.9984713634 958.9563981924
1183.4212325545 274.9071076220 411.3665129847
1093.8197078111 -1843.4434241902 -908.6163901984
-1891.5861579770 -1224.8072027716 -1175.5355663021
-444.7148410196 446.0628561778 -1817.3176666546
-577.5785992906 1201.1896510480 -1201.7702556252
1933.0718378042 1003.0779278822 1686.4677107814
1542.3330758326 1796.4218880408 -609.0994628770
-773.7773228615 1586.3051109030 -715.4955373390
-1163.4784087091 -1511.4129768960 -1083.3254344649
40.7525852324 333.1639129358 1852.3121993156
593.3131464711 -149.3421712604 -1003.1576374466
125.0100236724 -355.2587757344 803.4937845381
-1229.0810950657 -253.1524004788 -1932.1048500374
-1386.3628652870 -76.7112840575 1371.2037415911
-1855.1859072877 -634.6859399683 -1171.3925965089
548.8721559082 956.7033521845 -1335.9564606791
218.5076339563 -524.5244772528 411.2731616522
-1374.6519127666 1198.7076350397 -318.3014587611
-597.6319042753 49.5623900329 -1594.5670376274
-677.6825857733 991.2205075116 403.4059277707
-406.8631413907 768.7021578539 -1124.2517445594
-606.3189491896 -1955.5230978696 934.9163081691
-1352.0552610975 -1563.7284125259 -1191.7113565013
1911.0388982758 452.5562457448 1560.9044786481
-1251.8586252699 824.5115286741 -1155.3839546962
-999.0140801347 -765.0148340009 -1814.8564686492
753.1614597823 85.3709048268 -1112.9451027911
1407.8223688812 -867.7237229842 390.4495178418
1735.6410068008 -1353.3499353935 -1455.9052054785
-104.7949749505 -467.4861685391 -1276.1123487374
-1299.1905949365 -1121.9049202724 1509.6752535501
-1640.1653406228 -602.4806979538 -24.9565279275
1309.8236315857 -1575.8865682391 227.2563103556
-865.7636581967 433.6847188900 1063.9576840380
-3.9396351612 -767.8434205512 935.1966051194
348.6666070961 -939.5302722302 1047.7244241502
-256.3104403304 -307.8249061477 629.7667715886
-340.9864565910 -862.8443602944 1168.1849598520
1939.7489508987 -305.5964514710 1343.8545328737
1462.1159371538 925.9380931386 1322.3096097085
-1283.1184715935 -826.1014368128 1488.8881165524
-636.4654798546 -519.8877637322 -812.6927342804
240.7834060537 282.8534031395 -422.1058567838
1130.1853874328 1492.8576159858 -1406.2591033503
89.3932149726 447.2199769797 1533.0952057628
124.1069893431 -44.2055204804 1505.2284349520
-814.6462449514 -900.5065363323 -1865.2548156686
-1221.2756625870 -813.1554396472 50.5996763315
687.1918444205 -1433.6285820086 -1506.0820286330
1096.3061688525 627.5539383351 -681.1690048278
-806.9966026224 -1264.8465575340 1702.6837729546
-40.7769347208 1638.5446084590 342.6619339952
92.5349807963 -1105.5748480550 1524.3850396694
-1687.0178042399 617.5087502103 1312.9034041060
-1950.7367574816 -510.5962908803 -1076.5795255600
-1274.2834296692 -1769.8089431941 -159.5464945503
-1289.1022203005 -535.6723901669 -1973.5386534540
1020.2563881153 526.1192480992 -929.9757833983
1371.0218162377 1642.4943684462 175.0150404295
547.0152692370 600.0655386787 1514.7516717696
1319.3530514267 -407.8188717079 1327.0887154109
45.9019772735 -562.8580649748 1158.8181799829
-316.2370455954 -1256.8920258661 -728.6322709968
-1586.3574975961 452.4542600603 -1446.1614695543
467.1846633947 1462.3098241317 -1242.2298645462
1748.7719951941 -226.5202747068 267.8830836496
958.9539238211 737.1095779334 899.9005123920
1614.4401451837 1344.8727238473 1231.3342688615
530.9058977665 308.4753301016 -849.9159820291
-9.5856863592 -893.8456074455 -1960.0295203887
-1347.6221072974 334.8016016342 -428.2638566800
-1795.4768685919 1694.1857956651 -345.2471763992
-648.0206520285 901.0749635740 -141.0458259546
716.2885545997 -832.9779268140 -374.1241642621
782.7195063709 1971.1316944068 -1517.4304205387
-1795.1421812846 -185.2488047659 -1559.7348686749
-1047.3010200188 205.1153988372 -565.1717736587
-686.4986136295 -924.8750566390 -1515.7814436404
-827.0507617040 -734.3434010746 1670.2491888418
1142.2100899436 -515.2801480250 -1476.7491643376
-89.3459254561 1825.5840860451 -1733.4228201697
-953.4173968789 1567.7998210990 1605.3508569593
476.2747083973 685.7699187284 -1291.4711169947
741.2138419900 -1245.2119370118 -532.3111483406
-1024.4162605011 819.6515633841 1034.4771714240
124.6859265798 -1835.7352706369 -1431.2308118928
1040.1703274778 -1683.1109945622 -1526.6400733612
-1309.8922216745 -798.8652083955 -943.3845005443
638.7375316468 -137.9773401073 260.6356522060
468.1566656019 207.7118710830 -617.8457990812
1651.3700308002 1668.9339634350 239.3064786749
1667.6473435388 370.5925653005 43.7140406419
-269.9650391500 1801.7721177135 510.7828580910
-1913.5880555166 1704.6431563013 484.4824741541
1167.9681136719 1003.8782736108 378.3470778715
-613.9863548917 1972.7397567985 1171.8707020655
1589.1929871301 -1691.2790602079 74.0207719461
-265.8932109633 60.2135914797 -1953.0340570454
-52.8759466150 632.7810651076 1859.9232647080
624.0192904014 89.9856496524 -1683.5702575791
-1091.5269428631 -430.2994465664 1685.7922782510
-839.7693806969 1441.5841299270 1756.9413789058
79.6705853538 -1978.5814620608 -1007.9599838958
640.8528895001 1194.5080066050 -121.6080693129
1996.4113192989 -1050.4814290062 285.1025830583
972.1350147272 1106.4566057821 -1555.6531183826
-1768.2395543568 -1851.3224816745 839.4427782451
-1121.2634614181 -1445.2424414935 -1465.2203840695
-582.6093568585 -1740.4174824577 1584.7875217780
1129.8070138274 -552.9038108106 -1150.2802002485
1227.1152358722 -1917.7275403366 1082.9999029752
1274.5538907250 1282.4013085818 183.9649826329
-852.1969003374 24.7296177316 1277.8454959555
-739.3731290595 -1720.5472960931 860.1282679112
-17.6689449218 387.6479931236 -211.8990994903
-660.9914110080 1586.4060071112 1641.3627116167
-855.1722428658 -586.9612206702 1782.5893179136
-315.8949309657 1754.7900257369 -1393.5544978464
1314.4298451804 -1349.2409712151 1804.4084271002
578.7317162744 263.1613973130 -846.4210257954
-1145.0304968975 834.1951538079 416.1408256212
-1963.1632730630 -1348.7589296302 483.1245487488
606.0403463086 782.8951393198 1161.1110495939
1768.8542079446 -1422.5094683282 -1055.2317098342
1629.8969318377 -1723.5223468980 -753.6004093128
-1987.2423989847 -951.4205594447 1972.2923594175
1201.7654383886 -997.6257503109 -711.0254402022
-9.0671176927 -350.9998245069 -101.1724655257
-1725.9433756404 -484.8808079384 1094.7881684091
-282.7163132383 -523.6212945573 1968.4170801916
1340.4475669628 1075.8444790367 -776.9577949998
-1079.8251913428 1068.0364159192 -149.1273111670
-1837.1759538081 1595.4409627906 1164.8619100183
-1070.8216936072 5.9326090024 -1907.5678227958
1986.8662070434 1520.7889710884 -988.2656531014
826.0180216367 1812.1667217813 -107.9552193927
1450.2507484675 -221.9957738212 1357.1934979094
1648.5322377117 1743.5256325518 1737.4356206211
-47.1426091953 -1997.5851471145 432.4517888656
1434.9896698138 1063.5644212095 1133.2144076702
-2.5685385762 376.9987415618 -1488.7231363711
-35.7677854947 692.7577796093 -459.4465303771
682.4228701650 993.8354796594 1255.7673287013
-1941.1165009542 489.9947312155 795.4076499392
1514.9962103747 -663.0202989516 1113.4573816869
1529.1038335711 165.6341058138 214.3317907124
627.5142147131 1738.1582598900 -217.7421585339
-1123.0152982780 -837.9885463683 -720.7735361139
585.5557953760 -1702.7700480052 484.4715696342
-343.8809691263 -793.0381404648 987.5926539238
-1529.5722629277 1929.5993800020 -966.0604226963
-1326.5192521084 -585.7422998833 -48.2352752758
1358.3912792858 -1342.7860336577 -843.0615518356
-1330.0869635605 857.3881991134 -1713.2503375421
-1160.5503934963 260.5827968602 -152.6483352279
-747.3102650817 -1147.2130387682 682.7495584868
1003.9646411396 -818.0928962199 -1973.0219354998
1296.4882270258 -1434.4026805145 -549.0864889836
1248.0689856191 1499.4484772371 -1918.7414125284
1182.0798195265 1402.8164425869 1952.3185549456
-657.3528965555 -1637.4637597704 32.5597733283
1259.2237267847 1730.6758650411 1778.5630128720
900.8591245955 1308.0852237069 -1367.7802412790
0.8886669583 1161.8521951346 -1476.3582359311
1142.2489483601 -680.0149391997 -70.8355883164
-618.6131317778 1036.0920296048 638.7787597882
697.2027465716 1533.7913434218 -450.9710947175
-1480.4081536158 268.5355698817 -1941.4691899386
1117.7422945899 -887.1606110233 1487.4127693820
-548.7487200397 -1831.0906737399 1213.7925005714
-1536.3237442266 881.2485936759 -1961.9364390111
-413.5697009774 -576.2407406682 -994.6871552997
-598.4426463587 -1141.3052390501 -786.3322774262
574.4326481157 1288.2013546841 -1667.7697687365
81.3485719633 -1294.2783917166 -1596.5300160304
-1813.5564130956 -668.2475189093 1076.1272605075
-1016.4624420717 1036.2313718654 -317.5726372410
-481.2225247555 -1113.7713383115 602.1033288041
1204.4880191546 1851.3710392999 -682.5517846118
-464.3412058168 -709.3666152901 689.3352457402
-655.3175575754 1915.7866618712 -345.1951792764
1107.5306839634 -1192.6313345583 -1709.5463672822
-1180.3651186254 1858.4770467353 -594.6940281497
1337.8143351137 1209.7530149606 -342.2659458315
1772.5242952273 -1548.8899875709 -1548.3694032571
-946.2008906954 586.6762569186 -674.6069696244
1355.6748849071 -1778.3031394691 1574.4897455705
-1078.3095524943 1070.7422510522 -675.2997745553
1313.8915473500 -655.4893364811 -1308.4400009981
101.1249608381 316.5696918269 -618.5890676994
737.8365866549 -42.8770688656 -1770.3163751265
-1722.2524893656 1199.1695320444 -1550.2846709834
-922.0062100393 -1963.6615968545 -866.6874891955
-1007.3582264548 -286.0936216613 950.3390951980
314.1491658600 852.8372431823 -1793.6079261996
1399.8970379195 483.4114358426 -242.6190008002
-1936.7934337138 -415.9249369200 593.3477816510
1209.6885097690 -1495.3245286531 1579.8339812003
893.3465947034 261.2169600443 -663.4799928050
464.8105101108 -858.1606145487 294.8415550775
622.9350334797 -717.9429650169 746.6222288938
575.4035922812 1626.1589362618 -1547.9137482235
1505.1122003092 -1092.1171055205 -594.5946829769
-310.8831270208 -1882.3856446677 1387.2781318722
1621.2384228951 1099.9174783915 -1842.8262457315
-1610.4594811674 -1924.1395481850 -1439.4731265825
-213.8872750775 1913.2610104334 -1070.6620295964
168.5633719022 92.4497743996 1561.6021890038
1125.4392040719 1016.7182075246 -1809.5117703945
-1801.6344098042 1206.8402234890 -1843.4178147497
759.8370967876 1406.3230257810 -1295.0796425734
1065.7358518393 -229.7294353677 -264.3644855508
45.6336732774 -1760.7160730856 1981.4636603850
1927.3649006422 -912.9263667966 1296.1744614892
-1614.9804343616 -1408.6759993986 130.8042457942
1504.1154476774 -188.3292490858 1585.4429625651
-1123.0007569520 1008.2415025350 -12.5809466340
255.9259444127 -1214.1325546864 1062.5280167632
1864.8113559857 -397.5771442862 411.6392871228
-1930.3177431534 -1178.5833880112 -365.5736276091
1807.5965512989 -1326.5039203311 -500.3814513461
537.0464824298 -617.2581306659 1809.7737807886
-271.7086638957 -185.2459216323 -1578.9497803222
-1739.1034928222 1702.3683778330 885.0044290411
-956.8784617151 690.1278027712 229.2058554966
-287.6770463848 1414.1547184150 -262.4867359588
-772.3443821247 14.0885970128 -2.8719581512
-1462.4367980086 -776.5505206055 314.3637353251
856.2108950860 -1068.6875542441 -409.4470986204
-125.0683133153 -167.8358563094 1175.4059313749
-236.0912246519 -1016.5540720118 1721.4005277992
320.1321707978 680.1039628581 1576.0850092039
936.8657667382 -271.7581131594 -277.2144138363
-666.9890337654 -855.8646826340 1733.6967986644
-844.2867820420 -1582.9978457100 -1742.3576196177
812.1627390042 1033.7993985509 -1077.3919376752
-1369.3274897026 1752.8969259697 -884.5069988653
-1992.1443309919 578.1400097607 415.7220606770
-371.8782474367 -485.0024475967 750.3950834038
-317.3362411669 -35.0894883998 -1323.1964710699
532.8172388256 1318.4209774174 1618.8098350759
-1636.5218175672 -1446.1940813158 -476.7737795008
702.3649162092 -1707.7277809150 -973.6624665136
1964.0852070475 -57.8596442268 -1947.7987254159
-896.4732480154 1374.4828726244 -1979.5220978660
-521.0268365723 -1801.8761298566 1739.4011770332
-483.7134012605 1006.6159187620 -442.4373244259
-888.7492563516 1490.2654937326 -1772.6565368257
1620.6943080473 1316.0937324962 572.4980384305
-397.3166676053 -950.3223931411 239.1906904976
1851.4095941349 -354.6345366301 211.7894016793
784.7837189706 -1240.1880218794 783.4997376931
-1320.2271169122 -855.4872549303 -1379.2601062479
829.7727841015 1893.0028007983 -1437.3254037737
1282.9497818499 769.0188712350 1844.9535194918
91.0059011709 -378.3299498385 -1961.3348268880
-445.9177125740 -521.3857797728 1258.5865736161
-843.6884656331 1331.8549185479 1246.1090574146
508.5726484091 -1286.2889355048 288.0662306442
-54.9436641809 1121.4124530238 1936.2202237772
1888.7976386748 -1907.5203117225 1036.5258752608
271.3658975609 -1618.5076170157 -1684.7634463184
700.7260349000 992.3553114799 -573.4896038624
-445.1346390239 -412.9888801499 1167.7572354522
-1442.8813615233 1540.1966256658 573.5619771574
-42.0293985822 -484.5872118048 92.2564499463
-905.5484185400 -1892.0640634506 1827.2342551841
1089.2026915375 549.7412480528 131.0046679399
1756.1264491661 810.3693806578 422.0348495571
-200.5225557221 -924.9492054430 1803.1887459531
-440.9721961910 1931.0996060564 -1402.2904037732
917.2318493311 -241.5014412061 1905.3037464891
-1352.3159697578 1384.6553100397 1712.6751949044
284.4887310015 -5.6927271904 -1601.7554029612
1238.1842579850 122.9320706074 1683.6003065042
1303.5921557525 5.6722129889 -1621.7433882602
-43.2960936827 -1032.5938569872 -1845.7362470554
-927.6259921612 773.3124600879 785.5968247533
1573.1777091515 867.0204231311 -1695.1245753820
-178.4937559517 -1409.6461374463 -1159.7410870498
1042.3503200408 553.1073794233 1330.4541258074
1457.9797675428 -1927.3397755402 -347.1237484053
-64.0723572072 -584.2850605269 -883.2364865093
-386.7350327942 1364.6551547775 -1960.3373324354
939.4869243415 1738.2549694229 313.0444340622
195.0981304167 692.1438174192 -90.0764865141
1806.2055450024 1735.0622306924 920.2665680370
-1661.2610567512 1687.6305836785 38.4027117041
746.8590782080 -1712.6597257996 -1071.1597431486
111.9108673937 -392.2471835384 -64.0565649795
-781.4682675194 1677.9282423816 -1965.2835591973
1478.3189107047 1591.6023609806 1472.1540760746
-1261.0078164121 1210.3309796333 735.9311389777
-1198.9656741603 801.8822771277 -1779.0381582962
-897.9392411115 128.1537770212 189.3266600740
-1282.2539167798 -1566.6144821366 -676.6001631147
1509.6395072159 -1522.2123084313 -1516.8275511106
1765.6520565715 -59.7434215000 -1526.6565977448
1671.9917899468 471.7706875119 615.7752671364
-219.9355842244 -668.4061257754 -341.5873564556
-1868.1064352570 -1344.0176091294 -475.7530655933
-90.0856977041 656.0745834019 -1393.7926560102
667.2473288441 890.4534569902 -1686.6188765086
1008.1955981314 -1597.1511802903 -1906.3186678990
989.8058899820 -163.8836901255 -834.0247049950
130.7654709047 793.1373257183 -395.3380818469
1007.5763926114 1603.7513323194 570.4623298213
-637.5002245134 -725.1894829092 97.3421038842
786.8352827517 -249.3078213236 -587.8226159477
856.3868743560 1855.3794052320 1844.0169046093
1094.3111167505 -716.6407351338 -313.0799554559
-1942.4559561097 413.7448758591 1767.5362025035
-1435.7346400255 521.9162063748 1364.5391011509
-892.4861864293 1480.3583480559 249.6954607811
-1251.8113497337 473.5244552455 110.5320293504
163.7250838576 -1438.0419457753 -761.4018007460
1257.9462989295 161.6693900030 -600.1225972844
-1402.5105166721 535.2394314573 190.4609604060
-947.3878603641 1327.0180399898 -66.6376124235
1481.4046642997 -1589.6394460099 1502.5291622806
451.6022163543 -1130.6549491615 978.7208940345
120.1995502141 -235.2033594510 -1967.0930777742
1547.1745059413 226.7394572069 -587.0224352097
1596.0487809204 -1820.9649905054 744.2076950717
-1101.4387326369 1977.2310013723 -30.1951865215
-587.6314411313 -1873.7781118658 71.8122096894
456.1831159581 -468.4389301024 -1653.9020282128
867.6666737491 -1306.9829118745 -1043.0244718555
620.9432733105 -1296.4243009876 -885.1029599443
45.2137602229 -1053.4579579861 1330.0802708740
939.2931692177 951.4162437587 -777.8722397253
1959.1942792348 1887.7453862604 -1531.7671789741
1309.9580861873 -1726.1605206242 507.3075201418
1131.0831313087 630.4016353443 -1710.7257133523
-863.2320811783 1434.6503565954 -1267.2058627240
854.8364628811 -1153.5216751622 1076.0823320654
853.1464230648 -1190.3942974761 -840.0209695047
-951.4465684163 1788.3336105493 136.2794618446
-56.5674155092 319.7977245350 1317.3882092144
1764.8694476310 447.8560175770 -291.0644098431
1165.9190433604 1613.1069722436 91.9772135851
1610.7135794191 432.6200497409 -1104.5374262372
-837.7467521053 -1288.9485316099 278.1013353689
1467.6890758242 1450.4171459303 -247.3168643485
-958.9781085916 125.0472871981 904.5345343568
-355.4671561594 1598.8721820841 1498.8424732844
-958.4859603806 -1544.9502096774 -1464.3743002765
-526.0836153922 -1862.1889975608 1205.9157025672
-1923.1442434522 -1248.7365713161 1747.2645313676
-60.8261735657 -946.0534710827 -1490.9099469248
1376.6975223922 -285.1444507352 -609.7205429982
-46.8435146932 926.4113865622 1596.7190980667
974.9820416772 1722.2700997787 -1215.8068567202
-988.5131671889 -1687.1342511844 -7.3522566298
448.8936127032 1025.0929675678 -1228.1676131048
1000.7259360217 -1115.7105894867 -219.8756435861
1871.1996964207 -1730.3534041321 500.6654737186
1109.7033722851 318.4952599242 680.1026265806
699.6817946131 1148.8274541436 -225.7302702821
1746.6015788551 -713.2631037289 -1077.9977493556
364.3767939806 138.6064854703 1630.8786618246
-724.5842278132 281.9078792685 -84.5601249885
1835.3427416111 98.0460601467 1036.1189635105
190.7149281750 950.8788064559 739.2411253656
-86.8785848058 -129.9130187229 865.3364094686
-1959.5281853412 -367.0589479800 -141.7864412977
-1967.3309862346 -975.5060161426 -1755.9266255773
-1711.3444584047 -386.7455583512 -1112.8648736183
-650.0936436536 561.0592534276 27.7776539956
511.7800193126 -917.1074445088 -937.7674889563
-956.5432939789 1777.0922253780 -127.2343556688
338.2641363289 88.0411794282 -751.5580741597
212.4181256797 -1544.9507977470 -1436.8289023149
977.4675913011 1960.5778948683 310.8734895515
1225.3146976308 1374.0267257914 -63.7836087741
-544.0393974572 -922.2863884307 -599.6751577397
-1983.8130151648 -808.8557888943 1678.9054082796
1245.9096219533 -1348.3126850423 857.4563297610
1131.0373753948 -1074.2884691047 1228.5938774188
984.7755882390 -1384.7786717977 106.2117829642
1385.0249713687 -541.7399791879 1354.6154527767
-730.0519648133 -810.0862631386 -719.5765909908
-1507.7154704193 430.7977134615 1023.0241394082
-1011.7052769855 -1730.6072564767 383.8247010077
-1539.7087033699 -1741.7353755956 -1109.3071763061
1979.6120725610 -890.9402331366 1764.1568966390
1908.5736448837 1074.5879505014 -50.4423767964
-789.7588720451 -270.2050225327 92.9587161524
466.8036150320 165.6532781739 -904.2729809840
-958.9884919398 1283.5335435412 1256.3071965642
1446.4545533258 -577.5609794203 -637.9455320018
-569.6625053243 1305.3295560421 -73.6489944941
-1993.9972485885 -1966.4381869501 646.6208088101
1450.1401793969 -614.1101627799 -526.8121621294
1634.7207812382 -1397.4358199494 1683.2122612375
1602.8260891013 -386.2071226849 457.9257259071
-510.4461792617 1239.8352716197 217.2232300819
493.0099934599 1707.2057083287 1170.6402837918
-1822.3748590843 -511.5238453575 516.5752966915
964.4291826072 803.7109997107 759.1865195467
900.5562470756 1797.8491778552 -366.0755457290
1992.4477882344 1175.7225291847 6.0025300487
-438.0400899700 -946.8179721756 1576.5029499663
1508.0912123733 1516.8343734010 -1984.4036020942
860.2933736344 -214.6964886551 1297.7542842895
139.2797207837 -201.5030175750 209.6913952342
-670.5119342287 -929.4899030182 763.5476068186
0.9577069005 -675.4014912750 -1280.0479824068
502.0111356459 1132.7410545792 692.6985282698
-308.4410400081 392.2418168035 821.1522566699
904.6573760215 -856.8820865158 958.4322024271
-175.0441379164 -280.8750208408 -46.9764345005
-190.3209194187 -648.1466597543 1648.4439912162
1664.3921231907 -388.9607373959 -695.1840959193
-1621.7015210864 1430.7575261822 -370.4637625023
-7.0805622390 896.9932312825 1606.3948666934
1238.4541005367 -623.4649724297 1.7995032296
48.9300591941 -1033.0309288484 -1756.1319362955
-1858.6970048255 860.7747969814 -1998.2508384064
-1484.9842775124 -1629.5435659805 -1632.8014684231
-469.1165928622 -1844.5684598853 1088.0962728489
-815.9219777936 1171.9007810616 -1522.4008638115
-1692.3212766395 1037.8283450579 587.7441575409
-1085.0396605935 1883.8248680343 -1228.9052809683
486.8782490592 54.4146843355 76.3412779515
-629.9947821346 -1622.5787379117 -675.8609748852
-1185.4251446472 -1615.4468116888 1593.3551492812
-1960.0564941440 578.1938997208 -1018.3185588621
-1829.8535565402 -1193.9206334796 -1030.0900672664
431.0996766297 88.3445117973 554.5034409514
-1380.8258490829 -1844.1784764743 136.1300083467
-1560.1156183098 1450.1348617248 329.0742238652
790.1674493148 -1578.2906082533 -1024.4624078627
57.4081035823 -1099.7384321766 -1296.2604782231
377.2014987844 -1877.1164373896 1844.5921996529
1776.5768960359 -1298.2245130354 -634.0578201911
-1742.9070208551 -1285.4402840408 -1231.1854691301
404.3591029174 161.2300865182 543.7461241076
1335.4839018097 -1319.7079687014 1159.6025546530
-637.6066065056 1326.2060857818 1248.2488364607
1669.9984410402 -546.6263216340 -1467.3427494075
-554.2787471844 1238.4569407152 449.4334655748
1973.2812613284 1000.6409633906 1549.1284038913
-1046.7411824853 1643.9463307037 -1967.6399251228
-796.0755027112 859.5930392672 -338.6968872964
238.4119862873 639.2951294707 -883.0616703623
1561.2978302576 -1816.5935918804 -813.9166326311
-1711.8502273183 -1761.8340451061 -1829.6145342143
-239.3319860733 1825.8952510913 -310.0600632839
-36.2187130358 -644.7288368925 -1885.9982532650
777.1549393583 -707.7757368232 1834.3009569475
299.3584709312 -78.3102515398 -250.3550329343
-68.4632160807 -1065.3242499977 10.4950271153
1197.1169779433 1242.7860985865 191.3929497854
1712.2912688638 72.7136060020 -275.3290257690
1614.7829835951 909.9139609452 -1556.7904082358
-1498.0454230633 903.7140099248 -1127.0276348316
1205.2039621454 1805.9196432076 402.3431009378
1823.4570960065 -47.8998418161 -945.1137669599
619.8371862637 -845.2129608240 1763.5666041767
233.4412397538 46.9757390644 1007.2514831536
-1052.9189785832 383.2624252575 -9.6360454734
193.6279478550 1352.1346322622 1547.3605150296
1559.9871683108 213.8216682820 1932.6854613337
456.3862409756 427.1830983000 937.6098759312
675.2418294314 621.4329292137 -478.5717578168
-1437.1345525490 1128.4304557561 649.8036144454
1314.9917288312 179.5903563927 -1645.1526725473
-1200.7809383826 -692.1647339483 883.7601146411
-1549.4860771527 1395.3524080090 1966.8562764733
1299.6913116609 -1218.2829496948 365.8793200992
-1464.9738069987 654.3436430336 -860.4343519679
673.8933154935 1795.3888209632 1427.6717855187
948.7090219510 -160.5017028239 747.8802359179
1522.5551480893 -1313.5225236599 483.4705024617
-1090.2672449480 -1673.8912112901 -848.2290172054
-264.9801414453 702.4470415940 -1263.6867427234
-586.6389819509 79.8989851939 -1101.9197799761
-229.2435893047 678.0926302505 -1751.5990114742
1724.0954520376 -173.3843120820 -1072.2440594637
-1456.3910313769 -1231.1248313040 1400.9939739132
1405.3066196833 -1547.8958591934 -1695.6871296985
1390.5397897368 754.6336323031 691.0525972886
-1906.0289915291 1414.0172245500 1805.8328864876
1732.9949866034 -1000.7776088796 -1485.0069295815
306.6122698589 -1998.1894862599 -1369.5832903839
-940.9934962353 1413.6751395224 1690.3853621121
-1310.7797048494 -40.9703204424 1308.3856377331
-1908.6729373132 879.3510096938 1684.5468904767
211.1773067307 1340.8403209432 52.6423855310
-472.4915532179 -298.5224307103 324.9491167449
1554.5024774026 -1029.6652733772 45.4796743209
1679.7594099483 -441.5444247096 -132.3999356275
360.1793701737 -1554.0125680099 -167.0739075029
-1187.0077607966 137.8721940543 -1222.9380907741
572.5641451425 -1537.3420210658 -1933.1963253968
99.6724060542 349.3351619898 -881.0109475282
634.7437479674 -1075.2016388515 1061.6101877624
-357.1367955599 1843.3785486620 -920.0891934586
469.0834918807 -672.3040859712 793.0125716344
-1734.9912616431 -441.9251980143 -276.4786696273
1710.3443493298 1091.1614625703 -1173.3142689271
-1249.8365201702 1048.7467401648 -501.8567285190
-1072.8950636888 -649.5086944024 -1488.2462738840
1874.2912924642 -1057.4606981385 -1693.8143604630
801.9820691805 317.9761075408 1113.0724375362
1148.4087819753 -1797.9059000971 -1380.2235954918
-202.1425871788 -234.7565939714 -858.6523751575
401.3375821961 -468.4322314015 1444.3089275081
-1304.1287679267 1033.9955713931 -843.7653810571
-873.2719083394 1911.3215843253 391.5656169373
-1874.9885780299 773.9614461510 1776.1466073623
114.3096101534 -1277.3376406645 321.8251859498
-1129.1445325663 -1939.9299896204 302.7049381488
-1382.4140896607 -548.5515040297 -965.1990348128
-1915.0430660177 1910.3185816145 -1340.3112643001
838.3872627585 1001.1723367977 -1049.4095516228
-49.1960379529 1196.7189348317 1614.9377766599
432.8154863245 -1507.2581877358 1912.7191073222
-1987.5541760956 535.9233302756 -1045.1232144581
463.4157374128 -1022.3153513944 1801.8408890548
1544.2304070153 -1316.2089241202 -1928.0712659422
-26.2009252983 786.2904898803 -1505.4406232937
1053.8786892411 -877.2223478440 -1409.4221285095
1655.2162797849 -788.2645378915 -1100.5031384237
-1793.4553454636 -1811.2822829740 -1616.2283400314
-1831.2238094427 -1191.4365719405 -1450.9230638802
1249.0240816700 -699.6509638352 1599.6829402257
-1839.3928219528 156.7190018201 1362.2020573382
-1275.5894678269 1527.5625052451 711.1079726331
-1936.5520387396 -874.9539618765 1658.1051866440
-173.4191401688 1170.3589506079 1236.4343770443
114.4609639495 1363.3366830814 -161.0931930727
1997.0506335842 -175.4209119267 -1302.2213358358
1075.0338051235 985.8079244924 1815.6939037938
1115.6427892088 -212.6965066975 -1656.9581438646
50.1678959337 -1357.2702604848 605.5702368147
-1476.2339155715 -824.0035518118 -523.9985383180
-402.5443053757 1999.2752683881 1919.8965349181
-1438.8360690220 -173.7937003854 -428.8718432464
-1980.3637705351 1373.9873350837 -1371.1880378579
-192.2433718896 -1877.1499955201 -1411.1869404473
-769.9570246368 -652.9935081583 -1978.7880339775
-1428.5656609263 -1459.3970088764 1342.8754207828
-598.0722950845 -1199.2529579398 -987.4644576949
341.8364989609 1362.8304357114 -525.3291820178
-1747.2627609239 175.3276453695 1103.6592343404
85.2287777270 -1892.3981661911 751.7449508919
1567.4529304259 612.2305032499 1831.8228449910
129.5854654434 -310.2784448856 1894.5947115050
1277.9366794076 -485.6513041630 -1270.3572302103
1048.0755509887 36.3072566304 -1383.5446555703
-1029.4568244758 1924.7311663595 1414.9271063704
1376.8920331795 1612.1387352384 264.7338822155
1406.8377844254 58.9963936446 822.9145751419
299.4413209195 -1876.9911104489 -264.4053510739
490.0980599004 -795.4709675972 -1457.3370487444
1569.9478546307 1109.5286386427 -80.6269652525
139.6315663543 1197.1124756454 -557.6960259862
-877.4133002415 -1163.8904446166 -931.6391180226
225.5429759244 -884.2955652096 -1564.4115728945
1969.6957876826 1233.2386186684 -1197.2257765880
-470.2547786767 -509.7783757644 1575.0543111301
-708.8040617698 -1720.4991683290 -155.7167950911
890.9575344085 1559.2627278873 680.0534394740
156.6215415332 1741.2148534421 1292.5074815849
1197.9165526313 -929.9039282303 981.5479066029
435.2849931225 937.9984977656 455.1867355466
1364.6379366456 -148.8747549570 -464.3521548480
-1255.8027305378 -1828.0334306315 -904.8726496922
-342.1930751820 1858.4885895948 -1928.9136098082
-1658.8328624861 1753.3009109059 404.5857090459
1035.5493835444 858.3127720550 123.3618783033
-1997.2129145455 1954.8384209497 -581.2712991560
893.1508670928 1571.4593180924 1811.8568108073
1493.4535071088 -280.4118544311 1537.0726675989
-1165.4858613697 -664.5216377293 -1158.2992636492
-1424.5938931187 -402.2508450057 -805.2172817679
-1793.8579665281 -4.0863466100 373.4171256232
-948.6914142488 -1921.7325964543 1214.9797032831
747.1012200397 -716.6960182400 -574.5298995901
-1139.7061847129 839.6363988044 -1578.4539777111
-599.5150014439 1895.2876651190 -1914.5950377211
457.2919950411 1904.8322166441 -1865.0415372780
1564.8162531020 -545.8409074752 -1614.6938173450
304.2985450702 1955.8408474347 -1735.5659971197
1205.3051263570 604.5208518171 814.5275981776
-1185.6819944005 1614.0240870307 -548.7234317797
520.8367466853 1914.7810651830 589.8037934152
-193.5819892088 1294.4860014977 1733.5825823790
-1295.9852597799 1902.5885412793 -125.2961992785
1885.7343891171 -1474.1252795327 1720.2899869578
1674.4182926365 -1864.7068666809 -1759.7498689232
873.9409383405 281.4672426647 292.3969298406
1272.4701253627 -1146.1187044925 635.9084557616
77.6493745093 -41.5344622192 -1643.4517627170
-619.3709195880 -1926.3056361453 742.7865025580
-163.0597037455 -398.9144066025 -529.4144111572
1280.3412820807 658.5879048005 -534.6555227341
-870.3788175012 -1540.3236702148 1234.8239200331
-746.7995651759 1070.1253649958 1417.0613139658
1041.5695118991 1131.3257450440 576.4072091649
-915.0927871702 -341.1878733755 -156.7944733456
-1109.7880488714 -334.3522307470 536.6806636097
-1742.6552059076 704.1557008348 -1883.9157653392
341.4247021663 -1269.2229967370 -105.8745996715
1471.2787149786 1261.2937640126 -217.6373288733
-84.8687294844 766.3459801355 -979.6995148848
273.1647291472 1983.6334616068 -835.9652931055
-167.6378556606 -565.5871494739 -1379.3661452773
-1626.3369166557 -1806.7633242261 1755.6212533857
959.1512697314 -978.7677527853 320.4754128789
349.8096117739 -94.0175224037 -1584.0447488859
-1950.7212134551 1982.2759852432 1183.9754882360
-1401.7266371709 -1683.8378241094 1975.9725826078
-1421.4268763760 -1453.7836546323 803.7239214490
1980.1391283459 -594.9306326056 206.6677520125
1794.7669328582 388.7676102845 798.5397310745
-835.3644180214 -1970.5513598772 -1358.3084358780
344.2115910489 652.0473782188 1550.2751857724
-48.8063238957 -1474.7524964498 -71.4848835337
1683.5677948772 1429.9396220665 438.7743846069
-1793.0579046237 -1738.4496152388 1917.8476605498
412.8948884948 1809.0702924515 -1089.5570020018
704.3652825199 335.2392440917 -1372.5922264535
92.3456033037 -1803.9520981225 -726.3019575420
-1709.7549359160 -1768.1827035991 1114.2361036098
-342.8159204157 1817.8834127711 -849.3119475615
-1558.3437429831 388.7766259049 -1495.1510261762
-1543.0946704488 -1331.0774547342 -502.9697506688
-913.9552218514 652.4217483717 1311.8976251316
82.1472747913 -1488.8861532361 737.8134922765
878.0581429290 -866.9239011113 599.2029759665
-1872.0228545785 -1908.0526503195 1291.5966880830
-1529.6847548995 1547.1012740603 1168.5367410574
-984.7509162341 -113.0220724485 -1727.2117102447
-540.3432229961 -485.9314858759 -639.1718074507
-1701.6378153118 -354.7295745847 1901.2672512251
1407.6266374385 -45.1464541400 -698.3038462615
-817.0873449803 -1593.9118880261 334.0075203039
596.0820595221 999.6724411539 359.2005890644
-1753.6745868251 -948.9214390823 -796.3827185347
1655.1131370714 682.5751358882 1292.4283208968
128.6512064826 -1471.0349561193 110.8071066736
-300.9617498237 -272.7314880863 998.0652084465
-548.2351699753 -898.0756291450 1985.8155332069
859.6666865843 -1830.5766508633 1906.6040605856
1798.3205539242 1480.9678784242 1391.0489425783
930.7306924087 989.0563155454 -1541.1046800861
-1111.4133525877 1631.4211209710 -47.4072075216
-924.0536396513 -1104.3614337521 -666.9578395539
-584.1590574062 757.1698356852 398.1198932929
-535.5782576549 -1598.5385805303 860.7809269257
1768.8077441484 1797.6894789928 461.2309357923
1308.9670278086 -489.9745128459 -450.8732291275
-560.9216300084 -268.8314001964 -3.5644876324
101.1254284259 1120.7408495104 1474.8234551838
1183.6059766549 960.5587305877 -634.1625133727
-1802.0339078379 -380.2593267568 -412.6971722608
1286.0192805733 -1614.2190323243 -1069.7769751291
-1339.6399237845 648.4684360308 -65.9366927041
974.6266403545 1163.2021958509 -1179.4824637997
1220.7272215564 -496.3616607438 101.9951755924
-1418.3950304279 -294.2960993532 -641.9936690660
913.5041982364 262.1276148653 -783.1265430898
-1783.4215510631 -1530.2544740747 -291.1539959184
-1634.3285401241 1544.2408636031 592.7031326545
1128.3431645992 -853.0391651955 -1595.0936488009
905.2704727881 687.6713210990 1197.3598424102
-1260.2573485158 1285.6745846043 164.7262798301
-152.0736294930 1209.8867794130 -1574.3288548959
-1186.9580110328 630.4846441073 1580.2075585061
312.3607012861 132.1090682704 1284.0139049029
-1810.6204088771 -483.0007523774 -250.3299570540
498.2762389057 55.3448268657 -1290.1879031042
-240.2943519393 -1138.9296946043 797.0797781530
639.5573578874 1548.6171588243 -758.5050396208
1711.8784362725 -1864.8037476333 397.8072727852
-626.8910530778 1564.3932306790 -1940.2456763382
-1146.5549206722 -1317.9394579063 53.3903548253
-438.0503327956 -1718.0878834363 -1359.8680853271
-1090.4664689895 -19.0548004403 -862.0453680438
-1070.6545794267 -631.2770635083 -1951.6681366702
-1476.1185450393 -1844.6532525180 -1242.1662418636
1180.1296582864 1850.6040737450 -303.6757613445
-531.1308034334 -648.2154003814 1801.9520385858
-87.8074289282 -1789.0163428462 927.5724544274
-1429.6836784441 -908.4860139273 -1428.4983837104
-1299.9387098041 -80.9489301852 179.4699294355
1735.4594644818 -821.5934500380 1846.1006335116
1800.9258381022 -1162.6916229379 -1937.3032543755
1850.8464501880 -1982.1634089420 1381.7760638298
-269.6394642922 997.0506446180 1357.0615764056
648.9086561602 -1785.8538676971 325.7879176093
683.4199728878 544.2213922907 -1067.8761830907
565.4457675540 -1348.9878120252 -1599.2515842699
363.4688779374 1559.2997492959 1070.3398029803
1379.2192733008 -495.7816776659 1817.6032986719
1102.3740973212 -190.9915877666 -1642.1652312509
914.5135629489 -143.2512584394 1312.2731221703
1446.9899521503 652.2000870071 -1007.8815194522
1120.4368474475 1278.6283438946 964.6360751796
923.6926231311 -81.5509684507 -1846.0418998865
751.4299023475 1792.5634966329 695.5406469148
-1896.9433540103 258.0997676695 -181.8204175775
-1296.9810448225 509.3470137503 1310.3375226737
-1171.7006155495 1174.3709523709 1144.5273116839
1339.7075102047 1934.1879477215 41.8978539771
-1479.5156202679 1692.6924657303 1794.6896717064
1380.4008894564 -944.2155900439 1908.4444759709
-1917.4396472875 1703.5671602536 514.6041231523
282.4121366696 551.3161082290 698.4792281881
-518.9510203664 577.8074159558 -428.7729912823
-965.3377385242 440.2545510022 1749.8142301997
1647.8363387579 1426.4537411563 -341.7491000717
-1918.6869312293 -976.0931908344 1905.2927983954
-542.4790687159 1065.7266532147 771.7261223244
710.7704055786 -1077.3669282612 1538.4432110198
752.3549510950 -569.8787009328 -1638.0221514416
-229.9548448527 -442.5751622738 -1932.9449364873
-640.1940090521 -30.5148649104 -1803.2739599440
-1281.3782636565 30.0706670258 1688.0947596886
917.5913967159 398.8498069537 1819.6413537996
-1450.7770216278 -371.2897065736 550.2667216771
-1607.2988936418 1152.6470717268 185.8129457462
-1129.5107053319 -1231.2851555611 -567.4684053019
-1085.9447800946 -314.6554780431 -1223.8260229239
1037.2786972307 -688.0032852204 229.7855146816
1314.2535423144 -1128.1744367486 303.0147676846
678.2586750044 -862.5523504653 509.5971922331
219.4261742407 609.4775197627 -1898.4106668656
908.9331390531 165.9999901673 -12.6675883397
-1595.2692430752 -365.7120954459 186.0793868426
-216.5810880651 1507.8818860358 -1282.5830190722
-1693.4417662307 -106.3920696297 -1260.6310875978
-1050.9889591885 407.3288513346 399.2081745766
877.8174607116 -1676.0560971162 -1829.0379260564
-1885.4833778851 1490.7284000852 -168.4117602874
-282.6754037914 -875.5525442668 1258.5496665485
-1501.6777319390 841.9839772474 793.0017888993
-1706.7309229631 878.5266827728 1312.1724651228
778.7665625258 1971.4518447789 -450.8234798791
-1134.3120913949 -177.8022161302 1138.3051703981
-830.8514436828 1321.2898799604 808.0913493099
1000.2909595291 -1855.5997884014 -1127.0646862245
112.0360454931 -874.9901255292 872.8472926434
-1728.1810726467 -21.3560348881 -638.9192948762
-138.9855084593 1205.1563039089 -1678.3337008739
1725.7828205593 1368.2891624998 -1112.7857676038
-1350.8335252840 -734.9932164076 883.3379429775
-9.9488224575 -1386.9210642764 -1819.3299022708
-227.7614110576 -470.2713447603 -433.8994089295
281.8467229095 -1517.8880000686 818.2442453711
-957.3999605272 -1097.7900736975 1171.5751033023
-862.9696435133 -1593.6967620541 -889.0071897333
129.6827396431 -164.8606382259 1413.6980412977
-479.1142795690 1718.7906685156 1956.9031024634
644.4236678783 -1912.7849826708 -173.7515611538
-1516.4255989973 72.5374268529 -592.4691914858
1545.6194087100 -914.1359646484 -260.0346167592
-1718.2090199708 -1439.2689678422 -383.2211977901
1721.1494446292 1366.5605944859 -1581.7917477577
-19.4554716652 1969.1589941008 1171.5672503966
1738.7057508090 1210.9055283814 -643.3112726661
-1647.5280964152 57.7402980423 1996.6740404440
-711.4904991878 -1604.8641021764 -867.4267812460
1124.5167986130 -724.3937492733 1606.5864358836
526.9150266228 -1269.4902799016 -409.5526196531
1187.7642320141 -170.6996061267 -460.2290053468
890.5480755278 1606.0522410595 1122.9528826031
-906.2633526331 799.1294973987 1890.9414392034
1588.9170608766 -1628.6086638091 1814.3937081595
104.7139010839 278.6115630265 -199.3489388648
194.1943570915 -1733.2373673463 1064.9070924626
395.7944422803 1277.0917141820 -1622.6053402090
925.4073557250 -784.4948926932 1429.4113033565
-1847.1734657081 -1524.4423185247 1301.0001591614
-1162.6818314115 -1191.0243879917 1428.4345185139
1475.7807210744 8.1109197420 -1379.2335171270
1615.2567009904 636.9206790054 -1514.8203970909
-1016.8007446218 -1517.0224188775 -1070.3134788003
-408.0128543053 1065.4961185686 -1065.8676167326
507.9102826458 886.8060178853 1603.0670703014
-892.1398761026 -902.7940056511 -1048.2077233044
-1039.6477976284 -452.9658910584 -70.1399992553
1894.0675689378 1774.8688125415 -1752.6307705872
1179.0706055050 1212.4807273659 665.0355723411
-380.7378431866 693.3095137770 -491.8570021930
1463.0876749492 62.7745594263 671.5416823078
1462.4672760305 -1250.1996603940 -1460.6666449411
-1476.5363804161 340.8810457033 532.9482693558
533.0327198920 1892.3547843612 -1745.3313020924
1075.4391878219 952.4590356285 -206.9187179255
-1409.8817913664 -1865.1917662089 43.7397886226
1402.2496785208 -168.9341947055 1658.6906023825
1630.9459656845 -1432.8558042835 309.9958994452
175.5751665321 -1953.6006303404 -1241.1252029673
-673.0832432019 -252.5262273692 -1868.2497003264
153.9477998343 -359.6042598814 867.0141670379
-974.7230439493 -861.4503703057 -834.4171849650
-40.8073041294 109.0708433518 -796.8804969781
-963.0949366356 -1858.5384349655 1283.6483757896
48.1670942480 1154.6667511683 1896.0451691815
254.7599139566 -1570.8108022573 -1693.3995986072
-123.9976479497 969.6333308255 -1342.6270445065
-1587.9110792538 -55.8584997107 -1135.2143109092
-947.8908232460 -53.4122207137 -615.0673067156
659.3581862289 -1400.0441487219 628.9515581714
611.8890980031 -1481.1488627909 -262.0324435276
1775.5481595361 1149.7169921373 1867.0364152972
1492.8319187563 -1033.1983526392 -1670.5406078967
-914.2634164119 1429.4597488259 -1687.6478160353
-1291.3141847303 1033.2797797954 -1680.0056239427
-1620.1073734919 -1758.6424446287 -1042.7606808341
831.9152322658 278.7545904725 -1941.2393767075
-200.0992783335 -65.3018125617 -161.9412034725
-1292.1133408996 1381.6110604540 -130.5718851847
28.5661194724 -1257.3891714564 409.9739340833
1143.3073398478 -1238.8384937683 -860.8584116109
934.5209574493 -357.3381037647 -695.1776729708
-66.1345815375 -1397.4050672037 778.2040363552
929.5749757639 1007.3929288177 -150.9430996583
811.9749429118 1449.1748246753 688.6559598024
-556.9926177161 1074.9840631067 571.3550197458
-1853.1900367528 445.7700298794 -1905.2784498283
-881.6401432349 487.7344411566 1862.0349282540
-1852.8160070161 142.7864190213 106.3094824472
-1226.7137702656 1693.3250458304 1827.5178110876
-631.0819616457 1352.1233885547 889.6746389513
-559.4167071961 522.1958301718 637.5645074874
325.6326362034 893.7620964858 -1138.8297038216
-13.9086361910 -346.9010627774 614.0330796372
-1734.8848862352 -1994.2737481767 -1362.2945057771
1558.1550475924 1057.4320396099 -487.4429092617
1574.3370184873 1406.0945573742 -1358.6079240956
1487.3916566478 1979.9838694552 -990.1396227032
-110.2797728144 100.0635041451 -1296.6883940643
-738.0575583346 1333.0114765093 600.8847158731
1051.7218050460 -380.1087559945 1660.6456665965
-998.8223824671 895.7877117791 -1870.6222461452
1945.9878398004 1828.1266793640 -197.4612248969
1093.0179554481 -1989.9321039225 -1566.3428731759
-528.8852110424 1978.9033923279 1729.1565346230
-439.2548863315 1474.3863181251 124.3502079170
1850.2329141535 -136.6333966671 -1323.0405309296
-321.3112137320 -411.6654950716 -1809.6023209000
75.7588874692 366.3701255616 -1845.5289837867
1887.7473362763 -1883.6882843686 -466.3167101417
367.2142279789 1323.4209246069 -392.9297307681
434.3565667117 313.0613792366 538.4005456236
-431.0061252217 -1389.0868456030 1160.1344006377
-1834.5961829382 154.0916373010 610.3385952671
210.5593709881 -1718.9088599117 -1280.2769549067
-1624.0157577470 -1230.2766399075 -272.9955368211
-1249.6405372266 1826.8071049092 1261.0603607493
-1775.3820750281 -383.2520964540 1489.8091581850
-61.0868425801 -1869.5373173598 -1641.5461421214
-1799.6095796231 1130.0765570521 -1515.7791055040
-1115.8283873429 -596.8661797367 -417.1910796005
-1928.9026354746 889.5210328162 1838.3390290634
-1653.4940291169 -427.2294639078 -290.3571690926
-996.0713456515 245.9984455143 -126.3880880318
-560.5392334104 458.5623248133 -291.8998050560
-1043.9841699470 -1571.5301903636 -1695.4383878759
-882.2729023000 -1936.7642636114 -826.6626499504
1975.0631084940 -1320.6750660164 -1421.8203202305
1039.6777479448 728.1395744969 -767.0413138365
-740.0304575666 -650.7095059954 1893.9783202690
225.3231807284 54.2960262190 1087.3604606957
1313.6389663674 -154.4775255741 -393.7015748845
-1515.7738722105 826.0919109694 345.9601079458
446.2054676809 616.8552133564 872.7694165797
-96.6891898316 -1023.0897221895 411.4405355315
266.5805802690 1076.9255196526 -648.0732870654
721.2343316015 -1633.9780988924 -1591.6275317459
-623.3976090453 -70.6584919511 1123.3465463154
64.7524335094 1985.9130337578 1352.3348509103
-449.3750925973 -886.5792710496 450.5914320264
-64.0547695699 1273.6537168608 1800.0838648685
828.0213264840 783.9794043315 -623.4101431194
1818.2642904974 1971.9880080790 51.6353410967
-851.6434826705 -999.5540501145 1819.7069280504
1527.5711888782 -1894.4225270424 -1936.1207813070
-1874.7829166677 -1417.0317533742 1879.2472221972
1803.3971606062 -762.0710290865 1397.2178261555
1925.6367192140 1601.3935429629 -168.5203548516
1909.2968713518 -1983.1033408192 -295.0123269301
-211.7149138901 -129.1537132855 -821.7997544127
-743.6907485977 -1793.2480959137 -629.6930078776
-1484.9241532999 146.9171387747 -809.2863083085
738.9389098231 681.3609201989 -821.0564922542
373.5769230781 902.3739843776 -1234.6019596707
871.9690579211 -112.9454509415 -943.9798015636
-408.4759138676 372.1663434049 500.0112517371
1069.4041251766 861.4577852651 -1846.2647617361
-1451.8573210441 -1980.8865890481 -1159.4650037664
596.1082257113 1013.7835427095 619.0974955893
44.0476274227 -635.8747166881 -669.4601689945
1751.4661605310 855.8784557166 -408.4076636401
-984.0305464942 1127.6603930285 1096.1445270264
564.5976273051 -1058.7182229221 787.2243781489
-369.4745080020 1742.0580342607 -1694.3416736293
519.5323041306 -356.5293654410 592.7231979022
-1612.7888759469 -1530.9234826838 -753.2304266526
1434.1591208448 1931.1753483251 -252.1786581649
-1955.9882789794 1349.7749068074 1215.3462627124
180.0578125468 -1075.8448474842 -664.9308040331
-1665.4074822412 1990.1783454050 1036.1968201653
-1556.9199081215 136.8971032235 -670.1423556512
-1183.4854271457 -335.2038176721 701.4161702593
1451.2677681071 1926.2804809924 -991.1495122729
1103.1391133799 -1203.7697040284 985.4039578542
-334.6140522876 -1783.8716121155 1589.1774608603
263.8443809324 -856.8752730682 916.3884593691
1508.7592112715 -503.3040574867 1272.8745970772
881.3465883401 771.4596350223 279.4469333571
1034.8389353624 -556.6499032011 -837.3623786246
1205.0755133486 -1621.9039874764 1937.9699641469
-1903.4151378046 528.1085747452 857.6543422035
-125.6230400943 -1015.8616492643 -1141.9094517133
-618.2044602616 -565.4784055146 -1928.2672999176
895.9589494862 -785.6535695074 1123.7267373244
-1862.4146173259 -1778.0501800700 1808.6143273504
-1864.4194345424 -1790.3872346518 63.3509832161
28.5983917721 -1269.8209631915 -484.0342289292
-839.6442971887 -972.2810265096 801.9353500907
-900.5950055335 -787.7425617085 -1280.3826624895
-1364.9363564865 -62.6191393505 884.3702795070
1037.2515561598 -97.2359925971 -195.3988260934
-487.4987847801 1880.5375749798 -1509.0482823743
-45.5938823062 -113.7781003493 -1340.0593195198
-252.6467297381 -1315.4870112276 557.4079770124
1303.4073105258 58.0454449571 -1891.1172713405
-1753.3790005305 -1358.3169139423 751.8380602752
-1167.2955454764 1182.2005541037 1073.0930760729
-27.0887845979 1152.0042007267 1213.8773666023
-1788.4532503207 -938.2950807852 -678.2240805462
492.1417447237 254.9587002700 1465.2100066860
-1530.9542149422 136.0625325902 1867.6911754622
1717.6977128890 1638.5878813669 -1010.5431557850
-1692.1647181947 824.6266040423 239.6270801019
-1796.0766684116 -232.9752506183 626.8156547427
-306.5178346355 -1491.6873363302 -589.2642243288
