1971.0899929976 -1006.5684352100 -250.6697638936
-1823.4622111242 -536.4120983013 -66.3724457676
-1772.5791452298 -1008.8565343540 -796.0228949680
782.5650845109 269.9705035559 935.5794364251
-826.5552507844 -1133.9574397361 908.4388044108
911.4477619539 -634.5188379700 -1531.2330600375
-393.3609801974 1610.5619679927 1212.6296950583
-1857.2833740003 583.3616440002 1600.4300906368
384.3919488352 -1627.5838971131 -78.5559263059
-1256.4143550886 -1053.8276387798 -1523.0405180798
481.6129371131 -1672.7018189721 886.8957171645
99.1893688259 1703.8246180384 -678.8439306896
-1857.9091539279 -92.2822645263 562.6066514146
810.5784387278 768.6288152662 1927.8201815599
-1681.1833586877 617.4143341070 1024.6302656183
259.4926521994 -362.3187318568 -1281.3823171621
-180.4317010033 -90.3729464604 -596.3064354344
1493.7437221681 -488.1032538913 -903.5355300777
382.3396139951 -164.7190156293 -621.7343554051
-164.4946261573 1324.4692649701 -1975.5468451418
-500.1802543445 -1317.6613949514 1360.6699586554
-209.8789497539 -382.6909750980 1514.5848231566
1591.3222766073 -1137.1320108364 -979.1670366875
-1826.8230560536 -561.3406720834 -1943.7641322103
-494.6643214572 747.5799478333 413.6601109679
-1435.2537124051 -1817.1067762547 -1466.3493401540
300.1250511471 1330.2475114195 1968.6163443133
818.2308572111 1710.2425797450 1951.0862562167
1680.1967813596 -1500.4042323232 -932.6825712342
999.7616622782 -1182.9680316207 1635.3355147854
-1783.2408532443 799.3309239381 -1689.9152894256
891.8623635350 1619.4668167782 350.9518910237
-279.3834554377 1912.4776956556 1612.0182894874
1333.6212043970 1017.2445892722 1540.1965473909
-355.3232255816 -401.6022221014 -1192.5011342144
1049.0473630129 1678.4504960025 619.4469505281
658.9258228132 1141.6470609350 -1058.0228134015
873.8876657845 -267.5512781653 -783.1268839873
-1444.8572093664 1359.1081398809 -629.4186592180
-906.7841420508 -333.8609723236 381.4951666572
708.9638845979 1660.6189357789 1505.9443999954
-1083.6563095566 -1263.3666195505 -1535.0347224688
-1314.9859297952 135.0609437033 158.4358758625
40.6800169223 596.3632432819 -129.9759390218
-1195.2378487079 1696.5497187168 -444.0257436669
-1888.6385267275 1568.8577796107 -1009.0358248924
-619.0840554673 1470.5486826148 366.2713060618
789.5281295727 -521.5390054143 866.5912344089
-568.3377077071 354.5527116953 876.9239622127
-1127.7054048122 -1999.5959765897 -918.2125372437
624.2445277143 -1231.2486485243 1679.5745823290
-1045.3555600068 1523.4355527281 254.1369592765
-904.5040736940 -1471.3510841949 1676.6798993632
199.9219892055 1663.2752476778 -655.8924390569
-1034.9310128749 -1292.1249172243 -373.7062146193
103.6488207888 160.5149576153 -80.5298945700
-1078.4257308833 163.9387240880 -1054.2222568799
902.7860376017 -1083.7156380389 -411.1462828780
-326.8061284845 -761.1716243493 853.1825978931
1827.3370170132 578.2614906352 1771.8250056046
524.4261893691 -685.3322465059 1551.1285034668
1067.6324137898 318.8431335699 33.7333071481
1327.2121556357 -144.8413407756 -946.6461859980
-1048.0732961138 1939.8651613455 -902.3010336661
-1624.1324628187 -1206.6623082191 1351.0186790754
494.2943725111 440.1229977511 -1938.3485681346
1191.1829519487 1264.9391791555 -673.5032516164
1656.2588613945 947.8430056760 1757.4874742890
1089.9813161259 115.9184137492 -1330.4614069341
-1956.6550513850 -249.5937219428 1179.0863974039
878.4984957718 283.7812930166 1977.5086715310
209.8696363829 -1649.6417507908 1683.0995675936
-325.6983274774 -146.7049626423 779.3682722009
-3.3294160952 1916.2674947209 450.6227863149
-1872.8629003067 197.3779343634 -765.2441358715
-1467.1199922812 -1253.6619001807 -1246.3650685454
-61.3260389453 -1712.4987175285 -1123.9699706051
536.9416917661 195.8625386385 1808.0689037640
1036.4537730685 1356.3566021465 -1603.8255437383
-1002.1630727260 -967.1774175439 -1486.3980876954
-1577.5016803344 1058.8199651548 -685.9542281267
-1419.2165879509 884.4020479425 -1837.0714897472
-1364.1985865347 1814.6146269249 -99.4176044207
-554.9276944525 1595.7217781338 1321.6937540249
1099.6403538868 661.7482165229 269.1815146882
1729.6753090955 -1675.0938477332 1688.4437361219
-1827.6393972172 -660.0698626026 -478.4567772866
-936.5081481373 949.8455695489 614.1021130186
-171.7118163973 1051.9066225603 -421.4484975905
1548.7936893526 1526.6756979782 -1915.7471747697
-785.9630578841 -1444.9731402442 -65.4308293606
-1636.9736569327 1621.6452583423 1981.4507302951
-1986.5516422782 -969.5124771408 -1483.5317103278
1334.3826950243 -259.1014105189 -859.7996962718
489.5745883219 -1747.0467098983 -1003.8008813247
1001.6051404127 -1647.5527579748 812.4796103528
-945.1805489105 -1925.4279455377 1635.5192682922
-80.8961849670 948.1477255236 737.7967502689
-1019.5267796202 -250.2599353915 -780.3691698069
-1817.2175023637 -1199.0528014831 1471.0608885731
1506.8844874364 -1493.3671358367 668.6991611638
-1781.3397935143 1232.7099364674 1821.5196947335
235.5360237846 1042.8587774934 -1139.2601288018
1054.3567611738 1832.0070614933 1193.6411348471
-1854.6069434692 113.3236492271 -1782.5229212711
1808.5145143925 1417.3412166614 673.1640186530
-731.9534030906 1957.9954734716 1329.0848962676
1829.7343275917 1332.1285540227 625.5875094679
77.3170341604 -1150.0909842281 -1289.1591550887
766.1327852039 -1363.4196784928 636.6548323084
-887.4281351916 -539.5621151887 179.4789652219
-333.4731971670 349.8497508808 567.2592592819
1402.0301349008 568.5475386042 1572.8803401068
-772.7601674299 -1460.6523092690 923.1761908128
1220.9702199117 -522.0895233791 -1275.7590346080
-149.8099548553 1740.3937406552 -555.5010522536
302.1489609262 34.6552285473 -860.6678075575
806.2387124771 1739.8615995444 -1763.8690616515
1326.7698209200 -590.6078862552 -1966.2009918219
-802.6484948297 -31.6325698602 -944.7645135186
-364.5461948977 -1240.2888915193 -496.6998931670
-547.0284978747 874.6476631392 1739.1416379822
-1233.4871416123 -824.0014429585 -1044.4166801161
-950.4902782486 1085.9680449401 788.4252012521
-1218.7384874235 -299.9298386236 -1009.2382214678
-978.9428153077 328.8760796729 -1617.1441992695
105.1077163477 -1251.8610340472 1525.8353497525
433.7736481367 -1679.9157419864 1867.3511932865
1238.8828780888 81.7720167427 1268.9140879949
1398.0564185432 -1885.7600231237 1099.8903400734
-1836.5143143366 -1272.6403866760 -1891.8534579494
365.3320377496 -530.0346364606 -338.3580946630
1254.3243535041 -39.7399975086 -1881.4127535042
701.9786490940 -1791.4384135637 1646.3694832972
-1694.9495258058 -41.8362395331 -1114.7143905746
483.2642356657 1765.6885222234 -941.5793902916
-985.0369923973 1652.8471334374 -126.4149159265
-255.5452971457 -337.9441094201 -1111.0495140547
65.6288496590 -196.4069493617 -1474.4601753182
1366.3575865957 114.0833486123 -1005.5150256373
1034.5144286596 990.7822876541 162.1210875678
-175.4238134463 -992.8051936790 -1024.4500460662
-922.0916292035 1196.8765476833 -614.2159528485
1471.0140092319 -525.7901263112 703.3873643345
-325.8704745921 566.6065605800 -176.6975628967
-1928.5959139931 62.9782362354 839.9753376352
1403.3305795039 1558.9294471718 1925.5489005941
-954.9880854900 927.5212630269 -681.8740761584
398.1021270961 869.1103307118 -170.9123501718
-1638.8203011877 -1051.4579289087 275.7416192286
-1369.2071763490 -1178.8631287042 1574.8834789496
-998.1411575480 29.9600017740 854.4939291839
-280.3439113007 1564.7540550564 -145.0867541734
1400.5633589058 144.6820205521 -1107.6819982007
1126.1292095045 1604.0464343060 225.5735627930
1078.9121334632 -170.0452046091 -926.0656051219
1445.6779954835 596.4657692652 -1607.2985009708
-1186.2881249448 -796.4457949124 147.2403434476
-1754.7493755938 -1586.1692716068 747.7050728275
1759.4014567089 618.6985139789 -581.8782071315
537.1292759716 69.1585043698 -1068.2318478542
-857.9753650184 -1091.9283942045 -1101.3939581584
1508.1306591223 -1623.6839075983 -1121.8554713401
1984.0082706396 1419.9406612564 -52.9571102507
-1987.2314895238 1611.7728970784 -504.4940829259
830.1078631419 -1094.9095465595 -162.6202258948
1694.1546880646 -1670.0387437944 131.8455384917
50.0269161710 1242.9875780785 819.5616715904
54.4426854311 -574.3377246073 1879.9914732332
-224.2897875196 -1734.5097371806 -1507.8979537020
-11.2732414126 -1095.1861175695 -1778.7523472959
-627.5070328646 713.3548538516 -1600.3367293408
-916.6671123426 490.9401362026 768.4775465798
345.4770821752 -102.4537402417 1590.0732419445
461.4482969914 -417.3015397265 1480.0045261706
-1280.4285898705 1015.2606254232 1033.1710429020
544.2858717455 -630.5739748307 -1226.9350653359
1618.2064147300 590.4113003341 -1078.8230983828
131.6739577505 103.7411823750 646.3884093676
1770.9444792810 1861.1864941006 -60.9663030377
1240.8205604870 1074.1731697430 -631.3360927081
-188.7531304300 269.6928369784 1661.7526912199
227.3983104391 -1918.3665596776 -199.5420188262
-300.2856636361 -1010.6868583668 1109.8571135645
-1313.8612901841 1111.1070752820 -46.9728041694
-649.9661366278 599.7609577294 -403.5259222601
-1376.9106423778 -1055.5473862853 -447.7402973165
479.5788942795 -709.4680277181 728.1982185226
-1464.5391983159 -764.6117328229 501.5144481110
751.0580931310 44.3266770385 -1657.1901153980
1686.5954965865 540.3710798811 -1363.6240873349
242.8387521338 -310.4402334565 -480.0913602559
839.8489019517 1956.3171294857 1875.3642605543
-1672.3388359032 -951.1734964174 -1404.9964912720
-469.7259819162 -1847.9346532492 -523.6961157682
973.1115104061 -1423.9687159374 -1198.6114196229
-297.2506389964 -1704.4109771692 799.2870518046
-197.4297724852 -1298.0933036743 1130.5582543844
-76.9909562642 1952.5423718419 1248.7224867065
102.3150611244 -512.7554946303 -1209.3709416539
-1232.8071362134 104.6478765761 -110.3980722954
-1714.4721086849 1494.8119407998 1794.5584163797
-432.0323006906 1504.8695396226 949.5745763635
548.1105628800 718.8357149029 1797.6981368088
-1628.1886280542 1909.6640714741 1935.3764829560
1508.8943154837 1497.5795185421 878.1528178926
-1150.1632997375 269.3806928334 503.0561628411
-924.5633968793 -179.5913659412 974.8295088386
1523.1323594003 634.6318690522 1492.6419189414
-291.1310770924 1242.8253350737 -388.4038643043
1945.6941265581 209.1132687724 -1842.1295984286
954.5147597624 -1516.1834593236 849.3738594260
359.7343746032 631.6380062111 -1264.0254904536
915.7366816406 -1627.8181977325 -1981.5130400149
120.8286318848 43.5614992019 1104.8368691589
906.4040967456 1192.7356556508 -1761.3589723777
-349.5636600042 -984.1043643992 515.0938556772
1893.6532281945 1746.9884510333 1926.0212784028
-1616.1424628825 -587.0194690622 -784.6286108022
-162.2665361053 1870.5283049373 -1827.8693197961
-817.5371259564 -147.5791972728 1138.0395132841
1116.5012711024 -1209.2086208908 402.2767571488
113.0765374759 1908.0238465090 -1242.0773519280
597.5887710154 -737.6800914159 600.8897935630
546.9700603525 1586.1898105342 1524.4695434064
-985.0874649577 1200.8260762858 1625.9921725499
366.5755926883 1243.2778743571 1312.6359992408
-1243.1802752013 1215.4642380753 393.1842188532
828.0293379797 -1625.8272508506 -35.6209261855
1157.3345470105 1463.6646159102 1719.3647028852
881.3882113353 868.3691114151 1002.0872779655
366.4965779187 -409.0714096739 429.1484699120
1292.7638568194 46.4781589538 -1586.0176348082
1032.7981602925 -1446.4391681022 35.3102014225
-756.2801197589 -1493.1361328634 932.9952647438
-123.3800091705 -1291.6029248396 479.4028675708
1281.5430042904 64.3183279967 91.0384013359
-724.9075235813 -1361.3558237050 -1687.0381990687
276.4391085254 859.9334657085 -1682.5845546700
1770.2045786602 -216.6616019566 -47.1160548360
-265.3859524919 1360.6401334271 -214.0495238197
255.6962464261 1332.4393654457 1931.2150331999
-119.5160070491 -1418.2127117336 -1148.6273902967
1894.1459198556 33.4765132820 -519.9652929364
1137.8492628908 881.2897585441 1531.1566515379
399.7799836024 -602.3557179747 -1191.2934633661
-802.0599465551 -715.0989712361 -1720.9194443127
1644.3084677473 1974.5322999016 1562.6438269474
102.1679727151 -637.2453003871 -1013.9357390718
1238.4530126455 1601.6227848126 -679.0988078367
-323.1484552367 -518.3608039845 569.3966532414
206.1737688465 -53.4514774996 -1376.3286038322
-1005.2062508548 599.8595148806 1305.7930739361
-1916.7188654167 -22.9360514026 -1637.1702308820
-1832.7326939182 1002.0021514409 454.2767308887
1558.3290310467 -695.8335652995 -651.0180233444
-400.5974867285 1138.4534570778 -1566.0202874914
359.7774149741 1401.3957615252 1077.0617169625
-551.1363661773 724.5861381174 1698.9303241773
-1977.1696157349 605.6074462512 -1544.4777315775
659.3128542091 -1034.7742469356 239.5110259970
-511.3948179818 1966.3468836134 -1096.8569704799
-827.5445285046 -1689.1217001473 1008.4193610948
129.7332509698 1060.2696087178 -203.7526353991
1854.4013564323 -739.4850860856 1153.6716015848
-499.0927319901 -1995.6391383160 1849.4154867276
-1114.4608449460 -229.3525553110 1818.7405394305
-1753.9867448794 1133.4963561944 560.1690931756
1134.3529571437 733.4795434511 696.2335437270
1030.6999294887 -48.3454296463 -1246.9451840244
1412.5902608318 1657.3932689841 1016.2752003238
-562.8923457424 -861.4918453440 1598.6285298665
1005.6970062962 -1074.7449707121 1518.5606643250
-625.0525945235 1806.9066840931 -745.2652374767
309.0385547998 -469.1991114951 1567.9671570880
-644.4483323523 1541.1050911993 996.2216673987
1461.2759844092 -1262.2633266261 -419.2467230001
1869.9704920755 255.8141500091 1758.6324094794
1605.9748814238 -310.5620853822 1386.8429795539
1734.5826510299 1869.1301211921 271.4423407701
1906.7532532479 -479.1034166185 1663.1305437787
-553.8533995790 -382.7484400263 694.9233283331
-1713.2996041108 -5.8025964450 -1569.1337649945
-356.9576624064 1024.3013347181 1222.6141428348
247.1052278488 -1952.1950513772 1780.5601729026
1117.1550568985 -1366.4106001465 -732.6677001102
1245.0209202838 704.9277852721 -674.2233002594
-359.7445693823 1895.5899663655 1396.4075611919
1829.4481021074 944.5041698010 1141.1148030947
-1407.5251178413 -1072.5593756909 -177.4044619989
1720.9057576806 -305.0687992301 587.2985838833
1788.3460397350 552.6210300229 -521.2833757293
557.9557606960 1188.4064946455 193.9292505655
-1357.3288358084 -1167.2486736909 275.8387803138
-1939.7856313339 -66.4447446923 -352.7581871339
1428.8872456535 -76.7837310599 149.7312418910
-1413.3586662420 -1098.9440224961 -645.6665235303
-519.9543353805 -1891.9034885457 -1883.3194510607
-1835.1697354211 920.4003814844 1990.3149986626
1381.2972866394 -1708.0614300283 673.3599927197
-445.1450334687 -206.2730071885 272.9997523314
-1162.6891897808 1350.2973149322 -837.5828712515
410.0416151081 -1855.2270375410 -940.9401420310
302.4267137035 -1202.1947474315 1654.9656355175
-637.2176464556 1040.2412030573 1926.2971401347
222.3943105448 1604.1571319986 -1409.7271609225
1121.1039165174 -1657.3435836087 1839.7405674991
-109.6061398396 -1639.7408558631 1367.9235900263
-648.3777864264 1133.3875770546 -1230.9520543409
63.2537999130 -1889.2941257201 -1747.9664267474
-548.2237086138 569.7774227232 -1810.7958326333
-1066.2346273778 900.5687398204 265.6462731826
882.8820151305 1463.6905456163 86.5552007821
708.2865541585 1457.9900260412 437.6687764757
509.2540444651 -65.8022008744 1907.0615544628
1161.2038420108 953.3713815362 -1566.0091243201
718.1119564024 -1319.3917389314 0.4924249938
135.5037527820 -240.3860026860 510.1408207267
1892.9148203049 -1217.4953360452 -471.6331907729
594.6722053554 -1459.7448480373 -1227.7673684837
-1606.2803991506 1376.6413176973 316.4641263510
-1046.6346653919 1744.7913080384 -897.0123414696
372.8104748551 -1175.2920751573 1803.9679655678
589.3868699871 -1432.9971606539 1806.9408673559
-1478.8223832946 -1617.3668780087 -1060.6693865355
-1507.4338302419 -1745.6898439021 1078.8906624385
-1328.7863550620 640.7070006324 1429.4671502535
703.8488457932 -1976.1588544523 736.0870621980
-1703.3087391298 -747.1016535642 -939.4532258553
-1226.4480335147 328.5181863975 746.5542265939
1713.9873087066 -261.3726792361 -625.7584663335
782.9121863782 1909.7705847354 -453.1056472869
87.2857508812 1264.4528812023 650.2238715812
1645.5769673857 -481.7031158389 -173.3915755108
1342.7816031402 158.7560503501 236.7563238700
184.9104282093 838.4728837871 -285.8894496499
1652.7312354616 952.3024475433 -676.5749111300
-633.8078084485 -1866.2781146110 1193.7747946595
-1073.4456392642 -417.4538456139 1816.1620453552
892.5786747650 -1567.0689844203 54.8646630003
1514.8961877574 423.8234122990 -1986.7197901735
842.5605581680 -1053.1930807143 -1242.2133046397
1936.8343819998 -154.9232936624 196.5286552782
1279.8608566819 -1272.8164556890 289.7032649133
619.0091605799 -657.4031137031 -1097.7110483564
1547.0279608480 988.0417020251 945.8243445455
-1686.0629494330 563.7898714273 1213.9054153041
-57.1977923092 751.6202247244 1469.5192773175
1168.5632692906 -217.0729044443 1038.0379541362
1344.0323869021 -936.0653924623 531.9409117128
1565.8705679863 347.3466671172 -1578.1346267673
51.2653413567 -1066.7900817230 567.3354061417
496.7492691909 -439.9001830872 1491.7537695382
633.2959373508 -799.9208801583 979.5537680365
1781.1170874095 -1555.0089292538 -1655.1913879179
230.2542835923 646.7041227888 -696.2739238334
936.6763409418 1264.8804268307 459.4829889818
555.9158170865 854.4438615393 1745.7164811242
-1479.7467793065 908.2813268238 699.8133542919
954.3777211766 1403.1219799798 1112.8937615627
1089.3362265863 -1848.5324241833 -1159.0149959252
1600.8776253919 18.3945863299 1260.8988600816
-648.5839202203 -1848.8372481639 1134.3210327734
831.1152103950 1480.1915831216 -1912.8310092346
1492.2850022225 -1530.9656324821 -42.0554304791
1102.0820457677 -283.7528767238 -521.1989506116
-724.0997611498 192.4490822005 -1260.5631648154
-1712.2708244390 1240.5616693282 472.5662379021
1125.3388900566 -1297.5793595869 1189.6367675144
935.7944153584 1154.5865675509 1342.5424070350
-1752.1576855067 514.5405368085 1156.6961650229
-1679.2813448818 1305.9679904860 1219.7811102573
68.6979550979 339.9983440447 -1326.1412299238
1620.5978749909 388.3136906430 676.9866360199
-825.8375678567 187.7603267621 387.0262725752
1822.7957862710 -1913.0792636103 -63.1094585693
-906.1031825727 -305.5684818034 -45.0374677132
-277.9968575072 -705.8294679899 600.6211276167
1993.5791628420 769.5709369367 -1392.6575461378
966.8828670268 1146.6352974603 -1130.9936713492
1927.9560709061 -1944.4482603114 -1198.4526528007
1768.8328802971 1652.3937314283 974.2584214476
-1516.6989467918 -577.4689195294 -1520.8944263534
90.7945812582 1889.8649512968 1624.2655851341
-1740.7877530419 860.3417461952 -1490.4105205911
1054.7019336453 1577.6701503680 -494.2541353822
35.0399938583 -1050.0681923705 312.9658682705
-640.1694479437 -823.6412705750 -389.1148184452
-535.0224687114 1714.3104244939 1392.9958300430
1606.9692135442 -547.7627293667 377.8217835005
1038.4369043688 -380.4757128235 1176.3907691232
1238.1275483997 -102.8053107893 883.0218371954
1699.4268104744 -639.6046571814 898.8272729297
1247.1108894199 -1687.6711747017 1510.1424724471
-58.9327640075 -314.4948067991 1346.2548073403
-548.8098118794 625.4742596390 -828.1061539801
1118.1385843422 662.2072898843 1665.6247496968
-992.9029668272 1280.8844696091 -417.2178165097
-1238.3365583673 -1330.6671800085 1545.9386268368
1173.9093274924 1266.7624453830 -1547.4717292382
1938.0131713679 768.6234778032 1451.8293658924
-1228.0343386497 981.2902386597 -1201.6759755751
56.1572395272 -566.4717940939 -1173.1127026929
852.8308476020 -44.5377417588 301.0208164796
1842.4655534742 -1029.3233284120 -129.7918005653
1782.6787472287 1599.5375990778 1566.2891939788
1914.0486325042 402.9815735639 -524.5649486404
-1653.4502797983 788.8799666882 -1915.4938041909
-474.3193998725 57.7620170642 1510.5436081209
191.1476534666 -441.7161543004 845.9932917345
-165.9995694452 1952.1925519113 625.2970669180
477.1620857344 616.4597389785 -66.0791911198
-1028.7157676595 -1281.3888843906 1900.5361654573
-474.6407026108 216.2262739088 -452.9391860016
-421.3540483074 -1929.6108115737 1192.1506471960
-1605.1459627108 -1033.0107992686 -130.0356064875
81.1841895048 947.3507969406 -127.7017079787
210.3777517898 -667.9485140183 -847.3242494457
-1093.3266162650 -250.2610599820 -1196.2793273709
443.6115330063 -1304.1361433498 984.7690839108
-412.9958247798 -1001.4889754661 1213.6286926624
-1769.6459745054 720.8433003828 -1276.4898890210
1998.6187825922 -919.7270356462 -1755.5422504216
-1235.3463864159 872.7542912169 200.2728809484
-800.7414486206 227.3827165057 178.1473525829
1113.4958460575 -1924.2501876911 1496.4234547891
400.6121767705 -16.2399612381 825.7539305856
1397.0291508485 1179.5627245646 1118.4931994349
1258.4705859450 1082.1119500314 -1614.2756869835
658.1246733131 -1222.3590959916 -1823.9538880284
-363.2399266113 -617.4813153407 -70.0742927233
-920.6500348742 -37.8717816573 1452.0262698154
-1711.9951089685 185.0500088182 -770.6308711483
-1144.4208919333 1385.0129077570 -628.5921916589
-1542.3681828559 -292.4903269377 -658.3212381868
-182.0849534828 -1223.5447164394 -326.5498217539
1675.4918711329 1942.8728433964 1387.3369878880
-1900.1827587438 1629.9903845399 1565.3887934058
1818.9716647753 1752.1899621059 -651.2663850795
-1044.0744004222 -258.9890103710 -1644.5708369753
-1263.2817104142 -748.4709248442 803.0726039720
1814.3089293840 -364.6685210987 -537.6886062742
-83.3763955959 -1399.0818049086 -703.7764525956
-151.3881002981 -1687.1613720514 1350.7672043758
-1119.3988442211 1986.9374388582 -1286.8994584736
1815.3101977812 1888.2601846490 517.8715780683
660.9775322846 -1635.2484537447 -1008.9437749212
-1140.1632303931 -125.9711846741 -1001.3812308176
-313.4100293378 941.3733039827 241.0856842130
897.5581186090 1121.0143848065 1343.8242369818
-1090.7788235747 727.5840721403 -1416.0372348438
468.7952868250 -882.6935998868 -598.0369166631
-508.9819936879 -591.0947765931 1440.6133359069
27.1792679333 981.9414270094 -419.0255862624
549.0139617314 -664.2796659107 900.0362129322
-540.0299473192 1727.6540936686 -1924.5526623352
-1891.6210384463 -1099.2314216656 -1461.1906504731
-1476.4971785760 1685.0146149707 1039.2562587160
928.3646477055 280.1145434860 -751.9767027982
435.8576357486 1483.5466425373 132.0461422267
27.2428617612 -1005.5059519809 -1964.6075425865
612.2472750706 -265.2513811042 1689.7407521163
1474.7000372649 1602.2676577072 -50.2310156365
1393.0080262729 -397.3385424237 1533.8133804328
-553.6416132515 1875.4038354918 -1201.9318127984
-497.1668756927 1740.8055071870 -986.8697418889
46.0577282778 -194.7424219627 -1619.4420220435
851.8600442488 -945.8560036940 -68.4749726815
1338.5845500224 644.6066781623 1066.9094539573
1568.4503071082 1209.8972967844 -1935.1032961886
570.3542765434 -343.9882336052 -1841.4358575940
-980.5313892706 -347.9963791205 -1217.1711438035
-1058.4564322484 1886.2735609005 1890.0300675157
728.8241707622 -1352.7864852092 -1082.9973758652
-1410.8853540732 -318.8909998989 131.4073632729
801.8941408056 893.1060200950 1213.6471186211
-106.1192528677 968.2632971603 -558.7755706226
-820.8083353252 1259.8036740287 1858.9122680223
-1772.9732713337 -417.3407447354 -451.3965579922
-1490.4595098531 781.1351008864 1553.3867910250
-869.1400437637 1938.6339440469 1242.6905643404
1078.9996868819 1377.5167282013 -1302.9023488328
330.7214586437 1062.8701986458 -562.8590461056
-401.7854718281 -965.4804246831 1480.3621439641
-675.1876434392 -813.8204050977 -968.9481956493
1643.1159914709 872.6995503645 1066.1590052231
1475.2845834070 849.4314539909 1336.4921527878
96.5397838375 197.9615714536 999.9817402795
1357.3030962411 -517.6094595712 -1038.3578704697
-1331.5718903004 -492.4652663820 1181.3758331727
57.7862008791 -1152.4172887152 1441.2134409838
355.1559315641 722.3548038049 1732.8486332939
-767.2819928634 1789.5167908379 869.9838940931
1295.9199018715 -1955.8861963030 -1522.5278731548
1641.0768929350 -228.9965913897 -1261.9952713456
1755.8687010082 -222.6903797002 -663.7958516786
556.9010672953 -927.8279814487 -1282.3164737733
1072.7723715212 -1758.6854723302 502.1081796336
558.4662049636 -1212.2989941241 -116.0228858455
-1722.3741266473 888.0329613166 1260.0337143091
-455.5971941707 -221.1920697996 1120.3122764243
-1483.8758117581 1369.0418958928 737.1863565351
1194.0165285496 -1667.7692881641 -794.5622601342
-1811.5572502212 204.0499273738 -205.9136772387
1603.1175638400 -1973.2686700970 103.9370590193
1289.3640584423 236.3616230075 -880.9600449829
-560.5248249994 -1842.3642133847 -1131.5262120915
1274.2135579670 -1177.6363388392 38.2827186179
38.4997683155 368.8750667710 -294.2572509479
131.6296829824 712.5713914652 473.5238070732
1673.9394931752 655.0817394560 486.8140040596
1363.4514599933 335.6177307774 1066.7250363347
1779.6357871144 -1999.2957377859 508.4985824310
986.7984067450 -891.4241604852 -1702.2104999509
787.7336692716 539.6141883293 222.4912260729
-1640.8461311273 498.6834059380 -949.4610858631
-643.3194897247 -1660.5443373807 605.1118766936
1945.8077368667 1781.6875904685 -906.2943598203
1137.8816437677 -1815.7653918912 87.3963379538
255.1899731284 -379.6039767656 -1516.7505314264
-375.4725693055 20.6943741361 -79.8605086066
1214.2926636138 82.2108563708 -1930.8825950155
761.8165543592 317.2212324939 -1472.6238361127
-61.4001357500 -581.7164008093 1105.1226676057
1187.5141826282 1982.7099554492 -696.9832507103
-57.4109464490 1152.8559927913 1253.6706708374
-395.4842617350 -1449.0923721472 -1749.2512660311
-970.8054899737 -1604.9289243555 217.5149102126
1007.5394043887 1943.0994380729 -247.7357740507
-1810.4145805530 55.1068811378 990.0826248484
1810.7045996418 1889.1556857340 30.4081860336
274.6644514888 84.2245737566 584.9838526259
1372.0715186468 1739.5508227386 -1822.8708307905
1136.0564953926 -33.2199285473 -1541.3363758724
603.1754016310 -532.1288767578 756.3861179536
-1768.1486265733 229.4135959549 -1194.0262654360
-34.8003619014 -1811.0966323401 -726.6469404821
843.1973987422 -1623.4784555903 -1334.6308425584
9.7281555515 -1852.6966490438 613.3293410931
-1111.8625974439 -1614.9523688241 -809.1188134187
-1095.0144091469 876.4428469983 1273.3982515929
827.1151313758 -1582.8113910391 -1620.6422779414
-1791.9455014274 -433.0238587643 -1012.0214397246
419.4810077096 -431.7680318431 -1034.3661570410
980.1651080810 1371.3588797077 -1425.0091588499
-235.3406249964 1029.5577516627 -1216.9562263958
-1673.9034935603 -1204.5378568454 -1747.3181511628
340.5766992548 -1778.9020028235 -1820.6090754421
-91.8610308958 -1623.2279149122 249.5852005065
1076.2073018722 -1668.0133535104 -1210.1862391191
1327.8554462831 -246.3883662416 1532.5446419674
-1788.0827783021 -374.2063672134 44.8048437771
-663.5501821623 1984.6437545397 -153.0848171042
817.7991617081 816.5402922681 900.7466833057
-1492.6251788199 1455.0984528851 506.2573996830
-1308.8764799815 1236.1772685685 -1100.7586568248
-780.7784426598 -155.0879198127 -1561.1497378242
-1985.0217475815 -1319.8262416572 -1744.8884829021
1716.7655654344 -468.0237615568 626.5204075686
-961.9143798134 567.6453228592 1282.1591327333
1464.7859817537 1554.0054851669 586.5616243546
-505.8459058354 1012.3583496815 -1917.6314931667
-1109.2345179702 1731.7845306291 685.1464257463
-968.3455113107 -968.7460557110 731.5046840578
1659.5141252663 -283.1983585996 1982.4169133398
1180.8518527699 -699.4518836092 -193.2777814288
-768.0147958475 1195.4022132770 1530.0535641363
1838.7446979150 -545.9792384700 -597.6482208632
-1037.7719688776 -1784.2687415432 -392.2195920377
-1951.3683302677 -444.1969265440 -1876.9750492177
1426.3622603567 1657.4220533162 1110.9788636734
-562.1674321552 549.2963528072 -525.9083258705
532.3788856659 -1846.0149900197 -1405.4682239504
-321.8955740490 -578.4755742692 -1349.5605866035
297.2003225432 -1961.8136539476 -135.8634107983
-1359.8038132061 -1941.2733005236 -261.0766630335
-1698.7179486450 -1074.1997504911 1503.5406595129
-1044.5630905582 -93.3905034171 -1463.4646838733
-773.2387030082 937.8838281786 -1412.2905536361
1524.5977431884 -44.7890717319 281.2045693759
-1904.7962541690 1036.6882337442 -265.0975396814
-1746.1860269437 -960.4647253749 1953.8100604732
428.9411766131 -1755.0195434855 406.4516871066
158.0317411005 154.1260255767 -355.2597781255
-1228.1561239083 -338.7949672080 1090.6833511519
132.4870111182 311.2694504951 -1931.1921936183
1893.7178257599 636.2206466597 1055.8671179184
1016.9108528702 -1081.9747053607 -44.9149231338
-678.8751691785 -711.1231945590 1109.5303469447
-783.3834022435 203.4490793101 1857.9094160589
1749.9789220937 -233.4522098580 -280.9866037261
-745.6216709396 681.2137699830 1107.2562370527
121.1206354003 1297.5254885140 -965.2619386331
680.2227971029 751.9666675774 1392.4144703051
670.9393403368 891.0871116938 -771.0626978038
222.7870432045 -147.9387979722 -1125.8497687816
-1359.9464953673 -909.0487377932 -1631.1707256090
-161.4326132281 1216.0513815553 -1349.6363572503
1319.6938836927 -271.9122219515 -1530.2121587917
1208.2446086502 1033.6647228460 -844.6436552643
-453.6207877956 1513.2514267031 -1960.9034893721
-585.9186749873 762.0086221039 -221.8532241295
-971.0641179906 1019.6933247082 -1697.7491739008
-793.8853926721 -1402.6704049978 -554.0267373483
-1230.5322764441 1345.3725112907 119.0411800669
1066.8701051129 1042.2251506634 1633.2429863164
1777.4432368471 785.6521458023 -1600.8650952695
-1842.5476668226 1604.8097603003 -388.2189540380
786.2451351823 938.8802451654 -1327.9756476118
-331.2578652957 -808.1927401819 -1778.6637381892
-1680.8187405015 -1211.4173875901 1581.0641031427
1749.3398864515 -821.5181898003 1750.7030002715
114.6220579952 -1495.2647620127 -265.9580136221
178.0516505993 -1338.9766618810 -322.5591859007
-1948.1417707645 -569.1001049596 1037.9470617625
1691.0490902043 -1148.2355426455 -78.3000337684
-1299.6642286190 1889.7218398902 -482.1238566716
1195.9682143078 1708.1534691199 -388.9559261921
-278.8612384328 877.6888178631 861.8556767765
446.4911063144 -1180.6820169879 -131.6061452374
-635.5839704263 1837.1149336309 -367.7884188274
-1671.0031794227 295.6139108091 1607.8236102671
1260.0490683028 25.4728674611 -1616.1563446425
-1923.3298030091 1763.5688542634 1616.0487141548
-548.2621806912 573.9932906342 -1153.5579278698
-343.5442378101 1179.6205932392 -1512.1907986343
-636.1842973220 1528.0298752930 324.7983288071
1241.5718362823 1597.7986994882 1868.3372213738
716.0065587564 1895.3212340570 -831.2690658853
-1979.0300775712 -1609.8909130187 -155.5417035629
-862.5809788325 728.1361874075 1112.9380787679
-638.9213714008 5.0576387013 -1296.0480670043
-1392.6836472264 -1235.8626405096 -341.5816195617
-1122.8679367310 -1280.7773643944 927.0362890563
-967.3137107995 71.3024044775 -1015.6549518637
646.8956336431 508.3749573342 -1149.9617396424
1816.1683145586 795.8724007047 -1966.2909026362
-1488.8176701405 -1684.7473578393 1931.3396202252
722.5972413618 -1709.5988287649 -109.9269411089
-248.8124576486 -1447.0737075823 -1572.7104700725
-749.0156220817 -1708.3195329292 -918.2227483880
992.2998983794 789.4102510583 -1301.4566220742
-644.1994841756 636.7117743457 1619.0075293362
1981.4758918886 745.5893459435 353.3550783305
1903.6701724183 1059.5390763380 -840.9721859523
849.6453699686 -1313.3583765728 -1582.8721713977
1695.5452899475 1463.5139779705 520.1345725827
-1207.0952689767 -801.4495832223 -737.9144506086
326.2360865699 207.6575607303 1568.3778913492
-1075.6834723171 1471.5884449600 11.6237680706
1011.8278362767 1131.9729475770 778.8492531243
-1892.4504900075 622.5156511161 -744.2719172130
-165.0433175816 -1254.5797100900 1123.3895160631
1747.7578400488 -1632.0229016076 718.1810386663
-1038.7952402063 -230.1147729328 -1351.8493408490
1237.4573359757 851.9358053787 -1999.2753991316
-878.6491064220 -1436.1562843204 611.3989682370
-103.5896954355 486.9971330835 -1683.9081727857
1194.5505134743 1308.7749544528 -960.1621839368
-1793.0201196658 694.3307832173 -1745.2510132481
-710.2640137862 1510.4590248680 -482.2775384382
1355.4242082415 1637.5629193698 -691.7203711729
-304.7386145988 1324.8614721027 649.0854697493
421.1846046229 1049.8889286977 -917.3752391465
51.5444403732 -1391.5517303829 -1358.9448077129
-444.6320188764 1807.5698728966 941.6613939723
1834.1329170323 22.6755203754 -1706.5141079107
-1404.2844096892 854.5895802545 1619.9271028522
-1020.5101413813 522.7747317229 659.9914533227
1967.0255180335 447.5533398445 -1700.4691507415
1923.0024684724 -1485.8726914512 1372.5077727292
724.9331317949 -315.0983320353 -1822.4368053873
-1640.2279001645 -1653.3927390554 -1565.7739530815
-569.4011822455 1107.9184880148 -639.4458776477
1436.4475850882 1163.2498756333 563.7891644732
1245.9637923823 901.0715232005 -1528.9307581071
1100.0255618386 1035.4250841116 1317.1050387357
975.5914386300 1787.8163088539 -1357.7908040558
-1654.3356858004 1203.3554652389 23.5384391941
-1921.4478814533 -1814.7332722039 -1066.7896205620
-623.3306195265 -1320.6989081578 -903.0029018136
-1772.2911192313 528.0050195498 -1061.8210661033
1152.5276344035 967.1782789976 1544.3727289079
-1384.1574363000 -968.2324746359 1700.3497153419
1226.9660240021 1491.1827945124 1170.5471051750
-1523.2555968665 -70.4736881291 16.4930299176
-1710.0074572490 -1777.9795936743 1305.9225240754
-1948.4128681268 -59.8532335589 -1459.1794494275
937.8669584991 -1724.4514071543 1032.7438726473
1573.6610386872 -150.7275157697 -44.0504344186
151.3957087772 1962.4105045443 1599.5176168628
911.8710142360 832.0623366379 -1899.4975007950
1376.1381241439 797.6764132654 -1407.9325174163
150.4338285920 -1892.8133373168 798.5117685836
-64.5324477971 1094.3871085667 -1572.6151307066
-1394.4712227730 10.0454271181 -622.2469154909
1847.2759452813 1902.7973258774 1199.3588211753
1639.5443331949 -1675.2405725143 1799.2131500800
-1513.1652869361 466.2622659959 -535.5037567780
-1887.9129097317 -1670.6786863492 1585.5440791376
-227.6030663968 225.0406449723 309.8424405159
484.2712995772 814.9600108183 959.7448281432
932.0798388970 -1019.4015559226 -1164.2998517751
-977.4789148982 -402.3914142150 1054.1443541782
-1587.4137347960 -1186.9499357771 -1083.3991417977
-942.6183708650 -276.4004906497 -1019.5870553150
961.6366210989 -1594.7263335093 1678.7093884035
-1088.3144824165 -1373.0098861747 -481.4703610871
859.2606456832 833.3093728395 1810.9959890778
1851.0156010299 764.7252672164 -1457.1240578012
-173.9440938297 634.2014699796 -1511.2402482855
-1619.7760850315 136.8037403568 950.5650105797
1491.9421640307 -603.7311110125 -843.5797782876
869.9196929659 -1047.7019534483 -1848.3172067396
770.5683569170 -727.2383168677 -240.2446205427
-1746.1486144627 -1198.7039535284 -1070.2304595795
-308.7157734259 1058.8273836047 149.1675174190
-1567.8473722689 -1216.3106759450 -91.3955488481
-689.6524998916 319.8684948600 -294.9791060269
-852.1177844088 685.9025447617 -1719.2275261127
-764.1761992427 -247.8626593034 -438.1825452051
-802.9134496964 1524.2420549922 -1573.1205006441
-1320.9192968670 1426.8895904593 -445.6839034932
1845.8660233346 -1303.1720544473 308.6849122626
-517.2197204063 1633.7498259412 -277.7822424663
-424.9478049946 -1602.9912045897 -1227.8000774894
-1899.9892657344 1254.9170789135 1852.0784638851
-884.4433501522 1792.5434545651 1812.2716679562
1415.7466549165 1271.0349082687 -535.5333557028
-1675.7623225324 1510.6287780527 1886.4840934529
-1371.7429828143 746.9029552869 1651.0219604982
948.6866029679 1925.5906226586 -739.2786364754
165.7284977661 -619.1584385649 -852.5636639307
1946.0125612093 -1432.4024556793 707.5981794093
1916.4233409339 1448.4276601620 1744.0036664536
1195.9860983898 -1852.1887428879 1237.9506481763
1644.7142565739 -235.3203624581 1150.4099985614
-667.9916474003 960.6946182707 -713.4397473737
1855.2998805849 36.6099505787 633.9691709849
-1490.8906375111 1286.8707286946 516.5937892094
1196.3046054102 1738.5074359794 1623.9538008175
276.7560447663 1547.9646101076 -983.3150503551
1325.8767474239 -296.2619941654 -439.0969720219
138.7447677793 542.1073720842 256.6350767637
-566.3636560987 -109.7252625989 -657.3664121576
-722.8001048122 -1755.0895706781 73.0240991435
1083.9849379591 1100.4370124485 417.5753416622
-574.3211412469 857.4986359420 1298.2762983040
292.8360488619 -1246.7441798089 1937.3822491924
-960.3388978198 -1016.6402772210 161.1016438504
-329.6758072497 770.2699079468 1035.5929571338
1371.8572446190 183.0391876898 -558.3395604702
1850.2147249186 -1577.6828039357 -920.1206261363
-1407.3668064862 -853.3487510653 -316.2080105961
-69.1482689167 -1675.4672868144 210.1934796835
1668.9917471388 491.6690223313 -1727.0101619588
-1958.6047394955 118.7607853663 266.0569179291
-1088.2486995764 -905.6690399801 -1201.2427374193
1058.9704858154 -730.3800090593 -855.8270209401
1842.8695047401 -1667.5332015740 -699.6308639301
-1309.1654581454 -1987.3355904935 -623.3181081326
-674.3463039380 1567.6615220404 416.9093230498
97.7401993865 216.0676251023 89.0079712438
-160.9697384457 -8.2844068114 1013.3192873867
-292.2048856131 -1033.0017521278 -1729.1910608115
1356.2088339594 1689.5665709936 -1721.6181041313
1548.0861066466 -1245.1953972095 -188.8227890435
1693.7867518313 1084.4974670576 -1834.4857711319
-1790.6214988697 175.9700554167 -1195.3233666381
-1124.4838658164 -625.9415004653 1028.5694008255
1967.5922105517 1538.6324158163 1054.9577653478
1254.1562186407 -1763.9962613187 1745.4093305541
-692.6105119289 750.1000337459 -1050.0662303918
-1730.3156185173 855.0756514200 -85.7241816034
-186.8072251855 -3.2434111620 -820.0340868449
-1149.1760951084 -1199.9536281484 -1764.7588936818
-1821.8212773649 -1390.2788453242 1515.7611441239
-1383.1486346959 -1277.2995931038 1180.3035229147
-646.2022506024 1263.0894340308 -255.1007959409
-1663.5714457125 -1079.5737675060 177.6388586185
1907.3096716499 -238.0535214129 1110.7363370505
-1699.7746958457 99.4031581683 116.3908743342
-911.7785017692 -1575.1492845556 -1664.1868217730
-66.0831778541 -1325.3552977163 -1081.5678385808
-395.7008644921 994.4044000026 -1657.5450510483
1768.5078183237 1882.5626854952 -298.3537775858
1236.8529768071 1840.1619992007 1300.3351979780
136.2246120601 -651.5680019334 -92.1662107181
-1214.5891789322 -1962.7448669217 -466.3391803121
-1301.0336855064 125.0226508383 -552.4354654261
1877.0894994478 1459.5287058822 -644.8457800153
-1082.1432644834 -1863.2937673888 928.1521756806
-693.4733173863 1379.0046396586 -263.0545355938
1489.3137144190 255.1842018027 1513.8540471719
1258.1213434785 -520.1659662943 -1159.6076320239
-1828.3490790588 163.7903263026 -249.4236188023
405.4129492695 -45.9309411466 -1809.0295600948
1041.3659562582 -1907.2189382328 1918.4885912253
1604.5161035968 -145.7557289293 481.8940310926
7.8101112811 326.3228716857 -786.4926668736
-1925.8042338204 -358.0459216440 1285.0742666969
-1599.6679166210 1043.3241174997 790.2850930501
743.8901962165 1325.0430533693 -1101.9279917273
88.5517375964 1421.0212473969 693.9061183070
924.1312665574 -32.2137465259 592.8883033784
-466.2825717382 -52.3739324630 1449.0102166328
65.0113165567 982.7272549576 1720.3520137413
799.3475754058 -1909.3671628630 -1562.2978177180
-356.7047857624 -690.1756412825 -1479.4868049651
-1094.6202334237 293.7689576027 1206.0016546608
-347.9245830633 1677.1871639435 125.3588854824
-198.0242274542 380.6270538824 -732.1482302992
-994.2375591504 1335.7314644052 1664.3255609319
-692.9551616666 411.4347773726 357.6729682384
-1188.9830183612 -1330.6997405596 729.4248885607
950.8085504562 1043.9507060603 1963.5613518654
1850.0232018283 -472.7389003318 1708.6868694097
-1071.6240402664 -451.4767003146 1099.2271177171
781.9933605812 618.9071967315 -580.9901835623
58.1643630089 -1676.7496342065 -1469.7049807674
898.9596766411 -784.7394260285 -530.5096168377
192.7586549946 1753.7620592068 1031.3225255736
-680.9335585484 -553.4470769870 -1762.7405533737
-957.7065858532 962.7944286728 -610.0006417988
1847.6680262121 224.9555023812 -1511.7668780894
711.9739651834 1478.1299808124 887.7980203747
618.7018362459 835.2693014410 -1553.2381832383
942.3539243195 -1390.1209228791 1549.2009381141
-708.2280483177 367.2659575827 1454.5205973978
-323.7678380879 320.3426995798 886.4025207519
-1700.9302114741 -1502.4246587107 1944.3366911044
-918.5535398536 480.2321634057 1499.2713658292
1153.4611266424 1341.5844792495 1375.7197717856
-718.1749204485 -1753.7338820802 239.6717599558
1790.8218240566 799.5315994421 534.8654045850
-1361.3168231221 -771.9537080223 1532.8730752784
139.2354839421 634.6064587562 1262.9725265625
-144.9216942078 -599.8854864281 -1446.3639800484
-1170.2574540726 -594.8706286875 -1801.9547230186
1236.1458991448 169.5424077659 1636.5293966888
883.9027917061 -574.5783562935 528.9478006807
-273.4935100589 -1652.1314491907 1284.8001723430
1681.4795226490 -747.0574543621 -640.1175985327
-133.4345341949 -1022.7956263628 -456.7779981912
745.4778088334 -1581.7371878055 881.9787483774
-1308.0369145792 -1337.9415610481 -787.1108192122
1589.1145043261 -1521.3388640735 -1608.4290550505
244.7062244288 437.2543059585 867.7362073407
-229.5873152538 -1061.8854314352 -1626.9989548001
507.9425576222 1654.1859870465 -1458.2602790043
-2.6287968497 1182.7152069205 1995.2687366061
-468.1841956928 352.9371432605 237.4491723754
750.1550798371 -900.2252201645 -604.3185607731
-428.8102575598 1931.6457293986 1451.8654249381
333.3247696899 -149.6573620639 -48.2557935964
879.4983425642 -1532.0677283212 1943.2376066339
1448.9207397586 -89.9566506360 1890.1137070553
-852.9754769051 -187.6033469842 1569.3147698178
-1818.6724228636 74.9903000888 674.7876484308
-1444.7960992285 1523.1039055023 -1311.5867081499
987.7296946812 75.1418266202 -1736.9220757160
-621.5285585823 1086.7191450758 -1147.9681766637
610.8309663009 1020.1531596733 -1816.7324075259
273.3223958377 -1020.2758509287 -1244.0079943655
1567.9940520796 -1457.2934285514 1398.9313973221
-110.7937756572 1722.9092107142 608.8445003450
-694.2482202842 -290.4260863663 -60.7147381103
1271.0881167346 326.1237788619 -802.4491187823
-1328.2343008884 438.9892945110 -1171.0167090737
-1175.2185990364 508.6695918300 -695.5894244028
157.9903014910 -1109.0682294299 -1241.8111873419
-1989.8689919326 -554.9272051198 -113.6465651889
-1304.8551762979 1897.2891177199 938.3928565116
394.1269641729 647.6177663756 634.1659956084
-803.0339193984 -1074.5258417891 -229.6276476303
-1459.7181081148 921.2352822516 -1852.1768958809
-1748.7897039110 -1574.5331701877 1197.8175658739
1605.4786456285 -1001.2741851795 810.3604766568
-1527.0860154570 -547.8476934474 966.8306720927
-779.0903754695 1861.1127272544 1670.7463272190
-1750.0718696606 -1856.9140522123 -1942.9767302174
-507.4368899532 1671.8642988150 -668.9920984510
-446.2864080967 -1986.5370504865 1787.8230290356
-602.9706736952 -666.5990572631 1579.4521194363
1995.0309729010 -1988.6570392988 -1780.7036345599
-841.6381082668 531.6209002416 1612.3020164627
-1181.4204264311 620.5358903259 967.4569845420
63.3805052845 -337.6732603449 1132.9864756616
609.7049039389 1660.9517141443 1339.8901289414
-1061.6798378994 1325.9305084759 787.2813624577
322.0750421344 1146.1433410604 1894.8904766758
847.0327425436 6.4748811481 1271.5998972565
819.4852255935 -1222.4823077066 -1360.7195469515
405.3276062705 164.3621288961 -940.7430556242
418.8611387146 167.0489068241 -1056.3291698504
1220.0487760716 -1429.6789134832 -688.6967728233
-1581.8685112588 -1951.2532120463 1325.7179925523
359.4136287215 1048.5501545329 -535.7357178664
1934.5494182653 -250.8320973007 169.3134325774
1447.8681377050 -460.2320386118 673.0101565412
-919.5525132661 -1757.1008803204 -412.0557245635
-873.4833748127 -81.6969929418 165.2480590759
393.4814390237 -616.1959570468 -1882.2266984672
1426.8531850112 975.8515053623 370.4219381176
-1727.1031709495 -1071.1994097420 -900.3458218317
-669.0539486781 -1071.3359107653 -1974.2298092323
760.0495550470 854.2825454190 1368.9183405968
1568.5112215648 -1161.0098780658 -1322.0613881375
819.5410278989 -593.4298026922 -944.9970162176
1206.1571740096 -20.9240113256 78.3719969818
-11.4195522773 -1842.7724344473 595.4854557134
688.0792462072 1199.4987231460 -1591.2506192951
-3.7766658860 -1470.1923600174 893.1243922546
-1643.0089713608 -912.4247374350 1008.2186378195
-1350.9525965144 1529.6847608499 -1463.2029287827
-25.2675320151 -1784.2566442108 -782.7798085988
236.5928806018 249.2677625122 -570.0626168793
-1998.6180067816 -1143.9753796801 -1916.0318244620
8.7518492045 1535.3155800626 -1442.0682934935
486.5234960489 -831.8237606385 -856.1429652630
1387.6147605767 -1245.5693997296 -590.6565314139
-866.5076663404 590.8089517406 1184.5823834505
-1414.2436595023 1364.0078662627 248.3728870205
532.8173544920 1019.3130052612 -1549.9753109143
-833.7171862085 -800.1844653896 1249.4797186400
-1864.9934323880 -1329.7765334231 -1673.6436349882
1449.1409837449 755.0487813583 1549.7139771321
-25.8607074054 473.8692186163 -1423.4238901299
-809.9372635441 1148.4437071772 -118.0049019116
430.8817737885 -788.5118195167 338.7550627295
1241.6327732119 -1285.9633239871 1880.7692345078
931.8738061304 1856.0183544570 1249.7963319922
-1916.0223089145 1410.4126488534 -1764.3642210722
-1238.7614533207 -1591.5904983428 590.2572976656
-1151.8099915034 -989.7298053668 -999.0717951052
-1539.9666874044 -1444.6904335903 -76.4201002810
555.5080873165 -164.0668027543 989.7230272243
792.3743355512 -1534.3221320788 -39.7382921451
1170.0841831510 501.5465133276 -105.9634286215
-525.0464851935 1644.1019052151 -1906.7908093324
-1908.6544641083 525.1556815852 -607.6932434758
987.8765335687 1714.4234821853 -985.8522094096
-524.6430573921 414.5008755220 -348.6518991238
-945.7771947942 509.5911365287 -770.7022676351
-1100.7902858656 440.4418171948 1520.1522434326
1568.3179557828 -1687.8092291978 5.6312817661
-1081.2396630665 -1805.8595961236 814.0280714643
-1080.6112634932 -1755.7703173043 -1853.5715586760
1342.4267619221 147.4962434542 1458.3577447184
-1813.9590812707 904.2772066218 -1140.4365528634
-93.3269923548 661.0595786255 -1416.6018360124
654.9015493946 -1128.4748277849 -833.7908251012
1648.7063891365 721.6445859756 1611.6207584376
645.2498806000 -1404.4578827005 -197.3287007116
1962.2704877681 -637.5846641835 -485.1730037505
1882.2280971087 1234.7520485204 -1752.4275675627
-516.3836501269 814.0993947033 -1246.8555730369
-1946.1418328688 -617.2809498393 -367.2233447438
1928.8745940423 910.1046657257 -1546.8264620824
575.7285229123 -1251.5714803322 1858.1069231422
-1955.5147952487 -1463.6161328649 1116.0021271492
-820.7040071674 124.8417116121 1079.6908476681
896.7813251765 -1989.0372332523 1836.9800182860
1408.7869649567 -860.8933334298 -413.3556625742
957.5645257836 202.2101415413 720.2021700481
-1523.2364752155 845.5453973107 818.2960334077
-1245.4480528903 -1875.8076379870 1601.9211745770
-735.5548566377 -592.0661732043 -599.8606297384
-1700.8204135678 -1351.4335349641 997.2871066883
254.7222377519 1291.0647761379 -748.8454754499
693.0829573441 990.2881341649 953.8535832278
1011.2630746004 1198.3498962510 827.0408701188
-697.2521598982 1426.2360722265 1104.3650724425
999.8784997025 1043.1509528451 -528.2923525639
1616.5184667109 -70.0596382828 130.7855762878
-323.0128015507 316.8914397344 -1675.1383598727
-164.8019007165 1013.1474920986 -1168.3904308103
808.1663273059 202.4164513369 130.3737179532
-849.4551030821 210.3961281146 444.7644441459
-1613.4154691340 -531.7233468029 -276.9029675555
-1416.0876356940 -1434.4903458386 1640.2105209460
382.0941033166 275.2400654211 -1470.9273271391
110.8936437897 178.2775883255 1253.5468318959
-993.4103984649 -1062.4197418900 -759.0521399840
962.6703163092 -1835.7156626502 -353.3879163175
1084.3305739463 -1311.1878262722 1888.6990306095
1165.0813051981 -1852.5332715499 735.1349468004
-1468.0484067512 -1727.2233410698 962.7368664692
1922.0629477080 672.1921780164 -1695.8145986077
-1855.0568504623 -1258.3826990050 -1924.6874097277
1287.7446002591 432.1584866884 -1528.0290399915
-1893.9667756103 1934.9301533157 1341.8057919900
-365.1639255189 -377.3559699092 -1850.3330314440
-1198.2294450564 483.8079617716 -1340.2881236769
-1997.0435226276 -1459.3464336620 1182.0869026229
1945.7675607655 1016.6425899426 642.2959564185
-1082.8492015029 -1285.0558107062 -1436.7487869105
1863.6177338216 224.4157415976 -1611.4155532725
-1906.2383891564 1635.6193690169 1638.4725069810
1240.4825679123 1099.6490999272 -1983.2921424029
263.4484928293 1955.7778587064 441.4603432389
-734.6278994445 -1931.8576428846 1639.6570198379
1410.9703007865 -937.5120952227 -258.4155472926
1165.9225015831 -420.7575971850 -480.8238847761
1436.6471055012 1880.7254952541 1153.6050732254
1003.0183869209 -828.0371147418 1442.0552653598
-858.8927509585 108.2962270908 449.6129596303
1256.4413036307 -1747.1396161362 -329.2981390578
-423.7368713382 18.5366853394 85.5132709795
1598.7546413194 1839.4672708742 -83.8914011967
-1553.5035905876 -1814.3492188924 476.2817118229
-1791.9684270251 198.1192758561 -589.4798433859
-1055.4092173999 1158.8434095524 811.0210937843
-256.6504000905 -1153.8175728995 -1251.5541878364
-1534.1034657324 1782.8393919659 1051.2364692130
1218.6049861360 804.0983257628 1646.4609748347
-1071.5125314542 1688.2899482806 -402.9619453386
1956.9910744669 -1428.8158445993 1171.7518980073
-1657.6179100164 1730.4776277516 -1217.8472292810
1740.5637210276 455.8071811558 -1288.7916098769
1996.0635965120 1625.8632871677 190.0755161530
-1774.6661579462 -1176.2308172325 -1832.9098398493
635.7470750167 985.4966538551 1027.1741117867
-912.4642121214 854.7389748615 1269.0840423010
1941.5687640125 -1891.0200306664 1568.7168510078
1030.5160263582 -371.1409266828 -1950.6256003937
-1989.2738098810 -1788.3354665921 -1199.9675494834
-1816.5834544017 224.4022122344 531.3586992772
-73.5535700070 878.8185713767 1164.4631709559
-1967.9169555787 1744.4039087485 380.3995740489
-1839.5805784058 14.8210493184 -151.5253948649
-330.6832803480 -1224.5913486131 -1400.4614128013
-827.4418556498 1201.3372830996 -1223.6405237623
1326.9897766550 -1563.6744054266 -1740.5440788880
1599.0407060969 1424.1948567671 -771.9462536792
979.5186064564 -1410.7943128002 -1839.6226124732
-1083.6729531614 -1316.9196435134 1426.5678345720
264.7055374566 -1332.6918512841 -455.8963017446
498.6876923574 -470.5416066255 -1144.9808879249
1461.1181803240 -710.5188388054 941.6180186701
1634.0870070598 528.2852062697 1540.7378308057
1810.4160338971 1737.2472492332 -125.5707994094
1992.0067223382 1066.2798581338 -1788.5143959628
-717.9046713630 885.4462699687 324.4263132405
-163.5684287074 856.2887004019 1345.1509521989
-1241.3499151942 -1723.9810658939 1402.6665964756
-1620.6417394328 -1236.9440658197 -774.9383584737
-634.3512786674 1227.4227681834 -1841.6420856637
-492.4904628051 1286.2226331410 540.8648591413
1310.9739962868 146.4152177958 -1111.7915736875
321.5515186321 503.9853858059 -1534.6581071043
1965.2175420958 103.4965259112 873.0882059626
644.5811645088 620.1001891944 -1891.6715007000
-423.9294303075 -748.0401094775 96.5655236465
-1621.4427795456 1539.9389870918 -188.9288990786
155.3279727104 228.1148788433 1077.1145306411
402.2032918019 -304.7303096643 -542.4150902260
-1380.1907597814 -1312.6408655409 681.0963027756
1616.3367684711 -1882.2982805938 -1526.4142358814
1424.6216939672 -1347.1145381986 1001.0581280485
-1378.9918931720 -926.3810498856 -1698.0976425731
424.2864524276 -1277.0925654407 434.7795988052
-1550.2921568457 -1735.6867073178 -1007.7033511025
1874.4748926648 -133.5428594756 323.8412248415
983.7576890419 -626.4859306877 85.6919840665
-1850.9699317662 999.1128255538 369.4662739377
1948.2157185926 -1914.3683388591 -763.5246987641
-1825.3035862592 633.6863137890 -1926.9521759450
-1849.5183392669 -1470.3725005451 1202.0248294796
526.1272866731 996.2430466602 1669.5208394720
-503.6439786811 1590.9809045414 -1388.7579831942
892.0650503914 -1367.1848454788 1083.0194830627
-1220.6416246158 -527.7858267447 238.9065717776
-1359.3051289880 -513.2386023320 -1842.5059734850
-636.3126966058 883.5134733363 -102.6267815912
-852.3195996849 -442.3483956972 1238.1593507564
912.3065286278 -1460.4428808925 134.5501195539
671.1749394833 -1520.4396196743 1372.5677877303
1427.6571461072 1306.4558551442 -596.3008818316
-974.9688544079 224.1891316036 -462.9281150913
1574.1581185901 1341.3088746350 920.4691971000
-1879.9103678759 698.8827037422 928.6853519702
1841.5619690373 -1502.7796637502 28.8962511064
-1835.0532244385 1544.4354893656 -212.7628808403
-845.9049008872 -1455.8592702685 956.7244672470
-561.0525213002 -1830.9185168787 65.2779566615
199.6685051909 160.2243541968 -1898.2703494461
559.5645815179 -16.2894929130 -998.0305369251
1727.0024132519 899.7353979037 -1506.2816842312
-436.0270979342 -634.8190742823 368.8967297826
933.9856217696 1517.2910218285 -472.3590961052
1764.6812412838 205.9427719211 -1106.1250340689
-796.2409594397 -825.3028128736 -1239.9422205825
1381.5131648974 -1136.7207190090 629.0810975750
-452.7780387713 688.2973015501 -259.4556070688
1247.2748495379 1439.7564280047 -717.4393472447
1698.4856560395 -713.1978270044 -728.0372325406
647.4318784943 50.5743313729 -1346.6012683710
-486.1700657609 -1179.3583868364 -728.0816221293
-445.5619160778 1681.9825810791 1227.7927629911
1065.3132377631 -1777.1290233692 1046.8670354547
-839.9598906697 -1820.6473781151 741.5396849657
544.4121483799 -1970.2640594852 -1309.4020585208
95.0509214260 -966.1171863899 -321.8766124278
-1665.9377774000 -569.5624570646 1336.4104390364
244.7100285515 1084.0772724180 1768.0851081555
1529.9841821551 1553.2390474443 -1055.6562893600
-353.2123086670 -454.2134086927 -1024.7070909033
-1426.7321494856 858.9052585407 73.0346949844
-628.2888621419 1523.3824369565 -381.5070934106
-1854.7876189240 -385.8025285112 -506.3638231714
1584.4813117960 324.1932468064 168.1466965914
-550.0331820528 1808.1722889025 -255.3657767157
-548.5084445212 359.2632824540 1018.3883605749
-560.1641052306 -1751.6185337979 665.6620433434
-17.5158725691 1932.9374930767 66.2480403676
336.6849356165 -924.3866967792 -1573.8915491402
-603.8403881988 -932.3923274956 374.3520255372
784.6919363916 720.6734439978 660.5066231994
1141.3343625662 481.9339553455 1310.1299360569
394.6837996769 1058.6110411198 741.5300106295
387.7440317833 -620.7702893678 301.5122464222
1623.3414756533 -184.7157727836 534.5914362216
-992.6092620481 -404.8472895625 18.8982025641
1079.4603349609 -131.4240003921 -417.9146059026
-1156.6971027833 1694.4114725368 -558.1839225183
-1217.4026784964 922.8713211289 -1311.7286834826
1007.5213186411 -1789.2496219741 -294.2767141839
-887.4667704871 -1452.5665891920 284.8911199190
1406.6216665339 840.2699639537 1825.3626343855
-659.9403045187 -413.7829191520 -375.3816006179
1236.1143154665 1674.9224725243 -990.0306006233
1291.4328573572 -186.3832696662 1691.2826421168
1811.5513769819 -1072.8178303690 -1422.2678920426
261.5031942127 1446.6346233826 -861.6094112762
1827.3258895015 -1529.3703919282 -1949.5550835270
540.1534780317 1762.6670268549 -1554.5749300649
-1522.5974389354 112.1928240460 895.4383272485
1587.6211463157 95.7513853139 -676.9138852862
-90.0559704895 133.3279868122 -1700.2416644386
233.7107986404 -654.5140145671 165.0764604353
349.9724965745 1740.9942695949 -109.9682422289
1021.2920257902 -159.1715351354 -833.8023539146
-1144.4745711571 -1872.7745697230 -589.8778871426
1839.5338176246 842.7322380860 1.8816846740
-874.2989827759 -875.3271439949 530.5376204305
1388.3817151280 -1922.8862993842 1435.0867956739
272.3439291983 190.1797094157 1045.2031919288
1207.6808640579 -1849.3068165233 1614.1732955923
-860.3056918464 -640.6088950796 155.4416306643
765.1483132581 -4.7063255857 858.3510357318
1549.3865146457 1470.6403473831 -956.1625296427
-1072.4178805741 1751.7018447585 -1642.9143144038
657.9661298911 -352.8860184227 -234.5024791564
1516.7094954355 -1135.1784081570 1012.1893708149
-537.2800465695 -429.7840233376 -1587.8348962702
-1203.2406830526 -1082.0029619739 1169.1396096123
660.4486783444 814.5152995030 -702.7771246406
1374.4473618847 -1446.8672870829 698.7905583122
-361.4985467707 -1562.7717098844 1575.9648976614
1031.5122773543 562.2148942795 1744.9578718415
-817.7369360718 -410.7783543096 -373.5180173543
-658.5933928028 383.5903352179 -1509.4288063342
-493.1719598350 -1580.8210481072 1650.6866888835
896.5499099364 -695.4839287972 -413.0123879717
-1183.7570507706 1934.7855963091 -708.6527222071
-1878.0888748263 915.6407672596 -1391.9307165567
-1340.0992018716 -731.0697039510 -234.6619397221
1289.5245070420 1027.3965166099 1577.7799972229
1678.1073683951 -1457.7728760569 -1570.0986203231
1593.7009815067 31.4143291671 1202.7863814660
-1776.8516664130 1640.3588783529 122.6508686389
-649.2469575832 1957.1302153321 -1283.0576189628
1259.8631686752 1816.3061176995 -1324.1928798928
-1731.8530363387 -1259.4615941406 -186.4136973281
1396.9715549200 -1512.2233099135 1389.9824427524
-547.8313921711 -673.0640045653 1741.2540478319
214.0850860933 1206.0866325907 562.6764412479
-915.0225190075 410.4533668193 -402.7971960960
-487.9090849249 -1395.9480071049 -74.6146814806
762.7185241285 -169.2115262054 -1541.0336958779
1260.4007730849 -210.2824388944 -1199.5617051604
-625.3407687876 1910.0645370263 -1088.2077995537
-1419.5551353915 -57.8120601375 1512.5529557373
-831.1211401204 -172.7798922085 -1469.3650938376
-347.3396222974 -524.5579613014 -1760.7698172742
165.7185311392 642.2900377196 1169.7869336026
498.6748297096 1204.3121671047 -43.8415092040
-1543.1879216212 693.1271924184 1439.8715423376
1377.1559956461 -337.2058168948 -166.3847602742
-40.1861679330 953.1179953809 -31.0827310892
693.4806059064 -1514.9692098680 21.0843452235
-1259.2353680548 -721.9492688538 19.6682363362
-1417.3155529879 1805.0778957330 1478.7672466592
-1621.9088848214 -1281.5505190721 -488.0706291123
669.1920844898 -313.1837875597 -1342.5132090778
-519.3234846197 892.1695787085 985.8360642828
-1182.7455705185 233.4774602575 -1781.5905822153
760.2977559302 1366.7035479677 539.0604177745
1728.4217477164 -1691.4790230291 995.5863967728
1293.5804828651 -899.9204510622 -826.7981380973
-1910.0260603185 -1216.3359123645 -1660.4394382310
42.8212358938 528.8125836680 -1343.9410380456
-1664.0466106457 1009.7925735294 630.0616553632
-1027.0465078895 -1041.0896078523 850.5328663378
645.6152784022 -1149.0392454054 1985.8324222358
-1150.4853334909 -1727.8232786467 1427.6571926704
-1640.5811391735 1258.1978592448 1123.3887943568
-360.1798461118 -750.8256882227 1400.4873598359
-403.4602478976 -1055.4462933422 -1965.2512901830
-15.9474108216 -709.3702964199 1282.3940694749
-54.1162393218 -938.9825606543 262.7000493843
1229.1828973779 77.2610131324 -1362.7304609064
-1264.0960024898 -1050.5933721880 -1319.7014429056
-630.6315907224 185.4596272334 -983.8136493632
1627.5094430951 884.8348251766 -1845.4791088050
1542.6465195725 531.7866771801 496.6614517179
1630.8461682306 631.8265267750 1059.6519184571
-325.4218345182 -1078.0833433652 -301.6098686818
432.2047015883 1450.3730226904 -1281.7971130084
1137.7889558361 464.4878849519 -879.9172303406
-595.9246013909 -1665.0948354402 -355.8949821627
1363.0116303458 -1478.3277446251 -68.8605195653
-280.2059659924 1494.2606258557 671.2762255395
-1055.3208573686 -575.7703036838 737.2701743692
-953.1506838635 1491.8315465345 -1530.2789907473
1339.0398009797 948.0665779941 -61.7162522642
1487.7074253143 -1151.2796400325 1559.8819106468
-1882.6381279949 -81.9899571825 1493.2793403009
-199.0112143391 740.3828743769 -1401.9190371768
-684.5772687772 -1119.6983720350 -653.9324593245
1305.2862304925 -56.0860488013 -1884.4053039392
38.3888982818 1825.5973606938 -1583.8618882017
-352.8670647222 -1027.5822688782 -1569.4294126148
934.6057784586 -729.1180564793 543.4618625904
1779.9262043206 -293.8781855247 -1174.1278891271
995.9555899290 -1596.9410262769 1654.9375484847
1301.3844901774 -256.3560114432 -1331.6160752854
1656.9593511937 -1804.8686122361 1176.0543562254
1511.6694320221 -1801.5741554505 -366.7063820425
416.5305325325 -262.0031143782 -523.2214652835
47.4940498133 1084.9579618632 1234.5113783809
-998.0349941461 1299.7726117803 -393.1102372011
195.0619184841 974.8746250221 922.3692310959
1282.6024956437 -849.5616273817 1222.8947665419
-958.5227069289 -1566.5158263081 1067.5335652372
449.5879633591 -527.0139826510 1321.3699150518
1718.5407836166 -752.1241376870 -636.5619817441
8.7629202722 1545.4102084777 423.8381102963
1405.8742365663 1104.3047156104 1907.1931519049
509.1206839861 251.7617739505 155.1275650561
633.6552209414 -1962.7341709756 1091.3644619656
-1215.7221580859 -685.0312763342 227.0608404003
-189.3050755935 1777.5557532380 205.7789046587
-172.9267909117 -1645.5062101232 -1873.7507239568
-1444.9885948839 763.6739198588 -1352.4289555198
-341.7995846087 595.1032307932 -842.5173781982
1644.1473893748 1954.7653186227 402.4716905962
-1882.8976440981 -985.8180119946 238.7319823404
-430.4719885312 -288.8829099888 -1202.3907925344
-1373.6500979793 44.3416900233 -679.2370584332
156.3746020870 -937.9565847347 1817.3352901411
360.6943310825 -5.6441369790 -577.2074965506
-1275.4483465623 -1966.1615395801 830.9268131985
-196.1752108006 -1133.1402539401 -1706.1422619287
805.4892845243 690.7235679620 1316.7108428957
-601.6844216856 -478.6710711371 -650.4482296311
-1061.4416317384 693.4639590664 -665.7691382008
1532.1177973194 441.2007021591 1431.6398753819
-181.7776746010 1811.7742909375 1623.3527817771
-500.6324852716 -685.6933614724 -1788.2562109359
-355.2827527834 1245.7165767495 -677.0014999805
1010.0492204141 -1226.3549983242 1061.1702589819
1755.0098471918 -385.7797904822 -205.7994533369
304.6518319819 1622.7238363874 -543.1770446976
1115.7189175294 -1897.6469391560 901.9171909128
1070.1047144131 903.9574728708 -1503.2809479341
-612.3897196702 -483.9275105710 818.0899457424
1413.6145736916 -103.4767811389 143.4805402581
-1339.4882246445 1812.5283420688 1869.3038271734
45.6615288002 -1862.0272836354 -193.7258299244
707.4891324737 -1662.0886586724 -1296.7190907066
-329.9487790703 101.3658183524 1004.6041450922
-1464.9928174814 449.0386333627 -664.8964900862
146.8812129932 -1296.2038046330 310.0111358979
-747.2327306515 -1116.8510533343 995.3399838004
394.7560324206 -1642.7688927064 -996.5197253379
1377.9795976607 1043.7624752210 793.8652052415
1317.9222047698 417.5730092618 857.6068937466
99.9072777972 -966.2856365941 -1300.0653572096
1927.3703880028 -1533.3418787118 422.2481758940
-1814.7058494664 1698.7940734842 445.5267227438
1518.8350439513 892.3736669532 -1149.6578916403
1630.9528050057 928.0633708123 1581.5541461823
1924.2014721368 914.0304555434 -1222.6138386899
349.5761398672 -1667.4626221163 -755.3437957774
-1449.5193398911 460.9265995458 763.4122906687
-262.3250843752 -302.8506124779 818.4737251348
-1963.2654742967 -1753.3570818807 1978.6756570227
579.6147829891 -1649.1348977517 1828.3377458951
1818.3420750961 -1718.7397682804 -1189.9777178568
-579.6982621351 460.1572896658 -564.7999893440
944.9479363939 -1146.3398940236 1690.7258460034
1017.5611513262 1152.3614088704 -414.7956514761
85.4893227474 991.5490311753 -89.2942560990
-678.4580338613 -1071.5042618430 -197.8228566461
670.6211927164 1815.1625191301 912.4390577930
1750.5992686473 -1068.4076932519 -1024.5470658744
520.8870301395 -1469.6216623904 1594.8371047534
473.7164907740 -1245.3014661681 -156.5179681266
-221.5124013522 -1637.0498294684 161.5803001871
1878.5501821932 1873.5170644216 -751.9656013197
-835.6342485945 -1733.3084348175 -947.0947439631
-1732.2556608315 -852.4304202358 1105.5783223927
898.4608468040 -854.1494146982 1466.6007181942
-788.9943960700 -1995.7955288973 -1705.0565016931
399.2578442726 346.7152203977 -735.5025303370
-1940.3489638206 855.7683491333 -98.4965174697
625.3924351386 -1746.8316069778 -150.4642061656
-447.6436739047 -610.7444631930 -1730.8774883607
-836.0281661127 -940.8654602802 -260.1002242807
-1204.6238909225 -776.5477094818 324.1781059634
-1213.7323903874 -189.3667862171 1545.9342533020
5.3745768199 -982.1553916422 -1218.0826067148
541.0265146152 -380.9766680190 -1795.7885161097
1350.3896058459 1966.9427344938 -683.5733300522
301.6192939282 661.9212408481 1079.3404400933
-1527.7547192611 -282.5425241934 -1975.0361413793
-611.7287321243 371.4850171120 -1023.7808568677
956.8123314449 -900.3960365489 -1031.0988284208
1206.9618291611 133.2793585673 -653.3898090525
-697.3072965188 849.9798266597 1161.4071494170
-881.8686651318 -733.0708718580 -1364.4579291550
-278.7801445557 178.1290407658 722.2885585481
-1860.6816061249 -1756.4392393910 1149.3747731423
-314.3147571941 -1639.4568477285 1434.7712916552
-1110.0885870914 811.0739017720 -1899.2812497864
-1773.5455175604 1329.7799447987 1875.5314737024
1066.8964071613 927.0512197489 -865.4896643449
1451.5781391836 -32.2100923669 -1859.1328056903
20.0659211113 -1370.5978330651 -347.1052137905
-1627.1764322883 -50.6440640515 -781.4626258060
-1315.5159138225 1528.7269179955 -925.9827664527
404.4058048115 1818.8592007285 1612.4181868799
1375.4648416738 -711.9150117510 -918.3385401948
-56.1254695739 601.3928759918 -782.6961144550
-1897.3101775862 -306.1570189206 769.5322305557
-1378.5456866061 -1563.3671254685 1421.6084954113
-679.2174985430 -613.6356991273 -421.9345158021
-1614.3058791233 -1185.3547247960 1806.4339953751
-1247.7665135411 -365.6352030232 1114.3063273564
-527.9263300422 365.2413573975 -1679.4837705504
-296.3195208571 1790.4927049670 1182.0769869929
580.1005456243 1102.2221022457 -23.7115922554
-1337.0131348090 133.0631455859 -809.7947796012
-1659.8389063828 479.8505309350 -1840.3570604290
1483.9692289641 362.0732359561 1780.3275488127
-1480.4483443406 1680.0274697458 -766.2589433347
-902.0797888391 1622.8465376393 -1189.0356995583
1146.3570714417 1205.6713641815 -1563.4414374709
953.0476832475 1374.2448647322 -147.4135066584
-555.1137715297 -1561.7711693876 1991.3350295670
995.1909569002 -974.9051743484 -1136.6448306669
-1678.4109723176 -900.1992495354 -103.8536807869
699.4225178073 1011.9395337877 1157.1366433815
-1644.8831365062 -1675.7951499586 1610.1629486850
-1129.2649414822 549.6972058917 -1583.7959285691
1785.8205831785 -889.9221398058 -1558.5219157317
-1624.7238172845 544.0821289019 -1240.4066013624
-448.8243103561 -1010.6746390343 -1028.7410141829
-1608.0500153575 -1019.8492827264 -1498.0323343571
-807.5439550929 1786.0515869602 787.9009145478
-613.8826575165 -1664.0432832772 513.4252478540
-99.4467938913 -646.0141343983 -1896.5548751202
806.7274599451 136.4232413595 1384.7261770322
721.1450691491 -693.4660062604 -246.7350574215
-578.4694333423 -1781.5295398468 -1430.7901224321
238.7710501119 -1490.0404831615 168.9173174739
-10.4422915723 1688.9972954751 1172.4687444398
1578.5521765904 -1404.3816859076 498.1458335963
1109.2950704252 41.4987421640 -1656.2733884625
-1256.4574848758 -1723.9517947205 -1645.1989668429
664.3179016098 490.0870977753 -1830.1473976967
-1279.5699071295 -1971.1759420904 835.8289457134
-1924.0257575826 803.0834773340 1859.5676813045
552.9174419483 -1604.1280586282 1680.4533163815
-1073.6134572888 -900.7846010199 -1670.8173759552
581.4130612743 933.7961166756 -1151.5543880318
906.0821290660 -741.3234218299 -1830.2613125030
583.5298692830 -1109.0725063086 1122.4600558235
288.7679171723 1597.4657756142 -758.3749896124
-81.2638195785 -276.8416438653 581.4086541570
-306.9977794861 1360.6884114140 -1063.4089615221
1421.5283177706 -521.6194626650 -1300.2572495419
-1009.8595447583 1552.7084336798 -1118.8349656454
1292.0639637980 1605.8230929447 808.7861972488
1638.6806891124 -250.4175862165 -855.7786762038
-1734.0813964250 -21.9367484038 -1793.0905424991
-1314.2650893404 1309.5241705869 1121.6534538348
1962.2217893335 898.1235461044 -1307.8987915832
-662.3255281818 1148.3541165478 -269.5114680606
1141.6247519289 1566.7717529499 -1632.3141459042
-203.8421518254 1159.8145191797 -1300.0457231800
1698.4114379734 180.7094635829 510.1325709534
-416.1831910928 16.6958315090 -1977.2550916716
-1201.6947046500 1900.5138215490 -1397.0913024532
-1244.6712358965 609.1621376658 -382.7024970567
-1741.5745593403 -1998.4347165916 -429.6328156731
567.9647542510 -1738.9306143389 -1609.1194426120
326.5091754811 -289.2745200790 1854.7586791073
-1757.4929323484 -1016.4476617421 -445.4449097230
-1110.5673921032 1727.1701296210 -1077.5312360014
168.2750301604 -741.8103506314 783.0466926234
840.5153110064 -490.2040528588 -856.4953660532
1667.1039785593 -371.7416936994 -810.4903058883
1047.1284305493 -1290.1098690221 1251.1900940917
1156.4228646268 552.0338012501 646.3996083345
150.1456342717 754.0572968090 -481.8132752440
-1758.9119283642 -1061.5835723971 1051.6847498836
1876.2271636577 567.5723442496 -1523.1415215573
-1367.2621187565 1190.5689037225 -1114.2435488046
1091.8728044860 1646.3131604557 -1473.1238553502
1643.0653998768 -17.7340557705 -1196.0200675236
-1406.7059263920 -1193.1005286799 1381.5851565208
1530.3736926494 -1142.7262993114 763.8533270188
-678.1263008435 -1265.5850515101 -517.3642030589
627.2724723173 -1306.7493080240 -94.1694653755
1324.3979124784 -987.0602568811 1966.8912184604
-967.5532700756 175.8543079577 1401.4631281046
415.1228445440 -60.0564517691 -1482.9531591410
-1688.9694316360 -59.5296426672 1046.1907684620
-1927.7166092361 -87.2752036053 -1114.6068148934
1943.0136019988 -1285.6267715319 1307.2399777416
977.3566026355 -855.8866905857 -1616.0183517263
890.4852217043 -104.5120830817 -1987.8416517126
-1041.8367746009 939.9223598935 336.8240144272
-968.4050931063 -940.0788036794 -23.0392384834
1821.0344775783 -536.8477060480 -1448.9771707760
384.0426634985 -1759.9944030187 -1532.9080649405
1477.1137888330 -1208.8906550818 1213.1018128915
34.5608387056 214.8639971956 1250.4110153242
401.5430827030 -82.4059549958 -351.6895253489
-649.4286998828 -1896.1623589548 1827.6185147969
-1703.4566414592 -693.2541419739 1086.8558996586
819.9360541896 -1619.3457524164 -1621.7321540722
-782.6918561280 1907.8118809035 662.7297789028
947.0462478242 -599.9512385343 -1370.5049004300
1303.0174475612 -813.7679208044 0.7048282266
1992.3228457163 -668.6411376934 327.9916568036
869.8972446313 -347.2536240224 -1995.5826225156
1072.4434846299 -964.9404726853 -274.5517829405
-1006.8033390799 90.0576895856 1635.8608906590
-1487.9149976604 -1357.6759548906 626.9762676196
1598.1913315239 425.8613903791 -1037.7691485596
-979.5713703643 -127.0380717273 -1576.1323126811
920.6507341661 1653.1174568886 383.2717564708
1753.4459728138 -38.6311195105 -1249.2060019746
-1590.0577902545 453.0638623361 -610.2533366416
-1547.0858189920 -933.4029412592 -1133.2573633014
1732.7617801235 -1006.9451201815 822.4807455154
-518.1361268452 -905.5282286914 -1599.4871202069
-1812.2728569357 364.5047107519 1421.4468348298
-513.2747843330 -152.9235487511 -101.5642443647
1031.9131195310 515.1190964128 -685.8069357401
-1935.7958363460 1820.6034683484 1816.6179745090
438.9890556111 -322.0016336499 -439.5059110024
-647.1693209597 1220.2425189872 1989.7575875167
-1229.7636612738 -1772.3572521457 -1395.2541805993
-1800.3391169521 1474.2067194972 1460.7601595668
-1937.1711848467 911.4013533528 1693.0971721064
-286.0973095785 -1947.5993075632 146.3885345659
399.6345050676 118.7294267853 1080.3550862602
-1166.9428444602 -1917.0925057675 -862.4971608509
-10.7763376742 -1718.7057858127 -593.6680546865
-979.4404433244 1030.0421938258 -1337.3117010975
637.2195768461 -1550.1301461481 -1057.0699663747
745.6543872400 523.2153244840 1744.4527029074
-1659.1475557698 1009.4614441529 1890.7170993765
499.4727103221 358.7469620897 -75.3633021469
-464.8042850435 -874.0083736258 1496.9252643834
-541.3267930943 305.6846307214 -1791.3259049893
1818.7468079825 -1412.0938286905 195.6633026081
559.2623207711 307.3773955308 1997.1209104919
73.7902842896 -1778.9935212263 1475.5702047389
-563.1812563740 -1354.6917481878 -2.2265954969
-1885.4610139031 -1357.7715482184 -1027.1729933854
1751.3890205903 25.0759077931 -1704.2819400854
1773.4480427795 1655.3585585567 -1488.4975176622
-2.9253464766 1128.8340586818 -1709.3954890149
1283.8783371021 1011.8792965307 -1852.7090760725
-419.8117300306 -1424.6691510638 1949.5590369834
-1026.6081331082 937.8135195411 -239.2397299967
-1596.1253173834 -216.3106266292 -340.5143420302
-229.3307401054 1777.0016586500 1061.7449416235
1698.0951191311 -927.1726825378 -126.3831919078
822.0699876861 1310.6265468508 285.6796804643
-1425.2441969086 233.3568807032 1683.5371292646
-1321.1322322591 570.4688479645 -88.2554740208
966.1493277697 372.4583884852 -883.5514087239
895.4630153560 -437.6994872632 -1789.9950105705
-669.4243540889 -1899.1694534455 -183.2337308533
1458.2389227919 391.6598367803 1952.6775089210
602.6218274230 -998.2082083675 -1158.1840867895
-757.2105581419 1550.3898479246 1745.8938315709
-453.5108354626 -186.0326199219 -1861.0424140533
18.0185961170 -1951.0703580134 -108.0109075092
510.3714933319 1762.6756546697 1302.6996120270
-251.3445961227 -1231.9576493957 -1569.3611819534
1849.8004401494 -1843.6481576270 -784.8532975580
698.6395216357 781.4352116306 -85.3974407081
-1427.6619144661 882.9799584478 -871.8025706815
-1129.0840711573 1164.0875123725 -130.1505919675
-274.3977512011 -799.0670903715 165.0862557156
405.8022421070 -432.3064719956 1131.3133438265
-36.5516941933 1584.8513152064 -1750.4356627371
-1213.3922876676 -554.7364426276 1694.8324746631
141.9044823892 -1019.5221859103 917.7479931098
-1418.1383246244 -757.6441910301 -1124.7614181574
1600.4365224534 400.7223989073 -594.3562062851
-909.0400032984 -48.9451217124 -364.8187687995
-764.1651617997 1742.0100779035 351.1026968295
1328.2470434675 -1142.7363554379 -11.3506698411
1785.2612682849 -814.4016555392 1950.9400969941
-1028.7095941251 535.6215989183 -589.3030095230
-1820.2753778619 1091.3533129640 -206.4328155871
96.4278356089 -1761.7180189678 808.3339208194
-1507.5204756220 484.2761936645 -244.4483693852
-1088.3455130585 -1639.9520295991 119.8946941668
403.8431029864 -1956.4375575784 -164.3580034509
-1323.4297727798 -468.5529942097 1007.2046932254
1413.7093239840 578.6668981485 1537.0560037310
-1529.0935302602 468.6577015465 -1043.0134772946
1749.2781727298 562.9003445304 1438.8217435909
349.3903001732 -1359.7665334884 394.4433890883
-182.4270693217 896.9250866023 -1849.3237782910
-229.9602123304 -119.8593538870 -1312.8903917360
1137.7669360472 595.9890758479 190.8156811349
226.7147044337 1189.4681739892 -595.6293839470
267.1974008900 1307.0030089667 913.8409276673
-1421.7983077421 -189.8380260851 170.1831683711
-12.1349964093 1152.5624785243 1685.7897128699
-1396.7430514105 1972.6527858047 -1517.3955456558
-1484.1698638531 846.3702987197 1563.9116956859
-129.9475532178 674.4293390025 262.3482980020
-524.5423999385 568.8228977677 -905.3527187871
-1299.2660780848 -1141.3647022733 -1890.3013616549
-1644.0755795281 -149.8433936232 -318.9316026147
396.3386894917 1838.2371808244 501.2553019528
-1453.2312039254 427.3800412578 -209.6761388768
1734.7573058882 -137.4128201399 1316.8844807203
544.5445712029 -1077.7365717811 747.0581035685
1055.2873602355 -1248.4526203392 245.3907818663
-90.8740913161 225.2601457073 76.3657371190
-782.1541981514 1161.0474160567 1681.3548921562
1089.8754930191 -1010.7122336789 -1025.1441176371
-966.0425909555 1721.6293999301 -1346.5229524533
-1400.8975074964 16.8919197092 -539.8156413970
-473.3272007290 -338.0931089532 -1391.3150735143
1300.0102100944 1968.6395834736 -700.1127383049
-1250.9769944274 715.3404861319 690.4113831502
-454.9771861983 758.7702849185 1586.8799001172
-142.3872046949 1384.2631772534 -521.5490218611
38.4072390613 43.8788962439 -1357.9815054008
474.5815425102 633.1890585856 722.2740661356
504.7964836614 -369.4185520703 682.3434606786
276.8117282172 -1605.2065712806 165.0493595717
-350.1119104284 -950.8446650557 -864.2760493039
-263.1423363564 494.2174441285 -1835.5576202457
1443.0528978024 1505.4812426656 94.7590568482
-414.2354608353 1249.0361215732 1553.2393972833
371.4163188088 -242.6574165801 -558.4950605398
-525.5450217701 382.8197774699 220.7170568218
-1187.8606310759 871.1633735327 1002.6942316158
-678.8736434787 1558.4162495765 -937.9511044127
1049.1361289769 -104.9366895106 1330.9288749130
-1079.2671812444 -1047.2291359468 -41.4272991224
-1491.6484618075 1808.4289371364 436.2523540006
759.6518860113 -971.1255750775 1110.8199489168
1728.3840116463 -1314.2964585633 -784.1883760571
1429.0250412382 -172.3842679413 -1026.7375621180
-1116.4665779957 -1653.4408472875 1900.7610874055
1777.5067025670 118.0464356105 319.6830925225
1196.9070967618 1073.8674397865 1010.3184768086
-188.6884050156 1469.7993918733 -1467.7810678074
-1988.4040118986 -446.8946721587 486.1009293384
1567.4652151337 -329.3619947623 1505.6287596308
-1563.4198117605 606.1543158632 856.3457052891
-296.9419610875 812.6439860787 -18.4517508840
-917.9441006332 307.5352054754 1207.8974177623
-524.4604591731 -1154.4895364683 1470.3563332049
-514.4671539377 1004.4152851909 411.3649720348
734.2851060873 -1854.9016116733 -954.8058901236
-1533.6901216994 1589.3187224825 -1917.6015538004
955.7375226846 -754.4949533980 -676.0556501843
-1374.1032748751 -1789.3449384486 1425.5563748185
1780.8931032671 -692.4921188824 1940.3433546607
-259.9198855581 1766.9142221697 1337.2043699669
1475.6088878901 -936.5165492040 -680.8121235792
-139.8540951804 -1425.3135229759 358.1456170739
-1238.4395335846 1037.5854463055 -644.3320622965
-1201.7878533867 -1290.1890833320 -409.3205339447
-300.6000396243 1617.9263556400 1061.5011509026
-30.7161926900 -128.7886901177 -411.6745946467
1478.5178222686 1224.8119672208 -1802.2527181971
-151.0505259791 -1685.7708206822 1843.1237323623
343.5307293925 -988.5155961936 -627.8615593463
-931.5335966427 1246.3945986004 1828.9926574000
-101.0606991809 -1885.5716066328 1148.2331796206
-1304.7140234121 -1333.3234997622 1199.3045284210
788.4094182402 1342.2750607653 574.8109320228
-1690.1983491267 -1974.0367521343 418.2656147414
336.7612312461 -595.3768097118 910.2163528967
-932.6236463262 -1946.7003202239 106.0147262063
245.6501983668 -1907.7175141713 1128.8041069622
-1885.5194857929 1186.4604356535 -1121.9312303930
-1778.8979551616 128.1869295245 1340.8789968928
985.2371127574 264.8596621840 1300.7716174510
1624.0559943676 233.7835476763 239.2661273205
372.6207579696 -893.6072834859 215.2139842920
2.7905184856 -1124.8411767992 27.2278493560
-380.0692576072 -56.2615589496 -1428.1307190115
-1176.8998031154 1173.0491679746 1746.4260547522
-670.4883584620 -1798.9975134287 -706.9707493928
603.3534048195 1820.0443804954 -61.8484162847
1957.9839324276 1547.6303738335 -1757.6415313829
1742.0831724602 -833.9616906313 1857.3562937657
1876.4779818297 1211.4351991044 -317.8136992229
-1735.8206637967 -978.2323137738 87.9431456720
1633.5229251608 -1027.3126379788 273.5656111328
-31.3738651051 -1557.7771515549 851.2085347289
1028.7208156976 1725.8418974075 1868.1640653633
-1446.3460315021 -601.8570312086 543.8162357018
130.2282507328 1139.4639157163 -1032.5181362423
1837.7462391580 1833.2960707720 698.5489626184
1647.3627083842 10.0990275789 1350.6884594910
150.9636867393 643.7861928406 599.8613494744
359.7047853560 1258.4130585493 -1487.8085878825
416.2339718981 846.8529422132 -1825.4182465732
-790.5801265392 29.8205046004 1129.8891304264
1123.9589174787 325.8293137670 -898.4848264513
-525.0778193470 1174.2847707990 -1092.7026138800
-385.3728426178 -1376.1725009236 258.8823873532
193.9909141702 -1792.4086862148 1647.7193543832
1812.8909927580 1473.1539999641 115.8501116260
-661.0648611275 -1423.3175876616 1216.6275509244
-1421.4260115669 -176.2974699960 411.5774239631
-1.0176778701 -1573.7072747588 1582.9471455520
-1712.1407482453 -1569.7626933663 -1660.1657031206
-336.1811364107 -1942.6436672189 -854.4692467117
281.9444334926 1145.5406249914 -29.4776610638
-538.1343986050 -1816.2692290298 -1828.0510146485
-1185.3632508731 -297.4521311651 -1806.5971013346
-1302.1932560229 1270.7619978010 -1656.6860994323
-1767.5945803257 1369.2257604844 1575.7772578462
1670.3125415711 -948.6115030014 1278.0967796280
1672.5332363481 160.8088959833 1846.4651768371
-1886.1722703890 -1838.9546016144 11.0864754238
1054.5021269657 1485.1616316552 249.7144988699
-930.4150001248 76.1242331936 -1335.5922139045
142.4009402588 1389.2686080136 -245.3379231013
1590.8241683242 21.0904303091 -1458.4805489306
793.9771012057 -1919.5522981032 -1744.1075870083
825.6541574206 -342.6179099545 -1642.7880609962
-1290.3080449011 610.0860953134 841.4778088257
-595.5288124398 -927.2570223207 296.8178722179
1788.3498626150 -1929.4109240455 1025.5841531883
1626.2558623250 1271.4332174803 -1395.0440305816
842.7362697262 3.3190313460 1582.0359155429
-1192.3412571724 66.9199211067 292.6429936317
30.0984062376 -1005.5294389919 327.7101701490
-1426.6663144711 -138.8086336130 -1211.0664721339
-1229.2588980078 1995.0504274468 -1683.2110193652
-54.7114528591 -252.8743560068 -1297.3720609533
-1745.1421769582 -1301.9356726822 1216.1485237255
871.9673960274 -1009.3889458924 259.9869748803
367.5208045816 1861.0489945923 -1956.0146718917
897.0110803932 -1626.1038966431 874.2070469126
1230.6980266700 -788.1666817211 -407.5719218040
997.7818154167 1126.6472893173 -374.6322027281
-1735.0014399629 -406.9937786052 601.7442844641
1610.6211285526 1622.5459879370 -1697.2159954637
-792.4940407413 674.3925047146 523.7494721474
-940.3632471970 -1428.4321087299 -1102.5099060178
-1843.5232255946 -1441.9734601887 627.3542734834
-1641.9015924957 -1632.5073134023 -908.7808017268
1869.8158712421 329.3070967191 -803.8292255981
1840.4213029290 -387.8694555647 -492.3899484309
1607.3404102886 1476.8279513717 -222.5310467801
-879.9125840035 -58.6923660604 -511.3343565992
-1546.2713720957 735.5014600597 254.3779252776
-306.1608811233 -261.6794494449 734.4575058791
-1609.7327116206 -605.3387966765 -467.6202915373
-841.9667054498 -1691.3749108943 -1165.0331770831
788.8668241977 418.4939369813 -1924.8645605343
1616.1175593607 1300.1749025342 -311.8115997763
-1139.9074255231 1783.7679144335 -581.5035738033
-1298.6903624349 -939.9368139025 -348.0889973149
1884.5527184557 639.2171938135 661.6479726103
1753.2969271061 -979.0298518871 -361.5780483620
-1899.9083997349 -758.0303698618 -1719.0921205640
-1352.9423174520 -775.4914681659 1612.4066487797
-318.5237426965 673.9525133978 -1465.3202378870
418.7122634120 -650.1644234537 -25.3657017655
29.9861237629 -574.9484168907 270.1601232999
-1468.9023530002 -1464.9390955490 1879.4092659856
905.9069052163 -1803.0358736231 1602.2952321935
834.2056375852 -1800.3533701090 -14.6768476393
-1874.7638364908 -468.1456929413 -1523.5691428887
-1624.0535715867 -1217.8781825373 -1947.3002298366
-1969.6406182864 -62.4950777356 14.5686523196
1888.5018987702 -834.4205357231 221.1170859730
-1658.8068309214 646.9762494500 -839.5720631252
-1792.9132308223 159.2099346081 -1771.3501320153
1874.1261345146 -1541.6505598739 1673.7933194498
306.4958905483 1993.1704404949 312.2296437963
-119.8127800239 147.2124252786 -119.7524416535
1428.1617196161 -102.0294615584 -301.0765945578
1242.9943417102 -1795.2252424527 -899.9811406075
-899.9419694824 -326.4591705812 -1699.4872419994
379.2858886085 -331.8601513989 960.8715124046
-994.1179554973 33.2709291342 -1753.9370447315
623.3607099790 1074.6667419566 266.5705253135
-421.5884198673 1382.5611523102 -1774.9076638671
-412.7953931806 -47.5851281805 1651.5351949201
-368.3830988606 120.5036605731 408.5925711765
528.2536886934 -1351.5474566400 836.5004790147
-408.6345199061 849.2495994554 -1358.0152493056
-147.3023663768 608.0876474169 1069.6111367573
0.4381273037 -148.7678186073 -1876.9354726040
614.7589799905 -1367.9384228501 -1604.4356772010
-694.3922065654 886.9683572910 -1966.5975886102
1743.8373521186 312.6407941977 187.3619075313
877.5552019487 -884.0505843904 1356.9061050482
-50.0003038888 1302.3330287954 -133.0769994508
-1111.2657674603 -94.3592307698 -833.2655275293
-711.0779592256 747.8102217468 -1591.4561368040
-1929.6954537489 -1855.1563141839 -1119.3066046009
1270.9776264573 -1443.1581651354 1351.1547021221
-1252.9927321808 857.5106012900 513.2708400466
-1043.5883195021 1199.1464560631 20.4589552302
-1904.9440613373 422.2238283522 1166.2811169367
44.7854557173 489.7773789541 -1001.7453027606
1853.6010310009 -622.4259348623 -213.4377000553
-20.1044521004 583.9630891940 -1482.9020636791
343.0992009798 728.6150944004 -1177.1663044496
-1809.7283602693 -817.5466122491 -1617.0033116309
1129.5370494678 -865.6816309248 -743.8754972457
1876.3006472381 1415.9964605364 391.1567361041
971.7642866463 1975.4103892923 852.7865974772
-852.4234090348 -1903.7673687904 -591.4618441986
1925.7623927551 1162.4856447331 -152.3630227908
531.7582995007 639.4052897157 1193.6064549430
-864.3326732569 -1064.1454224435 1326.6695691289
-398.0337094622 865.2647660466 747.7998511481
-983.1149599816 -70.6220327609 1468.7778788229
-1269.7480136582 -1857.1784544273 -238.1119602502
-988.6359388514 -1370.9296013869 -1655.4834966895
1723.9275659865 -1574.3490956349 -466.7685488764
-1647.7007965273 1674.7088183608 1280.6051615409
640.5087683226 46.0208732608 -1581.4352583628
1805.4077315377 110.3930186201 1287.5574509296
1729.2118571813 -1733.5296706573 293.0333858407
-1044.6489065865 -1462.3420438545 -555.9076524553
284.0484557354 1496.2816543380 1325.5789161182
-1299.0352014938 -852.7107136155 816.9556797915
777.3331914966 -368.2563024899 -846.7651101602
1128.1746217833 -825.7203246739 104.7600674106
-1779.6976515329 -876.2377970959 -1441.7724361678
-1230.9737333670 -1003.9351124284 -1956.5481666999
455.8508903094 915.7118303494 -1608.3507738575
445.6174265987 1445.2526923012 544.9866866020
1465.3057050687 -1832.8038089443 987.3821444047
-1293.9434894294 -191.7503438572 -890.0478323355
-1015.0235721942 617.4134508512 781.8715328888
397.2299149388 45.5907391706 -1026.6848516446
1088.0313154336 -522.5899467057 624.4952212892
-831.5467824561 -298.0816503107 65.7885963341
-1176.0171802025 -1997.7752679779 1862.5752295230
-1758.8363996904 -1885.6506061768 472.4890021950
1417.5213250715 -1735.7330380499 -839.9279585603
1772.1276535776 1302.7277728030 -836.3739792268
-1631.0671357605 640.5126699493 758.7862886202
655.2791437151 1757.7113608242 1039.4678247209
677.9790922210 -1253.8420827364 106.3150396317
618.6007434993 -1215.2237663007 365.6060051083
-1137.2765246295 -869.8168952083 1093.6345375736
-281.0132159992 101.2072832277 -814.1927188032
795.3735543715 -1708.3544037737 1091.9952289669
367.7657610723 613.3794875622 1848.3929511441
-396.3605587020 -1497.2914517440 -455.2401550342
-1634.6174317384 -563.6788119430 1686.0927114293
1742.3028385116 1255.1057358689 1800.7337143674
552.5799704962 1082.7795416212 -739.6679350721
-837.7081795323 -1036.8403530419 -1621.0954656493
1872.1874838554 517.7915065689 643.9540669523
-227.9447840072 -1356.9714936025 -940.9602025062
1686.5994928070 -346.6554328357 -812.6918453131
983.0565339290 -361.3524079182 -953.0756679454
-1228.0364666318 -463.0239672923 -1255.8946186288
1071.1645489344 -1252.7683324643 1780.7367501874
-1091.9722948471 961.3181763163 209.4473093861
52.1587335816 39.2497920160 -722.6407629662
-1087.0406826491 -876.2491795098 -1917.8161138928
214.7516459109 1376.7624978432 -1914.5935117902
-44.9353899778 -555.4825806106 -1463.6777680079
-968.3586273823 651.5183592108 -303.8238856442
1756.3758314583 -1266.1768299911 -176.5051178649
554.7456444259 1314.5701556130 -234.1610653421
-1864.3938233136 -1439.3763084120 907.7763082784
1179.0601387211 -1319.7935032028 -445.2528863442
-990.7727066395 -745.2967942604 -955.1889680100
1175.4323633651 211.7786500140 -1233.4699230066
-801.9375516223 1164.9838102424 1.7933482345
1750.3766146254 61.7720371217 510.7988711010
-1861.6373203952 1121.5445441111 1064.1920196644
22.4088166178 468.4944904410 184.8681552311
25.9165802860 -1860.9013114985 -1495.7936888392
315.1369761964 1287.9322383383 665.6070343162
-1168.8869668161 988.5605950041 144.1641530802
-104.8835716371 -1086.5608821156 1501.4606880680
575.4546576109 -376.5786058662 -1283.0737771161
1922.5775318257 -238.9967818710 1771.3106060690
-37.7942498678 711.6065319045 -1396.1788164324
1850.5385853154 -294.8789122887 1273.1447244216
1120.5013149699 16.9508695214 774.9921907087
-1305.4380638609 -120.3225726736 -1758.2828779743
1680.4178198459 -1672.6244828537 -1289.7948330050
-1649.8223406140 -1905.2635561065 -1719.8670659151
1576.3682768333 -1786.9016321490 509.3564512129
1950.7580735789 -216.8573463920 238.8758476233
720.4779885579 300.2946677348 -816.3316878619
-222.4969316647 1554.0655021010 -277.9216694599
-1886.2469690813 532.1576127581 1959.7534329710
0.4697394554 -1001.0372231979 1087.8698492852
-970.7485800174 1280.1116642017 -171.5104134950
-1839.8079036884 1232.5636095889 -758.9223800140
1309.5598453038 190.4821170169 1223.8375893683
-1566.7873481380 1044.7873551715 -1486.4581006640
-1146.8428135185 -1760.2230917647 -1676.2747176324
1313.8329640902 777.9160017453 -44.9697289385
-188.4564438360 1034.9758981112 -1508.0248960837
-1775.5207047666 -863.6430396267 35.0871926350
-496.7849341409 253.7391093306 74.4793799993
-1257.0944185160 -351.6618260773 -62.4095966978
602.5247454473 598.7357441821 -1744.7699317410
-280.8528881499 970.0611959161 1570.2138270526
-1264.5410057874 -1582.0971082945 633.1568282057
-334.8674008538 -1307.5763865551 1180.7499262391
1038.7393366273 -188.1156113882 1521.7253985907
481.0667106991 -987.5711598800 1264.8141869502
-134.3653021074 -1712.0969393053 728.5514396284
420.3246322052 -435.7100599347 -1143.2658605317
1600.3122286848 1426.2374898763 33.9407543872
1622.8594861851 16.8452203094 -1628.6993329993
1246.6827205754 955.7518440848 1669.5225522146
-259.7973826816 -1111.5899006619 1847.1437763771
900.6359123082 650.2198275493 715.8154536028
-1043.4432910833 -1695.6297370435 -345.7352043954
333.2574065653 -702.8496334712 1148.1665035348
907.5824467744 1997.3991500472 -1588.0007849178
-1625.7096179463 -1973.9819026877 -718.8327448012
-572.5292932511 1838.3913646298 -138.2810762200
1762.7027928325 437.6826585441 38.1628402818
-815.0959615441 1433.9598242008 1216.3610590168
1080.1623861797 -1271.9527321860 -568.4682804788
1720.6411850187 1170.4514186575 -1673.3272649283
-176.4993779139 -304.6889171569 34.5585407260
-1601.3798708391 -113.9787114726 -165.1085801118
-1535.4721585353 1740.6263614138 733.8395359230
1862.6154958686 -1869.2611188018 787.3547153239
583.5425187319 220.0854663885 -1314.2125099367
-409.5282415380 1798.6808883418 1987.6474771910
708.4042077486 1595.8202649489 -1297.7838609157
106.2826056098 -1582.2531237564 307.7754762544
-1699.2635352846 689.7089681823 -515.2249392986
1061.1028207186 -303.5499226193 118.3567647767
579.3577551511 -501.9067618229 950.1076948557
1042.2413746680 -989.4970450736 297.3381652104
829.3361960391 833.4509504758 -1918.1889249301
1967.6693576928 -1639.5053899044 -269.0624928434
-827.5726959414 53.4896291981 826.8118702115
-1443.4742954363 -532.5167397910 397.2135011133
188.2207896756 175.8698402630 216.7041817763
1445.7956900479 -822.7445614056 1679.6732919850
1755.9265014503 1841.4307077090 1665.3752309114
1446.1697328223 -953.1321885908 -891.9312578590
591.9807472331 -1249.2853156665 712.6101917325
-728.0821459326 1912.5744514375 -1905.3625039295
-165.2787238732 -1248.4908355108 917.4077879582
342.0151317757 239.9992470466 557.4718818432
189.4891414940 -77.0501121307 774.2485000460
-190.1688720100 106.5888614238 -47.4003559312
5.8210698268 -1590.6677102672 -1414.7158481695
1018.1964494151 -1502.1110145366 -1493.9129515778
-102.1741944095 546.8349701142 1197.0547991308
-241.7444452383 822.5190833046 94.8194664173
-1161.0015329430 -1253.1862791126 1521.2190111038
1706.6611083097 -1361.0558858423 -226.6246745624
78.9710012686 -679.8545316204 -202.4053077412
1034.6703058454 127.9954266938 905.0313628348
-1164.7536346460 1235.5329444507 -938.3215342015
-1790.1440632277 -763.9407139553 1043.0883800824
97.5851609866 1862.5321713490 825.6994030393
-483.7109782492 1855.8800842951 1091.2459698201
498.4136160185 1264.2315107336 -1281.2369068746
-1580.1858180513 741.9270635733 177.8734556738
788.5574754568 1960.6931334623 -1964.0394457346
391.2414825046 71.2552137730 -154.4068990389
643.9976818891 -860.1766165547 -214.8687314762
84.8231621305 1356.1536619845 63.9185107090
-1700.3574399525 1145.4327850801 -1986.7641435493
1724.9004734222 -1916.8366654763 1608.5178270869
751.1611762954 -1432.0389520351 952.0540911467
1713.4129333581 1969.9499147553 -1655.7137981238
-1356.2443640633 -1229.9778446554 1728.9996881656
1448.0914753247 -976.3127364089 -1455.5858659360
-1226.0184364695 -1739.4698586651 -1749.9685376783
-1224.8777226493 -911.1107321217 1678.7424055943
1933.6234251720 179.2288249389 -392.9835282660
1413.0175183176 -1197.7590723232 1018.2728255903
-1548.5773914207 -1166.5969722417 -1144.0284698229
-1021.8049322907 -1675.0766989109 630.2188247437
-55.8973691838 -1323.3691457216 1557.7720344018
-1763.6827857348 1209.1743932617 1266.9064849864
-787.6348941403 -635.5523044068 -1529.1002815801
1863.9379011436 -875.9654681315 -1330.8996006938
327.9707098502 -1344.8134639235 825.2440724623
1102.4968062930 958.6787126336 -1161.3973846740
-1812.2983147115 1095.7950156567 -777.9218596800
154.9827218688 -1775.5925985760 1149.4910092529
-129.6015114439 836.3343774466 1286.8173654777
-1166.8860701422 1601.6466669700 -1927.3698481936
731.6546442731 -627.0990149767 -1225.5526316051
119.4573141500 318.1615046775 -1584.5161075509
-1425.8682972320 1240.9401482110 -1696.0118477720
-1596.9854467444 -581.0080229793 1176.4648330015
870.4877597662 1680.1963362829 -1512.7450079521
-1087.3777356740 -1434.8586449935 -520.7137331188
551.6596228982 310.5044337300 459.4732824909
1455.1971890361 -80.5813969798 225.3144749048
-1762.0272021822 256.6479582086 729.0073583933
-1259.3045468829 -1597.4676670771 13.9946145899
-1015.5491633528 127.7680430438 -637.5875274811
-1994.4144031893 1028.1582018923 1592.3188808359
-574.2143903636 311.9747705535 1763.1504052804
-1473.6103475181 795.0943723866 -1394.4081008795
-1449.2422860815 437.4393976574 46.8335309172
-1567.3946729270 1105.9297433245 230.2206484349
-367.9395676490 -510.6796667087 -1045.7247978654
-1828.4026739397 -997.1024778108 -1111.9202565471
1998.5905328283 669.8998640725 -416.3500895490
-377.5171429971 171.5677230310 1255.8438076489
-1398.2729799034 -1545.3374523763 -1922.3237386483
452.2033497447 1371.9983766057 -312.1661775070
1009.2569966538 959.5092826382 -274.3595648006
-644.8736254392 36.6603004222 -1858.3011059285
1182.2076721066 -1193.9359827906 1978.6712053788
-1457.1974673455 -1794.7481865691 -1562.5383519415
-1110.6408401229 -763.1900104625 1576.9947274182
-58.3356071673 -1571.2146460533 -1598.1997476756
-1595.7986571320 1440.6813809025 -1932.6306580447
-1768.5402196361 -380.9204981121 -220.2111505884
1577.9867839289 1313.4548370984 -1903.1971079963
-971.6155715084 -654.7886825105 1369.7459005774
888.5879577142 -1486.0978628569 1866.4244685699
376.8161878496 426.5334098103 1386.9183578904
1271.4833989741 265.7537231598 -39.6347804334
-1352.8818360737 121.8359161597 1096.3741013524
-1359.8829375693 575.8306840673 347.3645999658
-640.6217559190 1999.2695477774 1259.2374608687
-1358.0912667654 -1388.1403881037 -766.0832065973
-1450.3889611148 242.6790888469 1816.8306337268
1814.1897550621 -1775.8783816604 -932.0420065739
172.8839538167 639.0363721126 -1474.1229956817
853.0578134607 1574.9602689505 -1246.1621949302
1343.8246764078 816.7342492164 -284.0054419886
-647.1927036075 -377.4639517471 -1998.4944070392
-1941.9704348663 1737.3537993219 -1042.7044124087
1670.2521285838 -774.3755883568 -359.9838527067
-1153.5434298578 -1600.4124489767 12.4081020424
972.9998083929 -1754.9443129006 -251.6420219735
-967.6669698695 -1400.3029787531 -1153.0720726903
810.6264022516 1772.8405874181 650.9134073333
35.1918094943 580.2392135632 -999.6608737639
-217.6356629555 -930.1487339244 1684.1251057501
1094.4806484452 -1779.9183743569 839.9168912530
1320.1863527014 236.6895889171 550.3053145034
-1732.9563283762 -1610.5658616040 220.5314986223
-1899.0771950112 -1308.5244457310 -515.6176746810
1389.5083725996 -920.0295714622 -581.1862982005
-996.2091901618 1711.6310243555 -361.8058536364
-468.8986228125 174.6451532652 -253.5555699947
537.0694452332 -128.2283184178 491.3805879144
-1257.5273384367 -154.0442137754 1952.3930697595
-55.0472841585 -89.5832486478 111.6580373522
342.9570731798 92.6018729321 1.4153678601
34.1619449248 -1122.2849164969 986.5476193220
-1044.1890768959 -1947.8777336099 -762.7756696581
-1416.2579301430 134.6730588787 826.0829201107
-870.2490923078 -1671.5997754317 -540.1059329615
