1651.1059707333 600.6840523468 -972.5614492373
791.6026771229 1373.0946941064 317.0783076490
-1799.3132404105 -553.6024473774 -862.5523029053
-1056.2265395175 549.6702641251 641.6565287639
483.3854508937 -1838.6238422237 -485.8644018858
998.5900721629 -146.1590963379 -1026.1902652482
-1139.2488671639 -787.9170009661 1296.3546384286
-845.0971780400 941.4313642515 -183.7598534086
1824.6116727376 -94.9014942867 345.8308825985
-732.4586357217 -1484.1240437435 1782.2036570082
-889.1850777713 1015.2327307826 1412.7081796674
927.2797893454 -1895.2256350379 -981.4855171694
-951.8879423968 177.2679087819 -484.8245631649
542.2667540422 -1995.5210017345 1344.8433826635
-1524.3336956930 -12.3943430620 -67.0947080398
-891.6849672441 -1373.6538632360 663.3084656138
-871.0728035817 1634.5578551793 97.3434162150
1852.3610370397 1259.4080355987 1038.8797424243
1942.3526621965 -1486.9809243325 -1264.8159258781
-1290.0203240215 1399.0892435612 1145.2737826882
-904.3375799168 -264.6635814301 1482.0219095157
-1785.2224986918 240.6962279131 487.1084734739
-438.8461151432 947.6771320204 -1963.5268181741
1421.3384148543 1588.1085635825 -287.3687111561
-1760.1392934816 1522.8915651744 -588.3651047632
-987.6739450926 -688.1405763746 -1458.7752845734
550.1106387158 1170.0778402287 1423.3407915094
1120.3667089889 1632.2063145646 879.6565033001
804.4803545414 836.5634399337 -133.7031478468
-719.3209041025 1684.8364158640 -1036.0479930680
-460.7844706651 -792.8993934657 -1836.5521055518
-1051.7036543131 864.2536045252 528.8270626755
757.0538015978 1785.8481763351 1983.8113975886
-1880.3738961351 1572.4887211297 -927.0090383842
-670.2387683070 -727.0173591445 173.8282797982
-1252.2772017447 619.6322641859 -1175.9189960027
332.8002602726 -883.4348749226 1567.8428338696
-765.8908351107 1758.1095573760 1630.7978026932
-233.9754211297 846.9369535574 -1817.1591520224
200.3770813094 42.6950194947 -1764.2690044898
-1032.8378401232 47.7611197897 1638.4968415826
1806.9164650628 1351.4795089746 1768.6891230065
-126.2406430400 -757.0654740053 1093.6679985056
-1778.1907844647 -445.0887957179 -1458.4192225740
-1052.1290093025 -1496.9577207798 49.6693416418
223.8151150028 1482.2193523847 1905.0427941753
-1718.6736950538 1047.3146261849 -1041.7806372644
1002.0760748255 201.3637899086 -527.3840752477
295.8160581951 -656.4594660084 -1175.4886646398
-1492.6294821846 1500.9442074297 1830.9385671764
737.7277084450 1150.5507074049 1548.0391998055
228.7495441611 302.7283432380 1082.0424772515
-681.3020261556 -1988.8871337688 1859.6395614129
-377.3515806187 1413.2375050519 948.5992417565
-1088.5238886318 467.2124262377 -1380.9730771196
-366.6448928206 -1291.8270724940 -160.5584900164
1638.5940858425 -45.5485161909 -1744.6875283606
-975.9320408164 -902.4063272991 -1494.6288381155
379.1733099116 -1970.3057784220 -1161.7401226303
796.7024230542 1180.0901764737 -1283.9686284343
-1670.0609982355 -25.1697172451 -865.0996663334
-493.3690857444 630.5952251237 -312.1064226314
1843.8528923954 981.9272576636 1245.8720305997
1041.3479543272 -180.4204786421 -1686.5361177709
-218.6281982801 1258.3495316793 545.6509138273
-1548.3669847848 -1750.2230988866 298.6841126363
699.2898094191 832.4564442045 -93.9367178421
-1876.3988231897 1648.7956438801 -1940.2208529913
-1500.7606862158 1716.7029526628 1728.9088480044
1236.6828014683 -345.3385949004 1251.8435964325
1891.2076719534 373.7313356370 874.0919338078
1045.8243317558 1213.1195357007 -1212.5496138208
-1975.8673455530 58.3571836686 -1688.8760415866
420.3011006350 -1827.2151326109 -1121.6208417878
-1453.7871325489 266.9394619980 -1839.1033059385
1971.4540981348 295.4656172230 771.2711924557
-365.9210705208 1309.6399214426 -282.6547889575
1857.7585006771 1788.3768889565 949.7728642245
-1575.0612833786 -1781.4002651428 -202.9870809210
-1.2597685327 1091.2816240261 -1954.7042304649
178.5224515379 -896.6305756867 -1903.1169207228
-500.5617378187 653.6972974646 403.0708299496
451.5981605880 1255.4790284034 1781.0863544275
-1493.9493082627 -17.0831050109 -111.3272445755
1571.8224019598 311.7170853010 1765.0173883144
299.3100485861 1956.7813744462 140.1827435314
-82.1595275054 1515.2136446280 -1616.9051466522
-1063.7624134505 -1335.5482032252 -236.8726479534
-1630.6067603449 20.2385771680 -651.8834939331
-698.7979363694 290.0699230418 -350.2371838805
1510.5208803646 -397.6952440527 289.3500523118
-1703.0479532123 961.0007791594 590.2802578776
1020.8761588038 824.8848801625 -1732.1542494874
-912.5548489932 1139.3390508255 653.7550481667
-425.0215028726 82.3169808054 776.3335639562
-584.7778970235 -994.2965485042 1222.4098664160
-303.0569404663 -181.7043344264 1522.2014761229
-393.2830913338 -202.9859225809 754.5587491614
-554.8714254327 1396.2830348057 349.5782646648
946.5994870645 -62.2095644354 -1221.8814471298
-124.7207814915 176.5939053793 86.5397238237
-164.9462567380 -70.0025450915 1621.1801225768
1752.0362522516 -1891.7322944244 678.8089544904
1248.2811621875 -1166.6536156658 -838.1419137339
215.0669391590 -1533.9459318363 1681.0399873917
1016.7103739860 -670.6949871679 -1905.8140225973
-1351.1121474513 1598.6561055361 -512.4706124358
736.2909385006 1514.5880785237 -1884.5014198402
-615.7984996421 1153.6970797298 1937.0299033184
-607.5162920911 297.4511559112 -1110.4800141025
113.6023115705 200.7299294258 -703.5475906986
-1075.3739210030 -1261.0598385030 1291.8453656659
-5.6541623621 -80.7508451902 -23.5599356972
1487.1154761962 -29.7943255315 -188.4021946632
-1300.8158054166 -1470.3983012681 -1861.8409477510
-1957.1120951007 -1530.5356330301 758.5314467014
-1539.8031634764 -1589.0198925844 1929.2988816086
1184.4272100980 505.3837211516 -1889.8321414933
233.2703299873 -93.4801135589 -1957.5852950393
-854.3945848219 1420.6089113989 -847.8881204004
-33.5373358887 86.9459839072 -711.5074535743
-437.5160312775 -1902.8640838933 -133.5880064633
195.8120912850 -1488.5060336722 1915.6636740952
-1264.7849889590 265.3076057136 -379.7224886937
40.6385426986 -1558.6314630285 -249.1306897620
84.4116006226 416.9547031976 89.4883956514
-1856.8590139775 1584.5091161446 -1465.5593881253
-1210.8018473733 1191.3077357145 443.3249090115
-1253.9357537300 1354.6162555758 -1379.9572393991
1202.8071354646 -1959.0260122188 -209.4826149473
-1133.8281222299 -1428.9825978153 -1568.0828475446
-1249.5621875465 906.7810517523 1088.8650969625
1522.4038141635 -1613.0024034404 1945.3649684556
-1058.0477597453 -797.5780264509 -492.2563592675
1507.1897210150 -156.4819879378 124.6429119955
1200.8347108358 -1727.2451312287 -1918.5653729881
-655.2592369834 1998.5600758217 -1369.4009742337
-12.5807640388 1022.6054979872 1203.3290875263
1656.8966291510 -1301.5658331457 -1261.4164594613
1747.5588143241 1787.9398955779 -583.6239796886
-195.2442554575 1827.8364154001 -747.0391881921
-1090.0649301403 -1354.7015178842 -86.7682467484
98.1031183001 -45.4025496943 -231.9816180620
577.1720101657 1494.1902192555 904.5667894083
1232.8278756458 1135.2482280624 757.9822955003
539.4793203626 -1064.3323720387 1163.3516858507
-444.6552338272 -1471.4389634121 -527.7667942575
-499.9011232838 -1008.3346173818 -1693.2343918732
-1046.0455504422 -1680.4511954910 856.2191696187
550.4483970058 -942.7130041148 747.3157062619
-717.3012640192 1158.6864985028 -1099.4186780743
929.1677275751 1484.3526736336 586.5237540693
333.9071086555 -1442.7350814722 -703.5095745241
-1108.1219031984 -438.8475356456 -106.7621879966
1490.1658696064 67.0700079707 314.0294858333
-953.3661268832 187.0232520063 1653.6294567007
-1443.6018715230 1841.9687057025 923.3509724103
857.7115784033 -1628.8854663484 -688.8740542291
-1025.8593569812 -1198.3878739344 -1768.7061366188
170.4915152337 -1433.8849526696 -749.2835118359
1229.0779814897 203.4398199727 1832.3676912536
543.7174987499 -36.7467727239 1407.4802192299
411.2957440216 -873.6838358770 1959.7871034805
-963.1157899466 -1910.3894356497 -1611.5635213698
918.3488089680 604.7260810924 -296.6785028568
-56.3623547604 1365.6834275979 1428.4975878330
1189.3247989095 -1858.9885125910 -1047.8819284199
-1875.4889623472 -820.9175339631 352.7565040351
348.4640534894 -1518.5533571721 1857.2248978155
-198.8999381966 888.7796456749 -1052.1803645971
1057.3017824053 556.9109729697 468.4950544247
760.8874866290 1756.7902569189 794.0021949194
1692.7319448152 -1143.3651527317 -1170.1485292075
1403.5303068295 685.5278166604 754.3320106485
-491.2851157953 510.3527603911 1083.9550914083
162.4420754501 1805.6021211953 1013.7991695953
487.9938359357 692.6738465925 -1412.3047525963
-948.3437841496 -694.8680420606 451.9729181458
-1306.2189918091 1086.3543729078 -1541.6563430048
-1556.4058543491 1377.7910707078 -1395.8038467032
1302.9293760068 432.9768239193 -593.7172458628
-80.7091980470 1174.6025343612 -216.2393087225
-783.4563846581 -187.6956831629 1853.7715187234
135.5361130602 684.1787628016 1652.1084140609
372.5487690411 -482.1316487690 -729.9297067775
474.8741410786 1458.1679966743 -462.8978871760
1208.6636095021 289.4068965154 -1779.8433715875
126.9592595794 -588.5539635471 879.9951851104
923.6071645503 1211.1097443283 1040.3511351611
476.9067437016 229.8647772498 1788.5468795038
-1794.7764787371 -738.7566828552 -965.6504574702
257.9121779881 316.5553016016 -1711.6806228559
424.0137271695 847.3730735124 424.5668231552
-542.6998379712 1251.1908852681 1441.9322070605
-1253.0152316277 1541.3127809713 -773.8599572537
-273.3459543611 -724.1089975116 -865.7838457614
-421.5009596783 673.9563571971 -759.2005510610
1409.0143357715 -1393.4952917928 -400.9056321545
-1136.1665510612 -412.7888103012 276.0062799986
-646.9315860288 -1500.9552074223 1981.9101953061
-1829.7148722766 1853.6472796124 -646.8517725291
1051.2473096148 -324.7189059101 1991.7630309806
-796.0412680105 538.9512146301 -966.5845846501
486.1541347392 999.5957711991 756.2600797897
-1999.9920113870 -644.6754876032 -1660.7409886596
1610.5560457842 -1469.4412743462 -540.1746667751
-1712.3651837091 -512.3042171237 1698.7149953886
-1577.6741163879 -1620.0444765846 1496.8813813951
275.9728964452 387.5721806789 -1039.7023921429
-1909.3745735076 -242.5191819065 -1040.2281522437
-1996.4841603468 -1344.9600011113 42.3340021801
1415.8509786380 -671.6596170365 -110.9122158295
1953.7973130108 -817.6397636363 77.2048845098
-224.4425235764 1564.6460070427 1767.5875805231
1529.9767767548 -1402.7124274616 -194.4833431293
184.4692586515 1080.6002716336 -1057.8432400443
1137.8956012679 -672.5890061435 -750.4448540067
289.4550995927 -120.5732031841 -1801.3869558443
-1269.6853915337 -1328.3319079478 1216.1758844446
1538.9989181621 885.5742253423 -1550.5295400076
-608.7608064977 -1387.1764468944 650.9307659231
-796.3308777241 1297.0119820637 -1623.8856298139
-1659.9516325289 -748.5697825512 -972.3829760119
-689.7313639428 -979.1739385398 1496.5915438494
927.6680440006 -1520.1377199965 -388.3085804519
1969.9199713120 1781.6944396508 1557.3832409575
1592.6006238521 -347.8794347218 -61.6724252120
1724.3509312781 -1481.6319201520 658.2270203193
1335.1104748255 1383.4739493282 -204.2608787091
-1773.7526218653 -461.5663228805 -501.1303865423
-1904.5715682034 -432.5555413543 -1645.4616570792
1884.8752791810 -591.2094160775 -1240.2840570694
-549.8273302458 857.8882500890 -1927.4351814631
-1773.7344577253 -179.8261497033 717.4616308261
932.6642888101 1319.4378580190 -1104.8179196496
-1984.1778275100 1414.6441630366 -1021.8844381790
1272.2411813943 -1996.3112939923 -1806.9604233545
-745.8114542121 -1769.2692409589 -702.1340444823
664.0470727510 -353.3858744355 766.2977940457
1364.0075162441 -24.6742495093 1224.2958864197
1907.8733238596 1565.3372765775 -1571.9663634010
553.8415411281 969.1249544437 216.5107375780
-894.8377983225 -1422.4330347925 1630.4105723648
275.3235554928 -865.7950078712 -1727.6917758560
-1736.2246365552 1278.1815482226 1878.6761320909
382.1996325370 -1572.4342034786 -1304.4516250455
-931.9735849958 -1747.6286911865 -311.6162171330
-549.0818543802 564.2968245788 585.1141697488
-953.8597729584 -858.0299988907 -475.0880805858
-1481.5566959212 1299.9193571742 150.4592636641
1812.8562698646 843.5482552898 1898.4616276149
439.6221102125 843.1456205482 -182.1555061050
-1800.5933497949 402.8171077132 1836.6089446896
1506.2902081071 1787.4672592204 1085.5622234268
-515.8546152947 -124.3366630745 -1242.2164282200
-1074.1568499776 -1960.4859910976 1289.2349241738
-6.6580504023 -1497.7302411789 -788.9355882776
785.7351937374 -370.3167400615 150.9768040286
-719.1522714327 738.3962400469 1959.7728259096
-248.6247440057 -227.7664492582 -340.9368615724
-499.5680340270 -1812.2652750419 -1626.5637788528
1772.2641251531 -543.9075820758 299.8356772160
-917.6687653959 -48.0270941381 -747.9387448638
-1872.6318360785 -265.2649848527 -189.7766779320
-1859.7692857823 191.7009624065 -1575.5575550653
356.0277162445 -278.1534019260 -1122.1972914228
722.7171969334 880.4457584626 -1162.6519727577
444.4152929162 389.7536806723 -1402.8706441398
68.8905114962 -1368.3477943433 531.5173619185
1415.9196372353 -1018.0878482412 -1545.1053295844
-1239.1779410018 1142.4947303132 423.9542143273
985.1804275515 -1523.8133484515 691.5094276156
-520.7366063485 919.4515118839 83.1146208903
379.5524003511 28.3407634064 732.4674997520
-178.9443528982 1692.2268555947 1988.3180949078
1420.7171260122 -159.3324899330 1658.6099229371
62.1581466197 242.0529351069 -411.1351092550
1740.4794135430 422.8590078998 -566.9954274748
1232.5995321710 624.6099445844 -1409.7054931430
-553.1529128100 -139.3087712244 -645.6619169299
-781.1490879631 -13.6581190675 1049.9119337986
-1587.1365391688 0.1372066318 501.6565591170
-1382.2437506170 1304.8084260097 989.9296490592
1219.9389823154 -278.1238797307 -166.3202005509
-106.5024614346 1604.9084956891 -1320.0688796477
925.2545870272 -995.2919055122 -1345.4666374287
1138.8526423749 -1128.4195109401 -503.1317811071
1344.5629267065 1298.5622834543 79.5983495816
-648.8260342700 -1672.6485868117 801.5237233896
-1028.8061773347 -1940.6486028101 1893.5613700173
-1471.6616889423 715.4313627222 1161.7641561637
1924.0576004791 -1609.8153221654 -1276.4692502558
-1945.3370987953 1614.9972629656 -493.2900066882
1464.0257538457 -735.4286703141 538.9398273787
-506.9693474076 323.1646976049 1190.7314814918
954.3423829793 1066.5280463381 -371.0906496727
860.7201553163 -1439.8302233564 -532.2526837037
1700.7356201221 859.3478282778 71.5879639885
-735.8014730533 362.2587493936 1315.5401374922
-475.7766318201 -1693.3390712526 809.4293261186
-146.8216400880 1334.1261385636 -1915.0701870261
196.6229420362 1107.2494789297 1618.9725180023
1478.2747620761 142.0383252216 243.6762142883
-76.6602923556 26.4005091676 -1718.1860062316
-378.9000373944 -1331.6922213298 -490.4581579715
621.3586588245 1397.9437784424 -282.3460967060
-1668.4423198288 883.0564180079 821.0193017669
-1432.8944474989 -1704.6189617675 -956.4294229063
105.8125266888 353.6174464093 1696.2585123103
-1846.4412103506 -1228.2533185956 -757.6521511990
1449.9368891011 -1743.2047886926 -1842.6150139773
-966.2133543447 -1982.3247033419 315.2829033092
-120.8478305552 -1410.1681005190 -808.8957178006
-404.9190802916 -1443.4101224154 1967.2973352983
-435.2950728535 1643.8997397792 599.3901674843
-139.9279373335 -86.1724963502 -286.1313547686
293.8048996631 -1358.0698325338 -186.0596945844
1575.4953774795 9.1080267160 1426.3678740637
1965.7317492620 295.6988340064 -1076.2894434804
-20.6775813235 -210.2501065383 -724.9661001315
1637.4407487610 976.6761355255 1460.0593988573
143.4017996635 -1431.3960149544 1448.7415720721
-1959.4293247716 1219.0382633180 1434.9841986075
-657.0174001749 -1539.9438029073 1015.3159472010
-700.9865514964 -373.0567417798 -226.3617814271
-1118.1566280694 774.9452619756 -222.1193672696
-1590.6303673309 -1874.4702590357 1420.2964198245
1271.2730220609 418.4395754437 -1305.0611660786
1784.8481060902 899.4714947386 -203.9331028012
-766.1505691314 88.3226362178 -126.6040747481
-281.7679134126 1204.6133096782 -1634.6173782017
-1908.1506436816 755.3501038692 -842.1598219779
-801.4429932700 -1258.2833893721 1440.7882386754
587.4975127954 689.6734928169 -928.1793878970
-1702.1639438361 1499.1874925103 1871.3787360301
41.8935777403 1103.0991196744 -1835.7455621055
1191.5094234949 -1976.9228410174 -1315.3074003053
-1208.3868501164 1518.4285177426 -1404.5286658586
1373.2666642689 -31.8467680347 -1516.3235832521
-716.1194155994 44.0214104257 -967.3901062437
73.4251170277 840.0786000946 -1819.4279802257
1049.3670724400 1678.8610485361 -1277.6072512922
-1122.0785472031 1187.8184976134 1618.1235250748
1341.9516728289 -627.2886118570 -1299.4771867113
1502.1548135876 -127.7076293201 1279.0844445336
1986.0445613153 -1522.1925945232 1649.4673129758
1323.4076956541 -139.9318433081 235.5775776690
882.9713514082 -176.5787844332 1512.2003125208
-1323.4472017758 242.5598699359 1399.5437439822
-1128.3802341136 -685.4507435207 1974.3206279247
-1889.6714752913 732.3833821900 773.8548095768
1479.6421167679 -1096.5086384267 1808.3515273870
1537.3192304556 366.5159770843 -663.9237327079
-320.0506265435 -1623.2381662885 -1789.1918684272
531.4606708276 -667.5326983833 1604.6142114297
-1762.2043651964 731.9957063354 1706.9969489795
-1807.8835070874 562.8254158992 1332.4896754961
1634.4462840306 1093.7634803987 -291.2633849553
-149.8003656190 1038.7603565231 -1973.2618359213
-1668.9756314203 1000.6930353046 -1316.2551557146
-1644.0497388485 -221.1904783779 -1575.4516742322
1905.1465216186 -247.2889844520 1765.2795571409
-1422.8912803953 963.5773830911 -1115.4048966320
1937.7835077132 -307.2468055009 -148.1176412198
1468.4358406857 933.8932111240 -1128.3157169550
155.9468977364 -1683.4622558622 576.3181359138
394.4572789008 -338.6918446969 1404.7429408678
-1732.9227647363 -434.5000706197 -1175.9458479775
-227.5004875188 73.4032739076 1988.6853433168
-1652.6002587308 -52.5810684834 520.5538536496
1826.7278073519 1044.5516082068 1126.1115334725
979.5475786596 1404.5664834255 -1708.0259526666
-1491.3833941817 -1706.2185613136 -1341.4103024675
-1889.2836588835 -646.5978517927 -395.6395573857
-987.8472261660 -1171.3102852449 1031.8736487369
-600.2020706141 795.0613390374 1532.8426380333
-793.2322207814 1870.8429525798 1987.2060857586
-1519.9933276375 -1722.5021690291 850.3549332748
-1912.6688201974 -562.5957259228 1764.7142762439
-1275.4114963945 228.8661687203 -782.3638948325
1656.1874761873 -324.7760884132 -956.7265654216
-1321.3714604017 -519.9440517451 1999.2827232126
-960.2526729743 913.8014603524 -1216.0806331138
1400.4691899345 -1690.4594713704 1526.0734140396
1410.1564873820 1024.1893578140 -1574.5597701601
-1093.8355580568 1562.0446291103 1472.6102993351
-1262.6361984237 -272.3150886611 -21.6386142963
1181.0777223645 -271.2167230945 166.5475963414
-1803.8677335095 629.9607419880 -228.3970756546
1215.4200416572 972.4969439565 679.1813904357
1877.7927470488 398.0524858273 205.0462468555
-703.1673803903 197.9298984615 -1865.2525745674
-1337.6763588751 -1259.3268320894 -1574.0011220040
-991.0502955166 -1802.7749455734 715.7821799556
281.6932531891 908.1669502910 -1485.2925946402
1431.6042687046 -1745.2061340870 384.2018647932
1534.7283862224 502.4947680962 -240.6815591613
-925.4120856982 -455.1568768539 -652.4680597575
-227.5377893152 818.7222388990 664.8703928812
-1722.2587262409 -557.9717322825 466.0763158971
-1572.1247725808 1519.8799639018 734.3076796458
-531.0228579071 -1252.8272110096 218.9355629774
550.9453228617 1486.3821252041 562.9788909952
-1627.4853114571 310.9367981245 -1353.6149518896
1121.0409712228 1769.4525920088 -1780.0767915824
-228.5755433468 1231.3935125998 778.4686359675
1377.6463256933 462.0110115447 1227.9263668958
846.8720019030 918.6771215237 -1785.2910038522
-1520.5836690078 -440.6542033117 -347.1984046770
1287.9167385869 1232.3809503164 -148.0340428076
73.7603685971 -1247.8126872207 -565.0451821387
39.2887712594 -293.0380157386 -1319.7747288696
-980.7008928890 -1531.9316752450 808.1509878124
757.2241171826 -1361.0669782852 -80.2101329072
750.2490168268 1061.9878063121 -1799.7860022346
-1062.3584632580 -1887.0563691588 1928.2293921235
1554.7566488194 -1242.1708888480 783.9648964067
-1528.9770241892 416.1966340724 901.0823134994
-1126.8759373787 1819.0911774162 1291.4946071059
-1296.1758411361 -1979.1918287862 782.6281213454
-362.8345441542 1620.9182978533 -524.9631583863
-1594.9430261142 852.8904619460 351.9259029081
-1647.2965350459 44.4052747259 -1247.0277169836
1477.2791348940 -251.6763273909 964.9683123781
-486.5308193111 -1096.4933408358 -958.0491252494
387.4251854425 743.2585409847 643.2587756038
1888.7929883216 -1857.8941213636 -1569.4652774691
83.3841794235 -1991.0767667046 749.5397582542
1342.6109428085 56.2017761314 -892.7033327263
863.5338585442 -1696.8146182796 -1252.8457747662
-749.9264373400 -1318.1729786003 915.9204796567
1052.7956521876 598.0472035217 -189.1721068539
-1289.9218459383 -608.5964097054 -887.4363537026
-1807.8394966209 517.4483127192 634.8457066693
287.2190113696 -1770.0696083818 359.1794172261
-1637.0069509762 -1206.9713898606 628.8164544921
114.5702606143 1828.5059187992 108.5237406558
650.6942859522 -333.6524739336 -1094.6318915974
1217.7917911501 -1478.2047448065 74.3129202918
82.9234243347 248.5574022753 -1553.2354820234
1119.9393888763 -741.5254828656 386.3996432422
1543.9569386555 1649.4008081234 1907.0370409963
-474.2290715279 -863.6596611751 17.1131981446
-955.2299030452 -680.8735928772 -1282.7064393072
932.5361849758 -1515.3624202566 -980.7046349368
148.7504433507 1587.3447139491 561.8887833849
-1758.2021844938 1379.3469436068 328.4215593587
-338.1063769596 -143.7350082228 -1699.8581040982
1421.9768724929 645.1603988569 -161.6116625862
-1343.8739326183 -638.6105905135 -1764.1016457054
1142.9818615454 -1005.5893677557 -1285.4338009115
-681.4696181470 989.1404051365 484.0471484519
-371.0651684452 -1661.9537800552 1854.0885593054
-448.3122921071 1618.5976014926 814.3334928114
-1367.9477259945 -1344.6675149244 -568.4651899598
-1313.1205476061 -1609.5700460590 1975.6182557521
1764.2480754318 -1142.6617199365 -260.6564196469
-119.7967177355 1724.2669619185 1488.4578750996
1275.1784073093 850.7155346216 1209.7308409601
-7.6687977439 782.4861227213 -1775.3509672588
500.0301809915 938.3152144501 -37.0469572891
1421.3254877504 -602.4023801476 -1353.7630592352
1516.6748238168 -1920.0211232388 887.3662024926
-1742.3606126694 1394.8263108388 628.3955285203
-1421.9868649589 946.5520517537 1020.3552087962
-786.7933281819 -1012.3189990035 1918.4433831974
1804.6328762767 1817.4146398881 -1390.1689486573
-548.8983535867 819.4455387547 -834.8234468663
1977.2487600038 730.7427719357 -1716.4594160020
-1462.1783975074 -1265.5524857911 1756.3446011545
1253.6871778039 1961.4371346787 506.1531359283
620.6363861543 1664.0884043621 1164.2335803275
-231.8659092783 788.9863574687 -88.0243625256
647.4902192580 1396.3756156656 39.3422413410
434.4752986621 -62.9365995473 -1995.4459931878
909.1326994150 -168.7579776895 -1821.6446934298
-1120.5781306446 -971.1238448282 120.9573628072
143.0493485559 614.4656273582 292.8304220885
1474.9460707136 1954.3962749815 1987.6530367582
1169.1284414834 -465.2131399048 1967.7569721981
110.3054181920 1880.6441022238 240.2989450564
1790.3977870528 513.7696726592 346.5926434683
1957.6918137621 1399.1651652644 213.5162210272
1088.3831566715 -1313.6352833226 -1850.6415547678
-1582.3233032358 82.5410685329 -1003.0968923893
-359.5335619406 1712.7627936259 -865.0535439674
1639.3496076817 650.4508639896 -1917.5518336350
1137.0913971180 171.9204396809 658.6449984281
-900.7524471013 -478.8399134546 922.2305329044
-957.0866468854 1683.7460277411 -859.2078492515
1329.8630113898 205.1481601180 -598.8151087272
-504.1997086339 326.6910240391 389.0069620673
788.3768481178 201.6793790217 1828.5726462584
-1153.0261082892 -960.4729188140 641.6521480384
-1180.1025051569 -1266.1530271445 1877.3863906205
1058.2884286939 -1120.7913717075 408.8046575500
-1551.9229332112 1358.0711980713 -1659.5685382178
-1478.9333272898 -837.5961099706 -315.0538422634
453.0292504927 -76.0236467295 550.9076178017
215.6558600385 1086.7512572341 -1970.8335107348
-40.1396513222 -1981.2219436681 -294.0967593038
-1565.3489807419 -1899.6745566165 -355.1649952121
-1169.5441081559 349.4538014129 643.7562048895
-1327.5836174832 -1127.8833908628 914.2676364977
-1369.5179956570 -199.6432332643 -1129.2950912704
-1706.0014086741 -1909.7748630294 980.1615147027
1905.2089334594 1559.2702728745 -1998.9104891387
175.7283308650 -145.0195394253 -1334.9944696057
1438.2554977935 -271.2584732808 1786.8035980428
-918.4287720710 696.7374040845 -149.7252860317
1861.8054000220 1998.6117339537 -1047.8125012663
-358.1228159431 -1966.5396406982 -999.7112843398
534.9146247495 -464.6198119987 -330.6113006276
1790.1439923417 -937.6168259028 1058.7069055276
77.9124117271 -1774.6998249160 1093.0524242458
687.9509694668 301.0589033981 659.4498390556
-1399.5568308305 1418.7850387876 259.2474488701
-873.3398506790 110.5813571560 -675.6365410284
-1724.0722427337 449.6770314978 1971.5620111073
1382.4672409585 -862.5458137928 -1882.5489757352
25.8083818641 -746.8737227839 984.3445503996
960.3588431649 -976.1491157851 -124.0476458523
-991.6705576977 1943.8945354457 -800.1449708311
-1315.5474791539 -174.8608799310 -1827.3996290232
72.8217631154 -85.3869145935 -616.7685769074
958.1141391166 1132.0145580924 -962.7944536689
1812.4771577996 -75.9761104672 -480.7359172818
-1171.3766060409 1002.3027933780 1075.1309461942
-1771.0003025189 1383.9144211853 1203.0883382455
1222.4299385476 1131.3191847040 1063.2824216761
1039.1366489602 -138.3260053762 -995.2828853636
-371.4043998409 35.8359231892 1617.9192008022
1860.3041167055 1090.9473383414 -1637.6166932642
-932.2531846437 154.0264572888 253.6509435500
438.4610464575 964.9485667495 -1154.5922639994
895.1810098738 94.1861512972 1083.1362569644
-384.1065457729 -339.9399677422 1350.4567480196
584.9334806075 -995.0499844322 -1607.7935000190
-495.1144673436 -1248.6644635911 692.0572266036
359.7652581587 1301.6165764029 -248.5384859015
1139.0995886447 -1781.6033376724 -553.3871970833
-822.0031799957 -701.9936699052 463.6160046610
-1168.4694137794 469.7065257173 -931.2859137309
-573.4902437211 -63.4111461594 148.7434768479
-1855.0525447298 -442.0160393828 -403.3024644759
1177.0261342190 1414.6225367200 1812.3546848160
-1012.1859828085 218.5592976928 1773.1636000704
1858.4273261772 1849.0970131051 360.2351547412
-1716.0130604982 539.7459332327 1850.0526827935
-449.6536590874 -1176.3231680740 274.2784469046
-937.1130043379 -1137.2664921702 -1388.9954912279
-968.8912164113 -692.4484033580 554.7710253053
1023.6519582587 -1216.8244171643 -1522.1077646041
1144.6328499520 -1491.3397843325 -618.4369602113
-1633.5810747486 -834.1378209430 -418.1809704370
-1420.9274068775 177.4913714046 -1562.0917705544
1838.0509662405 786.7927921322 1175.4807886603
997.4003282155 870.9574473337 -515.1931664266
-1122.0223692266 1081.0269443926 1332.5574228502
564.4917577029 -1762.1550369245 459.2465059300
1369.7747398434 730.5722615812 -1763.4161091738
995.9301709872 -172.0213884187 1671.1181943715
-857.0528039504 -1083.7127967309 515.4171068616
815.3342738447 1547.6007876322 921.8790713987
-1686.8786870367 -1763.1816727663 -655.6901504604
-778.5897978629 322.2905201370 758.4277877735
-1864.8366156289 141.2046038938 -1200.6968742441
-1147.8330810480 -1978.3130413805 -1022.8868885577
871.5520811918 -560.5916996613 -547.7964992322
1635.0340952571 406.9672032925 -1997.3811184296
1501.4157348330 645.7271872985 -1364.2189319893
1783.8468042789 -630.6990504799 679.8287451009
939.5488882457 -431.6833457826 -172.4898358066
753.4759458731 1478.7345336311 663.1519058648
448.2828695120 -564.9930523465 657.1176481092
-1046.6490494709 1196.8178889334 -1878.6213523208
-1835.0497442454 -1479.7875915969 -836.3663978405
-34.1940625089 273.5869736738 -1963.2278470520
1636.7405294303 1456.7301849246 -1080.1746799315
1685.9718476444 -1681.8638764675 -1385.3574409869
-1232.6806274761 -1913.7736602210 -414.7651822219
502.1417171271 1774.6190257224 -329.9558400578
649.2009658956 -515.4873961349 1322.6423973106
-1966.3157073714 594.2259380048 -969.5930421848
357.9839445980 -256.2253491180 672.2872077223
1925.3221676470 -566.2263475302 882.7473629899
-1075.5940059113 975.3895807970 -1907.0176823543
-38.0672366301 303.1456183687 1667.0478220860
-556.0547523435 -531.3120755717 -855.9937133995
-344.8116661534 57.7263067989 1284.3970287076
396.4004022201 322.8265383472 -1364.4237491215
-1594.4911116423 -1977.3832320832 -1533.2217844926
-395.0077646962 -474.7772259029 -50.5917328877
-877.9862313276 797.0067820791 -786.9778148850
679.5667831241 431.1092649463 1721.9816224992
-1854.0747214018 -952.4723446939 -1059.0132094679
-1539.7388783762 1335.8132045177 147.4950497350
-1782.2706970261 -245.9109693818 847.3593487956
322.2436205388 -1101.1716096018 -360.5314720615
-115.8787360900 -1204.0397239453 -1639.6426227641
1076.5530719660 1442.2655173586 1694.4147337467
327.0675163353 -575.4827626119 252.9886570589
-488.0094158363 -155.9604107996 411.2919398879
1728.1566006709 -1676.8096498193 462.4616620255
-1466.9336879148 -866.4857430355 874.0126875799
1275.5098266149 1361.7375849052 -1565.7633466400
1748.4362805634 1020.9797770034 1247.0969073862
-1479.7758678386 -368.0839648784 -1902.1296594822
1287.3015248381 1871.6736850849 -364.8162043108
688.3356845248 -1718.9370535052 -1076.4220983053
1461.4306504616 1206.7046367141 95.5188771547
-533.5187902075 -1175.3593792300 -1252.2247405127
1027.0784393896 1061.1976779914 -1991.1830645141
19.2398157149 1178.2105916415 -44.3513784578
-1370.7389441817 -1726.5760775457 359.3396688504
133.4876544223 -1358.6998122311 -1219.1460862152
-906.4985131192 1828.0975393574 926.2357426496
-1377.8480966639 531.2500812590 -114.4245045929
-1041.7036829622 -694.6384919922 50.6739151381
-191.7638832743 -297.8196709007 -1012.8294516887
203.4920506345 1287.3267753344 358.9250238925
1966.4279000089 336.1038213067 -866.5912030334
-405.3530658067 -438.3917787144 225.8701140422
1733.0204910303 -1627.2785517172 -1205.2305092134
-965.3777988250 -54.1914927271 -1920.3004852864
238.5173980699 477.4174197892 1323.3631446959
-632.5574857629 1633.2044998035 -521.5648848666
277.5055691732 835.6733588337 1077.2567585179
-590.2845087845 824.4259717182 1625.1490942969
-683.7744635133 -483.3229806692 1729.3373744182
-380.8264234122 -370.0164386312 -1634.4331415836
627.3308103336 -80.4510201670 477.2827537238
-1529.4871098098 684.6167194644 -65.0649564270
1547.4383108620 1547.7568039067 1357.0105443142
-1762.2134972470 114.0240189342 -861.9812362879
-1733.8368798111 -150.3651756486 1267.8347809795
319.8467877601 408.8520865154 1424.5475193571
715.1754834992 -1984.5654176331 1761.0605639031
330.3534820894 950.7774658355 1752.0722671910
-451.6094406981 1330.2303301977 310.3009950997
1166.1382169312 -43.0498042401 -1633.6971049960
863.1969355512 -1309.9518987889 1479.2707689492
119.0112374638 -889.8635844835 -615.8316556610
1877.2471182325 -303.5909910511 -294.9387857341
-1300.5912736887 -1041.4195629750 -436.7376644929
1452.2292542591 -255.2724112274 255.0325082855
775.0608711479 -1946.8499073947 -1429.4722349615
-1999.4406448779 -1418.2377140309 -26.7640024641
-1457.8106348205 345.1313664698 -206.1153440030
-988.1236803068 -1392.6035764327 -1918.9283705351
-890.2685889636 221.2052728045 1091.3631743961
586.5214985659 1170.1373984877 -1628.0434672208
1172.8677225922 165.0412456293 -1392.9386297364
748.3641417733 -638.5136902054 -680.2020206910
1599.8400973305 1964.5178260327 609.6339259430
-224.0098691034 -1952.0929645955 1265.3852003119
1164.3113069067 25.6542861697 -994.9773708677
-1129.6252134556 648.6666744362 -1592.9489362744
439.1422655339 -920.8643969337 836.3774699841
1420.1096307305 -40.3983910601 -1938.3228006457
1844.5143509370 1249.7152542244 1678.4875007443
-1291.9167987647 -443.7215333506 -1066.9959509581
-887.8299059861 125.2655904318 -77.6239564671
-611.7281030906 -240.8181782736 249.0944671785
-1644.9521219588 1467.0581432623 -1890.5328716960
856.0204808309 -374.3689198525 -140.4094684000
1627.4388958369 331.4308261687 -550.2417014987
-319.0865843079 1568.6919540271 1888.4312667476
-334.2147123530 -497.8280075787 1594.5765908795
-516.3512018874 -390.5014512721 -1424.7592735435
735.3683757323 664.3683133712 504.2957602418
-1175.7472341590 -451.9133513762 -1809.5731814254
-650.1302830004 -1373.8443203694 -36.6508874780
-908.7440132629 -1004.6442595092 -1950.4361185623
1028.0384462956 767.7095569153 1086.1330713354
-643.5571515590 -151.0280425315 1288.4752726739
1539.1744982706 999.9180135718 -107.2852450693
1873.2132457027 -1926.7805337525 1114.0786175293
-1259.7368585242 1829.3859747951 990.4756996127
1083.0882019470 -1974.4613961490 -617.9616560545
1922.9227570864 1261.2094880010 601.2071252741
-1297.8350185539 891.2108471459 1808.1452779446
825.0304557173 21.5205547893 -1674.2635139582
-1982.6348359186 1472.2406777667 -961.2553897785
1851.8098386515 162.3448988644 1492.3290171432
135.7474840785 1850.3965311390 820.0338912462
234.5490840532 -1545.6724628732 -464.7061733661
-1495.0343563372 -1416.0638245133 -1400.4314683819
-1560.5160848988 1428.0587520901 -1987.3577607894
-667.5234325903 -1965.4602357193 -1649.8778040374
1616.7173949826 -348.7370242078 1565.7272145557
-369.7157191983 776.5169005686 288.1688121925
-642.6437413525 -1051.6965410454 -342.1112818882
-717.4965234416 -676.0417794491 1701.9674304088
-1843.2522855785 -1897.2986260065 1670.7764259883
-1582.1079092283 -799.8009819717 1657.1813590385
798.3046037545 -758.7280311181 -657.3917928777
-860.8988205793 -1064.2738037216 1045.1065500648
-694.1088981863 -464.3674057168 -1391.5733397883
-523.4351900777 -1375.2887141192 -549.4450387043
-91.6042584899 -264.3115878318 -1727.9920375952
-1660.7936050305 1295.7957181752 -1166.3435863228
661.3308011770 239.0605572002 -1917.2582262536
-397.5532686348 1238.9450357851 -1782.0280683875
495.8722736099 496.2045636440 1786.0974376526
-149.1825937865 -382.4702933524 -681.0451097099
-1939.4999981138 498.9390735738 40.9934024903
1085.9530885631 430.5394870009 953.7969823366
1741.5115677322 -1345.0123246852 1499.5864547127
1867.3865677891 330.2728796454 699.2393078884
413.1424014893 -168.4415694251 1258.9574351953
810.2659147889 -116.2841136425 1261.8488243782
-761.9919295783 -94.4498077733 420.2458042414
1682.3943904725 -812.9188573246 -1286.2829526108
-129.0647003277 4.8113693086 673.9596591944
1321.6273814218 1313.4415039211 -436.4930875786
-457.9158175269 -126.5019473117 -1536.1652520127
-578.6322549053 -328.3180587647 -1224.5558182703
794.4067033992 755.7824063212 157.7700869823
1194.5828007490 514.5554728522 1901.6836955131
1575.2700004410 672.8416566936 -1232.7101062630
-1170.5122096714 1299.8559757886 1682.2502207496
20.4907687142 -1272.4498368611 -1398.9287137854
-389.3504303867 -680.6674795847 1917.0684622868
145.1050339110 -1113.7153461402 -1987.6373629918
1329.5613539552 -219.5711423810 1813.3868075609
-769.2746757196 -1096.3673330777 -1586.8564398746
640.8757030246 745.6120947794 -1255.8832086112
-277.6531120513 1029.3924174298 -876.3595498020
-989.8108089426 -1909.7013800299 1602.3628044095
-1385.3675085516 -1667.2479370864 709.6689245587
353.6259072967 1178.1442264598 -618.5037855720
-635.5202840163 1122.2749765027 -842.6659876142
827.1607624858 753.5765442697 -1440.1314633676
-1456.7947848576 -837.8787866843 1944.4650375139
1156.3734963363 1156.6235190556 -210.3232800681
-134.0664912340 191.8673902947 1298.8306466442
-1519.0318468391 -1287.3600694888 915.1591728203
1758.7680836852 1366.5049266383 910.3380924568
-534.4394660119 -943.5938045437 -417.0812252457
683.6263965788 1930.9468121883 -1985.8232455532
-893.0823454731 -663.5291841832 900.5170442885
-69.1569163233 1982.0357133713 1716.9853714414
-1809.3368630956 -1417.6941019591 -652.5569772744
-1172.3410335123 -299.4051004254 -149.3543792025
1436.5329317062 -1934.3973643873 1284.4723337521
-1791.2246839966 -1446.1591213654 -1917.4014692886
1930.3652946288 1892.5407567500 483.9290722340
-51.1959136148 270.5202857374 -1430.3504851984
-589.9140744905 681.0917369479 664.6908062613
1623.3239297827 -472.1867833037 -1716.2877661776
-1970.6651884839 1313.7915701426 407.9407646548
-1404.3963923320 -296.9891608483 1655.3133122129
-1902.2065693686 1315.6373047756 -1932.6660690672
-217.1674896604 1702.8379529104 -1816.6690760693
141.4587341972 -616.2091273212 -80.8777931634
-1369.8555688743 -20.0884183892 1693.3768048253
-33.3261966948 -1967.2619510856 1021.6733631460
1998.6593541780 -1415.4102765073 -53.8337296399
677.3873857534 126.5509617861 1572.4147316993
1535.2298242440 1715.1779887514 -55.4958576237
-1951.5304029016 -248.3388144269 1610.7664545631
334.4771092997 -570.0843293049 -212.0734155808
349.1992780432 1436.3754428383 -598.1316258878
-472.2688311137 1974.5490068548 1375.1911315761
-1722.0704898140 1655.9910422681 -1752.3787527302
-78.0506764068 823.6226552090 -1488.7618551398
1056.0489510621 1061.5391078974 1641.3791612277
-883.6132175503 45.2561347521 -272.3169429532
-192.9448531835 1689.3081850320 7.0961533532
1515.9025915481 -1653.6637064026 1914.7828101334
1786.4595940566 -109.8534501757 -476.9065172251
1163.8681513033 -41.4835410655 -736.8944965326
-1526.6907445950 1794.0837468301 815.8958507284
838.7426460500 -632.4252946427 -578.4509672963
-800.1088697319 -1165.0120770363 892.1150510076
-1843.7730732771 -1838.3705156852 -508.0518837500
299.2227949370 418.5883997767 -1321.3169880272
-88.1313006867 -457.4067079910 -1931.8837333625
1102.8173343471 1912.5347254830 288.2231034417
249.5303687172 -1509.6050938074 -1878.3287738377
-1194.8145446842 -1158.2746099832 -1011.6529085203
-1316.3761459439 -1319.0761980869 -1288.2623972470
1071.7812927928 15.5787587721 -97.8748434500
413.9545348680 258.5008478261 133.2803184528
1807.2777758594 -641.0999418216 -1217.7383492254
563.5368910729 -384.2789693721 -140.2792393957
-1990.2758840731 1151.0606871748 -963.7373475119
39.0655766837 222.1594802670 -787.2499506986
-600.7389107729 -834.1316943191 1396.3870774749
1568.8224514292 1519.4485360576 -641.0049725787
-724.8256665511 1736.6236806519 -302.4861297556
-1335.2553838299 -54.8392603493 341.2390189575
-1219.9012295677 1783.0922327283 -303.2284278530
1999.7461150146 0.8176903852 660.7840396460
1608.2212476973 -941.9783172439 1324.0968053533
531.0346028477 1063.5367900076 1303.1815951760
-1089.0959757418 -1403.1698469560 1921.3179111005
121.1453239913 445.2394628769 -212.9191869615
373.1214578843 10.5196366151 -220.6714668579
1255.3725003099 -1077.9352358220 -1310.1064803155
-1115.5084540332 -1092.5057269781 -991.7180667864
-728.2792744993 -1229.4244162574 -1963.2830171502
1210.8704413974 1480.8606436521 -150.0965613183
1638.6050172216 812.8341077770 1059.4332572508
-652.8279530894 1952.1339099189 1300.6097258637
-650.6786606722 -1090.2984621584 -1685.7832587583
971.7347637049 -602.7744570248 1117.1795600619
-1146.8421658059 751.7981782948 435.7029084400
-838.9468981805 -587.1965485532 1618.4955349576
-155.4819542010 -1403.5624965660 -14.3201535545
1550.7422053211 1334.3970032167 72.1264212553
-415.0101355164 -1949.4715916631 1847.4818010941
1566.9381384284 750.7513083555 -986.6876469232
497.0658915321 351.3273540951 -448.5678856651
-817.1295919515 -376.6793424196 -1116.3484868833
1809.7282378397 1385.7019030518 1100.2456993265
-157.6986979772 -1844.5823667819 -1866.1816714384
-272.2342345596 652.6488444369 504.2464977527
431.6554651828 404.1767001750 -1860.9328133826
-1415.4424462956 1646.5213947157 -69.2433767599
138.9383694753 237.3565916082 906.6208923807
1792.7672422791 564.8489074303 1726.7215926692
722.7453738810 -221.3625470602 840.0087490334
-589.8487800281 332.4010843691 -1722.8226694016
1740.6318342709 308.6104353666 -610.9759452033
92.0008284690 1931.4107991942 1494.1802937132
649.4772436129 1153.0032593912 -1154.3567702560
254.7094835902 -1361.7414211191 40.4334869263
400.6067201562 876.9163281233 -462.8905094176
1923.8312017147 1630.5479938183 1773.8810157774
-1517.6755661914 395.3085086957 -281.2742093557
1477.4912411689 1370.1280613721 985.5323299341
-678.5186188977 -1801.3274357955 1987.0827760157
1245.0783012636 1770.9622341630 1740.1716648014
1270.6020725689 815.1755855207 436.7133781567
-1460.0647690659 -374.8926593529 -1477.0077254576
-1830.7969734176 -1098.4699826819 685.6955417724
873.3008085845 -1277.5014927888 886.2805883813
1564.9825130587 1273.8479622323 -1850.4101060225
-916.2996997072 1543.8603064788 790.0538447859
1739.2347585141 1279.3082352171 1483.0472075518
-257.2624518420 1971.5474424927 44.4451794554
-890.4420315861 -116.6543301020 -841.0678998597
-929.1589958859 -1686.5246934146 474.6374464716
-807.2118368300 1911.5216926376 -137.7052535382
-1089.6666451095 1756.0846521485 1623.0552828539
49.1050909544 -1159.1065813927 488.0235241110
431.9208306627 275.1096547752 -531.7805409313
-1020.1385234493 73.6834348089 -929.4458922046
1440.8067031342 -146.1520130057 367.2987840860
-1354.1663148168 1322.1746869757 -1962.9609238860
-1399.2954183426 1961.4517337168 1043.7000398707
515.6272832486 1896.6032205453 903.0632268940
-742.5890452723 -161.3324173064 -1380.9876310472
-363.3494718050 -407.3478315905 -1703.5114307633
1866.3437374861 1808.5053685153 1553.5727842230
-1483.4670388974 -1955.1774012255 69.6511162814
-229.6270418326 1337.2208955612 1301.1889573825
-1666.3893931712 274.0941167358 1084.3196345164
-1535.3116133879 1480.3302761514 261.0907862761
1009.7495118300 1723.1317962700 1926.9318164291
-957.3467830082 -40.0862190435 -315.2659457580
1929.9516787638 1695.3645559820 -317.2186729447
-460.1202423952 283.4343475411 1020.1728948431
-241.1814491498 264.2050787726 -72.4892028919
-1475.2870787286 328.7649353954 1671.9996458895
-1517.9904924312 -106.9195550298 1538.0656240331
-673.0301572834 -537.4068075705 -1529.1175346417
-551.4203556023 223.2067248853 -1136.5314130880
-981.8198035041 1411.5188757541 -1245.4240852152
-901.9194453420 853.4135975028 624.1541485061
-548.8238820982 -1995.2365611370 647.8100035437
-1187.2879522442 -1172.0049671937 -44.2471906268
-811.5107775533 360.7055703355 -1677.8055660313
-1849.2178619404 -879.5297157671 653.6448700346
267.9823731939 -280.1804621743 1783.2784913119
992.7896439310 -862.9280680970 1653.0857137411
-1667.0813156320 479.8675346294 -324.0889684574
460.0090521330 -1195.2568714507 1316.7569805890
-1893.1655565441 1403.0233774069 -562.0257982945
-1018.0289720941 -394.8046499995 1097.2574973081
-1124.5358063245 -1511.4330007499 -1535.3308780728
112.2409827566 -1101.4294650561 989.7388381131
-1291.9040488746 776.0519959166 975.7801552680
-1897.2388945348 1095.2716568080 -918.1508298919
1777.1302052107 1729.4005872242 1099.1118066969
-1303.4274633616 -660.5301260653 947.0234233166
177.8437950983 549.2337842860 -258.8453568299
-1071.5265399261 1435.3501029549 -1289.5929859299
300.1753953510 -1086.2202928400 -1316.8156603964
393.8189658335 -1284.9360633713 -795.5335799568
-1135.3279405207 -1999.5556152491 -14.3219566718
1652.4066945607 -1668.7029988715 -413.1272597394
1168.4894507477 -1788.3019612523 -1716.1941825539
868.6734770458 913.4683395945 -1212.4633083690
1364.2760456142 1301.7117375378 111.1976964348
-1724.0223020463 -1047.9439184803 382.6252981204
-1542.7360529659 -363.5500663971 1129.9752217304
856.2522098039 -727.8367332877 745.8185048748
-827.9140447120 -1975.6812550307 -1741.1895987918
-1987.7294217071 -383.8121931119 -716.3123978269
-1144.2602879500 169.2912578239 1996.0117054191
693.7754933973 16.2615708156 -1294.4486091399
1024.3670398266 -1699.9804983171 -1009.7569466269
-1289.0508712280 -818.9171676161 2.9892967001
-110.6153773859 1420.3820040070 -452.9146926628
-1615.2736582754 1023.5785345064 816.8267538830
671.8187818237 -1551.0434096334 1736.7505353758
-1043.0693185697 1399.8405337796 613.9840851563
982.8405109235 1607.8670590141 1350.1814281449
-1891.9931246801 481.5399878337 -1006.2375582138
-796.4644400561 1427.2659919690 951.7350968037
-1629.6027340636 751.5280390101 -1232.1701776559
-880.1855951102 -421.3232117900 -1925.6870093083
-1186.7686157984 -358.7099523640 1677.2023168398
-1571.6007837316 -1125.1058331836 -795.8129191412
-198.5290445949 -889.9966508749 -648.5051543694
-102.2505173010 1723.4865996093 1022.8761896068
1861.8740312132 -30.5251493010 1902.2966531261
362.4671707832 924.6334407729 -1855.0427006070
-838.3999742764 -358.6150262923 549.1530005116
-307.2082733492 -1949.3511741476 -270.3075013758
-1561.8324910708 -1575.9635505529 1661.2537134604
1702.6609220063 -1443.0963368759 328.5980789324
1123.4340510329 505.3519592050 -879.5641430755
-317.4670561416 1708.7213332613 -1734.1564182031
-993.6251356042 -1801.0073664826 -529.5486251385
741.5941398773 -1393.4009307280 1896.5167158786
1965.5532474153 -594.2047379148 -1.4627792836
-1062.3187455724 -335.9604670774 1399.0324033399
1002.8409595722 -228.1808603622 -1327.9649179165
246.0730469124 -1952.2610640760 -922.8909599531
-636.1407485554 976.4327018000 -1897.6825743400
1519.8552347707 590.5923449979 -1886.3255141297
-860.4752298660 658.2976997295 133.1895264909
760.7337969814 -1864.9155571091 1605.3528007347
581.3010828740 -599.2626194077 -1919.3077216539
1577.5122926681 -1345.0023316179 -333.3559755685
571.7100211009 -989.3953293123 47.3103798520
1972.3984127296 -86.4832897468 739.9032330158
-1573.9782158263 -895.3271974035 1687.4827467892
923.1814711081 -68.4115221850 1886.5230398314
1737.0198627208 1377.9096536519 -1959.6205615436
-1714.3035514648 776.9475380067 -155.9533360788
-527.9366443446 329.1635181202 949.7904699303
-1561.2580959121 1395.2257483429 202.2801286299
1247.0576734007 29.7410107042 1498.0227317378
802.5720560259 1192.8663138644 1456.1092138117
940.2975320512 -1896.0097174552 -835.5700425050
499.5823105162 679.0124832141 398.9543924796
-1225.7825640445 681.0130699763 1375.8730160752
-303.9894394779 361.2389295037 -1953.6942248126
-88.9463684103 1155.0013228478 707.0226227429
-422.7270376575 889.5309874111 1209.5798271894
-73.6129184364 -53.5022353857 304.9217122264
1801.8143387735 -1580.4278597018 1952.2274038820
-1776.0111016087 -74.8997126828 1720.2045527173
482.2536551797 -512.2121869333 -506.4549628817
1156.9249463475 570.5462540045 1846.7759448243
1325.3179048679 1431.8284313133 957.0671122522
-300.2121084614 676.1619254897 1267.7079342508
-1435.4481533513 1135.0942041760 -1358.2893204093
-126.9763475411 618.3413107166 -1435.4862449788
1707.0812489336 1045.5745342426 541.7646744575
479.9711462043 1456.3067349463 -1004.2642692760
-759.4066089702 1295.8988644486 464.9090771744
-1442.0911341728 1522.5986222689 -1378.6717577014
-1228.9697282521 796.8610377091 1096.8666570939
-1190.8483922048 -212.9850698291 1998.9031027324
-554.3046383821 133.7535609935 1898.6228260626
-1534.0725438368 641.7219089379 -495.7585298955
-310.0388687965 -344.9567893688 1685.3204496252
749.3536815267 1770.3525780705 1857.5580758140
409.0565387661 -199.9269750525 1448.3533416904
-243.8897838824 1085.3976449563 -1928.1093785002
1869.6171511301 47.5237185804 -1902.7760157470
89.0254937795 -196.7203291149 -1068.2969338991
1771.9839007616 -1099.3837126384 -472.4622229273
250.9857016615 -163.9053728093 1188.6146287233
-110.2843655222 503.8422246015 963.8478574196
-643.2619937764 -1013.7504616681 1594.3876399019
1060.0748282742 73.0405385034 -962.3538537866
-937.9168049168 1020.5204328878 -1849.6212997285
305.0710178626 -197.7178241748 -0.7429468739
-1402.2157660909 263.5626693496 -1687.1507405451
-1979.0647982026 809.1778974092 1114.0818957648
-1763.1322563101 -287.1381380993 -304.6013822707
1363.6127815606 -1614.7259562105 731.9152169244
1454.3114417004 -744.9613479181 1605.1296999677
-1515.2388955092 1292.5188764104 -163.5611400312
1199.5613166625 -201.5106272658 -660.4619301238
-154.5525446536 -661.4498740103 308.1149510605
-1299.5298008191 332.3173686362 -1042.5983279123
-1441.0380890569 764.1134342081 -617.7163308816
645.4458416610 -61.4107416812 107.0186771038
296.7234192237 -1146.6021951422 655.4183344977
336.9860033848 -550.8137466824 1903.0753902071
-1550.8921568561 -857.5770540055 -1298.5728382986
1685.4174910015 906.3649545940 -331.2347368095
-1961.6868652184 1261.8699716948 401.2923612269
1070.9625112398 -1631.8797040401 1638.3077856783
-1743.8646599219 1766.8592133665 721.2103458879
1923.3303965320 84.2290679508 218.8447507795
1447.5886967457 1819.4651661522 1369.2851247259
-1935.6818385717 -644.1573433622 1790.7647164280
-495.4127941465 -1847.8099630359 -283.6971550115
137.9470500101 -309.3416901461 1141.8890929452
-1617.1326045622 751.8614814429 1470.7572294172
709.2340577616 431.5994214827 1595.9897973393
-1875.7974047969 -1247.3384843392 -1402.8871004723
-568.0288661215 571.2333461372 -544.7645270908
1984.2601379522 1602.7004334131 1936.0880384837
820.8712686566 859.9022534153 1079.4521623105
-1817.2593089899 -1821.8941467101 1336.1079269900
1287.3435599386 -1121.8910802172 -1351.3811215672
-835.9372518421 -1795.4994968421 1920.0568259612
1416.0207737652 1441.5549289146 1482.7740606392
1233.3854047748 741.0939814743 -896.1082320560
142.7067535694 1178.6391717101 -1910.7902478713
-284.7100901555 221.2626271157 942.0786418021
1200.6739711764 -1872.3663047849 1076.3291934278
870.1707424542 1120.2298234689 -398.9144423401
-400.9905455962 1998.1791323034 -295.8329020214
-1071.2403202172 233.7595254032 -324.5252542890
1206.5232321015 -687.8740018460 146.6391914600
1755.2053101592 1055.2110887631 -1332.2742618203
1824.3556356496 1102.7404785686 376.4521036986
1001.9813208896 -710.1578475018 881.5015289221
-604.7182235147 847.4599471910 -970.4632228037
-424.8382464250 1935.4034004195 100.1626254168
87.6028041228 -1459.0844511857 -1305.9571663595
649.5797737917 -1154.0868206879 -530.3666927529
710.1553419367 -1985.7724684990 1890.3326680050
575.3332015408 760.3594388107 903.8439475808
1074.4778840777 -863.9076986838 215.7185517104
1441.1948223506 375.2909241789 1839.7717175590
1027.4433291715 -1154.6284637704 973.1857456486
-818.4424893036 -1089.1711704130 546.3836111889
-877.6594086123 -1083.0938596275 599.2895157462
-1431.3303940740 542.1545705165 -917.9449494353
641.7322949005 -198.0041455901 1622.7737349864
-1452.9036415848 204.4975926561 562.3237814073
-1141.9145652401 1409.3622538187 -1911.9216306437
102.3354778122 -441.1867029033 1730.0169601072
-1714.6847199050 -1107.6511447851 925.2570351600
-945.2007276528 -1727.7952775749 1484.5337993271
-65.4005272258 276.0087028464 -1744.3961173839
-930.8405423041 -116.9622483230 1587.7269667775
1978.5095467966 806.9145848763 102.4756313833
684.9669622725 -45.2174839649 -954.8803935675
-18.5311414694 849.5672897358 1425.1654032470
-1247.8946809328 -695.5722889670 -1467.0241547888
1072.1161207269 -1159.9745683867 -119.1024312770
1324.8539458820 -193.8549675482 164.5677298420
-906.6604175938 171.6758942114 -1052.9994962446
-316.2949557448 1215.4327932942 983.5614416416
720.3582206640 367.6352753202 -191.8360113773
-1278.6834355126 -1293.0064485450 1225.6330176009
-1732.4687433154 -1324.3591629491 1008.9403554534
1493.3624109479 -576.5132403692 -639.1394097459
-781.6524716832 -1835.0604793829 -1059.9137280393
806.0898271689 1775.1130323318 758.7453997262
637.3237059595 -566.0500674555 -1312.3728225019
1984.2530842978 1739.1568137619 -65.7371055638
567.5931338240 1912.4437106438 1008.5524832093
-1207.5285285207 -743.6363915972 -1122.6601567942
-1216.9949520346 -467.5485448084 -1347.4559494103
705.0039712041 -274.5257669632 489.5964192261
-1879.3213073484 1299.1806502689 -1836.5085119984
306.2983553127 207.0804879420 667.8858508722
-1638.9174125754 -1710.8641519549 -1317.3717621219
1199.9515174284 743.6920444472 -1446.4871623877
-673.1695181774 -934.9608340888 162.9145290406
-1396.0461867095 296.8804723905 1777.6582330759
-626.4422422380 -161.7753509282 -1640.8751127684
-925.2602289343 1311.6120684072 -318.6498043056
-1805.3057883290 1652.7460766460 1988.2267938505
-656.6445914759 1210.2195671665 365.6847766519
-613.2262093790 1004.1424542093 -1571.6162649418
1798.0983984567 387.5577947242 -144.2549648417
1189.5105961358 -84.7295382551 -157.5784467122
-1278.2113935185 1256.4339177826 -576.8328186221
171.3664400351 -215.5409600894 271.0991823989
-1031.7546583411 -165.4189511228 1886.0422425273
1161.2699239900 1975.1885742295 -178.7099334269
59.0043332479 889.6599191002 666.5605572199
182.3984061756 -759.3397159624 -1878.1155063978
-912.2135227407 -1588.9821282281 959.1983426563
1075.3995729034 -1372.5430846492 -108.5055542703
1412.9191846726 -856.4304751220 -634.3319639142
1525.3677145770 -388.0275141296 1621.4249228882
-1109.1780332712 322.4627197491 1273.1170619570
1550.7103575644 -887.2405636350 -838.6950458584
-1023.8693607560 -499.9942565278 1033.2467381645
1338.9217615089 -216.4846305476 -784.4577360297
-184.8001992605 -732.3665128926 968.7861549297
-1226.7269610986 442.0200237798 672.7084066150
-304.9506792767 0.2313999341 1455.5564056176
1677.2015669049 -405.7926929375 -482.8526809342
-354.3061796761 1503.4498371930 -1251.3064897565
1833.8211187991 -1121.7846413911 -1994.9616187535
-1058.8246731352 815.0486288071 -435.8632458402
-1193.2273322448 1818.2550194613 100.4722834496
163.3726865777 -974.9579613271 532.4415788022
440.6654328902 1225.5956051656 -816.8132723836
733.1257369437 -373.9597882707 1607.5673786023
656.9208481268 1316.5750319470 82.5443834546
1394.1863415133 1259.6619168220 1954.5059755992
841.4189695697 342.6087750838 291.0838247306
-61.4198992791 -1505.0628866780 1646.8218648995
-1157.5518768568 -136.6262556229 -824.4037415614
-257.3084778035 -1254.7475651481 -38.5689608685
1779.1817081526 -198.0439457761 -349.4398408021
-819.7495618919 1210.8755581919 -604.4955301029
1879.4071190753 -25.9537926551 903.2683603236
348.6966835634 739.1925749201 -1233.1665133832
748.2993513510 -1795.2666425871 1030.8933238412
1065.4552553667 1349.2496077395 -1922.8892698775
-1935.5335392078 188.4518514242 820.6994833410
1884.6535657740 -648.9417897474 1415.5949859851
-538.2243633047 -1774.8806361127 1995.2083098612
-1099.0751560049 -1849.3643450266 1221.4307032343
-676.6735788033 309.2583722981 -1508.7302419537
1150.1988275790 -1284.7144988169 -1251.6617792100
1240.0625594738 1340.0892124839 826.0057153710
663.0814874199 324.9338993976 -691.8939539539
1993.2991688857 1691.5540023155 108.2274518080
644.0749520214 1329.7594616172 -606.5146534551
-188.4646709060 -1839.8936948430 233.3133639542
-1503.3560209078 -985.6438417972 29.0837858969
-37.2009225578 571.9603064199 -956.3696900742
-343.7941760254 -489.9017489254 -468.6944102684
1966.8399521078 -567.8721544625 -179.5818049460
-273.3537365275 -1295.5284200509 687.9459740091
215.8584005634 448.0768691990 1788.7702714135
-292.6774193190 -133.8107433478 -1372.4050698530
-487.2016947983 -167.6319526701 -1876.5260387269
-1994.0821033463 -1695.1537857608 -1222.7087313569
1681.2114894112 834.9306948928 871.4543696113
-9.7225486449 -272.8136056660 -482.8431085772
-1773.9635259145 632.4943794421 -322.3985259867
358.4841039672 1546.0154704753 -1038.5964355314
-1622.0337486898 -738.7022552691 1625.9707678186
1294.9142170256 -1678.3144295449 -1698.2610900496
991.7850363962 -1442.4634529673 723.8207587427
1838.6901858700 -719.4180951950 -1320.5832760217
648.0793868962 94.4537495068 -260.0241537991
-928.3392660159 571.4729948314 1163.3323842608
-1645.8939571714 1730.1833022026 -1014.6555571715
-556.1684368892 532.2937783577 -1071.3305939435
328.9135089176 1418.8929622938 215.9935492502
50.8424595645 -1430.6616388305 -334.6178096633
-1038.6876155746 -977.4220625406 1360.8953831707
478.3626856870 409.4621149726 1136.8222448319
675.2973488847 1868.3285496087 -852.0880252193
-108.8768226464 1758.0785970352 915.1499440744
1765.7518769308 -273.4839597742 -1169.2196712035
571.9823098598 -1285.6672240707 -1302.1760427685
247.7287372094 -1425.8678769557 1981.4337131366
1897.9858897616 1070.7616218054 116.6725754739
-1145.2817541473 909.4306884950 1269.1155684603
1016.6739286759 -631.1659481632 -1771.6537766945
1392.0014884545 -1823.2242514517 1078.7398662358
-1503.4145193741 458.7134138582 405.1197172405
234.3042751457 -1002.5475724179 1077.4867463982
768.3096747769 1843.8856899005 -637.1618788995
587.6670337718 129.0294108011 -1606.5863855832
-1443.0835460223 -702.5329688039 -473.7150653489
-1921.3870240453 -437.2384957403 -1372.8726663986
-950.6151655239 542.1979554889 1704.4440365447
-1181.6872242009 1472.0605959779 -15.1457094055
-1338.3884397530 -653.8128710376 -25.1048689612
-129.5781848583 -1164.0097981877 -952.7877982809
1088.5832391052 1648.5903528100 -377.1358338912
-1932.4719810368 1570.6424579656 1736.4076014897
-1073.1634698230 -1977.3803164909 665.5733559018
1487.1728184262 181.4407508133 355.6390609297
1200.3690357138 -1921.7045194592 -1415.2959438402
-1589.9312272232 213.5292442460 1133.4503690236
449.1808087338 1727.7877582240 577.6825720527
-1211.8615404506 -1467.0831906708 581.7412481299
-168.4559410196 612.2788786428 -1434.9776280464
-1958.6980373285 -111.5291838836 -815.8055753972
-1922.4088611962 -1972.1883556941 1977.5181900298
-700.1005362552 -1117.0674824456 1379.6096761295
-1273.4392342272 1312.7154696749 -144.4930865558
-730.8045420125 1980.1960994159 655.7860939845
1906.8535829409 1243.7441421074 279.1743000014
-790.0214715203 -708.4751776689 -1801.9431067658
1531.6082560175 1652.6457685657 444.1047541008
710.3528639227 1573.4407139916 963.5954974308
226.1093873650 -488.2250592247 82.9302054967
-1226.5148213423 1811.9245351803 1542.5401668696
-1015.7720025415 1434.8185922322 -27.5956461539
1836.4486783748 -1980.4739166999 -1730.4674690973
-87.8031797916 -1763.2425832771 -1398.7749168956
605.1244448832 -1225.2739454978 -870.4213368608
-1955.9481308632 -1977.7663250552 369.1087366012
239.1173573997 -997.8173920878 -1377.1328201824
135.4052401642 201.3814329327 -1190.0363804089
-442.6357311922 1419.8973257396 -1692.8193990481
912.6712105774 1344.9805237796 847.5570399237
1881.9591282733 636.1663123929 1778.1805280948
1241.6548277598 1742.0944072744 -1306.3571030588
-37.6186404634 -1157.8351594157 1845.0133427875
-1510.5307777914 -830.0949266932 -761.5833347007
-1358.3296157694 -1982.4825342338 367.4064076197
-155.6586520370 -586.5909046966 -1118.1866867953
1864.4871252521 1532.8442465722 1392.7930717439
531.1663813206 -676.7639655827 -709.8162052561
434.2555715873 1702.0419863098 -1670.6193512145
-674.6434946241 757.2469925367 -926.4062386368
-1521.5589065151 1142.8915999203 1719.2894399492
-147.5664852244 -1151.9428274563 -220.0554912496
-567.8394928265 1342.3169869713 -608.8702175787
-1601.9928618761 217.5905761186 1309.8195365035
-1923.6206824755 75.2577924244 -1260.8397242696
-175.7109118789 1000.6151628470 1649.4573431823
-1450.3923182151 1616.3245772279 1669.1652555675
1975.6910953773 1163.0059632837 -267.1317717623
849.3468248581 736.1993034457 -1214.3709225487
368.5993374446 1397.6148342868 -863.8317655979
610.4537128924 -135.1497952072 1436.1532310257
-226.6663404494 -1484.9145794745 -1065.2691143848
1055.0847966767 711.3628766812 827.7088154389
1285.8193310567 1992.6712106891 -1761.7636110841
-1230.6982518729 -1367.5809247951 -1019.3367778807
-368.6189524484 -1044.0919753290 -1143.2466942647
660.5137454032 -1554.5963890827 89.4670458229
-328.5271497467 -981.7160740537 953.8730859187
582.4513861104 -790.3512163507 -1011.9008623769
-305.6155469183 -928.5574305377 1772.2438589781
1865.4420732608 72.7408943293 -1065.3851965826
-774.2236417804 230.0268394925 -408.3162310683
-1849.3623437383 1891.5240952658 1191.0417205454
-1553.1459808710 -20.2764506659 -753.5754487909
-1826.0180164868 -1310.5043580894 1012.3721298679
1661.6633742008 1148.3787213958 -651.8599713101
440.2448980761 -1428.5312637237 -47.7756588813
-889.0436312149 -1073.6517794460 -1280.7623573420
-1731.5666593360 -1883.9439697472 1865.1382570246
1692.1420824727 1644.1464259422 -825.3400847879
-1901.3154721792 557.8063730605 -948.6442329902
434.9319371517 -1207.6222425367 502.6515913976
1849.1688765525 -268.1632094825 1760.5156706244
-1601.8711953158 -1666.7018787753 1072.1169094313
-1868.3053758757 1733.4482013130 1180.5571643530
-1430.1558132939 -746.4485409081 -489.8725744423
1071.8272575870 -1630.9387122931 -837.8373833670
-1193.8041522896 269.5734900799 -1698.8608967479
-1338.6127428079 -1581.6391833217 1878.5601903696
749.1774675255 -1479.3226622181 971.0511301099
-1439.5981682498 -1558.0030857469 -45.4998499160
1708.3595689205 1415.4429456063 -1809.5852787069
-877.5135755952 -1640.8267431933 -797.3753178110
-454.0352405587 1462.5267189794 497.4826251798
1617.4717494083 -481.3763187566 1723.8144050351
-1656.9734588711 840.6216323462 -1348.7281492856
1294.8370852889 238.3594837573 -1700.4206210001
376.2457437576 233.4392890624 -389.0853719446
-1867.7605476620 974.5446289043 -799.1195041960
205.9769318968 1545.8414108101 -963.5966497740
-1702.2803808208 1817.4499527499 -1144.0146036130
-1132.4715883046 -762.1008946016 808.3793349203
-86.2210932944 -663.4167444765 895.2830965121
-1356.2251717782 1116.6707241944 -425.2107690023
1418.9867490596 687.5796051266 173.3875790078
-1037.3000215611 -978.1748227368 -1275.9226693022
1796.5878555335 1970.5295049968 519.2126824209
191.6993980388 -1224.8928400073 -1606.4609117265
-1276.5001190769 -975.0972753806 1163.9590455874
-1413.2783985145 1752.1018004019 315.1861559225
-817.0580445504 1327.6482489294 -987.9238611336
1222.3031290186 55.4192418841 -1688.9984684834
306.6254770867 1273.8884500692 1793.9173527363
1635.8138556418 1862.9268651175 -57.5233415550
1474.1357299392 -797.0789760656 1518.5643600710
-763.4810485499 1208.7072876914 854.4566602276
789.7446007461 -1008.9351293869 -411.5159384957
-1350.5924133618 487.7446233348 1731.9719022460
-1582.3225467699 -1475.3718682630 1390.8294285211
-276.1697220759 80.3737357886 -1731.9396277295
-1671.0953644424 -348.4606018496 732.2527612364
-1491.8660677313 -1578.2666440562 1209.4248814516
-1436.8581742433 1520.2335186133 955.9516048015
-767.8553544883 853.0840815587 311.5381142289
1788.4943893278 -976.9755185068 -369.6490541617
1744.2225004822 -74.2492722900 -1888.1079981564
326.4013961457 1076.9717249671 -1422.1688335378
-855.9821795093 1165.1276071518 -864.4130059529
-1753.1847975502 -1881.1227274767 1961.5927083917
1338.6315730825 1376.4906362191 1070.7903710835
4.3697492743 1340.2321656731 1256.7083002073
325.2483081812 860.4021048762 1468.5482719940
-724.7597283245 701.0272110204 -35.8372794873
264.9519965209 -1958.2101815980 -414.8797296697
1681.9737407786 -969.6385758107 294.8882144563
-155.9347893434 -407.3668969403 -992.1020101806
-1318.4896601970 1847.6659645596 512.1694488131
-129.5033704518 1850.0155451943 368.5134899305
-1629.8644036580 -1335.3144435142 -862.4236687599
1043.5260793509 -667.0855776331 -979.0891100525
-1408.8999690968 -947.4799274333 444.9449802120
1046.2225225917 -690.9232246440 153.7689943290
1877.1882228771 -1726.0224770101 -1434.0192092776
-120.1079705992 -1173.9161422205 1802.5963822018
281.2958314678 63.7709188242 -620.3451571088
-1654.2527617263 1833.3194201368 -418.7612692332
1883.0966292467 647.5004965385 -598.7548394896
-83.2596849154 -658.0915132545 1407.6075936937
-1487.9846477028 1860.2614178673 -425.6756976326
-976.0722843576 933.3003822535 1062.1363108875
970.8477520650 -1913.2328797340 1775.2853794524
-1050.7538053678 1748.9348559174 346.4106237594
-932.3065163114 -27.4881968267 96.9240782369
637.4634730005 1702.2851246497 728.6102462187
-430.9614094287 1230.8001644922 -165.2158170005
-1163.1120566801 1167.1735422978 -1330.6043826673
41.9727702324 -676.7822739999 1146.7565961277
1398.2947893699 77.6170511638 -1048.9401368837
-970.7084126066 -478.9685211524 604.4654552424
-1637.6865597860 -1862.4232941967 1648.3163451163
-719.0483497267 -442.8495863116 -314.2656251186
1935.1473831424 -849.2678878019 -600.3491823504
-1407.1563417865 -1963.7133510370 -1482.9770347661
1621.9265632046 -448.8003746121 1035.3008867689
1937.8643426333 1983.2165304181 -1468.9054428247
-473.2239348972 676.3454827345 -186.1037252527
93.3877429528 215.1299609307 339.6901036452
-1832.8915115107 1818.2292635391 418.4835837904
1721.1146627014 517.7963619173 -1179.7989072096
-1292.0553792166 440.1059553234 -126.7222928918
1013.0014895219 -116.6368711607 -1931.1813438054
-258.0942554233 -120.6685299906 1730.0138297954
1322.5446066123 482.4012379070 -1083.1208217053
-1153.3549679557 -662.5596960294 472.7884514840
-1588.5289804450 665.0973684292 204.0840123964
-732.0321029767 359.1400355329 1565.5215275431
437.0248241649 -277.7973454700 1587.1358308912
1207.4935587043 612.0672301976 1831.1833418299
1149.6440411691 -1970.1509433918 1829.3733116432
-1886.3290186901 1631.2208763769 -427.1557067149
597.6004737333 829.2765494944 -1692.2589443632
1207.1751189788 792.7914663453 441.2167582321
-1441.5936097440 524.9162768224 1517.2387083439
-505.4065227057 -1419.6949170136 -502.2494000034
-772.0706801185 1425.8408875148 1638.6919255283
-719.7047640686 -1568.1376136876 1938.5345449423
1061.3104999833 -1073.4878629241 -1448.5279227283
1829.8235287772 982.6200619071 -299.9973881256
1188.5797857301 1571.3787892319 596.3812331072
906.7936528322 -429.5055178913 -583.7830659135
-833.1246495981 -962.6248220310 1667.4501923683
-983.5440917350 766.7302599819 -1170.4556153019
-1242.7679054543 72.2328120686 1802.5552562888
-418.4410284644 400.2526310463 108.3940369948
1899.6561483824 74.3182121647 389.9043984000
498.8014785218 -1124.3310741280 -9.9808063016
160.0141754412 -522.2487944105 -647.9270353537
203.9818750618 1628.7701940584 261.4701577348
-880.3959783507 -746.9446392872 -314.9140338235
-402.7172251529 1191.9595190612 -811.5167333055
-1590.7538991298 1869.4530505477 -1138.0386093165
-1870.8235220986 303.8175640691 -1360.8151489087
-395.4340338127 549.5381052243 -1922.0704498652
-475.0063851312 -1076.5851623527 1060.5017271631
-265.7700113959 -948.7653468086 -866.4132410189
1669.8716656347 -388.4103267599 868.4163863737
438.2175827069 -277.8396825837 1018.9367193067
-1608.6424467117 68.6438676122 -1575.7674549426
-884.3613138921 665.7101742030 1140.7090562082
-363.7809325567 228.7395447780 -762.9101422952
-937.1655008826 -1252.9299852935 -1246.8805810400
725.5298734248 -1157.2348095906 922.6496310325
-1318.5422029403 1189.0774826759 64.8439482864
1279.6978938671 -917.2078270585 1503.8515089958
826.7251852499 -63.4651373100 -681.3787661250
-862.6295616670 1037.3454405396 907.7453003573
-306.0319990914 -1759.6935975823 924.8500502095
-678.8016291497 -1477.2620464389 555.5546275513
449.7431557720 1190.1550668431 599.9308924068
-1989.9214067012 1842.2473150412 -883.8575344464
-1435.2591331421 1330.6675573019 1025.3170734425
1853.0975592852 -858.3099062248 -676.2250702022
-96.4090830719 -632.9846092342 -1932.1469354451
1934.8455761068 -131.7356441187 -188.7067941613
-613.6847470195 -1810.7362755738 1132.3687221855
-10.9995595433 -332.6991128208 -6.0526579453
-1347.1164314032 -698.7644581205 -920.9652916440
-1653.5326505321 -1695.6650336391 83.0882991258
-1449.8586282750 991.2072845218 235.2721326155
413.6579468690 -706.1916929424 1789.0765299684
1241.9298513856 -910.0990348532 333.6192770383
-1880.1882915539 955.3317084119 1643.7502571639
725.3126175318 -1101.5770350527 -1044.4368609639
1610.7836742926 -1824.3821807356 -753.6214465241
1277.2486865175 -1878.7328282600 -1474.0226225617
-688.7873956481 1708.7290141292 1945.2912594835
1176.1763493409 -223.9284702481 464.3591333584
8.3954873916 1245.2364030577 1177.4376331932
-382.0666433770 355.5988879588 1813.7101516629
-363.7012542870 -1538.8133973905 -1518.1272688775
-290.2370568686 -393.4660001772 -144.3385782770
1404.7839911690 946.8998082323 -1072.9900252706
-1991.6378438115 -166.6213834509 -1970.1515354513
1329.3775734916 -679.8837066746 1408.4930914689
873.9430758180 -16.0131152251 -697.5158211963
1930.5862420570 -744.2003979865 -981.6077836669
-1038.6872633308 -570.9285309108 -1627.8880134970
538.6726788272 1573.5223104274 -1717.1550918302
-994.9711713620 708.3565996666 671.0395805319
-567.2143506285 1872.0433232237 -161.1204640577
503.8995662084 1637.7871965172 -1358.0335497067
-591.0095426579 -14.9864964705 -1912.9754198486
-249.5690668845 -942.0814132241 -899.6987015878
-1115.4243481961 -1641.6292851612 -1674.3621069610
-1517.0895284210 227.1582850460 -741.1446278900
-362.3228660361 -566.8093642326 558.5626040116
-1997.6667445835 -445.9874849337 1451.7669586804
995.7679027928 -1846.2596399393 160.3670925776
1430.1741646147 -27.8058405578 -410.1475344017
-1731.2700748811 -1234.6627848109 944.3504590265
734.6536683995 -1156.5875882179 935.8083115398
-412.3423530329 -826.6550029400 763.9337411133
248.2934024107 1740.3675583503 -686.5875923984
-759.0157661239 -1356.1402444281 579.9567835714
-1864.1079237358 192.0437876913 690.9855076770
181.0844453957 -1511.8707597816 192.9837112454
-1564.1690893894 445.6474745165 1192.8353350180
-1631.0229045296 1345.6755244374 365.8418728172
372.0154374097 -1274.5802478760 1140.5589703530
1884.8959816820 1583.1644868422 987.9679765340
1988.4820150804 -571.8170931948 -329.9405923791
1130.7496745430 -920.9648521119 -158.5930187224
-1292.9488268929 -987.0863831402 1725.6429931821
1656.8898564073 906.2471238768 1366.2633020076
-1296.6550880396 -1481.7490243948 -1586.7627414074
-1292.6285257504 323.8065536345 1003.6233111419
-588.8299619383 -1396.5455830676 -1706.6934839295
-648.9774060930 972.2819178520 -1423.2182787187
1442.9802039772 -1088.1970202460 713.6889240400
1613.5842244051 695.1197086278 -379.9243614280
-1965.7719404979 42.2590710338 -299.3290089300
-1113.0066076573 -746.8956948646 -655.1336545097
-1992.2824390466 961.5014247806 508.3675118716
642.1335899858 -89.7657851569 -785.6787912405
345.0930845754 -34.1417580435 1508.1641291915
435.3122912298 61.0036317897 -1824.7988869147
-476.6390252805 1130.3498577888 204.2735599683
-1079.6561025179 1095.2635579346 582.4315685171
385.4878798756 190.9776678022 1954.1591526984
-1534.8580897710 661.8850507929 -1817.9562901166
520.9855147926 504.9561866137 -1479.3052285147
-262.0811309448 -1117.8003781614 466.9477196793
-258.5869135420 655.6991342127 482.5125501193
-1737.1606387546 112.4423816845 -319.5773350342
963.1949349851 -337.9169682297 -382.9316738965
-1962.0229354839 995.2967684403 -536.2560383143
1396.1573997142 -1220.6142007865 -163.9727880334
681.7458216168 1747.8758388555 175.8991436386
144.9091554289 -1002.5153359593 1484.4778628989
-1327.1788365859 1927.5359415790 -830.5005612587
-1604.4613297111 99.8556465958 756.6914686297
-964.4145096771 1568.6717825203 128.8790224120
-887.4074214231 -1067.8541637303 423.2011696039
743.9060930554 497.3643480104 1244.5889812631
-211.4380779979 -333.9684470375 -187.0643883117
805.1309048483 1133.7829909359 1633.9511190207
-1297.8660051249 1666.2667447212 1094.5827889207
100.1711047797 1704.8888848615 -1569.7864343757
-1597.2697104900 -899.5573324126 -237.5783969761
-1108.3138063655 -316.9930324216 -921.6143374953
-955.0629532934 1298.7211744130 1077.4535088459
-981.5456470949 87.7785526560 1965.6844243144
1786.4302415808 -1969.9506846355 621.0752963909
-855.8574769717 -631.4338190832 261.4353853848
1173.9923014090 -1716.3043482632 1427.0520198055
1700.3752843784 1577.1370008869 -1390.0605305220
-946.1554634637 100.0411356977 -628.6231615935
532.9356822999 -876.9253814016 -1862.2240124196
-255.7644030513 338.0046138179 1720.8937128060
1144.6595537510 -1967.1508664588 1376.4552769468
1832.9935859479 -964.0168004468 1999.6425609128
1737.3775001804 1637.1212869910 1788.6412537351
698.4058161215 1509.8144605799 -707.6887343567
-274.4494758304 1575.0127876998 -1890.0520956425
-1651.0377306009 788.4451912391 -622.4682670769
411.5164176377 752.5263896547 -103.4484875076
-568.0814318862 -1771.6418519805 -145.9563906243
883.3120333061 875.3058088663 -173.6150859819
-1090.3304391216 -377.0689520826 416.1427162174
-730.1390685445 -1440.0125996717 -1193.1188767518
369.2896821553 1803.2985102615 1717.3204351621
1686.4146336908 1303.7537111689 -1064.2824155876
-515.4131097542 799.1712546574 -1561.8125583110
1.5778419705 -893.0312342845 -1255.5084556596
-1762.1987775393 432.5431322927 -1381.2925635303
-358.7768424768 243.5862566415 973.5845253531
524.4579898539 -1836.5894785124 356.8024821808
-521.7119863232 657.6163732515 855.2669584243
-538.1127871454 -682.8545991065 1674.3795265703
-715.5532962855 -1170.1742518572 -1334.4203562383
-698.5657063427 60.1176658058 729.5119085054
-1600.0123644924 12.9977704449 366.1408656150
-1097.4420764121 -155.6510486343 803.0350743333
-1041.7918577815 1908.1671513444 -1234.5536874157
-326.3807850506 -402.3724813798 975.6093315857
1022.4543686696 -1905.4041118478 -516.8218552705
-1617.4761333085 -294.0758505026 739.8607284549
-1785.4378079692 -844.8494183471 162.0341638490
98.8236885329 840.4546951630 -438.3353692522
1828.2393390695 -192.1414037427 -1603.8885176340
-177.0078546790 177.8452076225 -822.8567183543
1336.8230210714 -1004.1044265123 -601.6131913873
1695.5516008641 274.3012479216 -672.7984591914
-1664.3679557317 796.5099819567 1912.8264254990
-703.8416713902 678.0568765527 1197.3911362999
1572.9941986505 1592.6605024577 394.3687828635
778.1794281194 77.9943086344 -1451.2363103954
1123.3639459843 1447.3663423246 -1565.4193323522
325.6880324902 -1046.2415864483 -1998.5924580749
767.6393869213 824.7612863307 1693.7171171559
1640.8746875097 1222.5710687927 -1186.4150422101
-1961.1809732884 -819.7896211285 -708.9441094877
1514.3541945403 -1006.9018616132 1534.0502314229
308.5883943710 660.8278769279 398.7380228456
-390.5987725089 1415.4175046545 -426.7270997345
-650.2226451665 258.5126409684 538.7685700140
-1031.8925061199 357.5958664237 -1382.3174927614
-832.9958785493 -1819.0443027165 688.8520162959
357.2811165666 1834.8786163219 -1441.3859320370
268.5944195414 238.5920775413 -1854.3667939741
-199.1900902050 -291.9337115921 -71.4380704553
1918.4899531005 984.8836773975 1108.9349795769
-1969.5660580409 1955.5840374174 -611.8361266640
-1143.3068757626 -1330.1873278915 1333.2815716361
528.2765798604 -14.6773852817 1932.2388373030
1809.7119830730 1634.1514475403 220.7043150967
746.1525628434 1223.3257292372 -1798.4219449373
-440.7739672198 -936.1398887906 1290.6688119324
-1654.1280641893 -1708.3966606191 397.4428494774
-520.7183193568 -1213.8948665857 -294.1460036459
-234.9127424726 401.3376479173 -162.3540420710
1929.6916114938 -4.5928422992 1335.3132875239
1392.4370482824 -1529.8686244384 1425.5516101820
-223.6904854610 -1729.8335519168 -481.0602002804
448.0527277414 1922.4622654520 -655.9579926611
918.1124719109 802.1515103745 -927.0878119793
-255.2004952716 -133.9564915335 1950.7705426053
-1380.6636771843 1179.2215630822 -1993.8988214389
1852.5571797498 -1587.3233158656 793.1894559299
1579.0994654048 -1530.3023293208 -1810.6546748540
-1154.6458970137 507.2648066609 -888.1457421809
-1815.8835826349 113.7905648148 1300.3412505868
-927.2419711240 680.0256590528 1955.0937518115
700.9270953673 -1503.1316821005 1860.5968404148
864.3766871218 1507.8294480287 369.6549325011
946.2954522624 538.4045261988 -350.4637004324
1903.2387789332 -720.8527120157 -542.1779825020
1826.3334746593 -540.5637415030 972.5139517864
-468.6156797751 -1865.5644708122 -1996.1071425997
-631.0136951119 1133.5971307229 307.3157287534
684.4111077141 -1342.2288188595 525.0286451948
915.9139275053 1757.5706925960 303.5176510134
-452.8767612281 1807.1136968104 279.1727576965
484.3723531611 -812.2287317607 1037.5680470237
-1902.7251855483 -872.5747861186 1479.4977569766
74.5899814055 -1004.8646215181 -1532.0497964657
728.2240167919 -1303.5443497522 -481.5709798003
676.1574862960 -509.2286874405 -1493.1516323706
546.4349536692 -785.8399662727 -1910.9830601900
1914.9358541842 -929.5106899045 -1857.2742379376
1789.4543566039 1540.2949499202 -342.5847192043
1379.0430178047 753.6131235312 -771.5931994104
-950.2946309897 -158.2146383579 1939.9405238477
-519.0863987618 838.3301942022 -1891.0445858212
387.2847161244 -442.0692101103 -883.0687038635
631.4244094431 737.6470926107 -1913.9205298970
1731.7970436415 750.7020426283 996.5312023100
-1243.0751111362 231.4954495175 1837.1223762585
-28.5663380995 -418.0685568285 814.2206462480
1974.8554196255 1126.6858731330 1772.7897149000
-1362.8004369105 1530.0715564237 1090.7642780385
1208.7642758952 1573.0962329094 1760.9660286073
446.6227887305 -1119.5604070434 458.5658071317
1691.4473466158 -646.9425793044 1894.1417785198
1448.5397079859 864.0653724309 1136.2277263012
-594.2059208897 1918.0802427486 -1128.1061487172
459.5784125759 7.6727433985 -142.1095347517
-1020.7463241093 584.3474505564 1716.0102646416
1080.3714630534 -488.5117806124 -1220.6119083915
353.1526621483 890.6472624458 -82.5772300819
1868.7665065409 1122.7855730168 778.6155991891
1757.5075293656 -753.7234148120 -1844.2529791681
1459.4548187297 1121.0141820284 1261.0017748210
1245.1898980694 744.3522931575 -1353.9409942830
1396.7342639904 -1134.9535772514 -872.0017296595
1445.2902431429 -224.8262239672 -1576.1832889684
1362.7925925289 -187.7014512226 -1696.0230333698
-186.3164761032 422.4150314540 -921.6781720916
676.6917840296 1778.1173127412 -1040.1507479235
1299.1678491617 -523.6641249632 -1270.6442617148
1577.5456518974 686.9231201011 264.7839417978
-732.3687372839 711.8747875212 1727.6781745909
-1846.4434423895 1074.1176329222 -1568.8108704496
1139.0992865542 666.3550701810 -335.4452071499
-968.8497347705 355.5859418387 1577.4103108560
-1904.3967808246 -1144.1611750489 -1441.4521356554
741.6581484129 386.6778656708 -811.0380335564
-1331.8554425568 -1767.4018613829 1719.9527139557
969.7331055490 1410.8312196165 -612.6254943869
-991.1243148562 1070.5814999599 -407.8841546646
-637.7104287095 -436.4166348865 1465.4368474748
1890.2329134629 -517.1296534838 592.6881707841
454.6206960588 -542.0624862341 1646.7135724059
-1272.8062873317 -1259.1255396642 975.3673663244
-850.0597326690 622.2101635813 1283.9542775575
-668.4951663292 483.1753641660 -1315.6050099354
764.3988354054 -1762.3768923535 178.0071394214
-1910.2180597788 348.5333167182 1914.2325795647
-1003.0447106846 -1104.7563336840 -491.4720590947
1203.8907528140 842.8112426318 739.8004312832
-67.9580371994 804.7257293614 -952.6603788044
-1922.4432387942 264.0371509156 1942.2871696512
-565.1919977756 -1425.1979730593 1296.5956365311
140.3880277886 1896.5806260929 690.4219230905
-1051.3017614300 1995.5218941208 -79.5199603590
339.4666394648 -1229.9080779811 -1118.2113929384
1394.1967618495 488.7686634855 1225.1495077983
-540.3961470527 758.0117769660 -719.3626280717
370.0923301199 -1822.8672294244 -63.9580337584
1990.8469241230 1938.7093106297 1771.0061674720
1394.5621532321 246.0348987460 1669.0280124076
-1593.7868360490 1040.5809435367 505.6140803789
-1666.2427670758 1253.9525593903 373.9533511284
1741.1646355905 1809.1502929240 741.9831238477
-468.5206497234 1361.0481697378 -380.9089668899
1635.2200684795 1697.0311831314 -795.9277959853
1094.8074534128 701.8431388895 -1945.9124877764
-844.2170772669 865.1969458239 1288.6763931843
745.3960769104 846.3235182796 18.5542101062
-1298.2604297791 -129.2566418933 -655.8500218948
1181.9245423222 641.3998883200 -281.1951081320
388.9687684723 -1212.8093130375 -1585.2565968300
-63.5236233259 -797.2167671271 1103.9739023105
-353.4075668587 -1877.1676038337 1403.2117240040
221.6551058237 1344.8897522531 1694.1995813384
1546.7471667749 -1506.3712041713 -357.4832775352
698.5977614406 -422.2352961917 -215.8385202887
1925.1582715617 36.9922110855 -1745.6884682731
914.2075973600 -196.8383846189 -1330.6510716673
-1644.1072161564 -858.7102336497 -773.1499727874
-1397.8588471507 -545.3605011070 -1417.9363595551
1.0746443017 322.6279925122 -989.5489102306
-79.3291826478 1157.5188795682 1511.3132898515
1039.1729625140 -264.8304996565 791.7285801503
-1017.2042517603 1593.0940722176 -682.7189190329
-1865.3488491467 -80.6185608096 418.5736752523
-421.3625205970 1583.3541038962 1570.5877738381
-42.7622865961 350.9246268383 -864.2916742860
-1437.9106166526 -406.7971566117 -1700.6673239144
716.3334845271 -568.7723734639 1709.8768871282
1261.0157354095 665.1595143919 45.0279115823
-889.4384916516 637.0838540551 1882.4926310104
1826.4031956313 -1548.1318584426 1757.7753749429
-71.7934494313 -927.2612878239 -564.4984820815
-58.6773815923 1690.3248826936 510.6138851889
-873.6735110839 1344.1318390264 -635.6509746552
-598.1766120816 -1530.8984498103 -33.2433476921
1407.3257641772 -1285.3975485394 -1227.2057313197
1525.2320437116 -436.5655359363 1985.5486971553
-1183.0395972709 999.5586909384 -1026.5616155978
-756.6405009683 -739.2636739270 -1451.5797701025
1321.5785880624 -853.8349674765 -1111.5599526717
541.5573049024 -725.6423107916 -1939.3338484406
1507.4103167916 -1018.9611019646 -871.7975450222
-1595.4390137520 1794.9182344519 -458.1313202838
-463.4582923091 -510.9749664577 -1331.8336883899
226.5590373485 -545.6123570000 1270.7304565257
-92.0717475164 -409.2014063756 -278.1516852932
-1246.8171747544 1851.5851767360 361.0121976686
1335.6043566832 1696.3398146166 -860.1890765039
1126.9220349407 1527.9065391909 -1992.6156596888
1828.9184703833 1020.7275923100 -1638.3952088159
1283.5576294859 270.2578513246 -597.6709139913
-834.4702620033 -1532.8784809564 -1655.3087116608
118.3215650249 -715.3913599910 -1136.2607534718
1814.7522840350 -1045.7222221518 -1228.9582798290
660.6590767724 -735.8225237547 1535.6004354913
-918.3480797653 1035.7793422844 -1364.9266820722
-34.3666543964 -1557.0445026226 -1010.6791263118
-39.9720068115 1780.1636845241 678.6824306853
-791.3966895187 -950.4570398002 1681.5380116208
-1262.5803488024 -1020.9717868726 -1972.3338740463
1447.7184348679 779.1854250039 -635.5747196061
-3.3921853420 -1230.1041248583 -1457.0344203975
-31.0700708673 368.6062591391 -1462.1478163654
-1304.7186693982 -111.0070555034 1793.2228841799
-307.6421411328 -865.3829314837 -1831.5592308616
-1222.7506002813 1720.3674660280 1604.0419761850
-544.2155244388 1854.0498859721 -486.5007709636
-1318.1383102446 596.2194279618 497.1511881969
-575.9647868596 597.0644323761 -505.6994853751
-1820.4186984940 -1206.4940902478 -1367.5590057020
1416.8303654424 -299.3601790004 -1590.5547608057
27.3582828588 65.0501527868 -552.0566280604
-1995.6727545761 -310.5012277222 -1691.4068924040
-1261.1919610771 -1022.0548293652 -1656.6252696624
1601.9938438433 -1233.3232359895 1527.5184698751
-1560.9451162156 -267.8736228462 1914.9691514125
830.5130120698 -1004.9940587291 -1558.2848584650
-1660.1383155133 -774.3393094557 412.2508480262
-1438.9199588760 -169.7961197359 1106.0581198257
868.6973952523 -1212.7057656744 1592.7542616271
-1182.8363771705 1014.4971280717 -516.4090157670
-1444.0967224620 501.3099116084 371.3585258040
-1800.5104733608 -578.0202912945 900.7225844879
-5.7107170806 -239.5514989686 -759.7308694596
-1645.9439672944 64.9603993340 1109.5675165819
-1792.8480700476 -503.8266562426 -448.9076576518
-625.9903585700 1009.8586844552 -1369.1271223610
-1917.9626853352 1746.4709411506 -217.8178078368
-763.1052264690 -184.5382449142 -906.7132438922
-1278.9104952736 -531.0170965893 -1180.7295091697
-1061.2940598602 -979.7111053743 831.7554724887
1696.4034359212 -1100.0558251671 -1182.6379418476
-1176.9367427086 918.1847578414 -1937.0497932105
-1731.1858627016 -275.0284027791 505.8931299732
1269.1647839987 1995.5697819348 -997.4288082407
116.6887383235 -793.9556139447 -1340.0977568567
-586.7139225683 965.8325390530 1781.2708728137
-406.4178990727 450.4164780866 384.6494057026
-1967.8954615158 -432.1789397828 -1502.8410800878
-1484.7942160955 -1095.2488778379 1521.0732012037
467.4479660098 -394.5389395509 -581.8135792531
-1244.3695884685 -789.6024771689 1854.3961759382
-141.2357574760 196.1772587011 -998.0103842362
600.0018439239 -548.8316020432 1014.7736547227
-1298.6354403664 -1274.7648320565 391.2295269275
1375.0090173806 -1698.8570394145 214.9866991430
-405.5471603065 -736.0695933543 1073.1900832233
1158.7217738432 1533.4694232417 466.0338544469
-18.1017879159 -1643.8172324392 366.2752523677
360.9230808177 453.6756455450 73.2774938698
578.6159338445 568.1806664696 776.5129586877
787.0059206206 114.9943625275 194.8717756894
-1733.5838577493 1892.0921392614 1091.6735694748
1838.7513527842 -65.8991459900 -33.5688851144
-1655.9267533332 -1949.9411960891 1232.4899229024
1132.8904794548 -1439.9090329095 -637.2530825847
-137.7004498522 -1164.4280074688 155.2846034247
-985.4465319404 -830.3204690374 1616.9436964821
382.9242924577 -216.0950910055 -761.7399475583
-154.5722491704 -1067.0787316355 191.1684802050
-658.3209617389 -907.0001748965 1191.8085784344
1416.6641095214 -214.4680592991 -832.2246657238
457.6796247663 733.8279464960 895.7743219492
-65.1768926658 -657.4381237679 1400.6310053699
844.1610876935 1760.4040375350 1032.9103397742
-1879.5118383495 1978.3718380278 -1998.2509306319
932.5198304125 1640.0044068708 -1718.3711404078
-870.6906824365 -235.6978049082 -1955.6779618588
1834.1841467287 1508.9063047687 1771.3651448208
621.5616032150 -495.9769260984 -1714.2210963598
705.7445595170 482.1056863478 -504.8779740032
1794.9182791026 -1310.8034041476 -1254.4177995681
733.5625724141 -1655.5806796863 1505.6362170940
1657.2361976031 -494.0588050002 -1632.9935503686
-1712.3400694128 -1421.1380713226 -889.9717057261
-970.9162643726 1419.0355666465 -442.7136395363
1419.5309981131 263.9377677996 1066.6833895245
1516.7574150511 -1896.5437730500 1502.1825070705
1096.6525410210 109.7336972298 1239.6173988087
552.3347915495 272.4500841906 1383.0481619049
249.4527367023 -1121.0210593252 1800.6914400646
843.1576591068 813.0886549689 -836.1436788802
102.5951640627 -588.4962418146 -909.4476065676
830.8485197070 103.2896415621 -222.1778489614
-394.9104624279 -562.0508687467 1099.4041229852
258.3520520367 -1987.9348678735 -1466.5253984809
15.0750922473 1131.7432844224 378.3071329174
-54.4803558864 -900.7407738178 1654.0736186076
-1289.6080441399 -1843.9767064106 1019.4910212788
-259.6635031844 368.6795096334 -1915.7137285012
-43.8109027254 -548.9177469702 107.2704488893
-260.8172393491 -685.9332531590 -370.6699441347
-826.8979944203 -1010.0329072003 1044.0146200257
417.2331941635 -893.9671865443 1180.6452285174
1748.5646686230 -1724.6674242383 1976.4969630435
49.7289857952 -1484.3886492759 64.0970178838
-509.3632388910 764.4259809390 -616.6424856864
-1812.5474816095 1483.1959877484 1841.4931042073
1321.0468219437 -986.7498567476 -1126.1997254647
-1185.0171839349 952.2427856607 -1676.9753467369
-979.2321908081 -853.7365872988 -1372.0977730769
1886.7102493464 -1717.1020067454 419.7097409490
895.8558448301 1758.4060349712 -981.0120895662
1035.2675179366 813.6868715106 1485.2183541783
1673.8249660885 878.6186819380 1465.3249460697
-917.8578704726 1298.3720886860 -1135.3376498398
603.8480914444 -72.8019817973 -1215.7044348455
-793.4859777108 -1545.7418906492 1590.1225053390
251.5035747051 -159.9617701483 -1071.9135047680
-171.0418568046 -561.5443979622 327.4200780885
347.1750652520 -1844.5619728542 -1870.7048370230
1902.2786199314 299.2609800110 -1915.2289952119
1874.6230202737 1871.2498255943 270.4815878440
1847.8019675191 -988.1898171326 -864.6462159320
-1963.9668251909 242.6015748165 -530.9745641288
366.3242309856 -1250.4059965650 1589.9709701819
-830.5673314932 -1063.5924507745 1941.8788140596
-193.8824012789 1851.0536099844 -1217.0713583744
1536.2977919348 -1653.5093443399 1016.5787949636
-1616.3469178720 -1250.4771683871 505.7422609674
1941.9425308171 -342.1307343751 -1176.5976459354
-1591.1748851444 1457.0222213040 1895.0325693430
-359.4096037148 -144.0335056365 -1182.8072416942
-1092.0549349306 -1577.7483618857 -1427.8318019361
-338.3503221990 151.1213054589 -1908.8135816436
789.0218948446 -1343.9961820572 1683.1899374560
-1940.5339160011 -1964.9699537950 1373.9164173751
-1485.2173438850 451.9149455188 -1929.6046048918
300.9115806960 -1346.1505608630 -46.6476841400
202.6175927522 151.2687859648 -295.1430788197
1413.4412228472 28.8616525469 1162.6587296017
-1412.2861509542 -1491.9618500797 1540.0994929058
-781.0963653205 1679.6037893596 -1933.0250137480
1145.7948998730 -499.5404003983 165.8511177302
-410.7339631951 1511.1359927153 -1622.4473429684
1525.0384263061 -597.3348559731 869.9385925031
-491.9669825859 1304.1774698869 284.4369149977
1584.4105586341 -1490.9915524423 470.7902842498
-1577.5897551504 -471.8223377725 1444.5700581188
-185.8890001211 1940.8742892735 -207.7131697139
-1528.5553561791 -1898.2845463960 -1223.2226210733
1124.9984519629 -196.9368993072 1759.4184585847
-1165.4355807680 1825.0551692197 1034.7267244746
1839.0928918035 -888.9878788152 -1260.5396748596
-798.6102511122 -140.1858032428 878.9901885512
1604.9797934228 -1530.9673647965 -14.8653132604
-601.6294668561 -1564.2327221213 -482.6044014075
588.1987005753 154.8469229907 -78.5056121722
1932.7343169215 -723.2622008743 -1442.0585910441
-641.1575133605 -873.9678090056 -1829.5770973469
712.7324330470 -1366.2637612893 -771.9531062193
-1748.4675317493 894.0439410463 511.8876338743
-141.4612989959 -650.1834009545 509.4198029626
646.0665228487 167.4135759789 725.2579367632
-809.8129809076 1456.3814078692 -747.9399088404
404.5910767065 -1114.4503269151 964.8117633628
33.5315583813 -485.8996846332 -1320.1572894093
1304.6660403047 -1357.8308402089 -934.9796645922
745.7225468666 -190.8293787977 -895.3649101078
-83.6708777711 -656.2179925378 1019.0159076578
-1046.7735618182 750.1381123807 -786.6819398116
-126.1836947827 224.9223332353 347.7193158235
134.4846958555 -1424.3807781833 -1140.6180487613
-1808.4645525418 -190.9281183767 -1154.5501405987
1386.9949920445 30.0891655459 1640.9908954906
1833.4555151535 -1689.2228572192 -1361.2684613879
-282.2137926564 -1485.5648830694 -652.6083863603
947.9353785067 1608.4169266684 751.3087822299
691.2104075776 -600.2484641039 -128.8324634034
-1567.8324715758 334.5669907500 -1065.3201244308
-1250.6486759590 -948.3767390875 1661.9883830071
545.0525545502 142.8713058546 604.2919083557
1402.5517241844 -537.3224558169 -670.5656322971
-266.7694657694 666.1703437106 1634.7844402940
1046.9481899599 -72.9491503118 230.6741352650
-708.5285636545 1709.4072181426 1717.1456335017
122.8589613829 591.4505455703 -508.0609354533
907.5212130057 -1918.6667727996 1957.1239814314
-515.9885480862 1787.4584387462 853.2816537357
-753.5886355819 40.7734013702 -1445.8340033710
-1794.0087812431 -297.2565938012 -946.4589370497
-1939.6257373360 -58.4464376815 -1865.5342408593
-393.7635001374 1869.1416860534 1092.5962682124
348.8311441164 1945.4360911253 1347.8174930547
-372.4526691736 214.4313721297 523.3342403076
-1261.8496296116 -1845.7053757130 1350.7706608204
-307.3222711658 -586.8823439559 -487.6156142795
-208.6884198091 -347.5532777844 816.4788357502
-1771.8708720719 -167.5970134169 1224.8966286625
-430.0117862207 901.3533793167 1991.8965622313
-1100.2294301225 345.8728804631 861.4934623716
-659.6175597230 -711.5368669105 -1492.0738456537
-1865.1773048800 -748.3279165831 -349.9360540229
-1079.0903236529 1148.4081266257 1814.7268490003
-366.3047922447 -1056.9957450376 -738.3465320731
-1719.2657664848 -484.4773051938 -769.4465262699
1902.7834277796 274.4765567817 1307.5897225962
1735.7418881011 -316.2539112677 797.5732695744
-357.9387772829 -22.3350108062 -138.4382474135
-1643.3772452846 -116.7351683128 -1039.4535884747
-109.3717016589 491.4374134719 -60.9725691031
164.3164348297 372.7888910597 -1602.9029819572
-965.0458195138 1486.3669368656 -1085.0158094190
-1893.3338900052 -1862.5457454632 -296.1743276110
-1237.6126311361 -1016.1652668122 -554.3459675360
-1257.8362291832 -1808.3118635818 -1504.2383317966
-798.6280263308 692.7680452678 437.2410493013
480.6741617992 -1085.6720316747 -209.6378264443
-321.6826025559 1783.2806438193 1349.4372656151
-1090.9037908809 1527.2485382372 -1524.0810622096
-1544.2944342971 1192.8363966342 417.0947011123
-1189.2508603135 444.2165359379 -624.4966171605
-1658.9828951944 -194.0330219507 -1503.0913212262
-1762.0598282281 -1039.2836829299 1079.4716270898
-370.9362443633 1879.5176228762 45.6843308742
817.9834385403 -620.4805837956 372.7146399290
-846.9213621627 -1348.7063969024 740.5060781879
-1313.8874703544 116.0365317103 681.4872577906
410.8557576044 -211.2376037533 1069.8173154960
1383.4443705114 -1245.3584451208 -794.3453597001
-885.1925464111 900.8503770444 -1818.6110449118
-92.1915750942 -87.3068506482 1032.8081814403
-1990.1376979575 -878.6014574911 854.0408247383
99.7165639977 -522.4822094652 -1447.8443064934
1395.6257120620 -1470.7146996109 -841.7186736195
1685.5179454700 -1120.8409885266 -509.4190265504
-279.6554320520 1690.4800945580 182.9530613746
73.4433288983 -552.2601229086 719.7647344312
-1026.3628317372 1638.7828484727 410.2043256158
-1975.5363437601 -1961.6649949174 -1587.2451129994
895.7919122670 1725.2179441590 201.1485080507
-1180.7819351483 -1717.7936418969 -849.6911451228
-218.0737203449 -1190.3337642025 383.0302998870
-1107.8315999530 324.0143669596 756.4748765116
-1050.9638110946 -141.8448543522 -1199.8311126423
-641.0339108859 -1649.6137129645 -507.0559469047
939.8157485178 35.0165283610 -640.8061807150
1442.0240229065 1395.4294305678 -1469.3056789903
-1929.9837484068 895.1532558558 -1096.4716427066
-1728.5802872236 -1027.5475926851 -783.5147880871
1748.2778326591 1613.0626133362 1709.5983873797
-1616.8529657422 425.6403984742 53.5059593028
1840.8432627946 961.3233613725 531.1332483795
1394.9383327716 1155.9205544478 -1291.2968614751
-1368.5538521723 -1013.6266436828 -1239.4174280564
-256.3577825303 1958.2808214928 -440.5926187383
-929.8786449758 -1310.9284785334 -302.1383137488
761.7977476345 -1504.9092203112 -255.0970672139
-1048.3000129008 177.7794514246 315.4195174495
-637.0767575966 -1134.4374402377 -1688.1007219721
-1372.0483936271 -992.5780464701 -238.8991790792
-1280.5229667490 1846.9992773400 -1564.6944704904
-630.6919582034 -1235.4571039466 -260.0751412948
1071.6709332369 839.1181664610 1651.2481745581
-1016.1833845199 -1853.3752286223 928.5159506666
65.0399297219 -1695.6375388232 285.9200642993
-233.9425307370 -1713.8985544305 -788.6210822146
-653.1730185351 -574.5565508166 -1280.7737356855
-1428.0758775178 -1744.2968069108 1602.4282187160
424.2883889710 1838.7358371666 1053.9694443726
300.5506255995 -1893.3360985050 -1707.3295824946
-732.8202648504 -1919.6338525785 1691.3538794156
1311.3333059178 439.4390620916 974.3429398013
434.6432057501 1371.9259215062 -1990.9811314205
1767.0732664354 -571.9582333102 230.8505983479
-579.9605969460 -908.4776010735 134.4647069512
-1211.7021578375 -508.4856194818 21.0057135368
1047.5115190792 1621.1964062965 835.8186588338
-1061.9350978635 607.9957472723 -458.7235247357
1639.3951772603 -485.9806577975 866.2394059479
-584.9967336679 1132.6170499675 -396.3428872521
-412.9531059519 1101.4701108130 -1609.4109704758
1423.4360463181 -252.3995410032 -533.2587228325
405.7435580874 -1978.2753711846 1534.3278861489
-1912.3090190200 332.9893195010 1243.0825772244
-1584.4292197605 1239.6777263892 -1084.5757249593
-1624.3050305479 1306.0136546122 -805.1953032621
-1730.4502747971 1924.1601145727 -1033.5980965025
1368.4461744673 -1449.5986170994 277.7432947789
-1911.6879190192 -1561.4101867140 1633.1881744008
-1031.4452677337 772.4584794714 -486.6169676055
-1192.4560195173 427.2696528579 -1542.6462811013
-1062.1054327636 -1096.1552948952 -508.9650134870
860.4228531051 -1614.1872716067 866.3064971012
565.0547132626 -1672.3234088358 -1718.2114485735
-941.6343654231 -1286.1765892435 -1482.9412526126
-579.0739048030 -252.0757798971 965.8140692448
1423.9446694523 1664.5756561524 -94.8077105797
-1111.8507119885 -848.1215467114 -736.7920492475
-1879.3878895431 -255.8103732358 99.2754355351
-833.1609212270 -1657.5186455870 -710.8561271600
-715.3604130664 181.4563437100 907.5018568571
-300.7284503785 635.6103003109 -981.4320487171
1047.8381483707 -1605.2792278460 1858.6781069359
1381.0549391326 -1748.3319048463 313.3909845197
1950.9882402942 -1834.7038846037 1822.9965744396
273.3654310635 1800.9841120316 1019.4138268011
-653.3203096137 -1273.2328262697 -1278.4570097064
1171.0594237957 -1708.7201665228 647.1092228218
32.7875045052 1396.1699788282 -932.8591985644
-931.0656245091 574.1860979458 769.8634372168
-1682.4705058919 732.9555883897 -872.4377910534
-1290.0258771744 381.5090330302 -1544.6416614196
-1291.5715508213 104.2784566444 1728.4889221272
316.7464439107 272.9449878879 -1109.2336866736
