-1290.3308449871 -271.8470496003 1318.9659995941
1182.2964074510 -1943.8237744113 -1424.4748520984
424.0555666209 -1270.4929838935 -919.5046118288
-489.1328506890 -1326.4450697329 -910.5553349421
-1083.1402242805 1276.1073326109 1223.4394909907
-933.7685284719 255.8305113069 1581.7315990006
655.1980062325 -741.0412586407 840.1953480169
291.4373883365 -1379.2312815152 -186.0277991512
1614.5812703052 1545.3581920490 -529.5290158062
-1423.7748271664 1232.7530182169 -286.2204427039
1791.5738176519 113.2305105639 -1624.9966554820
678.7241338560 1432.8865148215 1483.6377737341
-132.2986012713 960.4276736825 1372.7049768616
-248.4379080357 -1926.1379553368 -1864.0804244532
1549.7455859267 224.0067316522 665.4368473831
909.8780415604 -1311.1703314934 288.4761640132
-1018.5020646900 -1895.6646170528 1916.9278675163
527.6762616893 940.0642949468 -1450.4203424461
1593.9412666624 98.0255961002 1290.3851564210
-210.1418826614 48.7463909190 -760.4397728815
-343.6718810893 -1355.4925347112 1992.7556190419
-1959.4272767992 -1949.3660283131 343.2131497747
-630.7455409230 -1259.5355361269 259.4403103674
-300.7688045748 282.7595532866 1612.8003757569
-419.9501883186 -1138.0023060135 1866.6357365994
293.8196451390 -1354.3531512224 -860.7108606667
-1907.1970844602 192.3075519068 -236.7808797068
953.1082219118 -162.8959936417 476.0324469113
1276.3763177163 665.3124264302 443.9914486248
-1949.5514436463 -1453.0932308330 919.7759046970
-365.6499262883 -22.7896293669 -64.3302890944
298.8746449761 -49.3515386313 272.5796274672
892.3060544504 591.0896946259 348.4823241800
-1570.6421446168 803.4960882164 -1599.3595398952
-1019.4729447269 -1466.3305626814 -657.0051202572
-1006.3821881067 885.0131948967 -866.6981802427
745.4567308530 1731.7061821921 1270.0647343446
1194.0185069675 422.4095436226 1521.1324917107
-781.4919028539 -1389.8959964218 1702.9296722548
-190.7117732234 1578.8251700221 511.9859678551
1765.4660158643 662.5323376814 870.2651342353
1089.7812637353 378.5154802334 -1982.2452707271
946.8044311497 290.8097640875 1590.7019720419
820.4168767752 -1300.2834159941 378.0112188565
-1833.8934586805 1241.6029739531 -134.7475614571
-1262.8228944861 -1068.0288833757 -402.5350472697
-462.4061748924 -1706.0370481653 -837.6738917503
1146.0650816869 -1843.6021640010 -99.5383589045
-906.6800392356 -1426.7389442138 -1718.8093864709
-1076.0680564259 166.1705226874 -142.7367966542
-1714.2464520582 -155.7629658805 1546.7378921015
-1214.3499989954 236.0967161015 -1004.1452559107
-1275.5482913478 -1022.9607741727 1720.2828247277
375.9542477905 -83.5041516979 -1151.2386958388
-1728.9300304860 1152.2047434965 -1988.6817357103
906.2821824852 -751.5362862624 297.6485754279
-222.9501614740 1161.7425326473 1558.6880022810
659.9615473939 1776.5664513840 849.2436251007
1198.4301434847 717.9587443903 190.8313557048
-1389.1806900937 881.8630696002 -1403.1292110275
-1679.1485310810 -1635.5027048150 750.5791176617
-1530.8242955164 -97.8815359902 610.1350960008
-1293.6782249502 39.7757858903 -690.7723076434
324.4634158079 1587.4207314059 1070.0346505885
-1945.6009179724 -825.6108313538 1762.7216993469
558.9922147127 719.4530429927 -425.4736757749
-36.5564855725 -253.6518572427 110.6700904480
-1754.8666031936 -1115.9488346714 1152.2000325352
1866.6606848260 797.5500878389 624.8422251296
965.5804979943 303.7335027219 1805.0893982714
-85.0550455980 -505.6296200293 1005.1538743510
920.3246288524 -538.4515775131 1398.9819939459
-1410.4475178993 603.6371934156 -1160.1928931443
-1480.4841658091 807.2755661402 -321.6315287005
1371.5072620529 -111.1589898797 425.2084411371
-828.0978095591 1877.6505582226 -332.8473603709
-1013.2511898472 872.8615384585 -1481.2752762096
481.9596658305 -148.8972677756 -227.3199167731
-918.2852741451 -1816.1836058102 -1230.9476685469
444.0129918644 1290.3576015639 -1789.0831146829
1787.4628118541 1687.1791157833 87.6668754382
-111.4186865442 677.4825341565 1908.6626187500
-678.1463389614 -868.7771282289 -640.5845998330
-631.9269291804 1226.7565220274 -317.4035298528
1904.6166848950 -735.7500861546 141.4982072657
409.2077463614 1120.4068973107 -1600.3817389074
395.6892534987 1282.4607924680 -1577.6275301910
-1417.3111480015 1741.2055303522 -1405.1773968641
-112.1093672797 -942.3059184007 -208.8499619436
1815.9272322201 425.9485375105 122.3587226684
577.7298410890 1988.6530274414 669.1201448047
-443.7987332668 311.6170509799 1843.0543025477
1368.7247339381 -1778.0556884796 -616.2487731617
1658.6234832292 1310.2612468043 925.1415302935
-1749.8838578782 -1689.1200491501 -529.6678373089
-1432.4725422729 -1736.6420695859 -394.4366250005
1146.4103636167 1289.0653854438 698.7797957820
-70.4736989498 -1390.7780930235 -229.9389578691
-1508.3412878439 1699.7070305812 -760.0256755248
1996.7954536747 -1855.3757330818 -816.4151409213
1725.5310079842 1917.0976210296 -381.5973138271
109.2459298379 -513.6873740686 -860.9144908948
1360.2954403559 1646.3808260164 1470.9923284500
-1348.8359198065 -1934.4390762954 928.1459040361
1989.2891660013 748.9506974577 711.1718464989
1830.6481543598 -219.3642073816 504.1607510753
300.6102855691 -1599.9545601568 1360.9419079275
-807.7907309149 1862.7511146213 1674.4206414116
158.9060869925 -1999.3128924740 663.8461299093
1971.5539562412 -3.0739624566 -984.4400139873
7.3927742151 884.3748828258 -433.9733256590
-880.0829644755 -824.1723869801 -1563.9127792224
702.0732174253 649.6270300549 -1963.6104495789
-1865.0214364132 1164.5115683343 264.8263286719
310.9648246876 161.5520593110 -1286.0022728205
-1087.7554977602 -1946.6019990285 -1450.0352980636
-1482.2934760034 1253.2134015455 -677.4195702505
335.7246821256 -698.8725761993 -825.7780098862
-1823.6963370141 24.1039317110 1511.7901191595
1716.6438799972 970.9800391941 -541.8622739852
-993.6457474433 1837.8876174202 -1758.9947475270
-1830.3731334382 125.8279220614 1071.0059112867
-1348.2035136682 134.9427403765 1409.6910304336
1415.4140876378 1725.3196166641 791.1154152643
-954.1669105615 -161.0013366949 -176.1294911459
-1319.3810059202 -667.1240218605 -1840.1823018171
775.9340794090 1276.2861831556 844.6713010923
1378.9698018798 -925.7281082511 -1509.3490512710
1048.8407371767 -1070.8723843198 -1551.2352703273
210.1928313501 -1784.5967380405 820.2389781792
423.4318907240 -1407.8666469425 -1464.0966713178
-1283.9379059153 -1891.8522873672 1346.7197641570
-580.4424090086 529.4798945246 -103.0067598344
1945.2753285940 -691.4177449821 -1571.9938528764
-971.9235686001 206.6936639492 1436.7877894800
-307.7278549351 -1886.7312504753 1784.4048619098
1359.2034110629 -345.2282341777 -1789.2660148852
1955.1054112320 -1202.0581528479 1637.8830268508
-737.3822988775 -952.8985573278 1148.8167760315
-1548.1966577588 -346.6923268647 955.3760945053
1674.6952200784 -905.5649520262 128.1293793292
-483.7373404433 -961.6645295330 -1728.5221981404
-15.7399053568 -1955.9236503042 -1310.1391341370
146.6006432929 -517.2238822137 -1734.4736548989
-70.7243490107 -865.0113177927 1771.7496803222
-117.7379834997 -431.6470447310 1576.0756155076
-605.0116131179 -263.6822057946 -605.8789794083
-33.4659268915 1710.7786136763 -956.1241449215
1859.2973370188 225.8181385468 -413.0833251064
1827.5352621429 -436.6703855891 644.9767880780
-711.5840074961 -1466.9799948280 704.5427147671
569.5537245682 -516.5380858189 223.0874630035
553.6010404577 -1355.3873566859 -779.2024194303
1983.0862782859 1336.8257853900 1635.7455516515
-1850.1496281519 1940.0530562735 1225.5011403310
350.3960741697 807.8264862309 -107.5161304426
1298.5961425274 545.2470245229 -1554.5534316096
-1799.0019835205 1972.5139586819 22.9404828839
1284.7731182814 -1484.2334859245 -1643.3977164978
-1253.7495298632 846.7104509427 817.9313452760
1952.6719991774 291.7006162798 1627.5122786300
1933.9583592481 -895.0425390759 -1450.5620817421
1254.0573460099 152.5881750424 -109.8265734155
-319.5811968696 -160.9583447902 512.5908897258
1040.2557223411 -423.9353657534 1354.5585407913
-825.9765653331 1826.2965053471 857.2127028018
-1587.7201586228 169.6872926394 188.9680921198
-1315.8612274177 733.3251571317 -796.4955550523
1368.0006773327 1280.5056107240 800.9031212132
-343.4225235125 -326.5992949248 -726.1819934206
625.9561206902 -320.2066280231 -1262.1116960989
227.8218210155 1099.2228115938 -1903.1828185712
798.0434836033 120.8695531144 1148.3422062800
-820.2202381081 343.4922891095 -263.5782871960
1156.3260223779 -1604.0347724991 1227.4230056857
-33.8635586814 -1969.8314996967 1983.1314134437
1989.8439062687 -302.8017086185 -1608.8286756885
-130.6581675042 -1602.9890303573 76.6130081616
-1153.7622566356 -1629.8911201014 -937.7311983029
969.5862591316 -402.8076873823 1108.1763862339
-596.3664440177 -365.8281200622 -723.9163110244
-1169.2960656329 1769.5825053260 1507.2389223298
-1146.2439013457 66.9702805375 1239.5278041907
-1407.3162564094 14.2507075377 -102.2171394213
-1202.6187756002 1097.9125903115 -704.2971971265
1157.9387070897 -1548.2374740765 454.5164386415
-178.7272407655 -1053.0431250452 -516.9611894870
1571.7224868273 -339.4221115622 1633.0599307973
1442.3667178474 -1761.7403800400 1801.8219807096
-1580.2409237433 -999.8087829957 671.4282930171
-1803.9430224355 -1951.9735282068 1266.4861747117
1466.6521788166 856.6860279000 -644.4545376030
1813.0984827178 -883.8030896287 -377.4022659037
-866.0627670213 -1792.2879717265 -213.7926020461
-1454.7436109117 116.6739689515 -1079.7590634853
-1460.8540724581 647.8425203499 -1816.4284766375
-868.7104365048 -1731.6231566945 -1334.6444362754
1231.0824257814 -820.5346577743 -253.2654090841
-1736.8133117279 1226.9931489352 1619.7053314551
1514.2038634146 -720.2889194662 196.4779423135
-854.4820992694 981.7851497726 1255.6796431550
863.3706608708 -577.2603767870 282.1449104001
692.7822888497 -1653.3688454542 646.8525651629
-1918.8333429701 -171.7483017271 -1688.7781183989
1191.5025227690 1132.4797196627 1786.2896681025
589.1985642458 1461.3326209908 -1585.9371534295
-1834.4243889766 1381.6982151495 -1784.1296416659
-1950.5555496966 -1752.6838035339 849.4512138727
52.2608260924 -1589.8012126317 -262.3612469025
146.5896669152 -653.4158264099 -542.9734514871
856.8244378250 663.9942267420 -1537.5232300860
692.5709695548 73.9857807498 597.9975050531
-895.3568947169 -159.3469390351 -874.8859181176
-912.5157603225 -345.1888630023 -168.0126508269
-859.7352102263 -743.9474121115 -75.6749226388
-869.8884225109 -1425.6853717950 653.3896435021
-1343.1156265775 -487.8718981276 -1303.7537188131
-887.1277422924 0.9285419828 -168.7571809470
1211.3676522758 -1166.5101474499 816.4779460733
-1765.5130556499 -1692.1232403044 87.7659094785
1247.5091496989 -1976.5075227918 -1683.9698013308
490.9559090025 1064.0120548424 -1136.6485695019
1064.7687469194 -544.4209010657 -1859.2387472187
736.3305362160 -1295.6949729103 -1942.5537870142
1452.8382217682 212.7569373149 -1200.8270548569
-1723.4312380856 -198.8236302823 1138.2159163737
1624.8846875951 741.8737918578 277.5181080316
1272.4495990922 85.4184191088 -374.4629636895
-1824.8948469910 661.5138365036 -1748.4458277663
-1745.6610674749 543.4024144677 -1334.1499014388
395.9607738963 -720.9008857951 -1528.7103328942
-1720.7098733101 1266.6627127768 450.5838972976
1038.6766133294 429.4568118509 -989.6335059421
-774.7464847086 -1605.3365459661 1501.4746363336
1265.7384702994 1317.0475031132 95.8419521714
919.7590863941 782.3924112042 1090.1373330112
-763.4120838815 905.2408738127 -292.8161991864
-600.2396185838 125.4533211674 345.5312945509
-528.0255592920 959.7152485993 -1542.9032662835
1810.9076323689 1891.7232390971 -1141.9924173262
576.4790380805 482.4628849416 815.6370459690
-1821.8100669494 1118.6134766344 712.8295988382
-405.2291445142 260.0823717897 -934.6076218066
157.2782612205 -1739.1543082971 -1898.4813099006
1873.5380824506 -1104.4496329013 1953.6205069508
-338.4358135236 1447.5150166666 1422.4695081469
-804.9088607685 1905.1401069503 825.7077318650
1604.4254462378 512.1722846256 -499.9318941856
388.5954678873 -1401.0307643029 -726.9922714550
-1207.7295921467 -1367.0237205914 -926.7812745778
-436.5810604496 1545.4782447809 -1057.7786785505
-902.3514092341 -123.0143925200 1745.2749639452
-1131.8568934326 -346.1473203485 -961.8735286950
-229.5724966278 241.0912116587 -1951.9710190906
886.5906528616 -1817.8503925680 -1209.9406053124
-1131.2317160115 1170.0515687470 1368.1166703248
852.5677694902 895.7321532141 1644.8107112706
388.2561123641 1027.8532138646 856.3983525226
1445.9572522839 1097.2515766094 1406.5974306366
1868.0226977266 -933.6950694955 -533.1251421088
1705.7231044187 439.7427548018 -948.3093703488
1226.3588686535 753.7288612376 1894.2017769964
-19.6193097241 364.5008752140 -1510.3265719864
-715.5549440290 -1610.6388091346 -1392.4524668825
-1435.4679407769 -1484.2162667347 -531.0734331682
-1292.0586694115 -290.6597717471 1038.7801503677
1204.5099544218 -1958.9346938954 -614.7773058831
315.4133665118 1595.2244490317 -797.8328304383
1914.0485483670 -448.5068841476 1976.4949522690
731.5093568843 382.5689407898 1983.2490085960
-302.2154525720 1294.2420435234 -222.0409941941
-1897.1272660891 1645.8931816101 1341.3955852528
1021.6673910249 -1436.1495330763 204.8875174971
426.4253057511 578.4929218054 -901.8688551697
991.5033161104 601.8281428491 -260.5855668721
1614.8970529038 -1192.7479770586 618.4871269695
-383.4562029657 580.4345227635 273.1881190011
-1658.4836780912 1922.4306742685 83.9415554876
-991.7261520199 -518.6464101392 -1435.2323268550
-954.6501428704 1107.6725365890 -598.3774129509
498.4265665569 -613.6544630441 -268.1634012764
-888.0003587852 -406.0636668867 720.0388085848
-1935.0176222185 971.9251866364 894.0388173136
-524.6712050791 770.2506733393 -1925.1253587519
1297.3107499780 -922.3419989381 1379.7603650694
-1083.8640859880 174.1016003668 -406.3294820153
-1314.6518572343 1044.6850875648 1848.0923208750
158.8397793009 -352.1818387894 832.2410470256
-294.8518995887 1784.6793879750 -1336.6400326136
299.6052383321 1954.7593915612 78.3334616869
204.4798856641 -353.2198286556 -937.0359605377
1551.5681374835 -1720.8756057969 442.8139822837
-1789.6312942956 1246.4097569762 1143.4763280094
1999.9567912199 488.4618903318 1928.4599035149
-87.2465291520 1799.3430493926 -722.3206956673
964.2651942396 -834.7242449061 1416.5641255359
603.7142350136 -1351.9856647848 1039.6477162740
1824.2170104950 1952.6335539259 -1073.6694704732
-878.2877031162 -1313.4604294317 -1357.8171542448
1940.6291713039 1432.2803826096 572.9681919047
1192.6447649055 1570.9108084053 -102.0859061253
-218.1437134365 278.5114608446 -1052.4892695659
-266.2859169975 -806.8955432895 -1164.0961055683
1067.8002353966 861.8954592854 1519.9118089738
-1905.3640781452 -1088.6642587648 1759.1856993053
-1269.0611881376 662.8641895988 -1132.5372794803
659.6883652067 7.0416270310 -417.6042263435
746.9573433491 1126.0058470328 1672.9723901792
-1840.8360081065 1174.1560241226 -730.9488479241
-1709.1774289945 -300.5248056198 767.9027082206
1459.1894495297 -1649.4694385645 160.6130784708
-1065.6851121076 -1563.8417980953 -1722.1702203272
-824.5733551771 436.9349514259 1105.3991900290
603.7357045392 -460.7519341920 1454.3576503929
1845.5912444525 -1450.0041974921 -1447.2645405940
-1519.0513589297 1591.2526494920 504.3765656383
1604.7597759747 446.8617027195 252.3580925147
-1029.3425744167 -1884.2435664789 -1837.6539933827
-1127.7382864189 -1900.9688630229 -229.7913565391
-1812.2680929915 1514.7016875351 -652.8905256552
-729.4682424879 -792.2262759524 -783.5012668561
1833.1337832989 -316.1662359162 -1055.2983753655
196.1765952921 -1008.5390473729 -1075.8497372367
482.3671765509 600.5880685316 1438.3342774428
1457.4438033794 3.3015132105 302.1401683904
-1735.1169642628 -545.6032819599 456.2387518579
-350.1886909162 -294.9328727692 -1153.8063450895
777.6866845221 664.0514270799 1141.9281859364
-213.6810663482 1778.7760640515 -636.3234557947
-1170.6667291172 -1654.9263396733 154.3370387494
907.0961346696 613.0672639663 -1133.4145329386
-609.4898832934 89.3255493264 -571.3711822786
1131.2661798991 -878.0553663155 -381.5844574801
-1299.0849183540 -909.7411416301 -580.3777092430
-1699.7323005206 -1162.1069900803 489.3623901959
-1583.0754833045 -1244.9710858827 453.1910289049
-1454.9303679517 -1336.0676140095 -739.3715693106
-697.9738677708 -1110.5636071134 -599.9772119903
714.1327412649 -1054.5947074887 553.5287510562
-312.0314084646 602.0582191633 417.5373662679
1457.0663559944 1688.5437997364 -289.4925702680
814.3471244454 -943.4382976081 -1721.8926843190
-1656.1277649992 342.9746948271 -1223.5692563723
-222.7327609351 -813.9518095649 -1793.5101823702
860.6658231614 630.7862322675 -934.5001456124
699.8306792022 765.8395274794 174.7504316786
-1391.2772857784 1410.0638620529 1.7859718935
1148.9698934574 -41.7399331175 -1493.0526773487
1940.3151026266 1828.6531612107 336.3192191504
-0.2494039696 -1547.6588437462 560.2929213192
-1716.2657078804 1063.5553925303 575.6749378808
-1311.1312843191 -1960.9726630748 1693.1967766718
1828.8106339297 -196.7239498373 -1933.2731947395
-112.0229844112 -653.5215176060 760.5982564249
1962.0326038828 -592.5824494132 910.3880979395
1089.0201623683 29.5379068724 -1220.2029265970
-1509.9724453848 -1441.9738767349 -1246.1529890925
-118.6981416531 -83.4111224691 -1646.3218492561
1184.5367813147 1416.7421907169 1803.2383099856
-1481.4812838161 419.4849672806 672.7685259487
708.2658885698 -1392.6458029418 -1398.3749674947
304.0945495472 1706.9714823552 1516.1324939005
-1556.8808207308 -987.3369474277 1635.2427067996
-1898.6637423112 71.3181794000 -1024.6917859776
-287.3075946287 -865.7411491983 -1844.2015259561
439.9860871276 -1177.2178497194 783.8145916612
1943.2014431720 1692.4140297315 345.6008873343
882.7286433344 129.4971881910 -1680.0625689159
1388.9142423521 -33.8244035056 -1772.6096723980
-515.3996115177 -1209.9628625080 -1969.2195236078
619.5161776879 -1561.9623725583 523.2066455746
-1937.7996158243 -1316.9241639427 -280.1014150490
-984.7507854062 1945.1493988014 525.1872853973
992.4092540707 1850.5362996838 945.2639566645
-423.4856424839 1417.5714880907 -1225.0209538556
-793.4939643476 -1919.3136772661 -897.7054713353
903.3460404162 -255.2772402483 1609.0449336196
1525.8803232681 -1526.3948874850 1767.4520309022
-1015.4484454662 359.9199930281 1916.2406212542
-371.6212268970 371.4699975945 -358.5202716890
-797.0695245439 -1858.7297514315 -457.8685546462
-477.2435191647 150.7005126369 1405.9795347132
-581.3972332095 -836.4885945082 -1553.2335991143
-1873.1929687090 24.4666184466 -1802.8808954695
10.0704576465 1690.0939593710 523.5429630672
-581.7509501264 557.0444019962 -1105.4963937325
1486.2239477264 846.7979201830 433.2601709297
1537.4698882758 -862.0008010109 0.1892643839
1840.9576142115 1772.9695219960 1699.7100613661
-684.1311478333 -1412.2958553873 -722.3239640037
383.7654960235 -954.7836922233 -784.0790512413
1518.9065295788 1166.7588426099 -311.5221557293
-1212.0196205749 1767.6882782918 -481.5886236368
1704.5303481308 -1166.8849221460 -956.4003671440
-684.7086486204 1497.3245265743 324.4604721687
-1764.4491778124 1425.4575764733 -1823.3599128323
-1780.9524757701 -1884.7953590336 -1269.0587356499
1011.0851857829 258.9854770244 1955.7316119099
-401.7069898420 1841.1069326044 -35.4894470556
-933.0831347901 -158.8696503958 927.0137180150
1517.3940561293 -1379.8946729156 -30.5406710590
-1284.0999378881 264.8319810604 -579.4360006660
824.3632454509 705.3455285560 562.2622608000
329.6688281775 -694.6861465211 1368.6630307693
-1319.7765110029 -426.4426154791 1089.0002602867
-902.8051842967 661.7569157669 -217.2619180327
-1122.2500548526 1769.7969202631 -36.5165086784
1784.6068001548 31.0252437536 1185.5897776275
-1772.8242707535 -1114.5006194973 91.1519511997
1588.5712391195 936.9085578073 1273.8800252458
-1690.7803387780 1463.0104025955 512.9846638933
-1155.4144281477 -444.0831883390 1419.3677595050
458.8822295253 1390.7312580626 86.0602345111
1416.0743880376 806.9369005502 -997.2507077352
1860.6298255341 -380.6084156200 -1177.8323886684
-811.3147648085 -1853.3107914332 -947.4994793285
-1010.5741120936 402.6535761043 -687.7425865193
-568.1174990403 925.3750937680 -544.1101815116
-1732.1915405026 -1263.3484993960 1171.7271441504
-487.2955495619 -1327.5870439691 1023.4363608425
-1551.8825483712 875.0453509598 1731.1261898411
-1585.6670480850 614.2329134788 1494.6705367812
553.0830363566 -635.7892495295 1602.6191119518
1135.4314674043 -1444.6336467296 706.8347337725
-701.7573685032 -215.2003859815 1440.8317772971
-1342.4403154272 -878.2571715155 -78.1610869710
-1564.9338938733 964.6616613577 1429.5285968478
-343.6463334112 -645.5653008022 -626.9212259459
1006.5167400573 -232.3521194957 -568.7462737836
-473.7785057252 -199.7961476127 1469.7542179902
-1863.4700923698 -784.8421965825 1809.1753401704
1644.8661002031 -568.9288390962 -690.5016310533
1612.3795911908 -590.3026674132 -436.4626724539
-1350.2658361925 -1807.3847562117 1663.1164170071
1850.0696254150 -159.2971516080 -297.2961151947
-148.0450675284 -1592.5187504155 341.9700077312
-1832.8736273298 -1369.2317658883 1690.2685218578
-1448.0459883924 811.8440354615 192.6822158880
1632.7634923508 391.5038322002 1164.8455953477
-368.9056969107 -242.1909102061 -987.8702749911
1649.5434376217 -1618.1069643017 -701.4789589371
710.2537768324 1453.3751448582 933.5816037105
196.4847888793 225.1930060169 -269.0202013043
-456.8531402684 282.6735031453 -658.5836928932
-1992.8712121611 1274.0017874041 -601.5293374694
1572.7406417546 -1222.7138040636 -64.9023235008
1942.3858578139 355.0715827613 -1744.1307672853
1538.6111875512 -1433.8719344090 -10.1764142493
-1842.6765460263 1107.6280589624 1261.5604160838
1932.7226429074 1271.2187315890 -270.6017646294
-456.2647186420 -1188.4737093395 1123.1797434265
-1610.1810114898 -687.1388686230 -504.8941362458
-1413.8809108306 -852.4673263238 -634.8783814463
-360.3656450739 879.8239035836 813.8430248837
-352.7412137277 1293.2515041744 -292.8642428807
1445.8921461600 -1132.1098202240 -1098.1194828281
-1283.5105791202 -1614.3209483190 -1687.2107835215
-1686.7344521669 23.5136625266 708.5452522198
425.8743920580 -1624.4313455631 -321.1552478520
1758.3284314013 -247.0436116601 -1773.1392289708
-1758.2626034796 462.2227240995 -1661.6519072408
1653.8008112628 1117.9390822793 -583.5412596810
924.4821583846 -891.4340219553 -335.1958702768
656.0075439540 -1365.4816673039 -1641.7668680749
1811.3693572249 -260.6494936880 -716.9360391119
-1971.0857625899 301.9301711240 -469.6180277136
-1504.4681813750 -1135.8276855118 1752.6327204981
-1038.3699383538 34.1150941780 -1396.7961391066
-479.5012054492 4.0268430416 -521.9973650082
-387.9846845511 1325.5650473070 1600.7014131139
-371.7383876995 -993.9476963896 432.9609476614
-1260.0382729438 1694.5798441138 938.5024219821
380.7104416276 -1951.9176517837 639.6737840315
-1280.2179540811 -1812.3555269689 -487.5485590173
1556.5069110674 834.9414291151 121.3088999326
632.3211282551 -180.6887931950 559.1129865546
-1368.9442740238 743.7601894084 794.4900410064
-50.3897243967 1029.4528414927 -354.5620853459
696.2007740722 1667.1794167723 1546.4370061228
605.0412817910 930.1257206191 -1928.6042192704
-991.3484468596 -864.3864683899 -1994.9772782973
46.1203754961 1024.5184207928 177.4785348825
-156.8917121437 653.4200766401 299.6602789517
228.4412186124 402.1446588057 995.1914767780
-405.5549305541 1081.8996546773 -1019.5596615587
69.8591276058 -248.0316895548 -215.9429137413
1.4303596864 1714.3796283357 -556.9070988854
-955.5668548628 -180.6939576528 1154.1955878889
1001.6949018026 1794.5745382493 511.1074306646
-1835.4528065847 850.6750705256 -253.9061023412
-176.4202954245 -1514.5224060691 662.0940999251
1867.2374196423 -730.7685688838 -1523.6759804014
-693.4411985653 -624.5294866826 -257.9454212141
1075.0322166476 -361.7612540291 -120.4866183809
-529.2613265945 -1211.7957480865 253.2360189149
1157.6547504689 -690.6374713248 -1103.5672871740
1710.4475487324 781.3164218606 290.2649585264
-240.2932492204 160.4427853032 -588.7421656281
58.1024939413 150.6184272069 -1567.0175036910
1342.2358108024 -175.2842536123 -1420.7570442462
-1248.3124810958 272.0594359058 478.5479255633
-615.5052144359 1071.7259989349 716.8636276382
1774.5672559078 1901.5492191463 1053.6923947827
-1890.3050976252 1012.3790996087 -680.4826046667
27.2139155744 -338.6652803310 467.7040886757
1514.2710380214 -558.5194186716 1447.0989386520
-369.9350319265 -723.3827960762 -1807.3664066437
921.5275923637 -1447.6933057978 -1879.0114835551
-1533.0193969484 -1037.2202788148 1079.7960621554
324.2581321744 420.6519906806 1190.0557421380
-489.9445312098 724.7877748419 -1986.2338087264
344.8210689762 1593.0964956714 1926.8627071184
-1223.5690759548 -1020.0516268880 1522.2441367604
-1492.0667205047 -36.4452405657 1275.1850885558
-1912.5628111141 206.1122663940 390.2398105930
633.7465014506 1217.3565899228 194.3508824046
-1793.6157886681 -513.3693333680 -623.3780747345
-635.9456837019 -1881.1558126328 -1541.5270152111
1941.8336200458 1356.7911241234 575.3431534618
591.6147253286 -742.9721710675 1818.1994024352
-1279.7144199420 1147.1318634018 -1492.3496260621
774.3041153427 1580.3419012714 -630.8760134058
-281.2934873956 -329.8872213686 1122.4481945216
-615.9564142947 -614.7163806128 875.6673538982
1413.3580642919 125.7954942135 664.7122265113
703.9553615803 -233.1522243924 1011.5316631749
112.5051130019 -1604.6545435190 359.8641330165
-1189.9238279886 -1105.1585617164 -1066.7429394541
1553.3189705046 -1207.8768716157 1747.2187115508
-1222.1064837639 153.3608457833 -1341.2851735801
459.2217706151 1423.7538996122 680.2294838702
1418.8835566832 -1071.1926738092 214.2003206180
1392.8384959993 1220.0953130580 894.1657815016
-1847.8416888302 -1603.8565874578 -1394.0226451113
1116.0736535615 1166.1892307420 317.6439778438
-1841.8266355460 1034.3823608362 -1097.1275060670
621.0677186709 -303.6720022309 422.6629009975
1663.7205540853 -1752.9976071786 -1981.8730550487
1720.0372446744 -1598.1482241550 574.4791787345
-698.3727839102 -1206.5900418152 -1399.9639738430
-534.1340219166 806.9182426140 1444.5030855052
-1157.0064838295 -1236.7668013779 29.8349531665
509.7141558110 380.1285881028 -1870.8413462452
-146.7221489369 542.6345048697 -1566.3432691672
-1881.0494995313 1630.8567346895 -1419.1993475362
-1923.2910809482 1963.8270953368 -42.4704737912
257.0137511652 1662.4578188482 -509.1438927458
-551.9396153124 1954.1065185657 -362.1489754668
-1722.2527761944 -1095.6010744465 513.6155239565
1475.0980104508 -470.6032866268 1189.5336608193
479.9743317438 1735.0026548462 1446.1237110526
936.9643421080 1883.9917393666 913.8686536578
-1239.0107741762 1763.2416605850 -809.4244593109
528.7714297099 1894.7749111886 1878.3017658336
871.6159845109 -1203.4025338019 511.0694158951
1409.4830072833 1460.0796017034 1988.8367329347
1983.4272940088 -1658.4132998197 355.4841367867
811.9479882160 203.7167359683 1820.1546955691
-1546.9903231135 -557.7113647051 -1075.2596122895
844.0356505672 -1016.6290840347 -1857.2279561043
-836.1802881646 220.3174383186 287.1788393289
354.2255983867 1486.5547806852 884.6172836412
1419.6423902846 1385.4941417930 -904.9001630733
250.8294408292 -511.4496808818 -133.5233105550
-1423.7183228582 1150.0961198467 1504.7004645311
-1165.0827542529 -1330.0485751597 440.1169724750
1738.1471593858 -178.3383882136 -755.5239249262
-569.9679515266 1232.7910591856 -440.7969844955
-1950.6530282250 -722.7435957939 1719.9102142784
767.4423080411 -302.7390289067 -758.9537025797
632.8430425385 64.8171095766 1864.1537366524
1812.6312203657 788.1535417113 215.2130459008
-968.2611019141 -1933.9815232346 1052.3538172917
405.4201305211 800.5921335593 -915.0636034451
1316.6054125912 1661.8996279075 -1024.5973505899
446.3615707455 377.0609163265 -375.5280171938
-225.2112502723 -472.8535115157 1645.5899335847
-403.7068494194 1069.7671361629 584.2642996621
-1365.8959770205 -115.0813610539 1012.0282326216
1558.2991476207 390.2574954160 -1542.5498590876
-353.4085113116 -1059.3102471896 -1866.2645481574
-287.7867568851 -1786.1672411179 1711.0683457674
430.3544815289 738.8905683950 1173.5873767037
-775.2529450198 333.6829199488 317.1795191080
48.6392856411 206.5158479908 -528.4375020538
-31.1293200237 -795.1343984108 1734.9487847497
-1932.3285822564 817.7086642023 -307.2073670777
-90.9587227047 -643.3988919980 -1942.1001768076
-1784.1009044568 -888.8058192455 478.8452996846
-1634.8441990930 230.7320296924 1127.8351979560
-578.8019578582 1696.9209070253 -1858.7645398323
1740.6932975530 -1208.9154797917 1991.4171005201
1637.8824206462 -264.9732191984 -464.8246747046
-67.1505348761 483.0189287171 1920.1091547682
-1695.2573940989 926.4564142341 1844.3706707902
477.4303780105 201.6090248442 -85.9099326187
-1735.4141643236 1426.8486574336 -1250.0080251135
965.3122673278 -42.8835317176 -981.6663844232
-187.9242573348 -1257.3098374871 1680.1137276200
1385.3640797356 92.1781097697 1042.1583097387
479.5009877659 1277.3503875195 -1411.7323699149
777.5128006594 -1484.7797851269 1248.9576070559
1693.9062651306 1793.5752440654 350.6280845932
1318.2707646515 1884.6792926375 -1233.5179963091
7.0311965378 -129.4910213945 -186.7569749121
950.9534866483 100.4572737228 -1454.2626837270
-615.0466761222 -1876.7727312853 -313.5007767344
-1868.3311847594 -1755.8368245795 1245.8900760653
-932.4437676393 -906.8403981197 1290.4371719120
-491.6266393373 -1022.3764176782 -1562.0327957429
1852.4651692857 1387.7767309110 1372.0177262442
-1487.0636745966 -1670.4438398691 974.0720896583
1864.5061792880 690.1539198115 310.9699410905
490.0269668506 -59.9090177387 1488.8965643527
-635.6682686251 44.0512610562 -1984.5595095604
1049.6568912983 1347.7586334221 -142.2771492194
1672.5664625761 -911.3149095138 979.7639019011
1103.7734713912 989.9022506729 583.5862451959
-1071.2513316872 1371.8383864979 -411.7437508816
1527.4417285046 282.9358714328 -1892.9596217900
289.4157765999 -1851.8162437996 1508.5336701053
-750.0280725253 553.8685538115 -1710.6937862282
-350.3357562450 -1382.7425366905 1306.0867379445
-1895.8342705641 842.4005080291 -1170.6549009140
-1416.7511382927 829.6427577873 1303.9048630555
-490.4336889994 1763.1088604594 -826.3929673698
390.3268553474 339.7949396576 1120.8582520939
251.4750565998 -1983.9579580181 -781.2394489376
-1261.9946682903 565.7293444219 -1912.9572804467
1352.3607381525 1010.5682722686 -1323.4808400379
-1922.3549533187 -1337.8924105424 522.1737911453
891.2764784186 1340.2249850827 -1016.0514234929
-535.3016883116 444.7625069341 555.3873895009
-1788.6049276961 754.4857002201 -679.6682469052
1171.0998967464 -1215.3225121209 -1555.8968300344
1732.9494251133 1242.3817091217 1141.9864456666
10.8620183157 -477.9360418026 542.4837485259
-395.5891069561 -364.2010464225 448.8560096090
-692.3825816342 -682.6945566858 -99.1415011455
1131.3125252009 1601.3692852399 -1448.0389635953
-1911.1924848742 -374.2009692861 -1516.9009878073
1751.8426349267 1465.8287656634 -311.5815572085
-756.5702794585 -1049.4882769424 -1303.6249934059
953.8626003592 -923.4915231086 1644.0110785190
1121.6131889938 1009.7091739867 1714.0223218459
1472.8765019089 -93.6945058321 1940.5265349595
-1035.6675373767 -1409.9503726986 -1032.7657684622
1356.3664992248 1700.0876553716 -122.4171290587
187.9114569627 1731.0638366554 1124.2233914039
1525.2158829711 1742.6832302048 1549.0186362535
-657.8472496100 -220.2977780759 -1253.8930468082
-1496.2627738315 314.2110963632 339.6387265931
-1801.8113913047 818.8571624019 -1322.2588430293
-1638.4032093940 -1494.5061529272 516.7311067366
-206.0340192468 402.0264263657 -561.3152091797
-1790.4478864426 -1508.3700038272 -1725.2515811221
1025.6462131793 -1855.0250462944 375.5170481163
-923.8381044739 1885.9823690012 849.7984069336
1853.5851670736 1720.2665175466 -1782.4121607258
-360.9409900662 -214.4484834924 1553.0095093726
-1093.9969382253 -1647.0171426802 -1068.5854871499
377.7576057679 -1066.8587218188 623.1314639662
1558.2374651355 -474.8507520791 1060.3970823425
-692.9494483259 1239.5980997624 -1967.0477975039
-176.5202829971 720.9643836786 -932.1105872050
-319.7504947609 638.0200198453 -989.7540040245
572.8035886012 -1067.0732816151 -1417.8218310099
1329.2405145033 834.6598066834 -1216.0890584884
-892.9622129496 -183.0890426287 -585.0684376694
1455.6934492673 -1059.8780575597 725.0653436480
-663.0330850192 -1546.4314446624 -1971.9994319011
-194.7994512307 1631.4894226007 -1030.5500234921
-1186.1752675113 -1982.3515162721 -440.1746939105
-1050.2093046099 -1444.1798549245 1968.9552222292
-1362.0267066125 1362.1030229838 1076.6037237176
791.6278925059 1728.4103026301 70.2434689393
1753.9308012175 349.9869794618 -1232.8067158673
188.0010049233 770.2543401139 -722.5487106159
-1027.9973784448 -1040.1026350894 -112.3033503391
112.6361880406 -149.2691500069 302.6017914980
-250.9894889061 -970.8452247150 -1220.9817651652
1311.4747540865 1308.3277252029 1925.5747046024
-110.9848547640 -1516.9396276743 -871.8477794323
1477.9707164426 -23.3026810157 517.9250038636
661.9434153827 -1673.6284614072 -1695.3179402315
603.6784891572 -1871.6661488464 -768.7067756582
-649.1145034622 -433.6721806846 -1904.0954594057
-1880.0697745717 -1336.2600001117 -1192.1514454207
-1430.3930720776 243.5127279011 -1259.8257083279
1859.3388784584 1967.6025400370 -12.6528217075
-119.3872664362 -449.9938783356 1880.4909110404
14.0865377291 -674.2595995856 1522.1632171780
-199.2089351154 -36.4574960765 -136.1435300121
916.6880378587 106.1317826046 1297.5297377159
-528.9134983791 -1401.6998828972 -142.5403417368
1332.8850968039 -1003.8960388329 551.1909279083
-1631.6325344152 793.9704262821 -712.6369729643
1979.7119866881 1018.6819474745 -1416.7948937780
793.3571649647 706.2596198769 298.3076394123
106.4103994157 -60.4429658934 -1631.7269146981
-599.1204891447 1824.7745818380 10.8507818010
-1328.9025355270 139.5817454894 -1217.9077695639
-1830.4651895827 -1193.8769609093 754.9399245763
1661.4538217416 -483.9945831292 -1209.1317393657
-194.8838615247 -484.7754470113 -1296.5418125930
769.9147127708 -564.1278150234 -1862.8996740804
-53.1264423308 200.9214409926 1823.2514718175
1290.4750917478 -174.0197960996 475.5412159259
1362.0096351280 -1134.5565576328 535.0789667496
-824.4917961920 -219.6285498966 -1561.8076562476
1477.9027150021 -1904.3815454369 1276.6973484193
1673.8298043205 1899.8370593335 -130.9073636817
166.4501749553 1202.0538017441 38.4790155443
934.8342179289 1067.0641610305 -1350.4232496933
1516.2416891854 1882.9245446296 -446.8648870575
1098.2620086265 -1017.0862041941 1392.0985934803
200.6466523646 1222.9287371726 -889.3621143869
-1591.9864962774 603.4620776388 -841.1616868733
1804.0268433940 1607.6918612048 -215.4491281317
1375.0740974300 397.0349813500 804.2934178148
-682.9429616352 -1331.1523265226 16.3361475220
1354.4261496654 1295.0272008650 -1341.8945212075
-1551.1788072192 -1234.5546441283 -1122.3091822620
-1759.4694279105 -707.3473595039 1443.4612580013
466.9864068860 171.9160912500 1683.7618044913
-1350.9680744021 -524.3340713210 -1015.3744129398
1695.2002200283 710.0287404020 1045.2924255839
-55.8980193151 1887.8774709303 768.5072399037
-1883.9124230862 -1243.6486695943 -1902.5271234540
-1295.5315770053 178.1914658477 1417.8132699131
1432.1637246120 -547.2014875877 1221.0323046716
-1768.5346151124 -484.3381562723 1519.9987301208
-103.3000988766 -1157.2724080617 -48.9115346109
-1662.4377580648 739.6180589599 1411.5441979506
1780.2014079482 852.8514785256 239.4343872262
-530.3572853368 -1815.5213950038 1151.3604211815
-180.7521686718 -1560.0370028585 1169.5357587668
-1214.3122534563 -569.8825394590 -1764.8189359441
-476.6583905722 186.8686226872 372.0477839705
-365.0945492918 1372.7880651158 97.2455647241
261.5073964120 -109.6931464268 -1227.0632157096
-1121.9828037523 1391.0483497311 1747.0823115519
419.7444732667 -1818.4222832823 -1942.0245583739
230.3384066223 -1304.6611859358 -98.2157622188
191.5929345174 203.6574592802 -543.5495826663
1503.1100744840 1620.3040346648 570.9195163233
-271.0314976779 1014.9345762245 -1145.7653644900
-1547.6603469190 665.1720910198 1994.9784040869
-1012.9823445343 -1780.4666928502 -1931.3669327317
527.8932994563 1089.6285284777 -715.8175469695
-153.3469412060 886.3564100255 211.4331304507
1784.7745401629 -713.2299788928 -604.1180783574
76.0225630801 -621.9316318636 1465.1383042606
865.0516225322 662.2411274193 541.2336629698
-1598.4621167159 1899.4594923673 988.7798757703
-1297.2228343504 -866.1595260061 -1947.3595701035
-39.7489306091 1088.1979122614 1927.6113189727
687.1692465661 -1415.6395283089 -1427.8880307113
-756.2456699450 -1029.4252045277 -1305.8625663341
-308.6761408290 -1166.6154336052 1765.2169152181
-1469.0595301704 -1181.6898677142 -1666.7599098962
-147.3749406435 977.5675693871 -1659.6150515364
-1959.9644161678 -961.5429638714 -1342.4804762177
836.6366186939 1931.4514635292 -708.5907233422
179.5871356760 1112.2270257564 237.3999450240
-562.1999276775 -452.0761230601 1332.1437865364
30.3932346339 -738.5754311423 583.4738313298
1619.8967511999 -1142.2342480209 -429.0068769056
343.6404057054 -381.9786330037 -1420.0708282090
265.6844475513 879.1963102806 1966.8712201604
705.0180215744 -1078.6683424994 -1344.2421059384
-768.7287742436 -1469.5422557801 -1235.6429657530
475.2647941688 1635.0752963788 883.2298529391
-441.3621962618 -1095.2849057540 -924.6779354704
-1482.6071602595 -1481.3966637638 -128.8329352351
763.1684931147 -1065.0247418064 -87.0980883179
1415.1882102754 1018.2403204334 -721.2131712143
997.3936095733 -1530.1135613515 -1075.4487421343
85.6828568390 363.3381717494 -540.1160650920
-374.8847540794 -757.5938266442 -1545.8033911991
1988.4184701877 1143.2027920293 617.4184895873
1921.7590939236 -589.5251627145 584.8525319811
410.6061198450 -169.8038582709 709.7272203256
-1379.5046006831 -1315.2950622578 1914.6958327550
-424.2829812737 307.0807154622 -1349.2801194834
1707.1063109038 1891.6990049286 -306.2886021468
1479.7367004874 1559.8224400411 210.1503751942
-1115.9869527840 -234.6797640590 -393.6388724698
1446.8170246181 1480.5731118460 -91.0021875247
-1579.0135352006 1414.5091590105 214.2026089656
1720.5352156735 -564.6953327137 1334.0234879726
-457.0395235096 -1417.4360712443 -1684.7594594036
-1279.2820095664 786.3011213082 1145.4716229808
429.8658689839 -65.2011055410 1393.5438686182
963.1739824425 -1657.5215107401 315.1703031284
-839.6399790417 1300.0140388875 -1100.1757557046
738.9156036525 -547.1902701467 1758.1819183391
222.4665480971 489.7053241011 14.3272307986
797.6214085370 -1087.3970979342 967.7951676765
-683.2377431710 -1380.2437256228 756.0634831014
922.9494365539 -1783.9207483101 1456.2487090291
-142.1542351706 -304.8994473083 827.0587819520
910.6776914291 -151.3439765599 -1849.4786279959
1831.0512289886 1726.5891313778 -472.5301474377
1817.1816981393 1529.3884075341 -820.1464048712
1043.5420568560 -892.3166295925 -899.5268254108
-929.8717448413 20.2250266728 -1402.2852419473
-449.2144512316 194.8868992146 -883.4152508620
-74.2372141543 -1587.3475640908 590.4409623354
-538.3265270291 1510.5456787641 996.8209698820
1140.1444516732 1524.3076383634 -1981.0271642014
329.0651629095 1305.5823006171 1202.7226395371
16.0191229389 1879.3418127453 -1858.6427618379
-503.6792607156 -1368.0938478416 -1131.4868332404
-1130.0681284556 -1644.7030378413 362.6801824420
-186.0966972390 -1149.2717221598 -918.3749916613
1068.5254426758 -699.7380221029 -1160.8187481219
-1746.0865327963 186.8794182892 1496.5349165900
-132.4067088837 -544.3966530063 -1067.9719967105
800.5706380646 414.1478962328 1082.8864764654
1886.1936329952 -561.4294738593 -1577.2742393590
-946.4466820715 -1659.8906019955 -1629.1254823060
-1556.3229872829 -1616.1072955076 -1749.2503642108
1273.7335403484 1712.6043093741 -210.5668632022
-71.4384360695 -1904.3285731800 -781.6021835278
1525.6049604981 15.9116924794 -780.7534413103
466.5741614598 -100.4884581894 -658.1781035495
441.5390183309 1702.7393277889 -263.5587666865
-1549.7300114050 -293.4346847773 -1131.5086312700
-518.3451830916 839.9447030734 1988.4181187405
-1697.9309737566 -1282.9146415696 1607.5136722403
-577.2119753129 378.5665576672 -1244.2795303158
-1637.6487106852 -1605.6142186154 224.7453370943
1470.9899370780 1748.9994221616 1536.0919731106
1128.1753587968 1702.1246590602 -598.6175768551
755.4864645491 969.5315374208 388.2616586286
135.9389544717 -1821.4080264786 1822.1166092645
1371.9278149345 315.6844588840 -1470.1441459776
-650.2557056101 -1709.7561073646 -1742.7398766586
-643.8849890096 -1776.6273251468 1649.5322132867
488.0735321084 1110.5373875917 -721.1218907901
1439.4292224590 1359.8555464460 700.0714469018
-731.5113268937 -394.6531447147 1977.2067983334
-491.2291265741 224.2790244084 1012.8543614365
-7.2519540871 750.7601770901 -1469.6512222530
1987.3643011343 -1813.9289817821 -739.6736669149
-350.0109268465 192.2390609034 -383.0148027546
600.4104325223 1420.8709156906 1542.8848811824
1548.9693325294 412.3143963285 -1316.1474051207
219.6750014055 320.8895229727 1449.6373630855
157.7843413123 9.7263087196 1787.4766413780
1334.8512555488 1606.0815068070 -305.0080843938
-1283.7677487790 -1266.1374426156 1779.9967697482
-1170.6593560336 1462.2202655272 17.6365227590
-825.2659374599 90.4896270087 -961.4490078252
-1055.3548587064 1788.5981801362 15.4645451301
1415.7714971871 896.4713258792 477.2230207423
1382.3744692671 -419.9771248201 -1065.9412839275
1498.0561369239 -1873.9717760676 1462.1185684339
1683.3556940635 -790.6367563578 -374.7788844289
935.9586981262 601.9650315034 1904.4583386106
-374.3648045385 632.4284620584 -1097.2495545463
-859.1984803231 -553.3637242659 -642.4175514773
-296.6667359924 1237.6188501550 -621.1990646969
1471.3995396104 1736.7328470531 763.9430792042
-844.1563501603 -1397.1657765985 -1902.5056951485
-33.1005935929 -1293.2490930365 -1954.3756708928
1994.3699039749 -524.9426589701 1270.2599958654
-368.6071112596 84.7136121039 -617.1405059273
590.9355906568 452.6693737731 -395.5636150621
-890.7029636948 -423.0119277738 1375.2173538762
1215.5055653853 -907.2524928539 1934.7385004036
-654.7641976006 -1706.6818544287 1034.4658259388
-850.9399812035 1041.6745498665 278.3267803673
243.2955788289 -1199.4823328692 74.8718416402
1066.0526297628 -311.6123647011 302.7780469690
-1425.7883738070 -954.2382283841 -537.5394978237
810.2318231621 1770.5879052565 1932.2805553029
412.7972142011 -1637.4893194013 1633.0688478058
-1253.9342932656 -1166.6516157055 1481.0685379160
231.7587056610 -378.1481785143 1125.1622677397
872.8795904205 -1637.6040485802 1442.9867301929
-1964.5193914067 1252.4299064460 366.5406860894
-950.0429566341 -1782.9951385864 451.4033142375
1706.0432026968 -398.4952660345 -1430.2307093151
1061.5534050621 699.9255599614 -558.5289350288
1370.9052371487 1606.1345280331 -1674.8350595397
93.0917168050 -1547.5185417240 1625.3697265360
-1075.6075557121 227.7901042660 -49.8200132593
146.2641572021 -769.5890128430 -1877.5905087498
-759.1893223884 -1451.4007819550 1788.4985049552
-171.7189774476 -759.9679663550 1176.4790031052
1678.0705895318 1801.8470720101 -268.8791811920
-768.3407666889 -952.1353878342 -921.0934065511
1628.4352065195 751.0921595690 632.9893181043
785.1931088144 118.7978343535 -879.3303375312
30.2029010559 1500.1526090364 -616.6550046539
1296.7951864098 -888.3178457325 1564.8614313456
-555.9456878843 -1455.5373058535 -1866.0375534201
-389.7055474204 -1870.3879022036 -1785.2134195593
-1128.1246052382 872.1367558055 -1303.9880771473
1460.0985028478 -937.7837877206 1157.5832948017
1885.1835562894 -1598.8864721896 1822.2117758658
-661.1108394578 -848.5183512043 1619.7689064158
-1905.2093587988 -1507.2472386183 95.3338296548
1479.7341818336 1657.8966366602 -475.8115305901
-1708.7307700444 1431.1709950966 -941.8498565351
1573.3999459651 579.1765026389 -1953.8999652485
393.2930197560 1614.9176366994 1237.8329355713
469.6433481948 -577.9075122127 -1090.4070967680
-1428.8116820255 -288.1721846880 1287.9906084581
1433.4785223626 -463.7893473409 -242.4714948307
692.5747571729 -1092.1496997857 1801.8329931695
1298.5055809948 -430.8071676601 601.4043872542
-654.7716731404 -1899.4325914764 1256.5867697430
1634.6107081661 565.0733917467 638.2673576537
-1853.9448336274 425.1074525139 -1462.6263488480
166.0762451106 -542.4584094406 202.7084643946
-28.8738233015 820.0424044454 -549.8506185508
-788.5522799967 1092.0271657533 -358.9387909521
-580.6569538170 1752.9482548075 -1742.7176814160
877.7815036729 -1559.6437129524 1056.4798231316
268.3446399974 623.3056386955 524.1787104795
993.9271555882 -1507.1868578699 419.2217238161
218.8322071399 -891.1066299972 565.7866467475
-1959.2821009805 1120.2605802344 998.7120485489
-946.6430885287 -1863.1512555514 -1268.2309079288
1060.9293303170 1546.4146280727 1854.3499756253
-259.4379613354 -848.0601903651 -1134.9746168387
780.0133464624 -1081.7378229339 -108.5767965726
912.3994148783 359.8562327979 980.0638576977
302.2217834484 1242.3657971734 1889.7108509404
-1039.1980614850 704.1921313903 -896.8597340351
-614.9746936774 596.3253501261 -747.1874230345
-1601.2534573483 -39.8728210733 -567.6442448996
97.9540646646 1651.5791430703 -1286.6546237579
217.6981372872 -916.9836753507 -1047.6540595137
-913.7367994821 -1625.7232857440 348.7321090501
47.6223363455 -1184.7271701062 -1284.6721923515
-1160.2519068226 1323.2940553499 -504.4265810719
-282.0981055040 -259.5223404559 871.7548893556
-882.5988931542 1144.9200048118 1737.3134419576
675.8743511958 -772.4219234637 -1488.5550877758
-393.3539352021 -500.4180677839 1892.3027530304
1510.6010990189 -973.3433484305 -1693.1178519859
-1444.4801023064 -330.9579573120 1218.5889562968
-1105.6855380169 -325.8173990224 -1537.1717638490
-1891.9432538121 1842.3826649337 -129.0296372722
-515.1145483198 853.9299344022 771.9606596502
1876.4310891243 1630.3575237237 1105.7671100316
-512.8128257052 -394.1961740227 -782.6592647803
101.7866039454 1414.5387185835 -339.2806892065
-1227.9373203035 564.7617345461 777.8103849104
1086.1723600477 1539.6300949383 747.6105407076
-865.1611841086 0.3265620855 -1612.0847206124
-395.8857438579 -931.1334241653 1939.5269790100
1943.0677835699 -705.3356437473 1271.8118288695
-1259.4038320053 974.3582480940 1653.1748157229
-782.8679422492 -1048.1253752762 -287.4555153596
635.1355270627 -240.5404355106 -681.6542117734
-322.1888742816 1498.5062023169 -1861.9524245845
-720.3278675726 1176.8541243389 1742.9842923479
629.1254239615 18.6255714896 250.0541705538
-756.2792663141 -215.2890309473 1119.3191561046
1855.5963914005 795.1473766318 212.9695317119
-1182.5052054627 1667.7791559867 -1987.2890758138
1913.6929587525 -1993.9075074862 288.5009345309
459.5379138598 1632.1045394916 -684.9464004095
1277.5981624611 1001.8893754399 1761.6083335031
-934.6341941976 1564.7622281562 1163.9518948433
1831.6178753550 -1749.7725469929 581.6262897976
-0.6458646581 482.7808634159 1774.3900941755
-1378.0444860139 1784.5417563638 191.6263089774
-1075.3909432939 1952.1977878048 -1849.3296242408
-1515.2481502834 613.2218336767 1459.6402789321
779.6376102737 964.8861461808 -1886.3178506303
1454.3891727266 -359.4619445987 1557.5534686209
-448.9348892495 428.2235834830 -1890.0164625729
-675.4575397995 782.0726579304 -924.7986421455
-244.6760165452 -1269.1216182048 827.5521330875
-611.9472865523 -1934.9561625645 -280.6885397876
-140.9613520381 888.0745705948 981.3839440742
1513.0891619928 -1950.3548661344 1771.7124230213
-1847.7949049174 1126.6246717121 1866.6175508298
1709.3284686052 -1440.6594806057 -1782.0256382458
-971.6340383763 390.6867313150 1348.3437671717
429.9677841994 -452.2105568910 1492.5494856598
945.9882461452 -447.3600474415 -412.7495030833
-866.1560645700 1743.4920997395 -599.7752710636
1202.5785263875 1376.2657553345 -1542.2557413130
-865.0945592957 426.1707770025 314.2971284979
-766.6279711013 1829.1053927350 -817.4226684498
1427.0555114903 676.5217956721 1069.0723909998
-956.1013178418 -89.2037676611 -468.8774256776
-342.4696374194 646.8250081270 -830.3081851582
-492.7126569140 -373.9611725368 588.4290267256
-1333.1084449909 128.5643333169 457.5361620331
1899.3823177097 1227.3903954446 -1217.3952071001
-1032.1615277341 1545.2127907852 389.5557495059
487.7815143141 1791.6964315148 -543.5561294994
519.6140416995 488.3736182505 806.3543590806
787.8680717572 168.3215937669 -120.1918178899
1845.2672432084 1756.5189522085 -1623.6186087026
624.6634450234 -1028.3706387270 966.2311575776
-1393.7151635423 1171.1870516721 -1558.8077539634
-948.1629835975 -943.4836434484 -358.2612778061
-546.3962723829 1228.8682863233 -1011.3156011510
1339.9805994736 -1533.1129054990 -527.1821124874
63.3389403644 -566.2380188712 1150.2150198621
1377.1283805829 -1536.5319517463 -629.9944440992
1598.6843971023 -127.3570703612 1316.1661275565
395.1049911830 -6.0917086619 1468.0580222571
1949.1651527602 -169.5224652563 1787.3156945868
-837.8812360419 -1445.4440248263 -1147.4771155020
926.9325949492 -818.6112527059 1712.5555411364
-1081.7325247079 1476.0470792055 914.6622245481
-1073.3478650024 248.1921869375 1053.6399218912
-710.3841720717 1837.6964165721 -1379.8749484347
85.4038565318 177.8881956010 -558.5111032155
-1795.2975779004 495.5838261990 -1233.8213726191
-1432.7566035192 -320.8615561964 -90.5278545197
-1039.0308009200 1529.2466999575 522.8980397726
168.0721303929 -267.7768404393 998.5286623814
-912.6175823395 331.1356853804 833.8193210657
-640.4578092717 828.0381528550 -187.2501630642
613.5043233709 679.6224250089 -1578.7247377910
-950.9577306333 130.7286585123 -887.2689995900
-1069.9189983530 -1715.4272107917 -370.2861809423
1814.9716883157 -1826.9691953652 -553.3153786279
677.1259560697 -1977.9999378475 1701.7825281167
-198.5401640448 621.7918725336 -275.5929766148
-635.2474392601 1681.3902366899 -1961.5642228696
560.0684923758 -480.0641778881 -929.0104581164
-1338.4773419727 815.7698641408 -60.1523063169
652.3144951675 1376.7488205936 -473.2850953375
-1328.3324307849 1456.9152793892 -196.2713038734
-1239.4274267933 -1120.7994093945 -1650.1675171086
1264.8913908548 -437.3801375289 -916.1996586189
-1273.5462265205 802.4026646194 1057.4379601758
558.2601047680 -434.4076355221 -1359.3874927302
1018.4546881296 -1005.0365941427 1949.8465802920
1335.3126310265 673.1107348341 -774.1198444421
-463.5842685878 740.5423493414 1847.8020345147
769.2880664546 -112.1662234315 234.2330199373
872.7229611907 811.2538365516 -86.5891451533
-84.0933973142 -1141.1423452019 649.2459587901
521.7187273558 -341.1844956025 -786.1136827660
313.9703381024 -822.2604218463 -1906.1201116469
-207.7141683294 -1028.9469806015 -1872.6575364894
-454.9643249926 -1517.9814184104 1678.1116613447
1950.6720580410 -517.6595603636 -1182.3201901172
-599.5391297499 1799.7921067048 -916.3181741239
1003.0170246285 1849.1922400049 -1308.3628306625
-1467.1707521328 21.5309342492 -11.5762663811
1354.4668351729 1817.3404973502 1747.2299750607
-1680.1414633429 -1899.5021602855 -712.9764948411
413.6554001858 1188.9396981002 778.7048666792
1037.5773919699 -703.5882793382 534.6943238388
586.7969025980 1147.3993304375 376.7717910105
-183.5996146275 -302.9989755494 4.1554686120
-364.4943584372 751.7824246325 1386.3786324129
630.8599465896 1721.8707755001 860.9391326339
-1279.7782914992 -185.7917455779 1479.9505674865
1318.3638752415 -819.5918510365 919.7301069273
-777.0353575958 -547.2124415684 1141.7640365604
-654.7018972469 1303.2917805310 345.5129763357
1599.1845453823 -937.6479564310 -849.8938928179
-1238.8676898927 184.9985269169 924.4423671376
1012.4208786374 387.6848069924 902.7777194732
1428.9035940785 1002.1513230249 -307.3257964311
1290.8760941346 -995.1870368366 1369.4031134741
876.6895485408 -1750.5052323219 -374.3120576436
-442.3385553528 745.5488962147 -1282.4023653969
-1526.1314156245 -1908.7729654623 1591.1476359983
-66.3978012802 -1551.7588673505 430.4806970625
1104.3657538907 -1533.6150426358 990.7963653406
1001.5382884297 1774.8515635959 -896.7936010770
89.4094579623 260.1557316966 -375.6808293428
-1679.6939742195 -1121.5185884084 -236.3928402321
1380.8983849592 -232.8052879245 -1679.5191788171
1986.0903499939 -708.2944407034 -839.7787858592
-605.2945117732 -880.0726050173 -1860.7474277665
1613.6139750998 -355.4600932868 -1977.6843169941
799.5583625253 -424.2853692256 3.7277734035
1945.8493423217 -185.1329768635 1078.1825844643
1344.6505569317 164.9845243682 1672.8259693340
-658.2247581823 -1731.8750316606 865.4391714112
-1944.0692587646 897.5906123576 1095.8782230783
1278.8078101072 -602.1463514986 -1580.3072750978
1676.4970232059 1479.5953302813 -1913.9454311429
846.3604096946 -1741.6453621634 -1837.1640710947
-767.7060262811 1804.6834619871 -1561.3303505129
-462.1690029062 872.0761277440 -1871.7925560335
1667.9519284485 -1767.2650513746 1910.6846571296
882.6391215193 1154.3807379066 -676.8877774850
1930.9470291674 -1455.8351315296 -842.8515342201
743.4015327745 -1581.3779264679 -719.0190307182
1522.7780036628 -1500.9920662621 104.7662252374
779.0752322075 -822.4230083933 123.2562964170
1326.0014130983 -680.3313023503 1387.2478224897
-230.1239929855 1805.9299902755 1793.5692046429
1960.7815999486 -779.3394636333 -1980.6455610529
1579.1619429751 -1342.5685808519 1256.3730998533
1392.9185558082 1607.3373935754 -961.9977432039
-1095.5348388786 -421.0944622852 -810.6337335891
1679.5140185684 -950.8656741393 -1832.2559092248
-556.4536049695 986.0945490090 644.1441705599
1121.6907209578 542.9414463617 1499.5643371047
879.8115243111 844.9382086656 -256.3954742732
1829.3169897291 -1331.1582488509 -910.8861996622
-524.1906938933 -523.7165473841 962.2782480233
363.5697469252 152.1548668152 -882.4923181834
1908.7944887191 1712.3674477153 -277.1485543849
1523.0858732802 183.3702061741 -1248.0206705872
575.9136436892 -1638.1616999650 -818.9048973030
-1994.1173072205 51.2047332933 -791.1034113597
1116.0696085169 32.5101969466 1639.5341722429
-911.7037863305 -1656.5872148765 1478.4095938934
-473.9779295901 377.9538330681 1261.0199455047
-1900.4466080386 -1771.1294053112 -1710.7385611200
-359.1376477429 1757.3663457097 -499.8452562803
-518.2071695467 1495.6764719370 961.9629132337
158.9583108488 1371.8923063853 1615.6061715344
1669.8697615457 1897.2368678792 -849.3224122943
-916.4412486463 432.7708812489 -199.2053288811
1454.5513507205 -234.9529679892 -1161.0362873122
-627.2406075570 1528.5166696216 -1746.3716448441
382.0325310044 -1464.1344041385 825.5977317146
330.5618758270 1540.6167079473 1103.5377002631
-1549.6207284109 698.0114122165 -1814.6010371884
-1806.2918921148 -912.5839411652 -1793.2197385678
-286.1010157645 -1099.4923497500 216.4360751890
-1623.4475135526 -277.4186089915 1369.5464152844
441.8800552982 1934.9132127224 1983.5123900022
881.4848571603 -1268.9084527891 1160.8430227143
-370.8085902594 957.6565145711 -559.2446889350
1713.1950166622 -42.8051735185 -886.3497683777
304.6418433015 -683.1145738546 1109.2569586958
-1122.3743182520 -1892.6880748878 450.9570652979
-1443.8523781747 1400.9923762537 1576.9201705914
33.0687205052 -1921.6158152987 -983.3948035499
475.1867345262 -1174.5225122207 257.4796532104
-384.1283565550 894.2467135415 -425.8874720242
1704.0257431885 -1975.7246877360 1912.0761609892
1172.2742659117 -121.5434792863 -1171.5803022584
97.8538703753 1330.4303972432 374.4342305897
48.5781069720 988.4474065916 -1022.6239984507
1737.4242381859 -855.4631193957 1063.3308291227
331.2778286676 -984.1018776376 -73.0364144422
650.8990439203 -352.1132028071 -487.7423109134
-294.8259900680 -1002.8093765985 1904.5520683252
148.4325183920 -1804.7257711132 880.0983896026
-1887.1621858181 -998.9854333574 -1820.8983699032
156.8348636564 -298.1841795751 1342.1651162818
1299.9188961964 -1012.9965354224 -725.3413731113
1601.8504781219 -1850.6650967510 1398.0872149674
933.8263286489 59.4390491983 -1435.1757296952
288.8895909081 379.6885269966 1616.1794681030
564.7485116754 -933.0507962587 1301.5801125589
-732.7427503187 963.9746417274 -1014.0568070065
1866.9408251046 -1761.3266079098 1880.1972468403
1600.3276575386 -1313.1193655237 -65.9239769264
-297.1516477008 -1691.2202566722 -1840.1848807546
419.2381154979 780.9052390808 -32.1165284645
-1360.1970231636 208.4556216300 -1265.7073409882
1577.4903312450 -335.9215298842 1825.1698566207
-1513.6351955811 -1858.0031849483 916.9231106446
1344.4538243371 702.6000315758 522.5352611360
537.0781250084 726.0649296540 -1090.7592181935
-1709.8334985780 -278.0727691093 414.5259853137
-498.9182529273 669.0380422907 -169.8102329852
-1427.6629606007 759.5157467125 -1052.0555720910
-336.2085047208 1494.4280757327 977.8788599151
-904.0973248997 1651.2729585732 -61.1863374921
-1752.3003374379 -60.6876960253 1870.3118406812
1136.1395247942 -1994.5261761927 350.4389652308
-949.4297811948 183.7779535660 1369.3426704292
53.8133849393 224.8035323452 -1749.5828840389
-1907.8883684274 1484.7537244435 165.4413958160
-1191.8435583951 1326.1089913030 -1442.6217233263
-748.2608462509 -657.4118005870 1129.6279086577
-1823.6270129230 1468.6898437418 -1335.3869479919
-491.0544643736 1037.7694762673 -1874.6288361827
797.4843429641 -677.3493122092 -141.4298222956
-1638.0981232990 855.1447593014 1169.7506133411
1242.4285653309 -655.1977808250 -1002.1518815734
1984.8373553748 -1795.2062557300 19.4831307575
-300.2936072065 -1509.3184184992 -629.1077994734
256.5824825082 -1591.8306091983 840.1275852982
154.8074403016 544.7785720932 -565.3123918594
1299.0061096901 -1597.0633619271 1566.9363088426
1464.7674974313 -1438.1459929022 488.8785957045
-413.4600181104 190.2125015895 -330.7116220292
-1513.0970479868 460.3334205582 -1626.5619600336
1705.4963280798 -85.0174451055 -138.5454533210
1693.2341336739 1298.5996910261 -1375.3146105005
-1450.5595702070 -500.0534487151 23.7798951580
1355.8242086671 -70.5228162796 1652.6381119026
294.9835101933 -310.9358023142 1545.5191909131
-1155.9189288668 1178.2688185128 353.0621182821
-1221.3161192529 533.8101403717 403.6571222586
1270.0330098901 -502.5057481765 307.4865050868
568.4886420065 494.6016327819 83.3547306310
-1339.1964847020 -147.7623229395 -1412.8204375859
1075.6309224707 1526.0500664694 -1511.1195139255
40.5331468887 -1347.1322689777 -1409.8219644939
-123.7596973930 958.3638908217 -892.2593295258
5.8654768117 1628.6666447902 -302.0652245099
956.8489085109 219.6652674973 -750.1124091303
921.2113102423 -685.6628421641 1857.8088951283
-1732.0990649714 614.6339973354 1901.7526189467
123.1163005854 100.9850440739 1346.3998208321
-1469.4454356719 1194.5122443183 -992.5704924788
-883.9420536824 279.6640192267 -144.5471003931
-959.2109668400 1505.2067857039 949.7081007074
292.1180031135 1824.3342981572 -1819.7763381577
812.8170702522 -664.9014212951 -1782.7487439109
-1686.4403529049 -831.5037012156 1043.9886217536
-1912.4505160489 1244.4591909980 -1614.7623213356
-1652.3513717559 1727.6794330556 101.8411676848
1733.1826129275 -62.2057914366 12.4153995367
-1255.3656455510 -1049.2913163602 1317.1541634813
-914.2684048019 -16.3303081713 -205.7040045185
441.7146616276 1652.8718838399 -1369.3798309469
1369.2966787980 -586.7948185983 1709.7636046348
845.5178355402 -1240.9598053604 1814.0087214835
1382.3954090835 -1571.5163439371 194.3427643753
425.6476050039 -317.9063435468 -132.4737691966
-130.2118623283 1620.8287651900 453.1041483365
-803.5073715079 875.6477846767 -1195.4003733612
1912.0827744357 -891.6340228607 -986.2854053262
447.3036325405 -207.3876129231 -703.7946583074
-1712.9902641744 222.9125671963 -117.9663434143
-1342.2850489419 1025.5858109346 1295.7845414065
1012.4347676478 -311.5170419144 -535.2195618142
411.1360589706 -381.1506124515 818.8098285481
-1724.7549155137 1603.9078299363 830.0376608987
-1263.9848079001 -616.1820195527 683.9641535145
923.8401469977 1114.9252667091 1863.8612544307
-1623.3505184325 92.5312207881 -684.3101452779
1512.7487831598 -1943.1046541197 1109.6112468786
-1212.4505867559 -1147.2539810958 -1035.1738857888
-1096.0212995862 -1410.1235917252 -1941.6193169000
1265.8791568674 72.3717638471 844.5408198583
-1255.5634522550 -1041.3522554484 887.0749754803
-1992.4792291061 1985.2889404123 -1524.0079868734
-1967.0358647762 1542.9816552671 -1279.1841101455
1825.0478972804 -1511.9836166123 149.6815772110
-1770.1072130162 1609.3475481149 -1690.6906432973
1438.9493190918 -301.1046222863 1300.0706654493
-1998.3117615999 -731.7600248395 1402.5886963870
-1291.3262956775 1939.1311529189 214.7993328752
-1296.9311956585 888.8113868347 246.0626179722
-1755.8916368196 1377.8035651582 -1875.3598455326
-921.1980375148 1500.2314194869 -670.6632979509
1486.3722763166 -1787.9940501232 -1500.8844376624
1156.9513977298 -1977.4060210496 404.1389772850
111.6491344277 -768.0940021978 1613.5618120571
1962.4627888592 1805.3052470714 -1464.1557139004
-77.3032457434 -1372.2620874675 1991.9448567622
1882.7145926520 -579.9610961176 1913.3005575251
78.0420910808 784.6074662580 1771.0989969153
-1418.4355584478 -663.4576937551 593.5135068333
-1569.9645745619 296.3212818457 -1163.1357361489
45.2821684722 -158.4768668469 -1552.1321363106
-133.6453519969 767.5325430288 370.5729888678
751.5949939243 323.0217779979 -801.8743216894
-1340.2794715840 -877.7058246144 1796.7762344778
-1541.2585168917 -1911.8127097387 1037.9796004185
-1366.9620557671 1816.1132914524 1222.4797205381
214.0690576200 -1141.6190380116 1281.7371712360
1471.3275489684 -1848.0845071653 1661.4476769938
1658.0623792748 -1243.6777327001 -869.6907407908
-808.6504360361 -1536.3442558995 457.2344660665
1252.3026724095 -224.1719293047 1717.5758748979
90.9323814680 172.9467645435 -471.0815290135
1728.4567616222 233.1748023711 1911.5131649682
472.4186374891 1046.7150571534 801.0486934394
-108.9888285705 1672.7594676692 634.3896252748
1238.1323217648 836.7915655187 161.8559243446
-308.2959669459 -667.5955389482 1775.0642321905
-1660.8793939246 -1518.9999594508 -1108.4989418888
-1700.8450063622 -974.2231125238 1773.9818149131
1008.2883523536 -1951.0836279677 1233.9334601093
-1838.8005110813 1264.4291328656 806.7337366888
-1912.3517963757 -1099.2226774489 1647.8485524753
-1779.8554137777 -50.4082357362 -1313.3771776439
778.2106799290 -1480.3956402349 -653.8691414222
-53.3997449805 -211.2471071328 478.3758303725
-1427.1214080067 -1988.3056515531 -1858.0311600077
-367.8935059032 1798.2021716176 -315.4133858236
-691.8825175006 1457.1649292781 1467.4081313010
-647.5749820972 31.1052203566 1540.4535692965
515.1103147788 791.2042994767 931.8812494125
-392.7507094891 1208.2239843762 980.7915197777
1372.8230486939 -1423.1822574809 1047.9586472504
1674.3621342489 -1897.5803868568 -1932.7244627814
446.8980178733 -250.2383834364 1864.1438327438
1883.7978789518 1276.7461892585 470.9011833242
-354.2538325802 4.8329289600 1205.1675743739
-1737.2168945732 1253.4433938281 867.2975621354
118.9101079645 529.5732789957 -674.6194309078
1717.0850194830 -431.3775272092 -1550.4684574968
345.8025964802 -98.5724221837 -951.9560249605
488.6203699849 -1499.4997976624 1057.9642296902
-556.4353351659 -1195.4901739628 187.7766936612
1258.2093536966 4.8262742809 -1874.2396866310
492.4240033653 1109.1807313519 1311.4938592258
1444.6350462561 -73.6366305001 -1158.3553345881
-442.4583750259 727.9624148463 1818.0275704469
-110.5608037499 -1196.6135307128 1527.9982420214
1724.2576327617 6.5519662823 1187.1798096890
-1620.6721830195 -616.7573407740 1211.5285341594
-1981.5730589733 684.2203946558 178.6140799741
147.7459878795 1831.7539397840 -936.7104072896
-1362.6181433574 37.0185145564 -71.1891901435
-1188.4631295594 1389.2440169454 164.8946828494
320.3955837282 1814.9928669300 21.8399234917
892.0542063431 1380.8169484233 1726.1713286222
-50.9981160063 -1948.6363850446 -344.0885865333
-1536.2254557407 -78.5088335859 1388.4493023820
601.3758412968 1719.2543699552 45.7825025506
386.2880630211 1079.7696352421 -1930.8660284902
-727.9596476901 -873.9041249980 1736.1030001751
1407.1481089526 1622.3791666442 789.3998169491
-1580.3253342279 1490.7606383398 -350.1910537499
-1981.7645481252 1505.0020580545 -1775.8336470362
665.8790470913 1738.1498405688 1072.1811613278
-795.7701983512 288.2396142080 -127.9573279485
-1387.0997081916 793.3861976802 -502.1001317840
1006.0921463076 1156.2302724690 -1394.4085695649
1933.9538672419 1812.6092235655 1197.3198545359
408.6720397326 1579.1930353089 -1224.3416311222
-528.7546569854 -1339.6300307687 -320.3396897267
-847.0965511585 1582.7298943510 972.6933661697
-495.1656946438 1724.7698379510 -687.3684190747
757.8952814419 -1263.8428561896 1230.9704990048
39.1703538479 1359.0594061727 451.5410146395
-530.1836389317 258.9162187287 -452.1903781045
-254.1204596298 745.7912861980 1492.0447363688
1092.0933979840 -1242.7406091279 855.2320293071
1642.5781066881 1054.6876743855 559.5692891372
-1416.3175387581 -699.7013631349 -790.4410093178
-106.3913854233 -775.1453312468 1982.4726080256
300.3576509264 563.0990141543 -55.7609192647
-1329.6830490172 -752.6707404459 1780.5401342862
-442.8877102676 667.9042390043 -95.8594756684
-1388.0568020176 1215.1286203832 824.9065843915
176.9851310254 -247.2302628911 1452.3575755458
1785.6501269543 1522.9923289852 -1662.3494250806
-236.8033701200 311.2049667016 376.7229554428
-678.8021906671 1752.1648800127 -809.0919845124
-913.3841007142 792.6702767324 -960.7275056940
1319.5395740717 -1846.6389509991 -310.2165133604
303.4403348692 -1228.6577342043 -1821.4208715470
1354.4401036200 -787.8057442428 1874.2312216944
-892.1459640068 1458.6630518644 -172.9777883809
-469.9945195515 1146.1059431344 -1854.7120393911
320.1916886808 -141.1254642898 -1357.7878678099
834.6574808150 -906.8601308029 1933.2773454616
-1894.0891448374 -1425.3261176944 -1275.2237694186
1851.6907906408 -458.8696624793 741.3495756749
-98.3374738461 1758.7148036338 -358.4607857832
65.0005659179 1950.4988490671 221.1832872761
-1467.3142125420 -1683.8361911789 -1181.5031072966
-1842.7791646538 -576.1530201558 -715.0687770515
-1590.9499704745 -1861.5659058918 1677.9107330014
1809.4518069483 194.9238260964 -447.5356654342
63.6859294724 9.9030166594 -1157.3766800604
1016.8571729349 -1711.9628245786 -753.9890553625
-1380.7221405456 1942.3098682844 -298.5939531147
-1329.2212423075 585.9974484320 -1663.6072204343
911.6353149846 763.0907082312 406.3438759578
6.9232312527 -1546.6215230111 738.2696596559
1856.9919749895 603.9278720865 -277.9832852680
-1977.2267931080 300.7961952319 869.9683606020
350.2371366102 -794.1806496543 656.5383174331
71.6729806860 -401.3404474698 783.2651562949
-1908.2546928209 -1433.1281986736 1396.5869407195
-685.8931697382 -1056.7634484156 -946.9745365238
-1865.9002385481 1621.8309290966 -607.2673603076
-754.7247737311 783.7199929433 1303.4074680297
153.0999819641 983.6025711767 116.6660239562
342.9998508812 -330.8410630960 -911.8385134423
-589.1801736888 -467.5219971821 1359.6041108356
-1461.9445100878 1110.9407763981 -314.0522364396
601.7682421004 -1822.6788984310 1333.6656327912
-1247.4932709738 -967.4835783753 44.2860500920
1065.5252111041 1158.9708923699 -1666.0107336049
-186.2383470770 -1631.8756643567 -1213.5073158396
1608.5888099531 -838.6741046481 73.2181796177
959.4916806483 734.8428235111 -831.4423514343
-1520.4115361372 127.2255180874 265.7149500839
1770.1744811906 377.4396021314 -480.5677056721
-460.8776170941 128.5749726217 244.5809970220
-626.1833143632 272.0457039321 -792.6899652588
1065.1114452462 -1215.2374909022 -1800.0419757475
-1873.5751040721 -838.2823830614 554.8416184746
-1104.8304032979 1976.7850430812 -1762.3958678723
-406.8354993573 -1094.2831136418 -1423.0079996000
-592.8111419363 467.1408365399 1206.9560074618
1062.3354656067 -1997.1540756492 1587.8036552060
1667.9335757551 -1164.6333370434 -1215.1609452323
155.6715864490 -1570.6463062419 -1288.4211801863
-1920.8259983124 1135.9413609126 -225.0842551625
-952.0364586926 -1476.7790331115 546.9092692327
-1045.9508109246 -817.6482379864 114.1746225789
-1340.0725178025 -236.8187354190 313.0670855195
1669.6790198465 -758.6363065046 1663.0735776037
753.6203915335 -25.8511730551 462.1297511996
960.7087311480 425.9636143640 -1784.2031470379
1438.6996139045 -1546.0557423951 10.5352422021
821.5632923195 1375.5082485229 543.3080005624
-1358.3472397619 621.4013688034 105.1038443975
-298.9313393736 -1960.0213948480 1526.2369732267
-902.6866868826 1463.5662919113 -309.6995047498
1716.9336219476 1666.1238279416 -780.5168709704
1537.4163302199 -182.1686585837 -1609.0503147406
250.5493012413 -1718.5248813844 1640.1841481509
-1260.8656774752 -629.7358339111 -18.0744349198
1307.0195045413 240.9203825740 -1331.5448516225
-838.4424354254 267.6680033006 -758.5631991121
-666.1338357164 -1973.4851305310 -423.7185023993
-1932.9399576979 -208.7996340243 -315.6364796635
-732.1071101318 1683.4860588873 -1980.1335691574
-496.2330745833 -1436.4675363282 1054.1080139195
693.2385540105 600.2717971906 1985.6917629402
1129.4520312179 609.6983813041 -1374.6488019708
-1154.1440945814 -1905.6903231992 -495.2881352209
595.0670530120 -844.7329060202 362.1950033264
177.2652712510 -1954.9456387416 -1682.8087252733
1268.9733082081 1574.8089073649 1954.3821914116
1547.1057631033 1393.4456667160 1748.5703778170
-967.6417873145 -1151.7289760525 486.7589668093
554.1381731351 1878.6304939346 610.1658973386
-1058.7412581468 1133.4641455828 -471.4177551311
1664.1983767291 1496.5756865595 590.7161270082
629.1652514309 1079.4978326194 -723.2704349382
1454.5656087100 -1510.9492847786 1960.7863048099
185.6659214674 -1608.6426256273 -1918.8986556098
-1713.8308595019 -1680.0536804715 -1318.8059016924
1812.0815152107 -1127.5904273220 -1851.1158577900
-201.7038866802 -246.8620625466 -1332.4772306873
932.6012606681 -1963.8819994585 21.3333574505
569.4293110186 -751.0356377490 -320.5640232622
1033.7287464177 -1142.6251731422 -1589.6166949762
1347.2084551037 -1057.4821031472 269.4956026408
1218.1818368780 958.6862035346 -1804.6434315487
1374.2370149272 -1733.0461040990 1816.4152297282
-1972.2008737704 -1649.0729924755 -1954.4444336732
-1908.4310056243 1025.7771431624 -1265.0231349853
145.9677920096 982.7964846782 235.2863834813
954.7591287204 -1717.8809405270 -1819.3826034295
-1935.0576572972 115.6998371462 1802.1408348473
1147.3301411363 1706.5736627824 -1142.2463063733
-1080.6366763900 1371.9598733219 252.7041723166
-530.9225594437 -1866.8553275741 -216.4471724264
-1397.2025035923 -252.5997834515 -1150.7423453078
923.5498234141 881.7568743222 1051.6699885536
254.9000910953 -1968.7221208187 584.1339535204
-917.5537270560 -1171.4647745400 954.3562362684
278.5657712784 -490.5515584070 -1281.3773439816
746.8394938253 -1552.1216096856 1471.7738084761
-1050.6993055054 -290.7800794918 -1557.6339159051
-68.3201472302 -187.0047904259 357.1391020879
-1699.1185244874 109.7241826065 -1631.8772655528
-924.4864073264 -775.2268477353 -1053.4124692633
-1690.4302180480 -1043.4947096419 -1011.5779850414
358.7529349843 -1042.8685903023 -1267.8912918443
-528.2682059970 -10.1255718630 1387.6253849084
421.0452695125 -1806.7442337440 -690.7410948314
-169.1636069554 -255.9799691660 173.2321630667
873.1153581463 -383.2759273602 827.6178790196
1215.1004711984 -256.4109160591 680.8191463755
1465.6185370759 1373.3440180098 1267.6354937153
-652.2849128624 361.3013504957 1135.4549769171
-1311.9579646571 1010.2388220854 1775.6782309450
1906.8526076494 -666.1112411248 1958.5971088411
1929.6547163270 821.2934403562 1301.2417874005
895.9876562256 -958.3564361390 -1946.8841077366
-1929.8956189591 1272.9309358395 -1387.5372101161
-943.5396659417 -960.0833948647 -536.2475402754
1762.5909806573 -1275.2296733456 -678.7335481374
609.2463329543 1339.2566078520 1664.0956235580
-869.3378518538 940.5413437448 944.0074469950
-307.5875229244 1798.5720180476 922.4897890168
752.2518425321 -1359.5771466808 324.3106009829
921.1207219139 1886.1475831842 -838.6446192282
-1063.4980705602 -1206.0183874894 -450.2508239914
-727.5999205121 -855.5525497103 -208.1579084324
882.7916452916 347.0846827328 236.3564713178
1720.9048338483 -865.1378195296 773.0979343707
-380.8623280037 -621.8029660364 -1728.3392006572
-1198.2659364987 -756.6489945607 1285.3886096575
705.3696616980 -1215.7558116252 1927.3111344374
-1517.7329475323 1861.3357877342 -934.0352855337
766.3916835070 -337.1220828843 1226.7511936541
1745.3675173995 -1840.1714518451 -696.3193307893
1663.6454588256 -1715.6952798652 1258.1956552172
220.4702565466 1364.7270683589 -1238.2361239335
642.0183183635 -30.7759564625 -146.4375066239
-1913.0880513407 1336.9110054133 1702.1213038660
-156.1517891164 -644.7647454047 -769.4503218004
-1512.7947875001 -1693.3933076097 135.0154762654
558.8228574556 -1390.1745266358 -296.4868132686
-332.3078035732 1550.5168424833 1323.3695977917
-541.4488721632 -39.6547173218 -299.5259374633
-1995.6948235221 -834.5038414915 1451.0703542391
-387.3714103999 902.1705369536 534.8513993167
1445.7756806020 748.4787621880 -295.6563539087
1482.7385463938 -1181.2710098703 1985.5999374959
-1568.7886669411 1176.4483285891 1189.9876204562
-1218.4248851114 1123.2732528143 -1632.9796155838
-1392.5622895704 570.0046779811 -1981.5215288378
-924.2974311954 -690.6940568259 1631.2307259099
168.7304651839 199.9240275990 1937.9787797692
549.3800850442 -1519.4041154338 787.4603760249
1919.5300277763 991.9330453674 1527.6393650400
-619.6111274366 -1763.6042987300 917.9010996153
893.6098459216 -422.7846163746 1470.9097507060
-346.8554493647 -1470.1504667691 -1293.4220071565
-1149.8896287112 -968.7808833908 -874.5898555413
1020.5726425023 1535.0259124598 -1021.3327867418
-1954.5741247217 871.3664047406 126.0621807093
598.6427272342 571.1226057814 1582.7199014577
-867.2986089296 -1222.5879907535 -1983.6395206953
-1956.1506150038 -109.5755559121 323.4895597808
-55.9395319493 1281.3342993007 225.7437533052
-1722.9098092027 34.7915233831 1907.1847760801
-748.9577552985 -70.1344083210 -1184.2451342113
1976.2528839126 137.8617430003 -1565.3646427089
799.6715169766 -796.0823689770 961.7938059159
1380.2869210792 910.2923067206 -859.0958206292
-1650.1392718981 -528.2444346036 1497.8180055662
-510.2547059809 1989.8023920200 -1431.4503471045
-1482.6465517214 -997.1665014997 -1444.9460765615
1750.9285687173 -1271.4097516941 151.4129501765
1008.3932583485 459.9857081071 -1618.2886619886
1675.8745687588 -71.3271233937 967.9144419366
820.3297982686 1170.5769226417 -1351.4663624796
1951.4145828811 -1954.3525390462 -1361.3400360239
597.3522827985 1620.2134053676 -356.4671026031
-278.0785209128 736.3710063163 253.7082248328
1125.7302092241 -895.2778983273 1985.3540614984
-927.1436331477 -1121.6423941834 -1851.5851388820
906.0078521211 127.7796751245 -989.4795564020
-823.2376742863 -1905.1071997724 1396.6226941635
-1406.7644544245 -237.6306702882 468.3305399757
338.1296399426 -1953.1207981928 -1876.2525256049
316.6684529514 513.5771862179 -843.9627196443
1734.1228368037 -23.5888824490 -574.0335766975
36.5914374462 -332.8184874018 150.8515975105
201.3206039095 -1323.3624598501 174.8851925678
1983.0328909483 -360.8519548168 680.4397192934
-1493.8601614557 1299.9138687380 1676.2604555546
16.5881258358 -1822.0816293448 63.9975207442
1619.9314143271 260.8778507336 -1730.3409094702
1152.4042268114 -1723.1885524151 -1567.6288054626
1840.9406273449 1386.7103529642 190.1715893773
-1705.0747685388 -416.3482072052 1356.3821574146
-672.7318211728 97.3887229159 -1609.5144397779
-215.6969093511 1208.3454985854 -731.7383619817
1388.8973262297 -365.4102221473 1493.7214328420
307.2400282636 -1292.2869225248 -550.5733013895
1724.6281335180 -1736.6250867832 514.9457206953
1628.3675501288 -68.4338800141 1858.3946431263
674.9317895426 173.4572932355 1824.6968939541
-1577.1873636463 -785.5714339722 1398.8106930413
-662.6290147995 617.1649344194 1116.3908031685
-1178.1010140328 -1930.5615290817 -1603.9519341705
884.3699641397 1324.1715329705 -1002.8034907056
-1948.1395200694 1643.5004186782 1404.5950039133
1790.3288029590 1282.0496026024 1149.6853686301
-1933.3063559343 852.2279165848 -236.3023214610
1095.5961689288 1538.7720968844 225.3501196423
895.0816668562 1755.7363344618 -1002.0519811023
1768.8850912354 -1941.5660113687 -1373.0518607103
1020.0490786580 -693.7864603820 1684.1985837457
-1991.9874048761 -1852.2069891771 -1479.8086976853
1923.5014567414 -841.0539479258 215.4699586805
-765.2046019022 1821.8707916196 -497.7298066426
-589.7213987331 -911.9520325099 1512.8897745339
1905.1696954919 -85.2056616051 -795.1632830287
-1119.8150343613 -1672.5562994262 -940.1532516510
-1128.8897660138 -1076.8078542110 -18.5911985576
-1411.3956789890 1713.6605457129 -709.0556522857
-48.1440678169 -179.5158579742 -1004.4936091427
-35.2358260910 1906.6595952977 -1216.6693334472
-882.8573097062 -815.5977658702 617.8807591478
-31.5056717953 86.4382487182 -1951.7638499391
-1932.4076952915 -1345.2671068764 -1638.8137766829
-314.7568227366 648.9916054220 -774.1058836181
924.9998026695 31.6571338508 -453.7006650060
-1770.4275246980 1260.8318140854 -1313.9114596703
1393.5042551906 -1328.9693116632 1858.8038856579
1863.0247171544 -217.0444636770 -1146.9952369002
1769.9504203599 1401.4400178058 1756.9225566827
116.2907339133 -1109.4618499483 578.3733177727
740.7998698082 -15.5416064266 -1691.6175279939
-1323.7670351869 1423.3469879882 -1611.0275473722
880.3259598129 1731.9971866379 1317.4227646051
1543.3976494773 -637.5201462466 -62.2485651356
428.7847055798 -1318.3044552696 -656.2755762707
980.1478391067 1976.3181397253 676.1337347936
-1096.0362367193 -1552.7067104763 756.9422212494
-848.9335484592 679.5542335606 715.4627699003
1986.6544117618 -657.9921546820 481.0206723643
-1422.8537746328 76.8760794470 1578.2993399200
-209.2953930767 1534.7637516153 -1371.5156763810
111.7177188129 -909.1282016340 1930.0689958585
-478.7360055805 -825.2603283795 253.8947599863
-284.1783540342 1069.8305830365 -90.7675010867
-1077.6284074936 -892.7900396466 -140.5569888592
-947.4604973760 1773.5378247097 729.7554992821
-1127.3756140614 1636.5040806414 227.0359725637
-455.0629380674 174.7548370371 -1432.6263019104
-1084.6684599434 608.7382418143 954.1185816456
673.3914433894 -1658.8241338723 -1573.9935181509
-248.8917706702 -790.5106700835 -986.9131420004
736.8740001597 -1520.4395683101 278.3512657168
-1651.3786105934 -1307.9921735344 -868.2403345661
-570.6037305416 92.6154014757 1221.6583506176
1472.9039122695 466.4872387497 1298.6698881283
80.5246517559 53.7324976853 1920.2673745388
190.3111108565 -1974.1273932771 1375.5850837195
636.6862405452 -1784.0703551340 597.7620045858
96.4390889034 -1388.0060487125 640.1630891267
167.3226750537 -431.3889158609 -1760.7877260409
-211.4097847018 -1486.6570842029 542.8898161382
-1017.5318536643 682.6000553605 -840.1125693919
660.9046079061 1295.8211691713 1710.8886999106
98.2200045120 1198.6043088470 631.9061732911
-775.5213989863 921.2119676172 -491.6433632356
-424.8527119149 -302.4246055965 1227.7778958039
1257.7805010944 -1175.0574386633 -864.2001836662
-766.0171542723 -1379.7172997764 458.2918220899
-273.1515375801 1976.7800382070 734.1488885659
-608.2541501400 1842.1698576896 -1622.2007063848
576.5226883813 -425.2040773002 -1132.5786975911
1561.0776839071 -1675.7312668064 155.8377505047
186.0884165768 1708.1269725433 -213.8755524711
723.3536053883 942.6981211993 -864.6536289308
1959.9413496498 1005.4429650515 1041.6444249115
1220.4244995386 866.1087210909 1245.4841096899
-1222.9647011754 -1346.0220782398 -799.7471440146
961.8088614096 1854.1183180942 213.9424210511
-1875.8442087195 131.6546175649 223.4323358245
1881.0386715443 118.2171480822 75.5779349239
-1305.1974419206 -1388.8875804902 -953.5229111835
21.4581884456 1371.8154969985 -43.5315060963
349.9703202705 -1086.8911564812 -1754.8642401760
-546.5612860866 781.5487596669 -1225.6075914191
-1183.9782964102 -663.0686173844 -17.5987775165
-667.5512422258 -1898.5341908237 -599.9976397518
1828.0852175692 -1596.5725470760 -1502.1517253725
-1276.3376993351 688.2441702956 583.4065201421
3.3965145171 -1548.5887959565 -1498.8061601633
235.8318502536 -1155.0697790873 1627.3528593650
1730.6217780827 -1331.8998122844 -1719.7854074017
227.9932492841 581.8366407853 -1521.2886147219
108.1064949805 -914.8110595459 1805.1328542426
347.6389724226 415.2786147573 1107.4200186765
-65.9677336848 670.0812715752 925.9023472458
1056.3494906004 -295.3596071579 1447.3823316483
1694.1550328646 -1668.4239475635 550.4263097800
31.0784653041 -1167.1394926142 -1715.8256103730
-1407.9692180020 -674.1265147317 1587.9305536982
1192.3719359551 253.7221548306 -175.4980697951
1883.5808697444 525.8438489438 692.5756514812
352.1296959798 -1462.0275171390 -278.1604625677
-156.1163931800 1459.4166990842 1194.6002932965
901.6233156825 -488.4125302754 -1763.2718079009
-1498.1479982117 -1266.9522793430 -1801.7854790086
378.5934266833 -499.6991723982 1893.2353052318
-578.0208026540 -809.0110736674 1288.2475239873
481.3880710520 -1043.1995076995 395.6901398118
192.3818093635 -1343.9511592216 -373.3919350544
-987.4080505238 -1842.8874455841 1361.9821156422
-1875.3517085880 -1549.9037820103 -288.1157934313
259.4710071232 -902.7938005799 -1416.1216499627
811.4689583448 747.9621148800 1478.8033332479
560.0098396716 210.1145756255 1711.7916558204
1679.5177172820 -312.0837180729 32.2078954147
1866.1742747690 -1638.3071392791 -309.0360962798
-81.1111298752 -742.4804707824 1877.6260675784
-46.1860611338 -1696.6478477059 1404.1000216868
-1021.9608956058 -284.8041834762 158.3613160244
-333.6517426278 -929.0886967159 -1496.7593006173
-1105.3327968101 492.4370150610 721.6273180015
210.1501506046 1666.9972617921 716.2259349142
-212.9104182223 1998.1940745352 -46.5976953079
282.2518172969 -1477.2863970909 1435.0140965150
-822.7662028658 -972.6706846783 -768.8521955366
263.7025948540 -1768.3761926365 -1576.3647705747
847.9471123417 1302.4871050302 -441.2093248314
1044.5441276287 -198.2420078050 -496.4203061087
-1611.8472506955 1873.4575152772 -1667.1007661359
1204.8986672112 1989.8122827863 97.8471535089
-25.5323338103 -523.2496341549 1948.2135092498
1377.6052557803 -20.1975568467 -650.3139726367
1970.2951649044 1602.8396536408 253.2206592718
228.0364313783 -1241.9020636193 969.0050943756
864.6148440476 399.1952673940 533.3499067957
-1494.4584802646 -1877.2599401671 1141.9571308904
986.0847709243 -217.1615902211 873.0583312765
1748.0528719626 -982.1985815766 495.7755857061
446.3163843301 -1604.3521586164 -1157.8600923715
-1525.8405717486 -1439.9016917115 -216.8016758285
-154.5922109625 -302.3362234976 -1487.7567288033
1062.2933663095 713.0651720245 1557.5621595287
968.2911265960 272.1261249419 -900.2969275900
-1068.3057438355 -850.3088923046 -1842.6941997824
915.1614997675 1906.8966375476 -439.6898133984
-1932.3533009936 -270.8255310427 236.2281624026
14.6854342478 1459.6318671557 1262.0874862516
-1860.0129193075 -1179.2716937469 -493.7018724849
1488.8122159113 -509.1964523117 1580.0055784963
-397.1518926403 -1530.1680515249 -1746.2244331208
-1179.4713817376 907.0136982030 1218.2532525618
1693.2795775019 928.9217249797 190.9658501751
597.9501364341 -1312.6086658132 -1187.0597722641
-1900.4202305882 55.1771167593 1007.3293663472
201.2291730070 -1528.1647032712 1461.2410378427
-389.5103287296 16.0010449044 1389.4845848548
1331.3780871108 -529.3104072676 1115.9147608779
783.0020250874 251.2276131076 -1379.9396566891
-745.1783093132 1663.0167804271 -245.2237129205
627.7241616605 346.1762303754 1080.3737957025
-491.7892770127 1428.5524972545 -1561.8871645809
-311.9843637099 74.3200445178 -1793.9606132457
1337.2570236794 -1583.7426052800 450.4745551190
-883.8175840697 -331.5892816217 392.3446834731
1692.9221282795 -1090.4631307432 -736.0265085931
-1101.8145527323 -1491.1410021347 1553.8640533493
-1196.4702266034 1826.3988139468 1591.4275202345
-1908.8031961289 -955.2866346964 481.7073710595
158.9520243992 -1853.2755632077 -668.4864684165
-1433.9908362024 -1090.1622890663 -1293.6244410390
461.4183948379 62.0979632595 1880.7137361386
-301.1639613493 1747.1731772060 -1687.5888059638
797.4697701398 786.2254464502 -1664.7318142226
-1884.1938147153 -386.3559577573 -1454.6672571365
712.1615574643 1186.2181073010 1522.3295799653
-1294.7669810928 1788.5027870828 849.8426788135
660.2560879175 -1320.5332824530 997.5566012711
1951.0071836150 1513.6871911829 1862.4386652614
1396.0186304490 1104.5839302491 -1885.2972591040
38.2241553362 1830.4021753718 427.4160037521
979.4628115436 -136.2355540117 14.7470070817
522.9787195241 1481.5447683782 -1741.6818588918
-784.6368981493 -837.8163681012 -1777.3079131934
-1793.1175350668 -113.1400324411 772.5072963100
1197.3929174771 -1027.6240466019 -1744.9619202632
-1837.5015915484 157.8924479771 -1.3494533176
946.0566386031 -209.3897521253 398.3530273234
-1997.4170965345 1434.3995100984 263.8048642440
1592.0181117121 -347.6522030779 -965.6504003716
1862.5539851760 -1152.6101812977 -943.3654147495
-989.4414547923 886.1218914834 -93.8612410707
139.3910391598 -1584.6271764971 -1691.5096479828
956.8342495260 1699.6628455685 -1832.2594298116
-1823.2592052200 -1924.3182598471 660.8241413187
1031.2415039919 -43.8190113805 -1059.8730956215
969.9214244396 -1796.0995342762 -1726.0738837791
-1106.9258289701 -115.1572007678 -766.5038741436
-356.3843658443 398.2911953760 1551.3735698279
538.3929588297 -335.1021516684 953.2885984032
-1391.9968439574 161.7565868039 18.3725436441
-853.4770042889 213.5264433901 -976.8377857495
-1200.8309828210 1031.2621563975 -1761.8040757811
1412.0301105222 -1121.8473865540 1327.1930371932
-1901.8344289780 1930.2288018056 -984.7024558460
1863.9829795052 -91.3322223920 -955.8621051429
-1868.7704315492 226.9005951295 1733.0490125305
-1178.0113286803 -140.6202697349 -1028.7263983361
-1056.8478341354 930.8468305911 1143.8921127562
-56.8419249761 -883.5693481577 1224.6774738213
-508.2994027719 -1573.9038823190 -494.0010109239
1140.8486528358 -1503.4601078404 910.5451289552
-558.7984503526 -849.7593864027 1559.6544654313
-864.8190206216 237.3313777889 -1872.1865038844
1613.1221403186 1518.7546096530 -876.8388653457
412.6701725572 1671.2612353505 -1313.8006926674
-1054.7613409332 175.6627742147 1185.1511319243
164.8037956390 -1143.2224275625 1400.5900670685
-833.6553931711 -821.7878498805 1053.5720962291
-832.7542831917 626.9572260594 -1123.9126584893
-803.6451999335 -1694.9445911316 -669.8075045662
-1697.1585042474 1458.5990435363 97.5167075272
-1370.8999118153 1274.4956440808 -743.8356497055
-1351.9700701859 -1929.0629176916 -1860.8448977332
1279.7737447358 -33.9285618723 -31.6391076553
-1035.2857527200 694.5702819056 -280.0294830004
-1420.6379621835 -10.7930353099 1627.5313779181
-752.0098453873 1703.7097199194 -1982.8564218244
-418.6416429997 -1009.4628503872 1931.3371117895
1549.3652325965 -1711.2469835957 1578.4519682991
1883.7915148786 1988.4972958867 1983.2585045536
29.0360590499 1998.3980738969 177.3982872656
-495.0083222717 -1843.0680824765 1272.4043155805
-985.5980381703 147.1151065086 -845.0596457631
1725.1481150059 1244.8758369675 885.9458907669
-1421.1613350631 1282.8247451909 -991.3997544954
1125.5923505070 99.0893852686 1926.2884380528
1314.0686111511 1078.1859354069 -1866.4917922825
53.7264266969 -628.4079901916 -648.2247125488
-1925.4832096470 1187.2099235098 -1064.2237735419
-1780.3822288428 -88.4424692418 522.7575934167
-1243.1120231875 -1132.6852480833 377.1042908827
215.1909928662 -517.7935845849 609.6460854420
-1637.5160760280 -944.2975740278 -273.7521666632
1683.5513252882 972.6842819773 1396.2952454143
-1676.2313664056 -1004.8228953723 682.5329306809
-195.6843397129 -1158.3379069882 -285.6725798763
-1806.6332959190 -1718.1724955760 -158.6295845897
-184.6964268190 -1485.4327315384 179.8310728187
1197.0332348146 399.5165181199 -474.5577088034
-269.6325194439 83.7590968148 404.8179522746
-280.6093645003 -221.9211257879 -471.8708919383
-1684.0064812134 -259.4721874533 -413.5379561832
882.3529058597 -821.9431599741 626.5859159780
731.4129168393 1863.7671120245 819.7056734545
-1348.1147266569 1974.9451706199 1640.1836096107
-347.7080529095 -393.3956217132 1352.0314337378
-904.3813489926 651.5228973604 662.0663352386
1181.5351338322 743.6257492406 -289.9599297983
445.3157548231 -585.2161932184 790.5462716445
-746.8342486804 951.6599572914 -691.6003223253
368.3403159517 1068.1988832096 1412.7789528373
1873.9007151902 1149.3801962320 1150.9989397896
573.5041866869 -1109.4557062153 958.3272322596
-1877.2393860498 1428.1771401426 -1576.4064282196
1234.6526521267 -1063.6023626428 -1871.2953251559
542.4459526600 -636.5134747653 -1750.1275286402
-321.4736628896 -5.8326108183 -1668.3656648176
1102.5398464965 311.7012940773 -1148.7935969154
-1838.2408800944 2.9522637239 -219.7993573332
440.4428237572 -900.6995671868 -1941.1206195747
-1220.1611249063 128.8907069970 1893.9159731403
-1587.7183907060 -95.3616180774 943.4764477691
-338.0699147005 -810.5065545452 -1232.5056989760
1133.3314223363 -712.1757287874 3.4095042705
1946.3600542098 -1238.6667040911 -196.2921017048
945.7454790491 1403.6504742541 -997.7564271376
-258.2010462697 -157.9466866143 299.4515740451
-788.4339978032 1801.3225550604 1513.4467711590
986.8354907298 -644.3646709089 66.3336435187
1418.3642504153 314.3635864302 -510.6508105304
850.1296631807 1099.7444921672 530.0749499410
134.5283098269 -1022.5824162097 -974.1144230460
-111.5368682038 377.6844537035 -1484.3706227787
-1703.1508563279 880.3442826534 -1207.3596206280
47.6597828675 1788.1588564231 -1609.0035480808
535.7817201704 -115.7028021541 -1928.6579148011
1929.9419938027 -1303.7344086833 -1571.8218912954
-92.6375746050 1583.3271013307 -1056.9163219254
352.9347564767 520.8891440433 1112.8114471338
-763.4267939428 610.7663829182 1879.3060594910
457.5329648180 1581.2606670833 -1053.4476808349
-723.1124980372 -1197.6297550262 1756.0327627099
-1209.0640830391 1000.3944823408 -1402.9819321891
1614.3926253103 1047.4750805290 -856.5522046922
-814.1120257493 403.7816619670 -799.8779851347
444.0905052536 -139.0082206569 470.4946945238
-518.0842334962 859.4562133461 -1986.4591726222
1043.8091999947 -1796.6588739879 -30.6604356019
1770.5907331482 -1065.7989713403 247.1475914138
-738.7766605486 609.8322974173 -92.6987996416
-714.0898885221 -1131.7025859267 1146.7314530252
-88.9067043319 -1315.4459025264 -755.5057524029
728.2683666324 1438.8246541923 -109.0734995618
559.3495850633 989.9423551544 -1774.7977488875
-1562.2826782518 -127.0046793659 -1248.0352296610
587.9032173239 -1985.3275652632 989.4766561986
1420.4272089827 -1783.1918912460 -996.7824494358
-1913.0852280358 -1808.5149992963 201.9888351655
-1466.0813812222 665.0846646572 -232.8503465473
-1619.6148768668 -130.9314519015 505.2041342274
-1191.4268890457 1062.6702585530 1165.2220344646
-1804.7996061965 -761.3945844043 -905.6488108234
383.6170228507 -1900.4810989574 1230.7240960276
-939.4969269933 386.9899134385 1481.7651064415
-128.6552081336 -530.7820578875 1759.1552924065
537.0534368381 331.4151337126 -1120.5921158415
188.2997226887 -630.3982236331 1971.4766195800
-1635.7466087006 1824.7416498144 379.6910053243
-1687.6290789625 -205.2044344505 385.7619621331
521.0587445675 -75.4071581970 -395.5845966994
1449.3644070883 1143.4107860179 243.8520796988
-453.2540226064 -767.1713580054 -151.9127067016
805.8244493976 -1168.0491125720 -1883.7622755461
-1834.4093840592 -88.1022331824 1872.2930099991
1139.7551368753 1140.7570757515 1903.2076401544
-1674.1966122347 983.1514202903 -1908.0052186245
-929.8618504331 -1398.3630444156 -117.5420174908
294.8376701574 -1746.8208827587 990.4152578186
347.1466975306 69.7626404297 -1664.6086594442
-881.8163717355 -1229.9318171067 -1259.5345228862
-1745.3352626226 -1457.6527656430 974.2894673631
1900.1879644114 -468.1227585294 -467.5607949289
-1677.0264970721 534.0620982290 220.4072582450
1698.3165540315 897.9215439633 -702.8461623288
830.0173162287 -51.3072358996 1012.8673876047
749.9541959211 -1943.1614998015 -1620.7404326698
1193.2216234207 -1162.5152777551 -1119.7155065945
-553.3583234581 235.3156195616 -1570.9828825232
1488.1795705547 172.3542275492 184.4805797367
-1019.9139489733 -892.1712871331 443.2732832456
-733.5042046229 -1497.4773345646 -1341.7171662770
176.6518663717 -567.8911648541 663.2672082676
-154.9400603075 138.4605603418 1553.1892801691
1239.1106024787 -1459.3468117760 -823.6330538639
153.3865888715 -1943.9478029797 862.4224055455
815.6258709624 -882.3932539651 -602.2993933776
-161.2987214208 1990.4941630298 362.8540309708
1437.0888795743 -1033.4336257666 -402.8298059359
-929.2383592109 1330.3674052160 -1168.4047634457
-788.6456006486 -1181.0526895031 -354.8428196726
1833.9053988908 -1840.3753528926 363.7815749059
-350.2666542911 705.0118107246 1949.5856277685
652.8095102512 -1846.7387045018 1920.0413351795
975.0624648346 180.2841372492 -918.2738571604
1813.4141151503 976.6299792537 -697.2979998244
1188.7767503934 1162.8003352857 -687.1477807263
-1187.2959100327 895.4339731022 -1475.0995342492
1649.3257507956 -1174.8965336436 1076.0806507354
1562.9945593954 355.6997517558 639.9712109827
-1771.3544437629 -922.2587659371 1055.8276526449
1756.5577928961 -72.3672327329 -1954.7344110590
-1602.1667401068 -1624.6727281482 471.4227653507
-1215.3056693976 -1636.7354247211 -131.3952707397
1721.6600954961 1987.5967606966 -727.3376078035
1345.6025507868 994.4337145856 1683.2792092681
-1152.4395923703 -491.5354422054 -637.3204327693
1348.0019221562 -1599.6064623544 795.3051898244
-1520.7740461541 1071.2822467726 -1247.7255063494
-41.6958588916 -1833.4165699445 -588.0399112110
647.8716005797 1290.7694417511 -1645.0713578673
1708.8304693291 -1494.7127451007 655.2166301536
1090.3019511604 153.6268835494 319.4226170886
1896.6768843001 -367.0517841663 -28.9995493177
376.7346784920 1237.6643677602 -1460.4106913246
-1392.1625587598 563.7905240524 668.9348453859
436.8967450352 770.4077430127 -1859.4306612249
-1571.8512192632 715.2404157919 -1977.7220411061
-962.1081550660 270.2773598332 -863.3954064080
-143.6411852369 -365.7915423654 -895.2056774262
-606.8789776501 -278.9096275444 1999.1011002184
572.8593077572 -611.5781861892 -228.0835757533
1974.2563445467 -548.2143248950 -785.7820378065
-1765.0744447758 -341.9475434595 -344.0725930509
1398.3487090403 1132.3276733644 317.5788900837
-1415.0351930844 1733.4229262461 -1104.9084282070
-1712.7633506437 -1511.7512802124 602.9086076661
-1035.3821626781 951.1535647494 -649.8109384199
1696.5311461922 1584.3058513702 1096.6379948616
-626.0097536662 -719.1533053202 561.2299267121
-1142.8431992120 -1041.6507641929 -1047.4425450802
-383.2618984729 1141.2750723239 -80.0467924960
-712.6239945376 724.5879393546 -948.1368463535
-60.1174198440 -1323.9944917993 1654.0442209281
6.2197224857 657.3894071297 -190.5871762823
346.0584953285 1606.2450271091 742.1945698684
-1477.5065718012 -1403.7517289318 -582.8463387152
-896.2784395611 648.1102960117 -1096.5330751350
1009.8956608580 937.3813922557 1575.4757656752
-6.5659133125 -643.8631885856 585.9589988675
-1491.8482101961 1714.9760668456 -385.0931478621
1869.3375885456 1644.6176845371 159.0422082578
-1486.3338128736 -244.7042522986 -488.6007656043
-1203.5891509365 -607.2892292331 281.4489817621
-513.3090130459 1087.1214291651 -1274.2864545190
1305.5715972168 1213.4312524980 718.5376957822
783.7118080782 -1604.0223719035 1054.5064236173
-1803.3621317863 -1724.7425800193 976.6891941739
954.9944033899 1540.3771498484 -1551.4081955704
639.9080897635 70.9228480410 -1085.6837001706
343.7839129488 -506.6873926901 -1201.9165521649
-235.1968956996 -916.6183925609 68.7672771420
-1329.5590460720 1677.8477558512 727.5070414875
-86.8585248148 -404.2321029313 591.8396736616
1234.9009019596 -1416.0732734132 -1158.5114380334
-1799.2906329880 -1231.9242669706 -195.6128925730
1825.5557270252 -785.2427813259 -1463.5982600070
1180.6974743981 1174.4349045122 1866.3031731541
182.3026622046 -1044.1421299246 -1676.2977147459
1526.1872973827 -887.2494698471 1274.6531877602
1922.8278526489 793.1458336840 1975.9817668065
1467.5869634780 1033.1711271298 1985.8960350724
1244.8557819276 -291.9136314440 -782.2229837310
1907.6960469368 -1404.2176440235 1519.0093352191
1977.7708182177 1362.7804938804 -1260.3295051995
1060.2102621522 -494.8660375380 928.4337714280
-250.7158541319 -1683.9965324188 308.3452500081
-1668.4358774943 -459.0676982545 -76.6199063612
1431.1449241813 -182.2184155376 1850.8016135666
211.4307242667 901.3064045597 -864.0839603108
-808.4153835820 -1608.7995562542 -1956.0477419718
875.5861757269 -327.6766662446 -1668.9758937988
665.2244513981 -294.7266256667 1436.3129970264
