-1260.0691672546 29.9172624584 76.6796818379
-798.8197447681 1750.4601143038 1747.2890066670
-705.3975349204 1183.3006183054 -291.7268587158
1639.7067432644 -237.6490572026 1461.0053914009
1179.2504258343 -1029.1793924211 1232.8910290002
545.3502423632 1072.8750935752 1599.4683752791
-1297.6352077394 352.6353938235 -529.8381630885
1773.5293179121 -1436.1510027073 243.1161147187
-1081.8997260278 40.0206154055 -1774.0294077128
-1558.9194911954 1772.1576068946 1746.8913394865
-1907.2128474750 1617.5953924715 -877.7154027671
1602.4722204494 -1926.3231214109 -1425.5748754020
-1947.6689014217 1218.4400529271 -34.0054154540
-925.9160414876 718.7540065270 1762.6354560868
672.0007115076 1517.8827889639 -59.1623266115
-725.1849732010 1397.6029547121 -842.5355438514
-1227.9411566731 1875.9728511816 1386.1256449935
-993.9856953064 -943.3939648670 1252.0623422416
1193.6511065937 -857.5702861564 912.3408194258
-310.3978508260 -194.7813077209 -785.0542038568
851.9155793213 -1175.8462355217 -1853.2016804912
-748.1867649179 -927.8706374017 1917.2151408555
-1486.0189859616 -580.3537070111 -324.6243927956
130.1891452137 -417.2980429174 995.5105223936
-429.0420841048 -1934.2416122429 484.7347471884
-859.1394273549 413.5671784899 1882.7498534907
918.4553105382 -1886.9437055188 -1613.5938681836
-85.8712920699 -1890.0206916974 1076.6293728427
-314.4974348661 1901.9132970155 -1387.5730118521
-1081.0973862834 -624.0004554500 -777.1292084861
1381.2890780684 1683.7874687574 284.4646630874
1069.9997471211 1039.6244431238 1257.9762642107
-1305.3851569821 -1526.8334963916 -1622.6683184761
-1633.3667777955 920.5650421646 -459.2901304381
393.4989129101 -440.4708232761 -1228.3058298963
1201.8929385532 556.3044399157 127.7034954883
-802.7213969580 -250.5134133356 -1463.0162001469
-157.2992410609 -324.4148854156 -661.0270257666
654.4807851201 -557.1954384742 699.4450668531
2.8295455202 1300.8173291648 -1268.4942586411
-1122.2269461847 415.9823584878 945.8453487567
-195.1627673898 521.2678234215 365.2123921919
11.6440359722 -1539.6275746505 -1328.2465699786
-1629.5013552349 1384.6506030045 -20.2456981625
538.2376251627 1655.3415253700 1412.1313188962
-466.9709728402 992.5253032956 -1893.9336171059
-16.8885941109 -1251.2658842563 147.2435694327
-1126.8231310515 -1536.8685220280 -725.3525951730
-180.6302048433 -300.7465813875 697.2197645322
-960.7230949485 668.2726196437 -794.3735491463
-1765.9157877725 -51.3256436555 788.5243414872
1459.4795637720 -621.9561560249 1776.3805644929
-1848.6730570228 -1001.1311723188 -1523.8522693559
-1139.2332033397 1636.4739807301 -1438.5768568896
695.5448268018 787.8787402369 1012.9341199170
-689.9238617728 998.7275484127 790.9817811886
675.1951614811 -172.1724954462 -199.6466179835
-608.1378433146 -1154.5163200006 1549.9959331648
1349.7265943384 -18.0790410484 1770.6329225308
1418.9355931526 349.8371071872 -773.9978622030
-1700.9694430581 296.4977947760 -1715.9041022366
-979.8994363416 -457.0995094501 -1804.4743665719
-929.3555461682 -616.3599405887 -1869.6958721486
924.4502164217 146.6639894641 1262.7678903615
1671.2425355093 143.9485131072 536.3858912994
211.3417426321 -383.5353784187 -1993.6040834646
1827.1779222348 -809.2617259835 -131.9719991275
249.3460093617 -926.6992609404 -887.9089535964
1038.7978457401 1135.9140324208 1229.3079925209
-1314.1098185252 -1375.1816099542 259.1150742591
-1473.3547326280 1944.4673065085 1895.5755267050
-1944.7752288306 963.6771016786 1101.0216209247
-1977.9998597782 -600.0736965015 -1782.2563554654
1026.8076098185 1391.8929374125 -194.6748370905
1185.4559465366 777.9115377937 -36.1266063361
-1061.1620605613 -470.4896590081 389.8883225928
-361.1249177414 -513.8277404507 -1305.5630513742
1048.6573315240 826.9303926366 -676.8253058913
-979.7672212126 1254.8891291037 -335.3682127966
1046.4111208129 1800.6062202012 1165.9473778352
1102.2844118349 -223.8403713927 -881.4460381224
310.7556019627 1706.4842135053 281.3190112456
-792.4840096130 155.9902560913 82.2781746887
-1486.9160328982 -701.6679652926 -1893.9599027536
-1366.9185146882 -1130.9995181409 1401.4026628994
238.9316650947 -171.4524911795 -1714.7314067393
-1639.7116678932 -325.5378418250 456.5123000604
-1525.0803825936 1088.2518069804 -1327.5620938055
904.0682006432 1115.3966942999 -398.6921163921
1528.4780917872 245.5037042646 499.1058804392
138.5815899943 -629.5356318301 -778.1518192847
394.5304739921 -1653.0029796449 554.8461576648
-767.0027217671 -1172.4641141621 -224.1882166519
647.5467846047 308.7250575093 532.2717317244
852.6956573010 -383.3171792479 1112.2921912821
-1530.3493754585 -756.1314006856 -978.3800297040
366.6212245196 1040.5126104138 -940.8385159586
-1104.5148283263 240.6251952682 -164.2967770034
1099.0746887713 882.7006561400 -500.7997526898
1145.3062441477 1248.4449311464 -419.4976851394
825.9041790460 1371.2400980508 145.2406559770
-453.4766637917 -1733.6700719796 892.6500258324
-390.4401735573 -1383.7484393846 -1821.5825273640
-504.6862086601 -56.0052393040 1651.9538588024
-667.6101287253 -142.8366259416 -1526.5494895205
-1862.3491536197 -277.9435595696 -1519.3507729454
1380.5574883502 -1989.6556943206 -499.2704075107
-422.1634220465 1014.8770130351 -202.7634066613
1651.8633165500 1662.9182917546 -803.4089821451
702.3737540406 129.4813004449 1160.1433143238
550.0884377503 307.5557179295 394.2108269017
1445.8093290834 721.5845759263 -829.8180305037
-1097.4545989132 1570.6146319571 1602.2672453384
-4.1004934522 -324.1956266054 -102.6043994078
-960.6607687373 1361.2519955131 124.1747997117
-193.1127550284 1762.1557818713 -1859.0897247863
-1524.4285051925 1502.0848553305 -1630.3634056321
-1890.9475281351 -161.1398888269 -956.2096500120
-1154.0041830534 349.5478984460 -1847.5313652108
-1131.5220458039 -725.7916481184 -555.7852244537
-1269.7616313442 -1574.6114695066 749.5796179477
1304.4423737294 -423.1640188138 110.0554936211
903.8473759546 1794.1127135880 730.0416865408
-647.6609604151 -615.9664028088 -1940.1059596605
-864.3260934551 211.3852920261 -1306.9052150228
-192.5411789473 1776.2791405620 1183.8062082829
1179.4063905545 770.7821486385 -574.7087630674
1203.7550878823 -1729.6748258943 -1301.1810341678
-501.8784397900 1841.5676194442 804.7738262777
1606.2543606732 -936.5772749773 -330.5354980531
-988.3934658924 -1312.4227380433 -809.9849732947
637.0983227086 705.5560723068 1800.4390032506
-455.0408076693 -98.3879921376 -498.5693033742
-1578.8015039542 -1598.8057934760 1910.5020519065
1097.9322515399 -114.0772988949 620.6389064749
1450.4707939541 1743.7153375256 -306.5004909702
1783.4174112834 -667.3091831319 768.3963868940
-1149.3113809103 -392.7233117483 -1159.0490795478
-354.7838083925 -1026.4604065048 1171.6931731696
1632.5887458884 1059.7365933585 -1490.1082556928
-1162.5246429607 1924.8677989670 -76.6674925768
-655.5910612880 -1183.1902536272 1445.9127561103
592.6494770307 -1282.5609342204 -1999.8865599941
1331.0939023799 1216.8798405835 -919.5430718104
1317.2493794487 -1796.3631667304 1921.5120258529
-709.5650163957 374.5039574063 -992.1036617368
-1776.7237772205 -868.3221816868 -706.6676419078
1385.5843209276 -418.7922617570 -609.1350273157
-538.8960907699 280.2284559284 1603.1483728266
1300.9123993443 327.5260204919 -1056.4359366751
1542.5727440765 809.8027223280 1838.8244693820
-93.0378264252 -355.7690571474 -89.4941972162
1068.0142558542 -1656.2353745562 971.6261794830
-853.6628960240 -997.8685114948 387.0515374843
-382.6709714745 -728.7148259582 -1779.0744006429
163.6590488741 1273.4041525776 432.2434430513
96.5019330285 708.9747081985 1772.5161549359
-1310.9774334424 121.7227287978 967.5204168332
368.9901503623 -963.4325728664 -337.8165785100
267.4686894893 -55.2756891824 -1419.2828431797
1041.7344402687 -1526.3714646876 1141.5828461291
1265.6412084872 -646.9267328795 565.6603015263
-336.5163699589 1195.3071005767 1545.4774536242
-64.0076399885 345.0525794869 -1002.6722605319
-800.9135471653 -1299.0386152497 1487.9419921205
-253.2303155198 -1700.0390936659 1898.6899536631
-34.8190293109 1077.2112118190 -1645.5470106829
-1528.3163370245 -535.9905999303 1777.4675227762
-1623.2338383388 521.4813295328 4.6406914597
-1644.6750909229 -584.6539812355 -374.4323384068
1149.7739046422 -604.8196366385 -1371.4320597841
1467.0870586858 363.8719090224 -810.1327532681
817.0894052570 1568.2030600889 1627.3982083152
1909.2046204377 1859.7246166293 -572.2942684275
-113.7158497903 203.4310061562 -1725.9374283911
-1733.6624806583 -976.9071599479 84.7817728616
-1694.1801514975 1050.1981506223 1517.9993755471
-1163.0709625997 -1484.0886872662 -1135.5523683841
-1737.2923029098 -833.1367549496 -376.8611916621
643.3479808865 -932.1038698208 1031.8663746909
1356.8493026966 -155.3246855379 777.4161142864
1997.4456982287 17.1372427625 88.4835494504
1800.8541075316 -1802.2178620476 1589.9367131117
-1809.0388045271 553.5559168158 699.2761414671
-44.2945984734 -1699.3603702648 -563.2680104875
1428.1740864135 1343.3622223864 -900.2251928008
528.1169371231 -398.1300700316 -1039.1104518312
1966.3253528663 1777.3667353020 -884.1775977145
949.9193234694 -1219.4793298317 -1055.4404133080
45.7973224134 -1448.5246167829 165.7646652786
-1320.6965117767 1404.0942900404 -352.6627184678
-1512.0911073212 1000.2011217879 465.6129897737
-486.1497507039 1529.0777072436 924.3873189651
-470.7633455562 -289.6714098167 329.9389872054
935.6055646506 294.6530994490 -949.1661287607
-1179.9753058738 -1182.9809672296 111.7055235200
546.8826625638 1953.8390398482 -1469.4127124223
-265.3116259564 -1826.3793204522 707.6884360117
-602.2777279844 -546.8336196521 1203.2734480304
431.5085505376 -1443.3468286083 -1251.7734597006
1759.8033726895 217.0779920980 567.7380467992
-760.0624430340 -889.4711034104 -179.6041993695
-1324.2360279729 -860.6396633971 -1965.7988481088
174.1027875327 -1977.2182819504 -1742.8802395449
-506.5901629446 -352.3476515375 -1450.8807816917
-1427.5320779837 797.3420043981 -1704.1756897927
502.2665897255 -583.8543743875 -419.7688739539
-739.9928771270 760.9159261189 -792.8558058200
-1409.8455187794 268.7570208694 -1174.9917881084
-1349.7116760469 -604.3709548071 -663.5554586788
-464.5695640009 -1749.0910518376 -1005.3790920549
294.9076989877 -637.3848457426 913.1262122665
-1073.6126592458 -1342.7617473116 962.7554065739
-885.6361361247 1397.7635243643 1845.7915070593
-1498.6858070325 -1018.3432404558 -472.7625175450
-612.1972443372 1900.1595259347 714.1005839935
-475.9046858751 1584.8759957941 -235.9220358803
1892.8056062585 1189.0748284931 -846.1391171272
-1478.4313493916 -1245.3466077128 -1200.8579324866
-1484.5000936570 120.1651495930 62.9925687340
-552.6881860770 -704.0660568196 -944.2892672564
859.4093278034 1792.7209491944 -1549.6224180037
-547.0112833089 583.7063044577 -1713.4163569167
1068.2952003373 859.0028762620 -710.0245724044
1063.6107425668 1036.6492217377 1043.8306272372
874.6175313744 -1549.9620428547 1471.6430334265
-263.0915880711 -1901.1509253826 82.4161606957
1013.5531804603 1176.2056846851 -1890.6027262894
-1939.6791030002 -1961.3827092120 -1576.2838085162
-452.9071947478 968.5897748357 -1593.6861196166
1339.0727236485 636.6922932634 1244.1234835609
167.7739016496 -1892.3014819106 418.4534285993
156.0840793732 -845.4629904603 1230.2532241265
704.5422178757 861.4285144909 774.2896047168
-1546.7973381972 1961.4404946941 1165.3736105894
-1604.0104184008 322.7155789005 166.8708033079
-1759.9938795741 289.3362641220 -1399.3710768879
1038.3989620784 742.5464578081 1684.6609578929
1763.3014484739 -633.9198875894 922.1266495612
-691.8037314368 -468.4684906540 1781.2110956131
937.1946384127 1020.1406034988 1379.5026336606
591.8148542466 1345.8279893378 -1414.5791278846
-1033.8952858310 -685.6462181704 -1175.3153925083
794.7617036581 -1405.5360586139 1175.3262465057
68.8534115853 1160.4856628569 456.5426070196
1814.0920575392 1145.1786435300 660.5027064895
1309.7651988543 -742.8524976073 1528.9804752020
446.6116310907 -1580.2786957389 -234.8736050152
-1875.2089148622 592.3103624725 -1924.4476900657
-140.7404912926 -1026.1412265975 1359.6764243878
443.9354951749 1129.2004632939 604.3281248893
1052.0623997987 412.6927298078 1388.2545254923
-983.7457207120 1857.7565407079 -1925.4506370911
-1574.1697686249 333.8339172669 -1747.4094908632
-1930.8640821681 -1650.0325025938 1675.3254010010
1354.8250131828 -960.1217128362 -977.9132644049
-410.1985892385 -1513.5918372301 285.6450354310
-50.9577097475 -1169.4508210895 295.3124632690
-553.0923415800 -963.2131051021 1269.7211765588
-1657.2478141135 -440.8965874659 81.8558212217
495.3473662629 726.0349144288 -1076.6632982186
388.4136744765 -1174.5643530168 -926.3461266353
701.2392886969 -21.7391725484 1039.5731607985
1687.8606864288 -720.9678750777 514.3240732193
887.9370083628 -1772.4840789557 1967.8543583061
-1213.6943665409 1100.8536149451 607.4811135337
1518.9853928981 1357.5653086429 -1940.6249014883
-1724.2373442272 1685.9268673211 1593.8924206831
-469.0016483459 -1341.7112510377 -1492.5171797578
1062.3979259556 -271.2702809730 -160.4112533161
261.0622119129 -750.6923723117 901.9097838643
-66.4562635761 -1208.2772332161 -315.6171874659
565.5638882443 -1419.8351912231 1087.8289258550
-1509.1381664908 -1753.4000585039 -1690.0005161393
943.9877050731 945.1513303101 284.0000737848
454.6587884466 -1511.7040020925 -758.4633966105
-1755.3218463600 1.8702284894 1937.6946540081
1849.6773365814 -803.1763455506 1508.9816827159
-1941.0021615615 -1369.2292163667 -1288.7059892308
630.4373280150 1534.8063857474 -1049.2674260428
712.7872424588 -1295.6856343553 -645.9605715973
704.5004564383 -420.2210688484 -1452.6688110544
-73.0318352866 -386.9270967334 1009.1962671927
-926.9929864975 1493.1550839386 -604.8854031259
97.1129899643 -367.1243466656 679.6367979073
146.7805557819 1940.6891531456 433.2334848984
-256.6711727208 -1527.4629742516 -761.6477375848
-545.8500369335 480.4280015500 739.0557972053
-1382.9782435472 859.5154672834 110.6891314663
-811.7912046399 1250.7760474508 -1833.4214408533
1481.9740839594 -1492.8527686173 1257.3929859174
-33.8325324536 852.1323608619 -418.6830731326
290.4606297584 -1795.4207152071 -1496.1008663186
-267.2541175540 -1293.4305045935 -1976.4195421863
-1647.1434501673 296.9877435370 -1049.8562510522
1829.5870198405 1752.9957624705 1008.5747728928
1732.4388973469 44.9552835762 1951.7012964122
1774.9006025491 -500.6867181171 -495.2558392703
684.3568227181 -1445.4279121676 -1095.2472454515
567.7923080132 -959.6337571019 -1597.3476207190
-1162.0568698201 -982.8152293658 1855.9248932506
-978.7673788754 1101.6582215959 165.6709653003
-1700.7323187322 10.6319645806 -1506.9099747906
-290.9724618387 287.6839429520 -625.0512263757
-1459.1337297235 1725.8461793809 77.7953627656
1497.1648578201 -857.6159246627 35.0993025775
427.9660284490 -215.8556319461 638.4124183533
-1607.8104685736 -1147.7119303020 1266.8601530833
1912.4666292820 1428.8648296835 792.7964899728
-1269.5780824771 56.2271196854 1354.3788520462
-361.6951637881 -1454.1928048886 1803.0706853222
-550.3389801264 -1518.2896530155 -807.4199409734
-974.9606984469 -1588.9784848948 625.4071086278
-328.3014225805 223.9718372703 775.0517919085
-809.5367221768 1142.0720302620 6.3188391673
243.9010412949 448.5705759850 -1576.0017919623
1191.9194690912 -49.8144508035 -426.1556508870
18.1460867026 -1236.5929274223 278.9280780115
883.2271343479 1997.1763997681 -1107.0235198771
-1081.8048188621 -1936.9699026784 274.8782429820
-132.0417544843 908.9542338950 1588.7838241607
1936.7257708078 -1675.5889324906 -1100.6848209808
-56.4494025187 670.3062652371 95.2316142413
1823.7066488523 1744.4827240038 -1836.9645171480
671.9595441795 -650.8896552604 -755.5263202524
129.7412799911 -641.6429794810 971.8699861120
329.9405802491 1063.4493767225 -1787.3002045486
591.6678713868 -758.4797012455 -96.8270235811
1893.9099956866 1531.1658486148 1916.9333663102
977.7642614783 -651.6304880655 784.4987018902
-1629.7794893326 1110.7509048658 1176.6127917833
-1015.7092411418 1158.0002166017 237.1389875484
-1097.3300103734 -213.4970660759 -575.7285676208
-1067.5153641294 999.0352881808 -1065.3151283065
-132.4324902908 264.6306410261 1506.0156380516
-793.5409602621 541.7258023848 -380.7431065198
1602.6323849208 1821.8858018018 -1408.4598460338
-1674.4551737968 -993.4632062152 936.1160787369
-586.9429068709 1696.3113683612 -995.6944024930
692.9312549582 -1471.5215134463 809.8356349534
-1187.2034235817 817.6604312858 -1910.5862581277
-1269.4475236278 -1793.9957602679 1870.7848288601
-1492.6425049067 -774.6137350832 1867.5447828187
917.9367047598 1038.5913668928 1204.6136997032
633.2640681772 712.0915308305 1927.5499730299
165.4719808475 -1237.4198699727 -270.0307981449
-496.4938778473 648.1599459467 1689.9944805385
-1187.3512600657 -1576.7709341854 -279.9192640652
1881.2283458281 -274.0383835226 1024.8432971094
-673.1000242461 -1147.2669620831 -716.7026982011
-1311.9779000333 -529.8875278412 671.1448720157
443.7176768038 -621.9127218380 195.3798957916
1471.5827704070 799.5991243482 -340.8096624780
-1830.2196969811 -383.6053289756 1230.3891454584
-80.3302330540 -715.6737791117 348.1036263050
-1591.8380790915 -636.2029346561 -645.5318681822
1080.7417401106 -794.2727514666 1460.8024292673
-717.5713594575 1884.7661561850 1383.2358171480
513.9687960331 173.0293927217 217.1129749267
-1560.5527084772 -690.7508627612 717.7622321679
-1571.7564297687 -1977.2131287880 -1567.6223392638
-539.9271881990 379.9167701794 -40.2098075810
-270.4371091181 -1251.2478350926 -1915.3390696582
-1485.9496642302 -1567.8630794704 -1514.7815299481
-467.7203357459 43.1821064485 1516.5290913247
-232.2927348256 721.8255446372 -785.2841774007
-1910.6986942678 1399.6885690054 -1147.8946694393
583.3164792142 1954.2817181888 -442.0196643263
227.8921631396 788.9801187749 1938.4085704397
-663.1594534373 -75.9159135230 1997.6152150416
-413.5672322942 -1228.4260512858 1437.0696456926
979.1416603059 259.3989091074 1009.5946733645
-1594.8927822648 1473.0821105944 -1497.5272792499
-834.5758205325 614.9347668223 -1630.4856345718
-1849.0066546286 694.1554205596 273.1924205646
1859.3278809610 -810.7245387647 1460.4045688530
899.4645036246 474.5121146715 1639.5546165467
-1519.5383498492 -1875.2148314880 130.7961920942
-902.1477707517 1553.1102863841 -154.6749075032
1531.4381016978 -125.2688741055 -1119.2773246991
653.2804895900 198.7178066170 -1449.2492810883
-42.1758124956 -520.8276512379 301.4487332316
771.7463566576 1420.9367485272 -1487.6793551275
-1195.1353965136 580.0590449036 916.1673544063
-17.5811986799 -857.5185211584 -355.0876489148
126.7095019122 -1356.7583132623 1777.5424528179
-1142.0620413322 -1554.0573782342 1857.8320171301
1999.2667374138 1088.7797713824 -542.3570053099
-1220.5814108073 1980.2044746685 865.2317320996
-1680.7071663606 -193.7160478255 -1707.2877145601
-745.5077039041 -1453.7449381807 -927.3219480014
1812.0714468608 -12.6073472560 -1315.2695211883
-945.3620152478 189.8328101818 -1194.7702979937
36.9956083937 1061.5248883575 1758.1254006826
994.2288924574 1490.0051383100 -1832.8256197734
-1522.8914562321 -435.8340674781 263.1887819931
76.1778796768 1021.3071783477 -1793.9213058998
-284.9926766600 1925.9138700273 -1813.3529689627
-199.2782328891 328.7182834650 -1961.2389387786
1393.3784646018 -686.4434528817 -1012.0099470973
48.9592061291 54.8121154724 -1984.2974416101
-637.6768021148 617.3218867724 972.2444460010
1684.5958416120 -470.5392561501 -481.5339633143
1471.5380376528 -693.7212999491 -1957.0939878627
1688.7330056513 1848.1936202755 94.9646383078
-303.5100758574 -1231.8895352291 1333.5177715117
-1360.8075383463 529.0090382952 1136.5991743918
-857.3865190489 -1360.3497392016 -92.6249647267
465.5526338041 -529.4245941416 1329.2212081332
1535.6652416684 1810.2723201918 -969.6294058353
51.1874681159 1271.4850496408 -1650.3365637053
-1390.2823476387 876.3356539261 -1866.5962472027
1803.4129939389 619.7710270693 532.2143338184
-387.5129929748 -1275.2057637395 424.8767470107
781.5112963597 910.6302491249 -771.4896971159
-605.9644085682 -1733.3926707240 -478.7118037207
-1065.9693917390 -524.1187412085 -524.3634853957
-1408.6232744804 1315.9625638492 -888.6192453172
1519.4089692480 -1008.9085728127 165.3902847798
1345.6298620944 110.7030809886 346.6686114798
-1107.3294836817 1238.7289080434 1228.2397338787
1283.3561688327 1467.5280632723 504.2853312816
-285.1336738645 609.3809352325 -1909.4339441138
916.9783767568 -1430.0405642900 -667.0196106863
-885.2776140941 -1971.9337108819 73.4533004985
-136.7790067172 -71.1247627594 -1551.1313916258
-44.3419275529 -463.0924184305 -659.5446757484
352.1345583592 -1590.8971857123 1568.0428936929
1136.6436002406 -1700.2369283959 -1305.9385993716
-1039.7248019706 373.6177694697 1863.7432749383
1561.2069286853 967.8967444987 350.1182986286
-939.7233573430 -65.0971282385 -1181.5990463549
-1116.5483409918 -185.2754437678 179.3711139697
-1695.9393525519 -204.0835581223 1316.1262075291
-898.3636516010 1316.0688177683 -287.4462900156
-1763.9584222073 14.8345018113 -131.0701917570
-71.8751577907 936.2453056797 -969.2267318038
585.2825243658 1170.6770067172 -1096.5328827241
-363.4189130087 -626.5152693633 -919.0342689727
-178.6144804304 -734.6085719739 -1426.2940794217
631.9298969083 1105.7508590951 -1805.9524947001
-517.2486246001 -963.6064360389 1835.0064567586
-524.9559415707 -1661.7791184429 -1736.4650645930
-1200.4353973990 1839.5858931755 -1642.3348413391
248.9559412128 712.3614268898 -328.3530934828
-822.2957261377 1689.7258124972 -216.9687727726
-826.5042462672 1808.0120566225 -95.2050181457
458.2589955972 -256.1790896989 -1027.7144843362
166.7797800123 923.6303968520 1591.1068104648
1629.0203156545 -427.7411714775 1258.4289433511
-1071.3353832096 -1053.3207067861 -1363.4872877442
1207.2509275242 -1367.5657811055 -982.3682502261
-676.7676896471 -1358.6939162872 1366.6723258042
-1951.8573665908 -1546.0879570320 1659.9604578262
1826.7488624171 -706.9583248710 -819.1838897780
-1522.6180219128 -1550.1602138602 -596.9660844799
-670.1551087854 1309.7217815852 1078.4065533022
659.5181358161 -825.1390457744 675.0859540405
1657.6443240068 1947.7178735327 1641.9970984100
-906.5605153296 -1219.4159287896 1012.6054086718
1303.8375658343 -1796.5911658179 -219.9952932514
1341.4930900303 1986.2258697432 -1235.5620055397
32.7505754112 -1863.1802047153 -1891.7830078968
1235.7227416642 -1666.7638732772 1257.0723625344
-1958.1584618848 1645.4161507676 823.8451497865
-1547.5747057472 -1953.4148596841 1212.0478726474
-822.1788798643 -1769.6788712187 387.6716835965
-731.4152042714 548.9776525913 1775.3858270423
74.3342696558 1232.7807604203 1408.8469072467
750.2986576349 -979.6021785809 -328.6574939950
-1769.4564290359 1525.5152696468 1373.3962362373
111.0094107229 -791.0765790839 1457.7928991126
1868.6317870201 -129.6257162056 584.1922068918
1183.8368062724 213.6852181856 921.0185719346
-1889.9361068751 -1300.0805802113 302.1004546783
1460.1982434555 -1825.5959677945 -1607.0562914037
-1668.3850944891 50.7206102804 372.7972360766
455.7496141880 -1829.3722751592 -1956.5120428592
-50.9724682176 1327.1830464281 987.5170448989
1323.1661496932 590.7569398280 -574.1268584466
-1154.6176171159 682.0401053074 -45.2245744333
1123.5229261912 -1463.0338708511 1749.5688356670
-1820.5603501154 1718.6020022705 -707.7713752738
-1107.8031491733 -58.8126711787 822.1095138093
-295.1336974942 -69.2371106821 1565.4926672248
1286.7882971600 1214.1568391139 1677.1856706126
1589.4125257713 1464.9199800895 -530.3614862894
1464.8862366266 801.3146293692 481.0649722476
854.5411856587 1886.0754450778 1588.3111654309
-1777.7402856363 1830.0412837553 -746.4329863404
-351.9091022383 -1407.2689346365 334.8552669801
-1007.1594254435 -1877.3082797497 -1275.2706400540
536.1558746945 -1116.3786938372 973.4359208825
-1451.1516898161 1781.3866912755 -1338.2905255293
-488.7518533997 674.8551297969 1788.7976804550
-1470.7867815842 768.8079488205 1167.8579151447
165.5952796933 1440.4654291083 795.8329883140
1221.4074081821 -1250.0546190327 -1340.9889682360
-1618.6579349255 1090.2817764368 1923.5984459238
-1431.1249206907 950.0711748257 132.8905933684
-95.9226454707 -487.9678371033 -979.7609505134
1370.8191324006 1313.4756859508 777.0024550167
-1145.1503034091 -776.7923255988 -283.0176176667
-1818.5737048974 -767.3707588068 -381.7784507737
1143.9057452297 -1464.6157869032 1771.3874619965
-250.8038873809 -213.5763433143 -1011.6821368862
1241.0594529801 -1073.8868826505 556.7326646324
1743.4124339787 1756.7618416514 1580.4374637924
1799.4346140352 -1542.8212170590 -1961.5599724043
-239.1843036151 1859.1581522319 -1303.2551668241
-388.6948465385 443.2966108605 1864.6731248247
-437.5189166487 -325.8789821844 -1998.0161210340
1821.1784842461 -1779.2460107533 1349.5720723304
1682.2140224455 1888.4613411554 106.0730257755
1922.0436246223 892.6261347405 -1478.7172796342
-722.1642803018 -26.6825274038 -400.8937644287
1132.7295938463 1768.4001189516 1595.7351276333
1408.8708236037 1571.3746832234 400.0458610900
1866.4034659006 183.2350855912 -51.5723485388
655.2351896286 670.9295939908 1646.9989388290
937.1705455875 857.4066968054 -1608.5505804779
-1160.2660320791 -1506.3826314698 -126.2116015463
391.1323217272 -268.8115553572 1911.8816479119
-981.9126841713 -1277.9792687802 -1298.3776115935
802.5448250561 -305.5767120902 -1849.1214013509
783.6300528019 764.1987092549 -1993.5130772673
1116.4968012558 1936.4498035615 970.1809026175
-596.3205549773 -1681.2562151384 -1545.9322172987
1671.1796522451 -1931.1806272994 51.3149032090
379.1554976070 -587.7586760431 854.5326669100
786.7808031758 1728.2413824860 -247.2310640437
-1628.3649179467 66.3539058790 -1987.4330830653
-292.7763170370 -1871.6651880769 267.9284899980
976.3258801358 -1001.8041480289 -944.9709772050
-1815.7085427623 -1498.0011900091 930.8411490609
-211.5299371928 -631.0569862685 479.5612313688
-1163.4166301690 1120.9336132749 1196.5324270703
-712.5950352936 1870.3698661556 -867.0634079181
1980.8460270272 -1878.1653745463 13.0288831841
1219.5424217431 -81.8372574790 1244.4287564241
-136.1632228036 -924.4831002393 1030.7387299373
795.6355549586 -516.6852639193 954.2102845943
1706.4835606824 1309.0315572725 -38.7238080804
1161.0453293115 -1844.0130700503 1625.6576249028
-863.6231617560 -1893.7213041238 -1636.0849287261
849.9457227320 -1918.6797437423 897.1203683467
1013.4647111791 -1346.4856529193 -539.8821588222
-1908.9887304527 -177.3921150631 1450.4858854969
-1257.9177451726 289.6766132119 -1250.7262533012
1996.7671594481 -57.7280746649 -1862.3846264400
1282.4680511294 1580.2875042091 1781.0603123073
-930.6193733811 -114.9806407907 -1263.9518306100
-518.5320685229 -130.7542141613 391.5436674175
134.5749975458 -260.9439031005 1585.0045042588
305.2428139230 707.2461556193 333.9427068926
-1948.6788557219 1640.1549045800 1884.5578804579
487.8415329834 1411.9376070176 188.8229258561
398.1230572687 804.8266486777 -124.2015547372
850.4852034017 1213.9529600171 1926.8369812779
1817.0744238983 1934.4914642527 20.1254899954
211.2305149005 405.9812465895 1133.4697311764
1325.5889283088 1119.1983637193 328.1618419898
-1668.6180612470 1176.1757284776 473.1068307021
893.8847834038 -1379.1461994897 -349.1311760217
-1441.3339440043 286.0767694886 -1149.5482019019
-14.4002389560 -1408.9764049496 561.6781027158
86.6293053069 -1962.3635716951 1951.6410101543
485.1826973326 363.8863675383 -891.3360419291
953.5760097924 1228.5963899760 1730.4572332199
-1338.7524213884 738.3626649727 -1892.0245437902
1164.3673823002 -1646.8147605773 -579.0866552698
1306.4534509739 -1380.5891680395 -1526.7724692913
-578.9815153260 1998.9180730270 -669.5783236668
-1459.2391612199 1089.8092293762 217.5612639295
-258.6456639104 -959.4019093030 -1569.6912277498
1104.3752238643 1320.6880059809 1834.7256399166
-1564.3148273595 -1352.5916204885 -1761.6875809093
1070.0929015848 149.5249722365 1070.9191172408
1795.5098117330 773.2901026153 -813.6973420667
-1769.4797566275 -1864.3985847691 1010.5908876106
-777.7855084136 -464.0121061988 1641.9026898304
1102.3671218361 320.0456235003 225.1386721905
-1500.7552517868 121.4850782150 -766.9417196570
1390.5337533140 -1972.4206615569 1110.3678735337
-1637.3641895844 -481.8655848864 -193.9791363440
1598.6573709839 1460.1831988613 -1428.0367057001
-784.8332083832 933.3890913460 487.7999909244
-430.8037538218 -534.9637055420 -177.8962910419
-1649.2645869991 -1656.0146639627 -504.0190299786
1700.7551070595 -1657.5985311702 -155.9153340354
984.4646778871 1798.8734267415 1615.0717477785
-155.8090999609 747.8887507109 1227.4669131608
-126.9003220415 -660.3925265890 1492.7146855595
235.8747576040 -298.3718048076 -1139.9185469950
78.9231265876 271.0442850094 -525.8162416384
936.8570403349 1087.2762720568 699.6414251723
1675.1355958673 -1074.9421533963 100.6470762485
1536.4724988103 -1039.4881411639 -1280.7736221848
-1551.3837705901 1380.4759578345 -364.9664132292
1611.2764063786 1107.9204386232 513.5164062285
1708.1061959429 -1130.6290479910 40.0084823325
1363.4166635275 -1151.2110221085 -90.7987745714
858.9637075353 -859.9605789495 -45.6694477517
-1825.6514458305 1975.3335032208 -871.4018513587
-1700.7071299127 929.4537432737 -525.9677167830
-1017.7933198118 -439.9493534777 1848.4818917248
-838.1469270387 1266.4625168082 1863.8688612493
-637.3062672237 1888.9343682575 1896.8816608422
598.1653539846 21.6009132525 -344.6053666448
-1558.8409694931 -1995.0849666366 -854.4008894870
-71.7575711250 354.6798851923 168.4889624030
-1972.9578023051 -51.3763691290 968.8342615632
-53.4062070889 325.1066682193 -670.6032520841
-884.2077526718 -1825.7745926606 -1204.1197528862
-404.2996297561 972.8226742887 -348.6840696212
-1626.9268092163 210.8689500736 -962.3898614981
-1560.0607694969 -177.9120976857 -1452.0060397654
-436.5328261779 1512.5999704669 -410.0329757274
440.9781991486 1244.2661874036 -482.4191227789
1755.0656365975 -1356.6104777049 174.3360048854
1560.0514587980 -1729.4410695983 -1858.4696835497
169.0504654610 -223.0676829668 -1893.9521519332
-1845.1819416207 141.9228193615 1158.8059364009
-845.9404879326 1670.8515175750 -753.7015651282
-1764.5719026581 -1070.5433223650 -1091.8785461966
-30.3001821833 467.5539831582 -1849.6587812150
792.8856530077 370.5162225265 213.6676121443
-709.1978346392 -1913.4020877181 381.6272879303
1295.8539618800 641.1918520506 -1460.2558165878
-709.3502683089 -1043.6787018652 788.2415617632
1661.6717313346 -1176.0204682906 87.4032770937
-664.2623111229 -864.0114665524 -514.3074085922
29.4194952948 -1985.6671128088 -1263.5551029522
-767.3148605330 -1806.5426426807 -288.3261004247
-1928.5486778795 -1858.0486301417 346.1137259444
-445.5314177691 -1585.7257708200 1744.9488035475
62.9160760357 1541.2576677217 1477.7175081181
-319.0903870793 841.2405226584 -871.2360767472
-1495.7858884014 532.2668540061 888.5211605613
-1555.5071331295 -1287.6171182861 184.1786760703
573.2626779157 1671.3273375718 -1926.9479605190
1651.3974138271 1762.7895503748 -1433.3522696710
-145.7132483287 793.8031997115 -438.3363337305
1347.6655517756 880.2341302086 -506.1120946167
1004.6402799820 517.7189651580 823.9001005158
-548.6352403953 -740.5501255612 -1066.8982614374
1536.8039483340 -400.2958337722 -322.5755369600
-628.6365768175 183.0486978237 815.6072050674
341.6672642613 -753.9853744333 -1776.9290096278
1243.1320698824 873.5627342671 1406.1386774510
1631.6432233823 -1129.6682508113 -1874.4988494154
-1911.0431480820 -1013.7790415564 -520.5874631085
1991.2735172101 208.0920166373 1463.6856026139
501.2276644850 -102.7459045165 -108.2490182220
706.9891312703 -1954.3361473962 -666.4059515621
1055.0461141194 -1829.1773823045 1231.9200898662
1524.5012385385 1705.1301689575 -503.2200493518
221.9911882907 364.9737736349 310.2729947023
-59.7529977845 1069.0155026835 -653.6515471058
-93.6955368349 656.8987933893 496.5813581149
403.2437449135 -670.7066314446 -1656.7418092050
1185.2578815463 -1850.5097205052 -1466.6084952166
-45.1638661791 -1820.7925509933 480.3047387057
1496.3416673780 -1292.2630562889 -1860.6127684814
1523.5727186148 -1386.5316773653 1478.6996172438
25.4908663059 1992.3663763604 1980.2272411272
907.1764503803 194.7213817490 -479.9739714392
1778.7918567126 -1521.2533967675 -684.9041781620
-869.1095460088 -45.6695711309 865.6081843408
1456.3633617563 534.4729384332 540.0039925428
-1449.8100690360 -304.6958573676 -976.2212768593
-372.9250139322 906.2697008345 -950.5532281514
-1323.6300974842 -1155.7577247424 -172.8511378728
-779.9948206734 -1741.0546002182 -366.0776318981
-1642.4274469409 -1242.4893248950 1753.4722558305
-1641.5669645099 -99.8077408424 1444.8169654749
-1570.3773998439 716.5283731324 1937.7501863322
1038.5216348237 -1529.2154925070 -133.1385739717
640.9492570536 -351.6243219855 -1666.2669146593
1629.8112393701 -173.4997561193 -1800.6042493827
-1800.1200333967 -154.5691823500 -1102.3233447803
-1627.7756973139 548.1870699051 948.8652197002
490.8116333622 -1741.9459445162 -920.1373586392
-244.2950736388 -503.8419218616 1717.8226999938
-1647.7893026533 -655.8377770830 -720.4292014264
780.6550147781 -245.8296169021 -1236.0391542659
360.6527492145 -1212.2713632680 -763.5538478746
-1304.6550899750 697.8669036190 1196.0106822354
674.2974094439 -1884.3821608480 -233.4731862463
-1027.3772451508 -1465.3412233678 151.2235381733
723.8822128554 -168.1629927739 -1542.9510650826
-440.3055211914 386.9054441045 886.2447282594
1704.1976238156 861.4930083622 851.6139379723
-1793.0181427083 1776.6835812401 -937.7502893460
709.7375555884 305.4397891368 -1981.1748524850
-1497.9877873627 1745.0553117697 -343.8120836429
-88.2373354594 887.9144679140 1250.4637620341
278.0595208283 -1584.7513110657 -896.4162899464
-1129.0792487815 -1496.1668858278 1672.7905598952
135.0811631936 -685.2484957436 652.9986259806
-88.9445236882 241.0686470386 1281.9487988050
-1537.7333730460 804.5855094655 -1450.4782971665
1433.3639330837 626.7150405458 -1919.2262242013
763.3305378049 1026.6131928569 37.2540675113
-81.5428044974 -998.6210592570 -1682.3793563891
444.1020114852 115.3571417691 -102.3842782873
106.8536365665 1557.0121786470 1235.4465684081
1280.5359956455 1817.2297797285 761.1127604614
-197.3093586491 -1731.2903852390 1910.9053727516
-1036.2305787810 -927.4678885256 -1249.5559686369
-946.8255844140 915.0167019632 817.8285125221
-751.6793228850 444.4739166112 921.1557711767
-63.6962616849 -1739.0569310615 -1883.6996919307
448.4578834984 -1971.1109967740 1432.7548926645
-180.7485089620 1449.4298633764 1162.8197629747
381.0571075085 -948.8499059959 -945.0019800640
537.7810191700 -386.7144437485 -1553.9841155817
1165.2882143381 -1660.6141899444 1556.5766874076
-844.1489623311 -26.2768470386 1026.8753136428
-1001.5835308861 -1124.0113485306 604.6798138304
-919.0775340858 -1251.5762283029 -256.1528117499
1717.8540851400 -51.4915204135 -741.3356454815
792.8652591701 -1401.3348413481 754.6394966616
521.4047621764 -291.1382678984 459.0833258554
-1664.9539092120 419.5467468621 294.6949838544
-1601.3287746490 -1338.4855861092 999.4576139411
-1211.1320568695 -357.5191161609 1752.1416159951
-1990.2599022334 -1853.7645562758 -1201.8829999564
634.9657348531 1854.7934131668 653.4186507024
-91.7312365696 -1567.9675890317 1138.5257383037
1498.8803120505 71.2399856447 -322.7073880770
1749.7326795603 -1818.1226046189 1789.7091862954
-1688.9839501597 1751.1086334809 -1798.2113568258
1682.6854411826 30.7827688218 -459.0063952909
-771.2478089416 -1484.9493119533 1054.1946533722
-1288.2466201709 -1136.7633892367 -611.4106378118
372.4652105485 -916.6194762305 1312.8400038934
-1326.6370288781 -1288.2564245683 -1490.4180540972
-352.7517444363 527.0294669037 597.3660274091
1571.8788045751 -1317.8390818124 -149.1630449826
-1903.8880468858 -653.2881269033 975.2626301201
-450.4639796874 -623.1658250890 -302.2092108186
-201.8993169241 -197.5017836100 -1993.2694405857
994.4976797340 1084.8015300330 1612.2502563111
905.7647727701 -436.9324138441 1409.5423407414
135.8707330214 1078.5621282710 -452.8452908728
-886.0140357961 1826.4603223446 1319.6385855780
-1299.1556628145 1527.4780556570 -613.6959967916
-1995.6159616510 304.5523757960 646.5209274447
1528.5976772300 -477.3377278012 -1807.7886854431
1230.8030640409 -349.9173479989 492.5873249757
619.6692759428 782.5996697894 1387.8966303169
-446.7494917802 1782.5502466821 -938.8940806786
664.5586169488 -1287.2356077490 -1963.1457131753
1928.3972605116 -1143.5072223031 1263.4036616387
-1914.5894893449 -302.4080307052 -98.0466932608
-1800.5042386081 1645.3388921948 846.4480041760
136.1829442732 989.3098957923 -1112.4613791024
1965.3081028327 -1194.9588613131 1930.4164052226
1741.3161196033 1501.1342499246 -1180.7985854072
-1896.8201008713 -1903.6176349595 339.4546897736
209.9176841551 -313.5183305312 526.8387333894
-11.2739192949 1069.4907274950 1437.9458094234
-1642.2177909934 -1621.7542165505 1488.6352267425
1775.8884155029 888.6163087710 -1296.8892098649
1766.5848290089 -1913.8602007606 1955.3268884090
-1379.0570160995 934.8265316759 1584.5217470846
1873.3322312275 1002.6155003005 1787.4581961901
200.4615047049 -1373.6826642059 -1590.2011562960
-618.5632373103 -1271.4359034438 1294.1604362452
1716.0713464897 1658.7137594299 -1085.0244323303
-1779.3678132572 244.8063386274 874.9182951449
161.9935623883 -295.9216688946 -908.6876871377
-1675.8589874533 1418.3673579300 -1839.3324002301
1399.3378271272 -1183.2991212217 1226.6079975766
-1240.1705929318 -1536.8912432450 -610.1448123944
62.2253094508 843.5124280713 -1759.3562111730
535.9103034987 1434.9205023306 -1287.8905176925
310.9537481027 -873.0774855405 -1402.4516738415
-760.5030197469 1178.7450734526 -862.6726073476
499.0634492874 1374.3869369990 -1657.9623537644
-1020.1610471100 -1883.9421781536 427.0265998745
-1567.3401288237 -1196.8252421673 -1889.4558533452
-1873.5027538898 -572.6541882276 -1524.6381295365
-1275.7054489333 1759.5365132857 492.6210876165
1743.3085333024 -1673.2797543286 1393.1410258608
-159.3023128206 -271.0878989682 -998.1358891251
-598.6286291623 -1084.6114095226 1368.7675624322
604.4019693086 477.8687901327 1634.6781913638
-887.5133160575 -445.2602684245 -1917.7757522957
715.1269894098 -874.0616850269 -672.5381357693
1750.5966646823 1710.3964127378 1338.5788283635
1339.3524807591 1039.8563526342 -1219.5499840436
-1197.6555530382 -1823.1434254531 -484.1924844309
-1561.5945164525 -687.5652392238 1733.4026600920
-517.6305385579 1277.7477248414 1529.3994534373
1714.8887407850 -10.7127882195 1569.3409641433
946.9489017550 -1860.5212125022 -1510.4373071539
-1033.6323944668 -1618.3230565905 230.0807614481
1646.9152868302 1034.6166151591 150.3563428651
1086.7157168045 -149.3982939284 1244.9252302040
1587.8245524217 1229.2018525802 -1514.7838019056
1351.8675074724 376.4691930290 -353.5454242654
-22.4149968254 128.3644915814 -431.5108702701
322.7504772813 -1489.7015589589 -455.0049351301
968.2519006819 674.5708897999 -1645.1196307097
-813.1603924775 -965.6618437314 442.3231019476
738.2995323421 -941.9887790911 314.0972323280
977.8459371449 1203.6589257050 -142.4425269894
-1510.1307617696 151.7350608708 1293.8107622068
672.4028893676 8.1194087981 1926.4704543293
1107.9896908971 -84.9245435076 1020.8968619570
1742.0744656742 -960.0203240905 1346.9245249385
989.7694295634 -679.3333784153 -571.9937183769
1352.8255005236 -208.4544131353 -1209.5762115187
425.5662608202 -278.0376569415 231.2824373955
1967.0602376769 -187.3652125918 204.3022819665
-1646.1490739226 -446.1486836946 -974.5134087730
1695.8339270297 76.5902030268 1938.0668465171
-1426.4193164271 -980.7445128686 -827.8640169395
-610.3088730449 -1843.8763786109 752.1062892860
986.0589492912 1148.5819248507 1329.1223377234
1926.2007081365 315.2552229010 1281.6813179651
354.1131419915 -1865.3293826623 -1330.3284636486
-1000.9502174763 476.0954943668 -1241.9854849487
-1423.0752560028 361.4819428243 101.0203349447
-1478.4453855122 -63.1749259500 -1701.9519194170
714.1612772989 807.0107513427 105.0370894312
1709.1915814191 987.8956586102 -5.4816509714
-1562.0188423718 -668.6063321969 1768.7771356646
-1390.6854349343 1063.8368447655 -1294.8422709775
1654.2622212069 1543.9261977980 -924.3732690430
-1550.8398310652 345.2198244514 -1051.7732605521
-1283.7857768464 1972.7188804408 -161.4478194322
-683.2350835177 -1498.8935419525 -882.6517325818
1213.8164099218 1939.3827777964 -207.3670311595
-1329.9011551425 -1747.4626714916 644.9304304382
865.3510646085 -1791.0329529046 1801.2123870473
1553.3768062231 893.2514888201 -1314.7243123063
1211.9151462653 -1953.9789431451 803.0823372340
669.5506251690 1863.2554614729 1608.3042828524
604.1431083922 -824.4175880149 -938.3004895559
1002.0629506828 -1873.9585107574 -1184.3348628095
1499.3439745028 -616.6515473906 903.3921257701
-786.9267832690 204.5124207909 1407.2643104970
551.4734845088 38.2473077083 595.4651004613
-1219.9379842782 1387.7513269940 -1615.5261449759
-1785.2977759605 1573.7177463113 893.4196837141
1365.4145100144 -779.0391012928 1730.1549790053
-964.0501395266 1946.6832813097 946.8821400925
426.6565879427 27.6877819145 -1495.2505137065
1667.1911974173 -677.6561604070 -1356.7472571199
226.0197712185 -1417.2651660199 -218.1874642109
1657.3844357668 707.9725829643 270.9203613300
1350.8401929792 -680.6756874565 -177.1588120646
-1840.5357604241 -680.8867623244 -996.0860555668
-1013.6172106454 -835.9632191769 467.8242283864
-1306.4317467911 -945.1087674645 -1494.9174743310
-1945.3544692036 892.8998961819 -1726.4052816218
1944.3252060057 -1374.4689921289 -1403.0301285481
-60.1922099178 -1135.2571474693 -1662.1570819067
307.8459374036 -795.4790486985 1108.6950888859
-501.8380926485 -1812.1537620836 1513.9333801101
1012.6622761974 955.5843544145 1754.9906687536
-1911.0277995174 -928.8943874805 -857.0933606311
1291.0680914395 287.6373118927 1525.6731755825
-1145.0240089708 1412.4563804724 -1811.5648325510
1825.8553347679 1795.4237086970 1653.0337678657
-1000.0154496149 -1527.0818420476 1746.7761149288
939.1143386240 -1420.5961316970 -1495.5069356579
924.6130754109 961.9173907637 -338.1708818082
-224.7255149734 -1229.7687331928 -762.0784206972
1778.6428886678 -900.7925183012 950.3590136869
1750.6097815428 914.2616869952 -465.2568235786
290.1182747038 333.3868771927 -898.0085879497
-1327.4105825042 1999.5743355151 765.6965947391
718.5707848905 1231.8456168993 -1652.4761075446
411.7446050683 1876.6612200486 -1639.5527368671
1081.8589392947 706.2119935124 1421.9531699880
-1106.4463570783 163.1475609943 -550.7055856552
-441.7643674119 -133.5611055726 -787.7633495248
-751.8219992276 226.5601897301 -808.7466103081
1064.9796345067 1260.4646871812 -707.6257121574
-1533.9491590250 1778.3735642619 -206.6596425233
2.5847671262 1282.5981537971 -1468.3627079463
1598.1925753662 -1213.2679378350 -428.8898281557
-1207.1304530004 257.6714342234 -1608.5960561436
484.7411534773 -914.1520859848 -1988.2100238052
1146.9576472046 -1768.4735292752 -1819.2969788321
-32.6318012160 1958.3466106607 -314.1251096594
1950.7230185867 833.4462409947 635.6480860772
433.3224843173 1553.0343128553 -213.1443009051
1582.7018137153 -1291.0685047862 1418.6864084187
1159.9537371641 587.1905580741 707.9004220793
1448.0052277347 -1215.7120303063 389.6962227169
1882.1711055769 -1403.2684589681 -840.9097783068
1948.7824827271 -554.6209328305 310.1256408237
-274.3006616162 552.1971348707 1599.7214991918
1025.1653187412 -1787.7394031785 -257.5285310579
1561.2494947693 182.3312814521 269.2243985793
1561.7451613409 -1622.6668718940 376.1246108761
-1852.7832676381 164.4246329121 1967.0471981523
1634.6451455875 1184.2347481138 -286.8786495205
-666.5487650098 -175.5895469126 626.1989055811
-1668.6916451812 268.7964017639 1828.1191472225
-539.0268301986 -246.2293118865 80.3514683144
-169.6518839400 -516.0359257982 1722.2247480483
123.6922263906 -1818.7719159778 -1719.0439788468
1994.7797722168 1809.7405969664 -762.4026441796
-338.3538816725 979.2418735162 -1059.5259869001
-401.6608996320 1330.9041717488 -1586.1308351853
-1107.6845537157 -1481.2234383854 -1216.6799481314
-1747.7879512141 1929.7628619155 1982.1884885005
1720.0956092871 -612.6513841357 460.1436658598
442.6292675623 -363.4343918996 1289.1156881218
-1033.3516751759 213.1451724300 -1963.2205174998
-895.0456747607 902.6580060444 333.0880446146
-539.7397952520 1223.8503220825 638.0935065911
256.8573867362 1192.9273497386 1364.0952260590
1784.8747804963 -1233.0452629155 -824.9216837384
-1716.0899768643 995.1685255937 1024.3784505187
-794.0309721243 1136.8893515993 883.5035571255
-1287.1963259863 -1953.0580882324 -311.3102071398
1922.2330620418 1835.0740254764 -1833.0658123356
1540.0130252909 962.2152887029 1474.5748958037
1274.1348951341 -1358.5380902660 1996.4500655779
-519.5252863589 1784.1733131165 -1912.1318347510
-1656.8247275851 -1880.4886228065 770.0465067238
1889.3404267292 -1190.2814591647 1924.1352549228
1615.3950470009 -1629.7093882534 1884.0256470505
881.4241707674 1494.2323105909 1959.6367361560
1941.7439361816 86.7280252126 1280.6310916274
-1108.2931907973 -184.7696345282 -244.3079713836
-1597.1508507815 1954.2997673288 984.0469172105
-519.5637514467 -5.3048050970 -201.8852233898
1794.8252164940 1173.5211155850 803.4965809277
586.3174302913 1326.6262627709 1739.5436066563
1892.3178257885 -1656.9792719483 -1434.2897813222
-1695.8629080800 1116.2855404047 -1430.5631781837
-1880.9287053481 515.8777022637 1946.0563533642
54.6439002476 -335.1155410950 -856.5278828167
1358.2091209642 1762.8090260674 1887.5964639166
-288.0707821831 -1943.3600014385 -1991.3807941626
-1217.3716799926 -1140.6949535481 886.4003887768
-498.1485430224 918.0952591661 -1362.4675041681
-1889.9880953448 -812.4582111021 985.6527691834
772.5825460042 -773.1203457556 -546.9832201763
-188.3212174029 1125.3804743507 -1313.8718743442
-837.3501698247 -1257.5577841015 1494.2383046748
-1063.8638068104 -499.9236067633 -205.0183773514
1417.8570048178 252.6661004261 78.9416887545
-612.2933480901 -1135.3884287308 -1821.8846915099
-1338.8744392034 -1180.4216411045 1437.1344609731
348.6112408723 99.6449871217 -141.4235522706
731.1189917941 261.1841749037 -789.1657785364
575.5175481061 60.2923186886 62.4802322451
-1325.4382315982 -1164.2497592281 353.9831672825
-1596.9225157214 -582.1865514167 1810.5712331889
1292.7252596056 -1981.0341226347 1548.5436398218
1528.2140068648 1012.4323231519 -272.5094771562
611.5019506743 1777.9514239533 618.2758359009
-1545.5211532346 -1135.7473781394 -616.0952752536
-86.8142701620 1310.0591982937 614.3439520874
-1860.2277990182 1457.9314862861 -323.7588297034
-217.5373089719 1003.4341120858 -1007.0018867609
-1674.4947880195 340.3553164842 -1450.1411189161
431.3109028916 -677.7064315129 -1188.0573385554
904.9565963500 -768.0825520898 871.3179330529
-1102.5110061295 1796.0050342402 1402.3097125574
967.9793706670 -1421.2822037702 -838.0479712138
955.8439095677 1047.3177749407 -895.8443113840
1569.5169687901 1237.1525777081 -853.1068112217
8.3728232264 -460.4608063779 -498.2631424379
1778.9604118286 1448.0478281284 -1273.8000216451
-1445.4675889236 444.8953467944 1896.8943558859
822.1993830018 1783.3914063614 316.0988225943
-669.3078305233 41.0726919948 -1339.4955726100
-1299.5343982033 -156.5241745280 1343.4509866733
1524.2488577016 1361.8068480721 1449.2371640763
-1247.2819464574 -1951.9367918824 1814.2727467247
946.7514579433 -1215.5886799572 -1625.1119984651
1585.6688244099 -1834.9392522095 -531.5648756683
-945.6659317591 1793.6720769292 439.8106268500
-1173.3953370063 812.2307293227 1248.6990743199
-1130.0428410011 1440.6747700075 1817.6742805602
894.6101607809 854.6453067481 1226.3776135652
396.1851645210 -396.6347680636 -464.0449512172
-1240.9487599792 495.9213254947 -1114.2235202258
176.3228792040 500.3549570909 75.3914301889
-323.9556234132 -1356.1640287678 -510.4361835667
664.5697310741 169.0097055694 -772.3458021777
-139.1342985778 1227.3979482695 297.7623735041
893.7479081755 -217.2701593139 1327.6531843443
1363.8096473637 -1199.2050091156 1809.3542393924
133.4051773782 53.3390560008 780.5721975511
-669.0736721198 1675.0148349126 1988.6487762064
-487.6314372975 -1800.1897064398 -947.9381226553
-373.7441444433 1322.1951189408 1110.9049648137
291.9085344847 10.4751158634 -84.4970092813
541.5107486484 687.7704873616 -747.4772566818
805.5525281627 -1274.5215581242 -1036.8558310237
-1955.7904879156 686.6136171612 -1001.7260872124
-86.2757397655 1969.9917169460 1435.6929220538
-70.5875324483 1936.0987292783 -1301.1191753302
-1250.1274920342 -852.1161888683 -1445.5139180057
805.6939788759 -745.8687060847 -269.7892657817
-410.3567683604 -133.2249907521 935.2626493756
-799.1005740299 -1469.6987628105 1456.3083451182
-980.8087550627 -1209.0199310116 1073.1072100099
901.9153928202 1756.3776293245 -1051.2344606380
1933.8159123844 -593.7539320918 -1929.4300762569
-212.3864299801 1137.1443547749 -1651.5986599589
-1320.2388790875 1168.9260823555 -63.8147365589
1878.7673724226 1242.3510299852 -1868.1855340633
-17.4172117383 -1391.2530040882 1340.3269288102
1396.1735828192 -996.6702520906 -791.3365098023
-352.9633074312 1105.7440535640 313.1189265279
1690.2818360931 -1761.0519335313 89.5028627558
554.0231888118 288.7606717055 -1007.2151682862
-731.9990670729 -411.7022324520 -730.1408458286
1481.0979525364 263.2885843778 402.5757721635
1540.5973256907 -1374.0040874823 827.7787875459
297.1921083860 366.5377374372 -79.7505546658
923.5603694165 -910.5774641346 -1756.7680144348
-1793.4035526965 -1717.5785395201 -215.7472167340
1812.3422568034 1757.8408744438 -1525.3007525768
-1563.4367217587 -634.7761823532 1936.4924600196
741.0265795917 -461.2946992132 -48.6865601622
-1591.5973029117 875.7627157085 73.4865177202
1946.9472817980 -928.5341750142 -760.2746983502
1914.7282948613 -1493.8736543174 -1377.5748896533
-264.8194529529 1663.1198967502 1965.8601969477
1771.2924024152 503.5688832061 -1512.5111623237
-464.5210533117 -1096.2313073241 -26.3588154338
1202.2071027840 298.2810665902 -1480.8922895746
-741.1796864996 -1593.7142543476 -273.0308435520
-1040.8181154093 1262.1316765049 -510.3898675976
-553.1734921050 -606.7167264532 -1877.2479515462
-1746.2904731459 1502.1612850534 -1498.6417747321
-1446.3994634597 300.5964129814 -1699.9651772391
654.5467441047 -267.6744736394 -743.8640828963
1369.0787310607 -596.1757766278 -535.3177815713
1300.1780470986 566.1628743575 1469.5758889252
-69.4539258607 -353.1582643201 1811.9749448948
403.1577119599 1333.3489047970 -410.7508040023
888.2991882653 -1153.2914477260 -1946.6327101611
-294.8066777203 -1602.8680580430 1900.8629221567
-881.2587571462 1479.6387749342 -1583.5599726215
-1693.9115416763 -194.6605354027 810.7072637402
658.9932538892 332.6335092214 165.0323273584
-1400.2957919523 663.3641744983 26.8696703403
1110.3294468449 -1679.2546984847 -1259.8170360570
-643.9877168031 -1095.2098213984 722.7188501327
-1821.5340351458 1493.3809117411 -1337.6564831062
119.9751054148 809.6807148664 1578.2524225802
-1022.0011302986 1363.5388318552 -1277.6007762394
-701.2887293179 1733.9603145825 -1947.5588937420
-391.4448589439 -1444.2211544248 1835.0135468832
-628.6434942450 -981.4601037322 -877.3433361746
-437.7026093719 -1892.0416055758 1030.0363903127
-692.1350947484 1258.3630870124 -382.0795450269
917.2226208249 257.8464274258 -1415.3655590921
-1184.1897137841 -1593.6547705807 1949.9231791140
-320.8766161736 -590.7406702347 -1892.3464850555
66.7192339752 205.9500981440 1960.8402266429
-1852.0652487252 -1064.1161104031 -1836.9920027970
943.3902577682 1514.4885115140 804.7908185380
1991.9141034135 591.5804823617 1931.8285072342
-1097.8522279171 -323.9291478711 -1130.5458942571
-1716.7904160808 1159.5490205872 721.4973029355
-1574.4658658543 -454.5129588780 202.9629467141
569.6705960369 954.5866917940 -1126.6407622644
-1484.3992828712 -1707.4896107116 1747.7892009828
530.7158201131 -758.4656232688 1770.9408037152
-1196.4665773588 -1656.1732524708 1563.8534018501
871.8354315769 139.3231119421 1083.2395529872
755.6788705051 -620.0601478356 749.3556975565
-1604.5715998358 1411.9106737435 -135.3597530043
-1779.1178863642 -1177.0445182784 1554.2194693266
1497.1844123586 -1675.5141456421 -422.0951353813
1757.9080027563 417.1896559054 553.6846603864
-1850.6514110210 1650.6919460526 93.1857930675
-1742.6376151314 279.4074484857 1518.8054610191
-1767.6915308788 -1769.1945364760 -1413.8352860050
81.2773570660 -1956.8427006611 902.0811213234
-239.2199116896 551.5637308124 -1152.5872342779
-1850.9029220081 -1878.8203770972 -819.7634182173
-792.0657137774 -604.0543552296 -730.2007383903
1747.1073172662 1472.8895647345 -1698.3299469852
-270.8187093359 1505.5921918946 1248.7152164545
1114.6715462250 1803.2814737005 634.0095119751
944.7093697462 -654.2995336354 -900.8447209216
-665.5299399440 736.7533751034 1797.2499689777
-1979.9439894187 1423.4431381822 195.0077382077
-711.8628654900 1885.3788203453 1466.5789915657
-431.1978609952 -1937.3467964151 -1087.0193597398
1174.1750306841 5.6841630914 -723.7640299335
-1288.3977349123 1098.0144015455 1600.9850000825
871.5431600467 674.9518343162 -1359.6120674410
1702.4699980335 -971.5178970643 328.1210683435
453.0387000529 -1935.6510831579 1653.2457531752
1634.7687160994 686.7231116992 -710.5134133493
-1010.5305678285 135.6408050768 -105.4812395432
-837.9160674690 969.6574259636 -1649.9182577516
-496.3058159709 -1616.7912969221 -896.6615219590
1445.0878105462 -311.9166922371 -333.4638086739
-915.7302010013 -762.3778831536 623.6835137185
1609.8249511962 -1440.4811913145 -1645.8875111644
1912.1685708263 -131.9989713077 1519.8108956107
-476.0644821556 274.4163385486 1690.2565603311
1861.2328263203 1216.2811865188 -951.2761788527
-677.4674966884 1080.9459077918 1707.0349374951
-563.0916023074 1353.1808928000 -1533.6791534615
-1123.7075990089 1850.7387527490 1966.6063344182
-161.1935271133 1312.9316030041 4.3621765992
1794.4291123742 -1004.9091264884 868.1231987109
1754.9381776839 -683.2785449415 -541.3460163087
178.6664363725 633.6258432510 1572.9861477555
-1540.8778085099 79.1866021605 -604.0816202169
1014.2718990578 -1902.1369910973 44.6644374419
785.4187424504 801.3394119171 -969.6163482882
1976.7966904473 830.7826473414 1631.5483779320
634.6689830364 -1337.3478315305 582.8183040488
-10.4003542675 215.5869221905 1095.4084915979
-1.5635293651 592.4211333747 -32.8258167591
1974.5162646379 -1269.7978502776 -264.6125324859
830.1798393874 -577.6762289218 -1971.4342506144
-1920.4432452007 -271.5164374726 -1547.7894614214
598.0893430605 1624.4412846705 -838.9982111236
387.7029537249 -1897.9762546125 -1674.4855197890
1801.7580073102 1215.4402936373 -469.1168595057
1992.3012224504 954.5260200962 167.2408431265
-1561.8936318236 -1715.7662707423 -1652.5411905062
-619.2144369483 -12.2149847570 1229.5070991814
1279.2535895171 645.2207407367 -1150.8307089011
1431.4557524784 659.0955169186 991.5948387225
364.4597067702 773.2682252308 1414.8641337475
-4.1961592136 -1463.6613238863 -576.8284532035
1464.9530889790 330.4077320768 1954.0601480125
-1307.3155265759 881.8586371383 703.3093454623
-1147.9180577092 -729.2173396599 727.5772192741
-950.5153948528 684.7527731608 116.2266840656
-695.7649255571 1561.9594570853 -463.7830310670
136.7527247909 1568.6534712057 1366.7133381603
1319.6443993787 1461.4969372081 1015.1223338369
-1272.2698657887 846.4772338562 -1543.0705394067
-715.8903460934 -1073.7688037242 -277.1613568226
300.2738814886 1318.1848165742 -282.3170721007
-708.2685010228 1775.4472337569 1112.6931707670
-827.9132274270 601.8584266049 1859.2967458865
1193.2413138587 1209.7113368824 -835.7425964728
-1510.3829618087 1983.6530247237 -365.9584144486
1662.3872871439 1197.6254732677 -1813.8498110637
-1610.2915207198 1460.3309766076 -47.7527671502
181.3459348490 -522.6039782601 1877.9090327901
75.1065335699 797.4511488560 -1919.0634632392
1961.0569443244 765.7404374551 1415.0488827050
338.7449329836 826.9001758871 1631.8264962225
-1432.8911036544 -410.4651837672 1928.9736077650
-602.2720253768 -1514.5793591188 621.9058890255
-298.6192880079 -1243.9253507497 -288.8964274752
-367.8430035927 -1179.6635972668 -1876.6827633714
293.0766378319 1829.2106119980 126.4012069982
-478.3735769085 -1403.8482727474 -97.2048006033
-730.2207004352 1070.9565638879 699.4480261812
1081.6088588509 1606.3492094749 1000.9808059943
-1355.6711618536 217.3521555635 377.2163452062
-1890.8481474518 -1773.7422486394 -583.5345561203
1644.1346236197 -1203.9947721331 1678.8939638784
-1717.2099318403 695.0332482556 -308.7781207343
-296.1145862864 1296.0197551471 1284.1324115180
-531.7701118432 -1423.4683485591 -1194.9944739499
-1681.7728709606 -1770.8517767756 1984.4260703224
1694.5695297624 527.9008837934 1326.7300928128
233.6350713684 -943.7139406937 1587.0173119337
425.8090141375 -704.7917969335 -1573.7918870850
-1733.7718535769 -1606.8926638734 774.3299740477
-1395.3681374420 115.4848030939 -215.2861813249
1494.2798840680 -655.4508976120 -705.3547528600
-25.2655101034 -1165.8860139117 1156.5633203587
-964.1525254224 1182.7199677927 -1189.4547184074
1618.5199586541 551.0516036508 -1711.2339418032
369.4622550450 -1034.2458328673 -1904.8760195398
-1316.0899765170 453.0818364551 835.3255927791
-163.2113196669 1496.5164954614 -1050.1709084098
1712.3562776083 -233.0150448984 768.0304788665
-1149.9712094948 -1796.4257364183 -1347.0471373452
-795.3479531635 -1808.7656544101 133.6729036716
-892.4795784871 1017.7307175664 -434.3858207802
440.1094394471 -1470.3125985854 -565.4137956412
-186.0778633008 132.0693807429 1876.5102206104
1111.9893437228 628.7203856725 1950.5719318328
-356.4029902604 551.9134246176 -937.0618572569
1980.4210127158 -1950.7425642088 -1030.5455920850
1305.5474913593 -1414.0835979066 -1054.5063095617
-552.9802124222 -632.6219512514 1621.6529247288
1881.5688467018 449.4268064949 -968.4673354517
1815.5606258500 -1040.0616502729 1825.6496781769
-976.6611599966 -592.6565704309 -1892.9542343118
-610.4169264375 -50.6657510848 351.9504954527
519.3118157795 1300.0192062237 813.4007982774
1089.0409870875 1079.4513402530 -665.1623810261
-177.8306660562 -1286.0904592947 -1199.5804327662
314.3314128912 1268.6724245654 -746.2139464953
-1290.0529839646 -1951.6457463372 -1492.7260248170
80.2340022033 269.2584050378 668.0579124426
-662.4702867587 367.2915240970 -1612.0208016199
-656.3242779363 1180.7883194760 285.4615020643
1607.6518139001 1854.1105493750 -1750.7456072564
-122.5213958058 -777.3044109317 -545.3542802108
-282.0966151980 -1534.2827558832 -54.3499111312
293.7203485227 -590.8250711355 1013.6828700250
15.5380716265 663.1786561565 -453.8258900358
1199.3330320233 1375.1059009794 1410.0933880447
-878.9364946509 -1594.6986172305 276.2528407823
1534.2443964695 -1813.9862827910 1623.4893433346
1184.9365002740 708.8498034479 -423.9837309225
-1898.5735478649 815.2552688788 767.8722134169
387.0282180393 -1579.5172755432 1390.0503794986
-1238.1985202462 -1631.2492123693 671.1954672246
491.2027139389 -299.2098457127 974.7152946474
417.9567703342 992.1771055785 -333.4089688459
39.7362802163 -825.7743118408 -1482.9727435535
-259.3134692488 -172.5195296323 -203.5382662656
452.5365385941 1325.2612414694 143.7455470570
631.9511662481 1781.0909465334 -1.1037345545
316.0389322315 1804.8238675889 1159.6478458081
160.9405059760 -576.8331674765 1794.8617566858
-959.7797338999 739.2360613867 1115.0840176734
1517.3058214208 -122.4483592783 1396.1618782396
417.9881895539 223.8400491176 -1945.5069278850
1749.3693996782 -1476.3267877672 -1384.8752968542
-243.6161650814 486.9321885049 920.4030924452
-1205.9287411751 125.7059877743 -667.5748411788
-339.1412676405 1676.6407672349 12.7845491535
-1116.5626371765 812.4119281140 -1715.0944285870
1829.9993659864 1124.4510655500 1296.7850420356
1051.0092827233 1004.6690309277 648.9498904572
692.8751701479 1143.5256631102 -1751.9073324982
768.9528861878 134.4085029808 -1589.4944566619
1552.6780166102 -1658.9092833053 -787.3392630231
-432.0038028273 -467.8418610705 574.8991611616
-1847.1374742699 -839.9264024066 -518.6371154044
630.5116679650 1562.6448463699 1588.9188967607
689.8004787477 466.5376915962 703.3058156308
1704.2592785082 -1990.0061304130 705.5493381702
-78.1396505049 227.3521722885 1467.0919087980
-294.9638854615 401.6551825976 1037.3793762889
-243.9381351163 822.0326109667 1047.1769991546
-1312.6768741521 -1428.8768423240 -1344.3541560069
-801.6280072978 16.9261780469 -1286.1318626189
-1536.7715952662 1200.7002875781 1183.2932267096
-1815.6210952899 -1337.4043552773 -1832.7979296604
-1931.6713161269 1515.4512379661 -222.0993776211
-1651.9190369444 92.0851620550 -1371.0014617562
978.0360508888 21.2151282132 138.5813605171
-197.7735414954 -356.4241596836 342.5538223718
749.6821416062 1982.9488444035 1124.9186773493
-741.9275047995 -1625.7135965160 616.9841755289
1650.0575322982 -1363.8556165161 -1850.1712341611
-599.7595058276 -1330.3408241015 -360.1247441164
1014.8513501357 1236.6392840826 -1813.1001252080
-155.8302167236 -476.2742793495 -1262.9597194882
1136.3237721898 -1758.7666634435 -1578.3980879198
337.1326805455 -1932.4576546812 -1118.1170248002
-1213.2660360232 1975.1755897855 -1001.6161359245
1270.4112396706 1219.8682558553 444.1501915084
-454.4901101464 1799.2967565718 310.5949954440
309.6666430573 1269.2162480445 -870.7013467017
-111.4855703274 1804.9952771656 -1705.3740999707
762.7217908578 303.5393755577 1191.6322253353
-750.6375289909 -1272.2376535149 -1201.9880911514
-969.5413626020 -608.3986355769 120.2466369841
750.7609151537 806.4471351031 -985.5431275953
736.5425108538 1140.1118666924 -818.8279040158
1987.5819795736 1764.9118183570 202.5163223879
-1321.0902889134 -955.7810075470 1383.4598755754
1699.2886777277 1139.4715477540 -1744.4896033206
1932.2681195997 -1023.3730467553 1017.6897425108
1249.6362362620 -1602.0332140673 265.6716454447
-131.3525725566 -1964.3964147679 -1957.8583049736
1116.2306350134 1380.0031518515 -1716.2898747646
-843.8249540266 1483.0208922391 1167.0818720559
272.0272710934 -1838.6174849262 -693.9108918368
1836.2025298159 -1513.0710447826 -667.9734614795
-379.1449792243 -1856.9492599031 -184.6271597282
-1428.9202879926 1779.3696469658 -1907.7084859867
-866.8519742194 -511.1507261840 1724.5138726218
363.8667555824 876.8351493422 -11.2277820878
-1417.4574889181 -1043.8765330245 1044.2979029305
1656.2447953193 -205.4857305103 -1606.9381182041
-599.4239576863 -240.3727584793 1182.8023499924
-728.4598453130 -1844.5537382930 -339.8467722450
-1228.7463227289 1319.6886425942 -1472.9859279021
5.3927603462 1691.2517131181 1787.2635267201
-1760.9528165118 150.1022954100 -1100.4003682748
801.1284966688 1847.4627323199 51.9854912535
-306.1801682662 542.8699941516 -921.0952900535
1768.3589018914 62.6677785171 426.8863482822
894.5899299718 343.2249876934 -167.0778881068
-1752.4060205199 -1658.9907962713 -1424.9784366422
366.4113894781 -434.3928556854 906.6678793050
89.0014059403 632.2906162362 1432.8064937431
-1343.9938013677 -393.8823922292 967.2838396172
1829.8459514203 -833.9323335364 -1972.0846466714
1654.7284091437 1472.7086342771 -979.9064348298
1001.8870659930 1316.4785307637 1190.2429336595
-704.4716410898 -11.3203975327 -1864.2485145294
-489.2233849546 -883.9900025456 -764.3403683619
-1433.3664948345 -1513.9113205744 1723.8253945764
-1236.4415796143 1173.6771398903 -1806.2873265874
-816.9855437124 1889.5110353766 -1218.2078757900
-364.3821132212 -1932.4370891186 -1289.5312685568
806.2610583730 -677.4321379094 923.7631845474
-333.8214884800 440.5597067464 989.7488267812
782.8481096334 191.8018567302 1371.9318573056
973.8986862156 1426.1398615610 -1080.6056016431
-191.3925868836 -868.9086121343 -159.6991884240
-871.1633660778 -360.8918999210 -869.4770492369
1460.8787563565 -1299.6573433320 -480.9380904302
-130.2459507360 1280.8779471715 -1140.8241632317
848.6475282840 1981.8324537050 1354.9758676041
-1686.5062659292 -1170.7019026394 1444.1682655844
-1125.2458433028 -158.9175160693 713.7614021528
-32.5596374321 -1528.0519635365 -966.6404739883
-1166.2376531886 1505.2087906485 -1716.1873643407
1569.4322745166 1495.9869701989 1309.9098033379
863.8033349645 636.1814170935 -324.2633398640
-217.8966834588 -1679.2694327507 -1615.4752860133
-1562.5370773929 571.9834097737 1104.5113502318
-1187.9315053836 1601.8269012118 -1987.0213871278
68.2129827953 1533.8750727085 1694.7207395414
151.2240011935 670.5259048675 -1863.0070384479
871.6131244421 1480.3979427151 762.8387678896
692.0588566221 1150.4328236070 262.2690592836
492.7022981435 -499.5400544683 -1849.5004380997
-350.9608408338 1220.4086597181 -1953.6324272303
-1988.9057653072 -791.0634272383 -91.3924854605
754.2413405110 1855.6029000785 608.5812569729
-1032.7660492647 1745.3110346005 -1945.3715194330
-870.1699041603 1230.0594993860 -1930.5919689510
1531.3213788000 1668.2080203176 -508.6328396291
-235.1538272514 -350.4228222663 -130.2150701810
-368.7044861426 825.9611612786 -1308.0975708462
-291.4332891525 -534.3027130217 -1134.9863418203
-1302.1120772408 -221.5435633577 -1694.0075570988
619.4569149781 1617.4705633504 -1593.3539433172
-568.0132772032 -1884.2047584049 1466.0088749218
31.2120247376 1710.5371750095 1126.4355433133
-316.8145900682 -360.2445346194 811.8402827696
-166.0193988613 -1901.0428802386 1539.6996067059
1121.2718211992 997.2421154180 -113.4940379090
1683.7986249126 -420.1492378336 -1384.3496866650
588.3773096219 -680.3078548928 1362.3350789144
563.2926233160 174.4985809449 301.6476721157
-227.6703050845 -1187.5252710796 -1965.5288671747
-1270.9837132509 1894.7942539180 1535.0684940356
-1896.8056272222 -1081.7603007402 1371.4134069453
-831.7514269872 834.4547276451 1898.2099210560
-1335.4793637803 -161.4692950222 -465.1418880671
-1195.9875140205 1855.1938491228 -631.5011393594
-996.4456229769 1333.9599888965 1427.4377759669
8.5505859842 1011.3125924021 1197.3549830801
1363.3812870377 1477.9352664781 -1666.8628541217
1528.4537666682 -445.6740744635 -1508.5392523390
1433.9901025657 580.7734887101 -544.4795353224
-897.5250048614 58.6097504568 501.7053438986
233.0538750614 -443.4832664323 1077.2108804952
-1179.7552692584 354.5503332372 1633.8965482955
396.3984837760 -1949.7821239036 -349.0897697105
1899.0542685621 -1799.6612339949 1452.9261442036
-1998.7694931589 -58.4231787818 -1237.8218438859
-1544.0034324810 700.4267193363 1841.7150705111
297.5695235387 -749.9835891814 1459.4538860763
987.6189756440 -391.7866994395 986.4184944078
1394.9709848331 289.3336450007 1463.2172611722
1382.4352120470 1725.1855642819 1073.2769439080
1940.9555783761 1818.5971241754 -1479.7480339757
-147.9073778191 1936.6952090791 -1752.9282849781
-1383.2049059256 -267.7861379510 1224.9471679471
244.6556408436 1152.5334266578 -1006.4677823383
115.6664353221 1652.1459494225 1898.4865499086
-649.6260917483 1644.1382314622 340.7021721881
889.3605030682 -516.0340154519 -137.4522169075
-1149.5481656152 -1195.4102010140 1065.4769942707
228.2030052860 -352.6965159640 835.0427477295
-977.9233988943 1852.9929172814 1197.8759032392
-1266.0158194286 1138.4894020182 1701.4327881274
-693.6610975226 -207.6948649246 -380.8214996769
-24.5728502090 1729.8671130356 691.9739282534
944.3069510924 -553.0065018450 76.7335090086
1711.5403774864 -1933.7168640985 -1205.3315257259
290.4837950716 -681.8697280174 -384.9697250850
1351.9228320782 1716.9693821607 -162.8575128883
-1992.6454461438 1953.1850413827 -314.6707067245
1172.9159054261 93.0911091897 1462.4509783336
173.8454284587 516.5022517221 1612.5498958534
-365.1951439694 -1914.7179316446 1632.7621456507
-1967.5369871547 1668.9990820952 -1510.7993488259
1847.8879061454 909.3342043453 131.8530184976
868.3112529610 -1526.1025837243 -1535.4730039481
-916.6929859467 -1538.1147705629 375.6015475743
-1017.4182788020 183.5292633870 -1584.8222831720
-1981.7746808436 1536.6502567273 -1794.2143722935
202.6200446041 311.1620822722 -492.4779702207
-1708.2585502372 1702.7921226694 -692.3067871769
1177.7180172357 1349.3041342551 944.1615794058
1488.9010214790 -1821.1729326064 -1519.5745130947
384.9194388063 -1985.9452617176 -938.8707833686
-900.1853270932 -579.8283983491 -1208.7211328442
-216.2637388117 -1435.7311960931 -1676.0642043345
-84.8863232211 -1402.3673477798 1854.2060326511
424.8943546033 -1826.4212050602 58.5086769789
1596.1414222031 -41.3538879051 -892.2818260789
-683.4598098037 -1050.2233173914 194.1164418409
-851.8757545056 -109.2961820932 -1469.9688493167
-496.2410773203 562.1473202910 -1372.8559843617
129.6149658241 -661.2404861273 -1758.7049897755
-482.3047507001 1011.5217025187 449.8303585196
-29.0527010205 -1078.0532559869 -1193.2650255714
-1281.5061985618 650.2064042589 -1284.2395849920
1202.0190388953 -1071.7923631467 -1116.1066212405
-1235.7011083642 -684.3729227347 -1556.6910846385
-413.1869699036 -1449.4077177406 1809.8206920808
763.4197850458 -1741.0585973490 -392.2458330310
-1178.0361474770 1413.7304191649 -1255.1757144576
1186.5161367445 -385.8197494450 991.0721051787
789.5644070754 -1348.6992788548 -1234.6911174826
1856.2792079021 187.8219780406 -841.8316783152
-1466.1631482558 -507.8706296044 -1041.6060947419
604.8499686861 604.8937976988 990.6897348527
1628.3196074567 1419.2324853797 -906.6019751330
-662.8792593502 333.1310502721 111.3711329288
279.6991863216 841.6603849611 1122.5006209957
-637.4300017734 1809.1383353897 353.4156701364
1701.1162832931 -1828.9170352024 -1872.5512069434
1665.7916682304 -1842.8171149040 -1844.1263737444
-414.0288651734 -1452.8111690087 -1726.4573260200
65.5067507231 353.1371786105 746.9548059694
-973.3809141757 -769.8803436241 -107.9741522885
-1232.5924924621 1751.8019187865 426.8581569098
-1605.9601016417 -266.8515992500 -1784.2795020754
-1860.7384894536 1507.1851125263 -1442.8590267127
-580.4862382024 637.2651333120 307.5964578639
-1094.9199142141 -1369.9598669378 -879.9230253875
327.2699599317 -380.5496619898 1609.7728213647
-1324.4327740954 834.5191983059 -1012.6591331403
153.1939059777 -1309.3329588552 1991.4854599448
1385.9259663059 947.6739319075 -1100.9320919599
1587.2983986794 -415.7337449594 -1610.1637966137
1472.4991972973 1601.3842633202 1915.0648018747
554.5645681976 -1002.7463428013 -969.1151963685
-468.9697845019 330.7338439367 106.9427018351
976.3386940357 1243.0159127206 1122.6480456171
908.0794582252 1816.9468454781 -651.8336692973
346.6084425691 -1581.6680790506 1262.5263162646
-1663.5451249612 1588.5016288990 -1066.2291131431
-1486.3662062764 -669.7705565528 -619.5053053211
1126.8663675067 -1986.3474692902 -393.3338685212
1093.8067409530 -895.1787036998 1008.1706606617
1270.0942102312 -1388.8443174473 -14.0953818633
584.4618950987 857.7941997778 -828.7292909507
581.4381111891 1728.3202838194 -617.0937569258
1411.5570561352 1484.6468863774 1080.4821147674
-1539.1395954641 -1048.8687964045 -1279.3990851202
-85.6532384324 -1121.0723947397 -534.9176973806
1698.6529373221 486.3486220655 -101.7664396853
1574.3650374342 1603.0040541033 -1107.1600767402
-551.6636508532 1940.9017976784 1694.7288755834
-1802.1588370404 -1300.7372423327 1958.0836463209
-1136.5096912097 1469.4056706960 683.0124092561
1702.0093738402 1319.2411631565 -1219.6615526258
1088.7870372001 -1035.4736773459 -1460.2290014881
394.2367998770 -889.2523390809 1296.4260147352
-1604.1239159987 -1397.2687298912 251.4595922375
540.3565670438 -737.5595349719 -1751.3637583491
1675.7124957209 -1016.2192192515 -392.0659466771
1777.6910162122 -1107.1650016984 -41.0450348308
223.8597522346 -1886.6466788240 -425.1163786970
-983.5532023434 -706.9891935837 1249.7822825795
-1925.7468789776 1595.1712374759 463.3252538971
841.0465692618 -1902.9382595589 -1885.1364156374
298.3008233074 -109.2512633346 -1424.8580538253
1583.1164349385 -1383.9366422231 352.2093075540
1063.2561761785 -912.1016454506 -585.7498322981
1732.8272394982 1902.1729856211 1144.9332899028
1882.0559970860 323.8291681010 -681.2165825499
1215.2794363680 1474.3798135987 1692.3371696509
319.2023163688 1799.8236586807 1344.3865662615
-35.8563444984 -382.8060805598 -1734.1863089164
1512.8565583709 -1982.4951917672 974.4124289363
362.4041568088 -793.1113270811 -1491.4475678927
809.9531312770 1488.3715661405 -1847.9341018785
1438.5467559357 1409.1680061145 -509.4267208979
-1779.3807677543 897.1448311942 197.9520837908
-1942.0025307971 -1222.9591918005 -1754.7359943876
-1274.6729563266 128.2742307067 -393.7511856411
-1108.1376193193 -444.6034466220 -573.3552657610
1930.8071769484 972.1164563746 1570.6443956878
-521.7269427021 -1872.0765289066 -435.5745079067
1164.4402360877 634.7916251848 -344.2011685591
1761.8852054372 1256.3733676130 1194.3199810721
-1288.2257352428 -4.7361834401 -1059.2815218813
-821.3353750366 1855.6325468655 1825.8315012256
20.0318726740 1720.5460325955 -1488.8848436897
-1186.4704294179 214.1136070155 1956.1540135853
-475.5211916851 -1162.4268719593 1524.6642998983
871.3177060756 -468.3517375461 -1926.6024233856
-1416.5420192838 -1133.2812371032 -1665.2995915012
1167.4423256787 -105.8027247266 446.2867298015
1605.2486873152 1934.2231111197 -810.5380590091
-1590.8841806359 1521.5826757691 12.8378938744
827.9164612783 -1423.7016386155 -1011.6248774159
365.6913687074 1586.3695842644 1835.9068722233
1162.7879280288 -668.9093121969 -125.4655434387
-610.6265179733 -1984.2078038415 -245.5879360641
229.3083141286 307.1276668112 -125.0891443694
-238.9405866614 -112.1750257190 -1911.1519252071
1918.0162855412 -722.2369883852 1958.2715810815
468.4621749657 77.7495490045 -663.2707824180
1631.9620315834 -679.8209225911 779.7547858145
-1975.7906677669 325.2810771508 -1810.4799372787
-274.0401787005 1154.3248824828 -1047.8328204705
1098.0884485733 1749.6707134369 -171.9989873899
-1918.4635002113 -616.2099868370 446.7525808223
-1919.6839922828 384.8976403074 -578.2015680573
1454.6869855694 -1340.3252343262 1803.9083910021
81.3124970117 -824.8872858457 -1876.3931658224
488.1634553304 673.2839198364 536.2455583212
1245.6540075425 -1914.2179544558 1289.8861204931
-221.0764692151 -725.6759422642 -514.9041847382
-1279.5931769637 1434.1969496904 979.2891555731
-472.1141145310 764.7830434215 -1979.5415881346
-1203.9958001801 -1074.4343126077 1572.1519294027
-1965.1955987840 790.1633832856 -1355.3973901380
-421.8205814890 -39.0481732206 1979.1423090703
327.7822096330 -1800.9721835441 -1277.9846289654
550.0646226691 -1245.9553859378 -1225.9516742976
-798.2364009932 -1701.4217022864 1700.4265903135
823.1178097224 552.2360225467 -1262.6016954283
377.3412139822 824.3375309025 -101.9709169606
-1410.7725771340 1716.7543577275 -495.0595083868
-1488.7999856747 82.1853766138 -1987.5487914341
15.8359350111 1308.3808539930 1001.1465117034
-1383.7985104459 -688.6940145018 1375.1004550318
-1058.0941886680 -1066.0934305046 -890.7780533722
-1270.1506235086 1947.7139780276 1570.8304926483
1735.2117717684 782.9094654364 -636.7019986240
659.9967772957 -1596.1688360546 1887.5531103417
1564.7818979088 -711.2348247985 -658.2261494679
-933.1895107264 -1157.4865481379 495.3605267642
-1122.9439370118 -151.3977975781 -751.2223040297
354.0508604194 -961.1527238173 73.5278534631
-355.5666574045 1287.3051509993 538.2990888121
304.6071450780 -517.8422769035 -455.0124764773
-119.4532091483 1578.4748334602 1626.7353056365
671.2079492486 -294.3539439856 -1586.3122663611
-66.9916719646 332.9044228320 -1062.5754260502
-818.0527887332 909.0733450718 -136.7580063784
1135.3925213565 -1856.8670994672 -1473.2463602870
1835.8052314443 -1990.2103817541 -962.8619902125
41.7551806031 -1148.9019464894 -38.1279535519
-1251.7376953979 -1336.1210837112 -1277.4723996055
226.8437923361 1358.4228496290 -1331.6087664054
265.8413534518 139.0132006747 1180.7021222609
-1556.6040216536 -704.9823711042 1229.3908379196
-801.6735136171 471.1044303715 1217.9748384043
462.8922031597 -220.7570634903 -1067.1491287471
-1092.7506012967 -134.6787074380 830.8698018179
-394.8655736710 1357.0064858149 1619.5405376589
1994.4058999473 -374.7253267595 -683.6989354143
316.2487368062 227.6203667129 721.8751213160
-1403.2543619248 1173.0901298199 25.7676953331
800.2396590595 1702.1339980563 -1960.3256545240
1516.3665613673 1344.9140345288 -733.9260141217
1572.3081965648 1122.8124677283 770.3752959682
1269.3203506496 554.3218655800 -1835.9990995084
-2.2002550844 1053.2442899399 1838.2489414864
-1316.6963338186 -1365.3641013694 953.8446014782
1257.1738554774 -1613.6064234174 -1130.6747751561
-207.4925039923 317.0687022232 354.5327576764
250.3204763042 -130.4032084347 330.9276329205
-146.0298738814 596.5951431068 791.5184301053
1779.7833185111 151.0463056469 -736.9213957104
747.6755612665 1180.8109160832 -656.4190260938
-1957.9993829846 1588.7059641331 -714.4224000959
1958.3263487332 338.9155812499 254.0689852746
1742.2892439973 -1509.2756819347 -525.2549083409
-1805.5194847712 1470.3181378854 -948.6164051199
901.0003664486 1308.8727506973 -1345.5315556779
-1074.7708191696 1081.3545828294 1812.7595811406
1842.3663969325 89.2851746359 433.0333239475
-540.7819769093 10.8842499827 -1079.3439120068
-370.5857309655 -1398.9330608355 759.6534118285
978.6474998460 609.9829382877 -1866.6666947628
-422.8102887543 381.5670053443 557.4509361885
-1028.0597791900 -1375.1936944524 -1800.4178841481
1645.8433186032 -1233.5294623614 1635.1262986978
-914.7844350515 202.7826690627 -87.7620114445
-836.1202243975 1320.9838526421 1818.1659439583
1606.2405017149 494.8996772495 -111.9175044383
-1451.1171284693 -333.7198484862 1607.9724626014
-1207.4439788553 1254.1139188814 -1471.4798230653
1062.6633825460 -933.4053664875 1039.7385717762
-1851.1093773503 493.3675357427 -107.1278287875
1364.3065351188 -1814.2815993774 1354.6845623365
-1744.5595769284 -213.6638811074 -1170.8481826060
-1173.5537452149 335.2015926217 651.3265784251
-1398.5853747050 28.0742851531 -516.8106620223
-102.3394203550 -602.8905609889 110.3490645550
1533.0757159560 633.6579097623 1384.1664689879
1095.9533742813 -1854.8971543781 635.5477969891
1553.1099896148 -1932.5013601821 1742.1991446235
-1199.3263046046 303.0686736423 -1034.5408653456
104.5194561681 -311.8286759689 -1186.8977926107
1107.2673253569 1254.0705956936 -1833.2923247737
-730.1270549899 979.6485373036 1172.6131442536
-935.4152298878 1733.7687333282 526.1562135862
1949.3656892251 -1702.3420624980 1370.2328403960
-582.1512086762 -789.9666310243 1184.8270388525
1186.5794951001 -614.2639857385 384.6134371459
1322.6653972802 -319.4200184587 588.8303701214
-480.2626452974 -1726.4698445468 -451.5291097669
1072.7982471460 1563.7815189894 -1408.6531836314
1675.9490691977 19.9856402448 1708.0138918137
1877.5382857618 1374.3232528217 879.4165348732
562.6168802469 -1471.8566957661 -475.6369341822
-44.2831920212 -857.6017687378 308.4993484661
-981.9575497429 -230.0401304397 -643.9955748595
-597.5342171324 802.9822004535 1419.5985861057
64.6405348532 1978.3872006995 -1007.1744864634
1110.3708475389 -1615.0475218742 1414.7489074639
-286.7517386093 1081.9484258893 748.6769685971
66.5584884956 361.2921639460 208.9904315550
-1324.7781710973 10.0619459440 -287.5243014828
1309.5246171756 -386.1876117590 -1535.3270558108
-1293.4027214754 1075.1082464082 60.3403469992
-1374.2875542577 960.2323106687 1816.6990644730
-1883.2215008983 -141.2860550166 -113.6387630485
1546.1623803040 1366.3817977038 1747.5938381419
-530.4619442658 -1450.5455969366 -914.4665877145
453.9034863951 1235.1259241398 842.6971857751
1056.8951717952 -326.4387290239 -421.1919517331
-1400.8926733875 -1340.5150898578 -191.6455924941
1752.7173072500 202.4902969459 -8.0571161243
-1867.9596420564 -128.5538350555 -540.8968176804
-567.8733358690 -1386.4690673866 -414.9883699993
1173.2961385527 575.7215351670 307.0205068946
-1463.1550405845 -1943.2751727292 -1146.9939813451
-345.9888274032 -1405.6800812069 923.6611899021
1103.6155399630 -859.2807501589 -1012.3129802228
-1618.0143975229 -1859.6736895804 456.8469514787
1826.7210419080 31.3007633597 1553.2943638866
-48.5602142958 -137.2149826913 1331.5452645085
948.1264692291 471.7808521497 1400.8918725541
311.8880793994 -1773.1015868427 -1412.7869453935
-1454.0076023820 787.6112774334 -1225.3951259325
1614.8222907737 -828.5772515745 -842.1988882895
-295.9146006543 -682.3507466127 1820.1149858774
334.7150501662 -1087.2895253486 -303.7190205827
-1219.9912472208 654.9421853829 -1276.1885800367
1037.6214302280 1741.6737428131 -1459.2179302321
-1737.5460068437 568.4010482453 -796.4991722688
1360.6178384268 -1949.7855922412 -635.7815824685
1168.1961770701 -1066.2250847073 1768.1961240501
570.8679091121 181.8064204172 513.9723431154
447.5868644736 -412.1988162662 -1820.5236459960
1587.4202586413 1334.8341457554 821.8956177145
17.6426520873 -1962.5953654819 68.6371015208
-1805.3492614543 916.8485413868 1909.1908778117
-779.1798953625 -1228.5806097004 1670.4376791007
1292.0231057280 -362.2103220896 -470.0962468154
-1188.5676344578 152.1061989888 -79.6994373462
-1719.2032594508 -1333.6037854972 78.9719565939
745.5562218639 -365.9060226395 457.6852548171
154.6983879244 1417.2722812247 1278.1533610493
-1458.7935968175 -52.7023752126 -900.2716045557
-1249.0565507968 1944.1120233644 -892.4421047454
669.8150639752 1368.1474572775 748.5557236383
152.3412802702 -1438.1782093851 1181.9720199570
-674.2240921815 -1506.4410059418 -1971.2544017312
1759.7623708257 -356.7221203477 -1280.8850963104
-233.4272053694 497.0116638607 1934.4045915854
1390.8280267404 -1114.8649366164 516.3030919350
1660.4758325820 -111.5697211371 1086.9335269134
-877.9473502677 -1933.5942193471 1480.7949885591
-1622.9005298237 -270.7548769215 -1084.7782663739
881.4914276746 1258.8661279965 974.3837124733
-1653.7327057890 -1469.7229557443 651.7731568046
860.3183386557 1711.7035531065 1286.4182130862
76.6637892083 -676.4648833770 1304.9775539613
1699.2346360197 -471.5920525610 -148.3266105345
-665.0742925760 -280.8993880661 1321.3282441854
-1521.3490461216 -1673.7610834330 315.0392236043
-610.3382357998 122.6832739147 1687.0090761622
378.2103098642 -1918.7156158052 1581.0291048234
1132.7561130716 -350.1027116669 481.1053715207
1631.8633407718 1747.6650142977 -310.4204084282
-1448.9149546388 801.3706758717 1522.2387515428
701.5229534470 1565.2044369833 1628.2805513273
663.7994059611 1747.8677139804 -1622.8084359039
-307.7004419139 -1528.8504754369 805.3156326203
1197.6819816312 1871.8745007237 1368.8228815323
1108.7753377382 -36.2949182050 736.7900143338
1256.3685314106 1034.4444351986 1706.2075361802
-410.8528990489 1816.7215669284 1005.3776547663
355.0411332150 -1619.1780323737 645.4068237864
311.8034994529 -999.4354338860 -1401.3642283369
-764.3704400499 1098.1411974718 1156.7385716486
-130.8979954685 1120.7243468621 1368.8687306940
1009.4203714137 -1180.4466174290 -395.7118099006
-28.9725856578 -1674.0016576091 57.6019552131
-269.4007491449 -1440.4608447455 1554.9742601021
-511.8065794049 1489.1332079975 -667.1376791371
-1140.2111295371 -240.2716294614 252.1343934688
1708.8263222674 -1927.4111652383 -1865.6526351983
1928.0215797628 48.1513591648 -1329.9580107351
152.1108238916 -622.0389544011 1391.5027906729
532.4005744791 -741.3948127046 -1557.8638718873
-1166.8871417416 -1298.1858919054 713.2074500874
-1519.2747033145 302.0601058930 -1280.2257144922
-1226.8801547511 -100.1289835308 193.9896870656
-1386.0949575436 1760.1425239544 -365.3885606547
924.2021986791 89.6387648179 684.2754261785
1553.0506701949 1600.3553479762 -829.8928629166
1022.6670109067 695.2896593881 699.6534117317
-1102.8046967699 -920.2689900530 -1033.7600469297
-119.8750603725 1777.4353997162 -1125.5447126187
609.8309797226 -1218.9850293285 -1855.0535833727
505.3334531362 753.2812039885 1754.1974199490
1987.6689038462 1262.3742851546 1520.7755919631
737.3869889970 1574.5221576418 -1189.7596111537
-245.3304709556 916.7311766609 571.6922190044
-1411.6637351996 1373.7732530686 146.8465820562
111.4125877621 -319.2810371238 -200.4535110724
1529.1686599955 998.5019778327 -330.3227368818
-899.9669822436 -534.3727728428 1140.0796508185
-135.9420156492 611.2131310558 -1899.0075147574
-1165.3314208076 -946.0375602213 802.9054364929
1227.0964896203 -1011.3546130920 -1054.8118328180
-911.1675340160 1275.5577172296 -193.4596418487
-373.8690105329 263.4393426867 -1805.8938682018
-619.4551737918 -385.5846871463 -441.0490224281
1315.5176496079 221.9685441371 1752.5537832374
1555.4867122866 -1698.1121684129 174.3355375661
-509.8065900633 1914.7313789090 1550.2464843863
1255.2877681736 -1677.7193330108 1178.9040305762
-779.0591861575 1856.7335323539 -1690.5514650287
-1559.9170159801 1544.9752192435 -49.1547560615
-438.7541690228 -1027.0731010289 -527.0763164549
486.1847161421 1484.6139499775 524.5692826274
1161.2212008424 -1427.5934296988 -233.3800255924
-567.5186087681 1721.7964497246 1312.3085763089
-1623.1739963112 -1840.4240851096 1931.6942705156
19.5286579998 1022.3111976494 -1552.2003550552
-1431.4121059117 -674.2678869811 -1921.8122561835
-1269.9202901625 -179.0923096261 669.9153014462
1151.3591906424 -1237.2673207110 1249.9251214574
-1714.0645281336 333.6434665547 1909.7540019808
-1694.6690780518 -1626.7049517480 -1092.9595844178
437.0830446312 -652.7522951588 -730.6835926594
-30.8579209548 -1338.0286019459 899.0556508137
-778.3931237118 1455.6320581793 228.4025493546
951.0582393623 32.6899389909 1219.6117777535
257.9945793137 1599.8411614504 1968.8648284502
-269.2731327553 1604.4031886669 801.3775494791
-1226.0071425577 589.6185867148 -1077.1690325845
-666.2342222806 -1926.0648037603 1794.8605529335
1717.3195303897 -1005.3687044580 585.8155010578
1145.4449538801 -357.3824708812 -575.2515624622
-1939.1882339067 313.8192858495 512.0046815389
-147.1055202204 -1780.7872853867 -636.2264548606
523.9391834091 1066.0320348762 -1021.9282827876
-1468.4163111905 -525.2369087467 -220.1241215373
-871.7414909557 673.0821281070 -624.3602101461
1589.6000256956 1864.4562630742 -128.9652850403
-1333.1209480095 540.0325571232 -150.1005969607
-757.3527089021 1380.9760150954 -797.6997350323
-55.7965829257 -1105.1943342891 -1017.0557499711
-70.0200725249 -1897.7820830891 1763.4027844398
-552.4113475120 1473.8924915723 466.6439163499
942.0053514445 1905.1567293730 -255.9746977508
1718.3595235764 360.7674270652 696.8817946741
983.7259700144 1371.4496632905 619.4950369575
355.2477675578 1902.7399104508 -1227.7233099126
490.7679913071 -702.3294644966 478.4549848805
0.6123275840 870.2814867665 1436.4016752627
1662.3479106337 -379.4476671274 464.3931789964
-1560.7295304276 -543.2345121923 8.3136918560
-1924.9995017781 987.5036795576 46.1696179770
-565.2424984423 -359.2679205288 -1953.4193674419
54.9810632836 1923.1602301364 -1177.3389576848
-798.4618268033 -469.1661407259 -56.7576512228
46.4160335790 -701.7242032235 943.3006957444
-279.6450621253 1701.6415992260 -584.0075016916
1129.8014462057 -1412.8666307133 1605.4457017344
-1408.4204821020 723.6641415349 -249.8642480807
143.9764513196 853.5875056007 637.0972273550
-1568.5591744451 695.6207706786 -1880.4437408492
-1112.5409522812 -1864.6429181355 -413.5596193010
1861.3410191028 -781.4918663887 -435.2843115231
-1703.8616440341 -1109.5602837110 767.8701484871
397.8317244172 -1576.6554267066 1269.1585128071
-243.8295346063 -1760.3990864497 -73.6981121190
1706.2320828084 290.9122878316 475.7350462825
1862.2230478034 -61.5371174013 -689.4366136051
-1556.6643955944 663.4034001570 610.1701504061
-1031.6170549875 287.4293308620 -754.9504361251
805.8309565497 1956.8796208337 -635.2084529967
-192.2280613702 933.5162298536 -624.8618742257
-964.0207840315 503.5630131604 9.4206936196
1310.2698166474 972.4893284425 -1946.4921081478
-477.2876865215 1345.3612110366 -580.4592604351
1779.2652417211 -1331.7755277072 -346.0087497558
-1229.6100947012 -1329.9063604264 -448.4841499110
1910.3848215613 -6.9135262217 -1792.2790733678
1595.9816994784 -1959.7961736050 -1147.0442979309
1695.5358830025 1892.8481679980 -387.4373487483
-1752.6705546822 -1270.4283760786 920.2554741849
773.9394901539 -155.1798605996 -1276.3997745475
-1570.1244415400 -1671.5889903308 -678.5829460756
12.7832649828 1175.0788729258 -79.3134629750
-1717.3391828192 530.6877784810 -1990.4334066542
230.9947824676 1417.6885784819 -24.4755116752
-1253.4470740122 -1906.1922900464 462.5291988900
-848.4849885520 1032.0545430160 -1290.5872424578
-1430.3306564383 -1982.4978338906 -758.0358132537
679.1189584231 -455.3508976923 1494.9379329854
1956.8375306742 -1275.1117948287 1171.6915636736
-1213.0970547729 258.2181466413 -1224.4034185900
-1144.2507212485 -1344.5769771901 1387.9166624174
-923.7552671020 -1144.6701842021 377.4083034394
1473.7043268512 977.2748567064 -1380.3200465690
-776.4778685913 1808.1364860033 1577.8369012012
1033.8091513206 -1788.6144762168 -158.4733686938
1128.1718372493 -1490.5261236706 -1613.6628955639
915.9497623444 -437.6170681048 -1940.1531654856
1804.0163424102 -851.1112247045 -91.3969744806
1694.5134987161 207.8389284997 -1084.2741999455
1300.4359980773 -730.9436380129 1424.3225122536
378.2303742619 1060.5614187046 -922.1225853009
192.6577431829 -1103.8563238420 -1061.6631277796
-203.5952985591 76.6145662349 -1253.5712769801
-508.1208790116 -1772.7320631933 1953.0902649861
-1083.4265450605 -1590.8804306848 -1285.7824116213
405.7514633391 245.1952834179 -1401.7790019126
-433.2438427684 1359.3388039096 -1293.5930875109
-1248.9319220659 -965.0729797446 -1818.6383209091
706.3650110089 -1580.1771506438 1275.4922500309
690.0569295038 1510.9337803548 1954.1364518521
98.8750803061 1615.5899447830 1812.9261775734
1636.3113767083 319.1779789693 -147.9425196099
-1602.4989400229 1831.3630926772 -804.5633334061
-1267.8251050199 -1857.8128168113 -1333.0703929365
332.7525850709 -1977.7730696374 1767.0276376178
-992.3701054469 1463.1656901499 -324.9844507240
-791.1712692447 1963.0193368660 573.2129145540
1344.6826645531 -1197.9789443356 779.9479102697
1477.0934842168 -1505.7054768460 -1342.4748147850
-1421.6531204543 -173.0192508658 613.8832341333
1127.7368558646 -1989.0800177648 -1340.7740806585
809.7281670243 -29.4718797988 1379.8382953256
-588.9166994663 1595.3277134474 -1057.8356401457
1244.8514626747 36.8487796705 1306.4614913782
1480.5656902482 -584.9734517925 311.7169233783
494.0915456317 -1893.3052388170 -1003.0232243271
-30.8936180991 -626.6127092835 -1105.7986680579
223.0342170665 1908.9438253945 -220.6579036404
239.6073757331 973.4981817289 -325.8934755779
527.8425121248 228.5643234350 1267.7402530204
1975.7294601179 1541.8492213955 1232.6935270099
-1425.7839823807 -1181.7951824055 -1666.7739905896
-608.4737824600 -290.2138718729 1459.1336451865
-1134.2930726842 -1137.9273187476 -1348.4059133864
159.7890280282 -301.2769617169 -871.4773951986
343.2544952567 1002.9731868258 -28.2277598471
1894.3827339337 -915.9566048667 -1674.5961902228
1612.6995145405 1292.7251915910 -1834.4840102094
538.1973374054 -818.9369181120 633.8687268414
-1555.8371772874 -64.7952469364 585.4190040658
-910.2643361837 -1825.3745483951 -270.0412844664
1258.5710667519 1350.3926794473 -1353.0083925122
-977.4933339340 1886.2867492964 -1873.4712752009
-41.2613356993 -583.5325170719 1892.1777800976
1641.4892403985 -1366.4044296293 -1687.0727269101
1719.1849313717 1426.6653153723 531.1012142571
1368.4106092849 252.0174124071 1172.0806968632
1473.0638670441 -1268.3929084460 -1986.8356901301
1475.2890645638 -698.3695644489 -752.2489115329
-944.7177809248 552.2277294100 860.6267835881
-1292.1078589918 1577.3731853990 1820.0220462922
-1938.7262416748 1436.5466304344 451.3603749426
-1671.0058933727 -55.7951420379 258.9945340352
1412.4058773388 -184.3571091704 -722.3872030434
-778.3981697237 72.5269905468 -1122.2188100463
975.4457312016 1278.2450613519 1612.3349295389
-1701.8928774127 -768.1310254287 -886.1534271116
1325.5666358713 -1195.4201165507 -182.6169658812
-1819.9274694923 331.5065711844 -1336.5383986743
-1993.0354432381 -220.4983757289 -382.9299620454
1596.6906119067 -564.6505921541 1474.0462137664
-64.7263307288 348.6653273824 -242.8333680152
1757.7198599974 -1011.6195627285 1657.8414374346
1251.3735333933 -685.4217263993 -1245.8831066705
18.3908716715 1208.9817274479 814.5676228665
604.7284022841 -410.6123112228 335.2974224818
339.0745168752 217.6646683276 -573.3609849651
-171.7851900030 1646.3975783762 170.1870795608
679.6656790986 814.6256328272 -821.0094916246
1796.1890348371 -52.8275502366 1419.1811627250
200.3811809496 -322.1186131631 198.9420810706
975.6501162879 -1156.4735948407 1411.2062097068
-967.7098748723 1741.9454030421 560.6919507741
-1499.1773853218 -97.0448305147 1859.4971364679
333.6269539110 1094.9379772774 -559.9054525840
622.4524710423 -1513.9163357455 -1520.1024044813
-1695.1362779649 1234.8245836852 931.7541339902
-588.3875202006 251.7027802818 -790.1996947687
102.9655557385 -1178.8780106681 451.9542687192
-931.9882556424 -1778.0307031097 815.3128111142
1648.0514855584 -1682.2616017654 -876.7962364811
-702.4940751946 597.9979997545 1882.9145450906
1582.7770683862 -1960.7412749888 -10.3175066994
-1918.5233754074 1384.3909543248 1158.8549046540
-1340.6651701973 1455.2220884926 1868.6980083012
-536.4107416643 850.1947789234 -1302.9043551542
1917.8745379559 326.8757578799 -1951.5008666620
-79.2742914896 -1757.1847062644 -17.7219934389
423.9490348480 1354.0978017551 1522.4735799370
639.2637301829 687.9803810401 1811.8636571066
-1406.9672885713 356.3663318708 1771.6204249069
-820.2441417430 1530.5822877229 400.8950537665
1964.7372915174 -692.7707451473 -1867.3466853712
1634.2204717424 -1465.6824128945 238.1904647363
-1600.7025996548 -1412.9767701878 544.4141253332
-29.1766383285 -1542.0858873871 1314.4548833835
-1704.2850485230 1989.2619224447 1819.2039439859
-484.8105941315 1785.3994611635 857.6496464696
-1552.0608281888 1925.1743988982 1686.5792712279
743.4847122203 -1667.7690861893 -1747.2784019471
1640.2749687779 -1069.0682266983 1546.5330392954
-1240.8519603981 660.2303476659 -56.3793175859
1449.5605151540 -129.2930279672 -399.6311891007
-123.0716765610 -874.1414061273 -1132.5398361929
-1328.1225784188 739.1013761758 -1575.7055532471
-432.7468403845 442.6035363136 -652.7618895429
549.5562336515 886.5723891447 -1812.2530509818
-1171.5990481106 -558.8743703102 845.3927853688
-1271.0040640443 1680.7383832550 -1040.5067456582
-1500.3391613491 -1214.8286053944 772.0224409313
505.0294161473 1721.5410739153 936.5066185993
-751.4247917234 1097.5687066832 1900.5187104865
-146.0624115773 -507.6809449749 -1124.2476302682
-1249.7973632139 -366.5140510368 1021.0393851988
-1995.8130608841 -1563.3748328558 1761.5645636456
-949.2784089009 -477.2223903214 337.0715799439
220.0971508555 156.9617836019 28.8376528979
-48.2239734803 -641.2932306940 -631.2662040583
-952.7939951504 1629.7491718799 477.6530824756
1468.3291718374 -1786.9689605745 -1145.3893565138
-80.4607981727 1354.2221085782 -205.2676750597
1335.7975815074 -1954.1578634763 1666.9615677619
-520.5064861261 1488.7834646770 1514.1147217591
895.5488642847 -1908.3733313798 1228.1985385482
1923.9785152887 -1904.3263169408 -1313.1669044022
216.1115845515 1166.8321180033 112.9333961286
1001.6715647295 -1200.5406801481 -1594.0243263910
650.0831107873 -1584.4246476236 1233.4972927563
1788.4474457978 -739.1672206209 107.5057834587
-967.9062872991 1447.9748762467 599.6025208242
791.2958688318 -868.3418228756 264.0661856616
-1303.6800427718 1990.6914703163 178.6899208001
692.0250598872 1794.3621805040 -449.1460340258
-62.9271411309 56.8715948069 -1541.0455416291
440.9449342965 -563.6433753024 1912.5195548555
-529.7987896985 276.0943293049 -429.3829251869
-1390.8955192151 -1652.8062950805 312.6555408797
1810.9687982975 238.8818871595 270.5488301330
-198.1614507049 1407.0737410077 -1010.3106527936
-1307.1151525111 1098.1450022519 -1938.0510295249
432.9377262393 -1920.7320309687 1411.2109577646
1069.7494138973 -1052.8154892866 -829.7061105402
-1708.8021905276 951.4418218395 -1716.9211931088
1056.6110882801 -598.6211187360 -854.9309209004
-900.4171670789 -1629.2612222402 176.6772492728
35.3203447952 1842.1785080774 1024.7341060431
-992.1787972888 -1518.8651687270 -1503.6606692623
-608.5280935586 375.2938121641 -1114.9749016915
570.7422017594 -840.1287515978 -255.5506911801
-0.4539702930 60.3710934818 1312.9895059175
-1802.3082412974 1493.5342295544 694.6909861894
-353.6935229154 -1895.1412593233 -1287.1915157096
1179.6116332321 -1934.8295657968 -1942.7338457431
1089.5666215757 -966.9588637151 -453.7911051587
-1860.4745237521 -817.8151467750 677.3281785576
-200.0897838813 1528.2263815251 4.1940589514
816.1368161516 -1148.4351542044 -878.6688708078
1414.1004398892 -1910.2149877814 1824.3957700151
-399.1955985589 1896.3945296097 97.0243937257
1087.3444112256 -1237.6250820667 182.8888509984
