-293.0645458950 -54.6981284679 -1899.3735454667
-1344.6000236755 428.6666022184 1900.7542855285
1654.6155994656 847.6432863687 891.1685065456
1653.6305144805 306.6337197854 -1605.8941031217
-1221.3233566289 1714.8379517588 -1784.2150290676
-1531.7889690692 -1326.3745114324 176.1605038549
-1324.2114685013 -1439.1817729931 -289.2598876897
1841.0442782373 -1749.7764003310 -402.9901104158
1810.6426416800 829.7595674639 1326.8529044549
1263.8579094551 509.2161555823 1024.8995024170
-1742.6901172321 362.3047906623 1443.2691895698
854.6713028968 -1116.3906248014 753.6269586184
-1131.9303152918 1720.0040450156 -1133.8061574972
-988.7399617048 -1598.2466356134 238.7713620524
-248.6637502973 1244.2441605827 -1068.1392963589
1152.0800139863 -86.3829917306 1175.8377977858
1535.0271568928 118.9430730678 -1133.7969625549
-555.5736767506 475.4934468973 333.5923564314
-119.3001886942 2.9198413123 -968.7457464990
21.9557889491 43.5454829677 -1455.0305894262
1385.4827796322 -1021.1323137524 -851.2448674565
1319.3407131369 -1452.4230193746 1705.5637088777
1855.2188384018 -1923.3976335131 -1792.6083052210
-1646.9405253567 -1429.8232059542 -580.1899495245
-815.0543682513 632.3108801625 -595.5581800140
1002.9941365625 -834.9762119695 -284.8751965268
-1909.1881721845 -679.3155678226 536.0725000675
-1661.6970416666 193.1188137874 -1915.2403504629
-548.2940079087 1949.3538480398 -1531.9671175006
820.2794523121 -657.5785960821 1935.4638555251
20.7168238988 -1891.0113236076 818.2105057156
64.4388214270 228.0699727055 651.0548344210
-122.5437039621 1571.6811315697 -1439.6372220443
1760.7687882963 1142.2698079107 -265.2781449622
-664.5188016031 341.8734734654 -226.7586153380
777.5920544041 1128.9531331150 847.5895454392
-360.8338265741 1271.2670785553 -169.3161007078
-1649.4465645820 1683.2086630089 -760.8801576642
70.4740485735 1031.6393122833 -1533.3370625206
-596.4595425303 1099.9041626301 -395.0616334025
217.9638726498 -1416.1279160701 1865.8942655517
1603.8381240477 -1200.2009908815 1758.9169296960
-1521.6051239214 1292.1470809601 -1752.5036990477
-1992.9592193547 -584.5895222773 254.0915256021
1869.1739920649 -1038.0072523172 -821.7599770192
783.1574039483 -1186.9211788522 818.2195187999
-1660.5959991694 -1430.6003367356 249.9815399313
-629.7890138960 -1707.5028931286 704.0276640729
402.6400439145 -816.6321736172 -1462.6770739666
1798.1139512145 -1700.1064601284 -388.9615711358
976.7240059311 -1049.3568982250 456.4576487241
-543.3291694669 -748.4896261229 -706.8437609417
-469.6222861559 821.4365987547 655.4927265891
1933.6742128426 -502.6179195682 -1570.6553330074
1295.9890834369 61.5726650014 1065.6936135766
683.4790081864 -593.1591376384 1.7310279876
-1896.6562407823 249.6299292458 -1093.8644540390
1768.9230549887 795.0189013904 1813.3335146615
-254.1544620803 854.2301421131 1479.7885991739
1737.6559376084 -541.0286139357 526.8126348757
-1997.4980200971 729.0604270913 91.5079037601
1030.0261664304 -563.2484308988 1551.3758170347
1412.1729803107 1995.3526335481 -48.4631873387
-1961.3281839433 -206.4904577283 -401.8601751751
-1633.3295663249 -1558.7815753440 -1828.6993543225
130.2359988858 1120.5575905227 -1142.9997026308
-262.0824668518 160.7779429003 -311.6153609963
15.9689446000 711.3783564840 545.3139299376
1028.3062710154 819.6523697861 736.2369547994
1525.7366976388 1213.7839893956 1076.0087350763
-132.4894469084 -1581.5600566764 -1217.3758001472
1571.0676488025 -43.8041925576 -1572.2468810789
231.7724641568 -847.8004994278 -851.3826787530
-40.8773027815 -453.2854639041 -596.2104723568
-1069.0153888476 1509.7991608453 -1540.2564880260
-168.4203240562 -1945.4669513456 1848.0000933557
1557.8661884887 -1043.0391490292 -1511.2868582072
-936.4273743276 1957.7511771400 -109.7401999610
-900.3103630060 90.9250087032 -68.0053327110
-537.8671055376 -1393.7729098327 1253.3752910886
1546.3662538539 -1558.5664993374 -317.5322311684
-1211.6759560886 1482.3356860178 -269.3186774731
-595.1772049640 -1930.7297462033 196.0640676872
-285.6231334483 1289.6864199552 -1243.0043422944
-1168.4556761577 -149.4746581773 -1187.5009425646
-727.0753488716 -782.3955188979 -987.5248343039
-1300.0164118352 1427.8762127335 -825.3576390192
-1503.9463533739 960.8021440074 -1696.6568481456
1499.2269085736 1067.3976335784 1904.4509284747
-1557.3761120217 -945.0889987517 1467.1295465185
-1206.4677234980 1536.2219271097 -786.7778236725
-1976.2297048076 1527.3877950298 750.8800738972
361.7796095439 1055.5096829960 -1065.8269442546
1195.3210663505 226.1044794402 -1550.9195378816
-1555.1462550405 328.2866300683 1836.9020118552
1205.0952586990 -111.6499474201 -1805.9325402533
-119.0495246378 -298.8031878502 703.8867913214
1179.7831975640 171.6231084634 367.4735271706
1771.3928935775 859.5778065592 1527.1490891268
1755.1419630798 -1531.7250910036 -741.6547292469
-1924.3705667614 -1784.8203600565 426.4451908695
-976.2025153748 -984.8450338381 -1229.5423391843
-1237.7418032566 282.6682695899 -1532.3536417852
1173.5795625585 -1821.5648659719 -168.5754905677
1814.3192381018 -702.7241058118 -470.8334241744
-1351.2637998425 772.7482714223 -703.9925097195
-1519.4751236013 -915.4673704354 -1987.2018360149
953.3674320792 -1353.7414601976 -944.9204669519
-1784.2787997395 -327.4480601791 1856.0038820697
-247.6724093189 1795.8895791177 281.4569628596
-1030.9997290609 -1846.3276125549 -884.1398902071
494.2937835440 -1727.9337909057 -1569.8509829768
-1468.8321219692 1124.4898599773 -358.9580818894
-1253.8947559063 -1774.5015831336 -10.6481558722
1338.1884527645 -212.0930854342 610.3618044977
-1573.8345659872 -1270.9618911178 -732.9535195289
776.0413353971 502.1011595734 -1748.9598808701
-1990.7741476318 -817.4679209421 -1226.0856459928
1507.8738617131 -1783.9218440075 346.2048874875
953.8411874827 -103.7327711572 592.1633320521
-540.6425576959 -797.5261972938 -508.0170644086
-807.6823256522 779.6772435548 -957.3955558433
532.7686745650 939.3373058635 683.1502728615
-714.9864359814 -1764.7635909485 1986.7227899967
-1594.6441652681 -581.7221123834 -1223.2201383653
-465.4810493954 145.2127007031 203.5443488891
1024.5196228827 -7.8571250191 1184.9937957248
1271.3110725050 -629.4086396758 869.6997064511
1229.3252729908 348.3861363660 -1949.2707140149
558.0777117502 -979.3677806513 369.8856476677
-829.1065187462 -1861.8162795589 739.8632072644
620.6019650702 -353.0067176235 -566.8938778205
1742.0490990070 -1894.8267792919 1546.8321779368
1259.1380191305 695.3702047956 439.8992474247
771.5956780260 1489.8194977674 1118.1836482661
1053.1768174400 1419.8248420514 -220.6260472250
926.7040499344 -1446.5541651310 57.9996756848
1057.9037360883 736.4525216864 -867.8607590728
-1439.3739759156 -1571.1084090476 -484.8626063460
-22.8654595735 -800.9854686970 -1529.5651615436
297.2367808797 33.4600713861 1821.2900816178
1013.9101299352 -1276.6885935143 -1659.7705362866
-198.9465902308 1456.0997494288 -187.5466763410
972.9750866843 -1132.6531301217 -479.9932537017
-718.2722832859 910.7966582538 -990.7596795783
-82.8131676978 373.2105043343 -1435.2251582307
-382.6961469707 336.7198804430 -362.3513253947
247.1742946524 91.1161113979 -1145.0982975419
1838.9926083929 -484.2846288777 315.3254078647
1470.4672230704 -1030.6766445508 409.8394179513
1087.6246483086 11.8457576930 487.9353815122
-1926.2762662360 -1817.6412759433 508.1554409782
-572.0951957233 -375.8293138031 -1270.1128486812
786.7573066483 -851.8789358412 767.3842104496
-1636.6472726089 -741.1122844532 -1414.1266212834
1677.6892037824 -1373.7439165591 -941.3217431154
970.3724839394 -1454.8328344438 1560.2453939579
-260.8229797384 -301.4656081823 -1650.3527941615
1089.5788466292 1652.1138430253 1344.5192316513
-1417.6052752618 -1340.1749784870 -781.9830696500
-686.9949631374 -913.2559503505 -999.2637397464
-1179.3713272954 -1292.9969086523 516.9124878422
-1794.1376669171 1256.5144025642 113.8289441176
1257.5584864803 1638.3178304835 -403.5228304988
1248.4755344318 1575.6742231108 1095.4726302452
1472.1235304483 -1522.5650651890 -1264.0857606802
-1815.1918572926 -1164.7593596696 -250.3077323728
330.8241197952 833.0292579807 95.1123461733
-69.0772533830 -1147.9458677847 -1124.7443029809
1947.0946664660 -957.4036785818 -952.4388736399
148.3437923145 514.8325972700 1059.1831863679
-295.7615423296 -17.0792513242 1111.9997491397
1751.1676350253 -1445.1878541809 -731.3324939506
1192.9024518363 -481.7477549222 1344.9781629453
-957.3528191766 1099.5752273954 -1535.4953664761
-933.4084960506 -1958.7359335475 -758.3942150002
-705.6371832228 1120.3278649202 -1586.0085914424
-1828.0818176540 244.6104404555 -1029.2381436813
-354.6847005206 -899.3226923743 1172.5359138747
-257.9660125129 -501.1508555412 -1289.8579500131
-1139.5571434421 250.3015404143 -1592.1645357128
736.3504872971 -1701.1945858548 -996.9539967489
-1111.3434389851 -1842.3890071288 -847.2777237834
826.8891522030 -565.8091023388 1905.5761743406
-1355.1255610749 -149.8685204330 1819.8528185697
574.7340637531 -688.9665190456 795.5315923664
1403.3488302010 1533.1533590184 218.0700493900
-1644.2241116227 -737.2604259454 -1114.9455829942
-441.5156498437 1078.0163875650 1269.2226120607
749.6665212756 -942.5307323379 39.9392994653
339.2164922596 1317.7834711511 1585.0069997647
-513.3605590801 885.7003382538 1815.2647123927
979.7349341062 -444.2311760930 -813.7167814018
1212.1987998322 860.1195939695 1869.7433129866
-448.6535783999 -659.9536492559 -969.0294256451
1777.6479324982 -1087.2078893625 -756.5746510258
-598.3518048795 932.0883943734 1885.7969834818
821.2726646297 -282.5878913631 1084.9776657157
-1296.9102740410 -998.5707215420 1088.7815687329
1819.4968266961 716.1787918800 1567.0528559823
1644.8272428510 1762.7352486106 -213.4350594468
-1420.2805566627 -1035.8589097628 1280.8715948107
1127.9940395453 -1457.4075288725 -1495.3340790368
-1198.5589354401 -410.0079943248 1946.5568840796
-1742.9193089997 975.3696653335 849.0550632652
1518.5957850601 1368.4868369902 1769.6989341828
116.9038861234 965.9932311822 -981.4441653623
-848.4674899151 1640.3154046639 887.3230217169
1053.1432329376 1099.4188433134 1130.5959910485
253.7806665605 1799.8041534159 -1421.8825574351
1414.4454054670 -12.5515120479 1706.0362082307
-419.1157332783 -359.8768031225 336.8002530010
1294.3257246141 1668.0168006466 496.5186159398
1432.7387651969 -1617.2646585583 -505.8277832792
-1036.7319548888 -1177.1097677958 -1347.9178106260
1519.6680378251 -331.3718779170 -1309.7079499030
832.0166474822 1799.9781874585 716.1049502570
-1159.6346462734 439.0005980146 256.0671426705
-555.3530244402 -1857.1106371689 1450.2741597511
-1649.2551524675 113.1067257653 865.1555934555
-206.5805918563 202.2171046926 549.7788703649
-480.3137248938 1665.5206981026 -1091.5322227385
-1018.0807656704 76.9175244723 -1956.7615290550
49.5543768126 -512.7202212057 -993.2645881769
1275.7706355220 170.8945037901 883.8459627551
-647.1005296984 1791.4862722364 -1968.0013518847
-44.9951678504 -1935.3033723286 1646.9111194124
1654.3566256398 1955.4827368655 -1755.6950857169
901.9752015169 1857.7621723710 -1118.8917796134
61.7403433157 1467.9691677903 631.7850063971
-77.8652645592 199.7502091456 1613.7061161802
-881.3635507379 -1159.9892617983 -999.5930093269
1697.6934527500 -1164.7986518488 -395.4640106251
1681.0150515709 -1610.8097097280 -1044.1753119157
23.8731212997 -1244.7518200655 90.0400841576
1046.9346637433 948.2836082346 564.7278360837
-416.4171652813 713.9211560371 -697.5876787673
-513.8834134608 1419.4164136502 1829.4602605361
1592.7297563035 556.3102351659 -648.7549913704
1954.3958276523 -335.8870137803 838.6124231668
1584.6560015447 -1231.8795202144 -1704.0884112416
-796.5562570792 683.7544938712 -834.0385666211
1792.7953470723 -532.6334446428 -1767.3478078164
-193.9800074134 -1915.6030163012 796.2650783538
929.1197769686 190.6115747272 680.7840019947
-1025.6038506176 1590.7831749646 1489.7966793028
1260.9590183358 -4.0304525677 567.1055175386
-1335.6468566454 1021.2283554100 829.8737405540
-920.4959039960 747.8842137311 768.9212768165
-1681.8131887089 -617.5103752345 872.6978152409
-18.8661181799 -1469.7866594086 1090.3112830727
212.5700916530 293.4644011593 -1669.2812330209
1228.3860976682 973.9319768282 1851.5698562562
1741.4660313535 -1144.0722512542 1455.8907684207
-1006.6860546436 -1285.0784561350 -250.6071757754
1118.5527424337 34.5454135396 -744.5669230416
-1037.9581906200 329.8531901233 -1667.5893038736
270.9057238251 266.2070936154 -1408.8691059542
1318.1233963276 -1204.0809977770 -836.3221458868
835.0680606544 35.4092341359 -675.5586200976
231.3949380909 303.5313976394 -1926.5995086610
1979.6489974728 291.4231784167 -69.0431513769
-1992.4666061881 1376.2524092748 -1240.7378767772
1513.3340627967 66.0014325733 599.0148505427
-1648.4733564134 -121.4987426164 -93.4967580916
-116.5015098251 -1030.5125972214 -950.8060401656
865.7521055119 44.5689517186 473.6380885354
540.7236027660 1771.4147027673 1779.6936112459
-1019.8962833810 877.4083155373 1466.6058778912
-314.7319122878 960.9910801958 1462.8133755330
717.7000334062 -1241.6921944455 1147.8953835834
39.4252791468 -866.4135830935 1824.5859156340
575.7597427229 -675.3895397005 -881.8713576807
-1383.6962306122 1698.5699217159 -1211.5859080220
515.2602024911 -1280.8241183259 217.0426612243
-1197.2962089809 -1396.8686985004 1927.8537792826
190.5935470562 1745.1935858409 491.8063927541
1228.2648235959 203.5860700253 -818.0872573090
-1406.8316071876 1229.0444485952 -976.8456883719
-760.7945866788 -632.4099261144 -1230.4959866934
540.0560096177 -1585.1314792294 1541.2679910759
-1675.1910054792 1363.5128053302 -787.4777338757
-784.8745422677 1572.1676590081 -843.3198187821
-1241.9852778104 1487.7676472782 -521.1140899453
1899.9229378680 -1233.8198088779 -315.7673735382
-1451.6671536299 1925.7582962254 -1301.9014820280
-258.0154347846 1867.6818698767 606.2569218755
1191.8136631627 -268.2739412423 -801.7042987810
258.8085387448 1445.2517592352 1359.1181506201
-1962.6450625306 -606.1632548731 22.5047291726
-669.1283719298 671.1451981118 1519.1915623100
237.2717474235 1542.9783952524 -700.9135491684
450.2484937225 1441.8715848723 -803.3311329827
-141.8610753018 183.0564015957 144.8885274821
-859.3681397594 1640.5855376814 -105.0505941247
-1452.5964675886 1625.0024630712 -1204.5477980162
-1450.4506738836 1732.7500087196 1609.5488158799
603.5824491954 1720.8949121326 -1001.5379282174
-1050.6117965394 -1888.3132757206 -1167.9680137779
-966.4814109790 -40.3368336265 1231.8714767458
-1441.7369514499 1511.5931139168 1895.4049644770
-1314.8598600466 1228.4610523120 -611.6876879176
1105.4772023149 -657.7039252084 1296.0303699897
-1857.6075657997 1392.7442894733 1227.2762832493
209.0340371014 -1297.7242818618 129.7240232462
-204.6091713185 -1311.7421264445 -1958.1607377783
-1822.2734233873 -473.0866614659 -1454.3048747320
-799.0589691007 1883.9545918848 -1825.2935229816
-1612.8047551136 -613.0482553452 -886.4864048694
-511.2010010617 -1909.6436804565 -1690.2931435797
-309.6332403225 1848.4363796568 907.2457573831
1681.1668584867 -973.4705568537 22.3926352568
769.9900082985 -1821.0577914850 1445.3909911677
1096.9400084228 -1845.4140809555 -968.3470378201
-945.4006522627 -1374.0710976920 1469.6309871022
-441.3141632645 963.9946295116 -224.3701071611
-1211.3717967430 -1653.4551961110 -1541.0224544187
-1588.0151080988 -1453.0455780024 1941.0659304179
1463.3953248503 -550.6244357215 -1284.7497148246
-603.5484072586 477.1723701877 72.1312095824
839.9061463576 711.8542761594 672.1342673636
743.6391347091 1442.3610722393 1988.7329997167
-217.4117761288 -524.4880466351 -1400.8715272899
-1901.8234765766 -1610.8977448107 -964.4664508669
222.9041526312 -424.1866897058 1465.7447816099
198.4994010543 2.1943204370 943.1208518269
-108.2553196648 1686.9781790484 -1494.6753000691
1845.0328999090 1906.8666946943 1809.2881874793
-1252.4081303870 436.9015684542 -553.1159943109
-361.1538771903 680.2410578030 -269.0362845552
1337.9495349358 -1792.6949872440 246.4118035677
-374.8564571066 1053.5234839325 1033.3348978292
511.2199281351 1705.8673879799 -491.9541970511
-582.3072002618 -1766.7457976455 825.1986354023
1356.1790876247 573.1325697543 1587.2876017197
1077.1338774342 -558.3807511066 -709.0261155908
1896.0550040281 -342.9551485263 -426.7408269599
161.7565984556 1922.9227048973 106.6557483229
-144.3091632122 -1285.2501146013 1098.1775673968
-1525.9889733555 540.9010762497 -1810.9225277724
-146.2365704233 681.5093129548 1870.6198348540
-974.5851295642 972.2496337099 -1339.0118410235
1077.3583149014 -1568.6808182647 1674.0716389920
1524.6601663406 1492.2657084318 1610.5444381986
1472.0478299589 96.5316521383 1373.4849671214
-202.5085423384 -1262.2410630319 204.5185079767
464.5866840081 398.8861457318 -1434.0925234517
1953.1838082697 332.8388028528 125.6881174007
1000.4776389215 -1124.7873527900 1183.6420327162
1517.1957643212 1124.3631734165 -1499.3745081124
1318.3250811603 -613.3468465038 1405.6555569112
-291.4373930304 588.3243787468 -1608.2379744038
1906.8371579027 1672.8849693204 240.4871006644
889.2201725197 -1890.5510275971 1487.7142697422
1458.9918819512 1608.3525379065 -928.4938209983
431.4278661220 1012.6828736022 -1456.9860559040
1846.2256292538 -1987.9094003082 -1338.6118861702
-808.2299155480 1504.6530089290 -1261.5216406699
-1161.0034894557 1388.8997913209 421.3013405618
1297.7723522918 -1706.6825992822 1151.6346700009
1713.7083915080 -1448.6400462043 -1897.4986889575
-977.5796524963 -1569.0124552907 1962.2396808088
-443.2652636466 -1664.4660273715 1443.0651767738
-1355.1500856432 -361.8361778913 1504.0057096569
1859.3456827517 -1689.0276600851 1306.0039722153
-1697.8799465800 1703.7376086914 -568.3653560430
-528.9176511922 -1888.9212359857 -608.0664240769
-920.1998763188 778.2570732931 380.1155414264
-1933.6771685015 1096.5936606468 -1934.2104476780
-590.8207732757 1047.7823637762 -1991.1238465520
-1338.7688801020 190.2185151231 -64.8472832920
-1956.1519641386 1321.8353498671 -367.5807451051
1027.3637762221 -117.2246422583 -1199.0581287475
242.5373691973 157.6359471997 -507.7416887494
729.4295323730 1309.6501180866 486.0751918047
644.5239733586 -684.6306319940 1241.4394620832
-1417.4133629812 -1202.2138286921 -1932.3382142876
-692.4690448818 -552.9745523096 1560.6624486969
-1032.7204424515 1966.8168619636 -1593.2032466487
881.9563516482 1160.6289650106 -1397.5584298810
1767.4637215830 976.9959780938 -1156.2478066761
409.4424404414 -1057.1517149559 1480.0146378851
-240.9415226250 91.9692285596 -334.0168532318
919.2311414283 -160.5112736573 -1017.3532554062
-1912.5814844091 231.4805636705 338.9980711960
809.5070744967 -1171.6573990010 1450.5710845317
1919.6393825462 -721.9042991402 -385.4360004688
-88.8875616904 1057.7605857088 238.7896758289
289.9941546882 -1400.8569285452 -1634.1554473362
991.0357450255 -938.6041002352 1921.5599533679
-506.9656100393 -1715.7378622326 -1298.0654525098
-123.4512442236 -459.3615321426 -1332.8656100350
-636.9020515361 -534.9448327202 -172.0468893776
-1495.8110965804 522.6796728242 282.4120062808
-423.3191022472 -234.7201218270 380.2712826021
1540.9006959913 1567.1339254924 -1877.5245487157
-193.6371539720 1438.4022217602 62.0670853267
-1959.7019758102 416.2433186772 337.4298178627
-501.8205321449 -578.5862788760 -254.7427013605
-450.4052674057 -685.5847729454 919.7035906934
448.7840424678 472.8414287695 804.8293379201
-936.5158494681 -406.9517525235 627.2415036249
-1774.1331842970 237.2022738230 -1584.4995733945
-850.2054054777 1805.3702010255 1854.1633843900
1655.2701669459 1550.3789800872 1018.4526826241
889.7893711335 934.4618735282 1843.2152593329
-1652.7771238827 -379.8070615583 1198.2735942725
-1174.3847125261 1786.7772228780 -352.2282085866
-33.5159127191 -1527.2619882523 -1465.6700147000
-1830.1760892917 -377.1044819242 997.8458670936
-1073.2634749534 -1913.1793664812 205.1839130702
1750.3243751916 925.2006217935 -1934.9502604956
386.3176424138 1984.2880047834 1984.7923140383
1619.4605739028 -293.7774755290 -1993.2566085326
702.0991537311 -543.8874817208 -1024.2590041145
1948.2842589001 1718.9070910494 -18.0384754280
1770.4086704473 1821.6295886156 -61.2447251097
404.9514406211 -1886.0402528580 1341.5525680965
1742.6197189559 242.1303952755 387.9405517753
1911.3113855374 259.4684513411 479.9079156336
414.2697638857 -1580.2519787282 -1688.7695063683
-692.9774524723 1239.6019959192 1054.4311176922
1352.2820587263 493.8727964343 1182.9641180290
-1709.5992536148 -1762.6754090373 -1883.6820757634
1557.2943463190 35.2860983951 -1854.0200848698
1982.6627298653 1100.2262730286 1661.1123679889
-227.8311241170 1655.7183791439 -1098.0104620007
958.4225715206 767.0884958183 -1295.2795637074
-1956.3488328608 -446.3079129174 -545.6703371114
-1361.1437008278 -1620.1761213080 1939.1929811842
1983.4077397011 -429.8540229792 -1602.0491130109
-1621.8233731082 413.8092962574 -1342.5058925405
1991.4610473899 1670.7267671740 -1920.0559793182
-1280.6719873229 1395.0050969166 578.9064320789
713.6231141869 -13.1759743462 -711.3976590294
888.9848550532 1950.4140328866 -434.8176176729
71.3761791839 -1899.3865208529 431.4137077244
-1258.1782163481 -1990.4238317939 426.2216616785
-1482.4758563762 -935.7678878083 1150.8569842174
-48.1339236398 770.1264129697 -706.2100797860
-1833.5519186827 -1649.9712024231 -600.2752561385
707.8425695847 1162.9188233088 -503.8782979192
721.8270808984 -1932.9141556943 294.7313660262
741.1667410366 -1259.5816164282 63.1429910791
1019.0241013976 850.9508225024 -276.4530193241
-1673.5920633020 1929.4729342621 -800.5468682468
-681.0227921262 -1206.8246919371 -1591.1041049004
-1090.5982749856 926.4241289167 222.7789439398
-209.0106635467 777.8811423560 1018.5682742217
-75.2572897696 1589.6474694890 1086.4859119084
-1949.2863012863 -1139.8737544546 1131.4917341142
1249.8534926407 -715.0407404462 -662.1469848477
516.5521768541 -250.3715049616 449.5569675489
-691.7685809567 1217.8252143154 1089.0325083895
1301.5398429170 1043.7067369696 -248.2476515669
525.1162158191 21.2070643861 457.9369617150
736.3132861467 503.2138462196 -411.3019383063
847.8488080704 -207.3401646560 390.5319849952
-1197.2864165630 1245.4664265086 856.0374224327
1368.4458027601 1429.8594121550 -1435.7207457668
-1272.5173764330 -1204.8757732248 -1100.6911428314
890.9041260223 1086.2970025105 -1845.2640581563
190.2390791194 -1724.0728375601 -986.9695169014
935.6168079075 -1810.4909383793 -938.0984605425
1400.6651718518 -710.4658216519 -1629.7782707789
-394.4051289153 -1219.2091145273 -182.1766355447
-692.8365940594 1026.8381310450 1757.3739812935
-1803.9997990625 1495.7440039544 -1609.0287135984
-162.2202667987 -490.7775242621 1540.4026708277
-1115.1687100100 -1444.7758239227 -512.1764468902
608.9985724709 -1807.8233798530 -1685.3992193660
634.7636086223 440.9407124368 -375.7029469001
187.1041128437 -1227.7348869696 -37.2192900118
-1493.4519485129 95.0937218918 -2.5684050745
-822.9371790820 -1016.3699825305 -1912.7308818172
1324.4600949900 -1333.9749627447 -1751.9026317943
1499.9238685636 1364.2240796919 1929.5434227322
1807.1186160693 -1761.2211160631 42.0130522018
1880.0059475017 -439.2337080694 -392.4358203407
-1930.7254149803 451.5911188319 1579.0239249504
1808.1322041921 -1310.5675979101 -605.1635322257
173.5207048502 972.4080696239 -94.4542939802
1909.7240139903 -1841.9109193675 447.1593400210
1508.2699897397 -1818.3354791059 -1153.5116923051
741.6776066114 471.1899928818 559.1665051246
897.3451135457 -429.1474979526 -1169.8831073565
1773.4804317264 691.6787027376 -1346.3746821565
-1584.1869301195 447.6216532203 -932.5988358141
712.4065276372 -1192.9541016752 -102.3467602331
-855.9370773252 -716.2719877096 -1064.0910234919
-1641.4071304097 -1082.6107786495 412.6385765767
-276.5806533250 266.1033947921 -965.7286213940
1828.8755301977 261.5806952792 1114.0185431587
-414.2223574454 -65.1861453054 1519.7117366535
939.4896577753 1034.9856245681 -714.0849495845
1493.8884756635 415.9492845386 -313.9009883993
1966.1176753805 1049.4516368071 187.0685321298
13.9478089239 580.0592468072 -706.8681075723
679.9166947133 -986.7186117968 1759.7109844265
-42.3968982906 -1815.9617188651 719.8852347389
969.8662906908 208.4837672232 1758.7183747759
92.3523517428 114.5937345758 685.5380038897
-1868.9323830926 883.4966872179 -81.2520711510
1683.3935090289 933.8008407048 -1490.5022606664
-1391.2823660847 -44.1688433402 -632.7964529953
1510.6350324084 1309.9895644502 -507.6178114210
1300.5231227961 -48.3023860432 729.6744921763
203.2384920062 1987.8626988250 182.6130275726
1004.1709413067 433.0085327018 215.9924399627
1166.1072203875 -185.1879799651 1694.0186734999
1414.7323521290 -568.2891464964 462.8944219867
-708.2050792808 -295.6473927420 1182.6024671353
-1991.4314930698 194.7495768114 1581.6825534283
-702.9606748539 1265.4852827464 1511.3223589697
1844.7072465832 318.9758241014 548.1844403286
308.4563100779 -561.3751191896 -1846.6956936835
36.0335357340 -478.5029506157 1792.3659815808
916.3886963773 -1503.3932451903 325.5995135118
-955.4135395063 -1493.8281904711 -1595.7491890035
1263.2792123795 1472.6548901123 -1752.7780070606
-1060.3393415307 1290.5693540684 -376.8541183302
340.1968883713 -1073.8987665122 871.1308928489
465.1104970703 -77.4776151396 -124.0325507949
576.2055991673 1834.3791545022 1857.5152730317
623.7461701089 540.7744432542 -209.2529841079
269.8280929431 -17.4058944866 -58.0448189733
18.4480805839 334.3005514987 -1433.3696118874
-1277.0607521777 1606.7915354144 44.2904167067
184.0717590591 -667.4227405837 -1769.9644300542
-979.9765361691 -1952.7565775723 550.1767538370
-807.3727084498 895.8470429960 932.0185726528
-1277.2660242158 -1074.0267008391 1014.3606595416
706.8630632612 1518.3811572055 1927.1358825827
-585.7640845536 1164.1952672984 -681.1563901083
-1802.5615780023 1424.1356179631 -1952.9913146098
-1934.6341724655 -1472.0337819388 750.6931474810
-1935.1471345892 633.4860021119 1059.2891928656
775.0083564343 -1632.2676618847 -101.1094001777
1663.2050437621 1042.1817892600 1510.2313788365
-1181.7734592652 1810.4255557993 318.4424760866
-1201.6687681380 462.4280541202 -621.2592375941
-695.3714329319 -1236.1465544606 -1607.5190989845
1873.7745057681 1438.5600085346 -1193.8031101943
-1026.2330396472 1083.8392133049 508.5263775145
1250.6042167379 795.0823284301 -561.9914493863
-1699.9349928942 1269.8488697552 -1925.3471631783
-1407.2678333543 -1700.6509686660 -543.6688441817
-1790.1378365844 597.0907768628 766.6549553828
-1013.2767030371 1313.4795640528 -1395.8432236512
1976.3701719686 180.4756720585 -1826.7400948683
1173.5083092847 -1373.1847139559 -1089.5168253847
662.6947444179 1924.8192117420 -1640.2436691002
-838.4319385218 -486.2310763871 512.9599696956
-277.3816976316 -331.4623035642 686.5329097673
-702.6293785605 663.0630175167 -1792.2452074131
248.3254982723 -531.6409611217 114.7797258650
-498.4466992624 1880.9207073607 -77.9480685672
1340.7358014057 1141.2098503414 1237.7403956922
700.4075474147 1543.4296186712 -1284.5423562405
-843.8762549998 650.2543013105 416.4771269308
1516.1606948534 -163.3727848257 1037.8540851874
-1107.7875261325 -342.4775001614 -1183.0839624210
1913.9814559255 1460.1103946916 1223.7363010914
900.5110427030 -1241.8983853199 -524.5331759378
-785.6793638437 -56.5686286516 789.0808405199
597.0243743283 -1285.7121869067 1954.1190657793
-1551.0286475235 1967.1811725888 1474.9938105361
-1752.6374439918 -1009.7176882753 631.2729253435
-1281.5827435918 363.5319336880 -1010.9758568992
1185.0592591149 -501.4918828166 -20.2271130094
1796.4285131454 1584.4594796878 1821.6714454257
521.1649272973 1487.6407961223 61.8716264765
-1766.1055276366 1140.2619131002 -387.7858012947
-974.3166012974 1046.9794772595 1689.6116599698
-684.4228653914 782.3103620978 -1611.1882548916
-376.8525328637 206.6790450734 1560.9362022327
-1477.9310145816 1380.1827912813 -1742.0611617211
-1806.2252718587 -1281.7000953618 -1820.5102514329
1518.7294372455 -1332.7679705387 958.3725882397
-629.1979899935 347.6926059288 -804.2017821327
-640.0856628351 -209.1837883018 -1167.0607807277
1410.3780018403 736.9567411696 777.5982397307
-1707.6051018640 357.4579509055 576.8428466233
-1661.9973628185 -1870.3382666098 1518.6830259742
-1652.4864346091 445.2143111329 1217.1134673218
-1138.2818081482 -947.1114138625 515.8706575618
-756.2144182596 -1370.7103453661 792.6505650451
1941.1499265020 -1002.1877465955 503.7387419885
-678.1053924865 14.1947495655 1481.7072118179
-1840.7593107113 1391.0296554387 -559.6404150563
1987.7271507511 563.2858314332 1194.5056407589
1251.6077847855 -393.8870122472 -117.3735731914
1304.9402194209 -875.9368492908 -1068.3724735249
-1482.3756415136 711.5685398806 1019.5441702568
1839.9430930635 -1148.9306386407 701.1222216576
-478.1768551508 621.4154389168 1375.5511463294
-1303.3599690181 1844.2701591818 -1906.6786968944
81.3433056107 1097.3662660329 -1353.0672997339
1211.0523044208 -140.4553917424 -77.5365154716
447.9544858881 -1961.4894482508 1126.9105817442
1725.2083939696 -341.9636452168 1961.2705047069
-893.6923389434 -740.2395247749 -1548.0371800105
-215.2183037906 450.4862170016 1334.5069026630
-1204.1035810081 587.3944272111 -1432.9589207712
882.5766688624 -1708.7024315981 578.4402560442
-1594.4880241298 233.2637030499 -1569.1465604075
140.5946170216 -1360.1194822453 -1969.8337585994
1635.2418529355 1944.1105607941 -328.3434042445
1576.9326361767 -116.3631793559 -1479.3522351043
-1489.3389147433 855.2960693712 1284.9299178600
1070.0099440248 1568.9230852356 -1419.5298908159
1732.8688112760 383.0097255781 -1209.7673722181
130.4839589788 1803.4460758799 675.5635627140
-459.9068715439 -1521.8072954744 -1509.9861019929
1635.7792970722 -1966.0502221227 502.9054891271
1237.8190064732 1885.0111775624 867.8603362118
1905.3593090834 1079.9559626735 -148.8582182268
1670.0084338235 1788.9234382458 1992.1929016044
-94.6993469207 -1212.9936049252 253.1944060043
-144.2448794987 -1409.2171937050 1946.7561848906
-1273.1208929181 828.5736372924 6.2836019465
766.9237108095 -773.6345387823 1654.4154113228
-1177.4928741369 185.8284009097 1975.7029448761
1101.6293161655 1061.4966351516 1182.7283605844
1935.5444514139 -735.1738730944 971.8768238585
1967.2937573088 -271.6793971049 1251.2873233361
-1450.8210631440 1233.1046369550 -1683.2274035038
-755.8732462911 -1803.4176373918 -499.2134514662
-1531.5085916185 -1980.9452008664 -521.9344120370
-941.6968408710 -1527.8486339985 912.0339482229
-1569.4052489077 485.2346647564 -1251.1409970852
659.3870219881 -1198.0116041390 149.4693898759
-281.1183702192 381.0060288321 1494.8995835563
-1377.1547200503 1529.1016042857 144.7740914778
-961.6008294753 -275.6272301671 -843.4383455427
1853.2861871150 1063.2087329154 -684.8767213259
-1319.8094651324 1517.9152196083 1647.1790864255
-696.8682311207 -990.2408473312 -625.4976397404
-532.7426373707 1265.9539512017 1075.9981121148
-1547.4661123513 84.5927809661 -1265.4754074529
-760.0461588662 191.2811903749 317.2720014868
149.7644877069 790.7998108541 -783.1133279577
1950.9904468739 -233.0482484773 -182.1385177890
1769.5998203315 1619.1851620797 -921.4754581043
-899.5363599275 1101.1688923883 -350.8971681789
-1372.7166096372 141.7987584713 1923.1049748712
-1628.3143136083 -1612.6840024695 -1657.6252804598
1246.3377936502 -957.9393781298 -844.1051607019
-1535.9001715013 -354.3043171842 -67.6653360533
-580.5143289960 736.5284833200 -562.8384702614
168.6312474548 -368.6575557935 -841.5905105872
1176.2795886028 -1237.9202822619 -269.7760610516
713.3519995917 -796.8326031523 675.8588072858
-1825.6117314995 822.4557104610 1404.5456337112
627.8234760245 1319.0447956950 355.8181948448
355.3610754759 -191.9737952708 -392.6566346769
-1258.6788327894 1741.5345027422 -952.7941879217
1641.7223228586 1229.5862040060 70.0544497313
-220.7691424346 -569.1371470604 -289.8017249424
-933.9402573943 -654.6835099236 -131.9301718123
-1149.3288708337 1973.0399466281 1460.1610507676
1522.4369235519 -702.4688649092 1397.5089777950
58.0684107578 907.5442420300 1554.2437010907
1376.1791939856 896.8941735158 -1643.6730666410
-548.6887892626 -819.3821528523 -333.3743312382
-324.5259401132 120.4337068677 1214.9540078033
1470.4329698786 -1770.7676472910 -404.9198893406
695.0751801746 823.3556904931 -481.4256114816
1359.8052233295 1860.7722629652 -1129.3233633789
325.8924505421 -389.8290149176 -475.6634406033
-1864.8006552556 -1480.4169974372 1729.0625690975
1692.4564946254 -1120.9939500057 -1860.0256703539
-1840.6043518807 1591.5514067118 176.8011616573
-1762.1384060963 1716.0006969050 1403.2357628349
1842.5615102892 -667.2161166782 977.2382002257
-1738.9900041266 -428.8328710136 -1613.7766581609
559.7668130003 1006.2940112639 1139.0901249709
598.5819847737 1469.0223459431 608.1851673685
1456.6497342917 -1777.6054081847 1442.0275728964
976.9331056385 891.3931475288 1484.2602222083
1685.7804018100 276.9143064500 168.2763572044
-1652.6522480132 -1060.2943882305 1968.5202471370
-73.2790938795 -446.6205125058 -573.8056307552
1980.0733058941 -1004.4083304051 299.2865097848
1159.1004595025 -1812.5964590314 602.7824690030
-774.5487958620 277.2230177963 -1756.3800776874
1051.9016195269 1319.8705009388 1831.6743801801
-1099.3727135144 338.0256926651 316.2288725316
-761.0519833022 -1824.5203815205 -354.9643771014
1229.4737180389 -550.2170935306 -1893.0968909453
-651.5561595568 -437.0934863635 -1225.0634332151
1550.2169821128 459.3790167695 -924.5057330816
757.3607368271 657.5560998581 810.9222007946
1787.9359515316 1991.8514333590 1513.5317593328
155.9697893498 1919.1277239830 1431.2235583981
-1876.7057840585 -913.5694957125 -1565.0506468862
1136.9283731739 -602.5808343942 1875.7245522781
-1525.4545458361 -334.1095311636 1181.0210680524
-1975.9633220822 -1275.6860788017 1683.6073792662
529.4585410553 -1653.3778447065 331.6186488186
-1073.8641485034 1415.3386497182 463.9238235387
905.1104516135 425.3160134761 -381.3292322199
757.5781034308 -1126.4130160625 618.1257680471
-560.8573026041 -195.9455757005 -297.9434086319
1366.4267937047 -590.2513622756 -579.1740253360
1059.8239508212 -1777.9384307879 1632.2997420267
-983.3372431631 1653.3469142188 922.3318443546
-1509.4713832847 -1270.6675889090 -1092.2091937110
-1829.6396335739 1020.4540758717 -786.9011375637
1183.8639039839 -1637.9743314700 1114.4308530044
715.2222066364 241.8393317650 1597.8395553618
-847.6421805956 -1482.5255704646 -1212.4549900287
1333.0871682529 -507.3357298173 707.8496379462
-629.8769480348 1492.9438178825 1447.4029958095
-560.3055747306 111.8964205285 -929.5676202856
496.2597103875 -211.1908013320 201.0405815536
485.6364235853 239.8893276712 1307.0600294940
2.9187285609 -762.2970029237 -78.5337267503
1302.5420313326 -219.1291456323 1007.8573601813
-1939.8345709144 1985.6167457487 481.6629227716
1461.2979451933 787.7094096974 1230.5864098505
-1237.4735869821 -1656.4516704558 1752.9684070672
1056.5577746776 1867.0353666030 -114.3208439974
-101.0370387957 -1267.6535097506 1081.0394014834
850.8437136222 -1588.3788507289 973.1069406994
-244.6044368846 -164.0273838172 -1302.3034122501
694.4902740818 430.0997772215 406.2558612926
-1348.4935822395 -730.0795291246 -357.8388855587
-1213.5568011716 -698.4496332860 1556.3332024060
-969.3673458835 -386.7018062651 -1313.5077470333
-550.0836408314 -90.9576897127 642.2004482148
1816.4702569582 811.3378758077 -1345.0434804653
-1606.9408935220 -1490.2930486319 1078.8169106550
-591.5502310647 1868.0496637544 615.1475653238
-399.8974013168 850.6566546662 -39.1096695044
901.7917752096 -1925.2426276579 444.3329335074
-405.2549667384 -830.7151799091 954.5797594807
-1824.5035479451 -711.6459252411 1492.9459073096
-124.1375577628 1512.4603052440 -1940.2493826713
680.8856585866 -141.6433479997 -859.9981829504
-189.1812825458 -1243.3227858507 1419.7321355280
-1505.1568244319 -908.5824016452 484.0682871215
1288.1666908840 -394.7069476877 1633.8319552953
-1303.0880652362 949.1718027660 -1433.4034250253
-1006.5127774161 -87.4523714443 1655.4777126546
-1237.5085753586 835.5941197465 -389.9543183791
-1082.8039462162 1161.6879142663 -1116.4472973825
884.7258682789 -1094.1150202385 -1075.6895369965
-1095.2080816166 600.3996680139 -1230.4634412508
1180.2111106855 439.5630973986 -430.1703379579
1218.5314311785 -230.2800060021 425.7515591925
-678.8080794334 1757.0494679464 -1885.5902505184
587.4420607786 1024.8272695098 334.5767957194
1955.5151398649 1537.2194801758 -1234.5860695890
1983.9271545709 -1244.6320042736 -1104.6041972721
-935.4184685251 -1107.1163645541 -195.1049792493
526.5796492447 1750.3798330224 -524.0262296298
-837.0787094686 -371.3856497820 1023.2227298520
-548.4378948176 -1419.5502798521 262.9035707685
1443.9335451586 -417.8316214277 -1622.4292481011
1325.2966979498 659.6958841174 -1113.4262155550
1913.9135781859 -1274.6484322004 1802.2967778940
366.1491194267 711.0771545271 -538.9490514075
-951.1455349757 546.4011756015 1413.1690817830
874.0986449185 -758.6259688312 -1589.7868545207
-840.9246043748 -576.0146730655 152.9103462655
-133.3866173591 -984.2668681673 -1918.6660038230
-1173.1171824563 -1788.9663408397 1752.3170743807
-1075.3426196952 -1522.0607364094 -1998.2622175081
-818.1318422520 -167.3211859960 1920.1372909945
1006.8182011676 -1336.0635175791 959.3235895915
-79.3976015800 -1116.1110365458 1428.3735733556
1896.2178662264 -1572.8338406467 1531.0476217442
344.8612277926 1847.4167200501 1677.6486328288
-91.3870945730 300.0601775435 -1807.1136644481
-874.9422279550 -245.5328259001 -1675.1136726036
-987.4670967085 -471.6593759599 -776.8888527499
-169.6835309465 -282.0908839708 991.2903050130
-176.3225695860 -998.6491275573 -227.1065149772
203.9427528668 -1259.5345914747 -971.2268057178
1939.0243449205 330.2023547726 -1668.3406757769
-1539.4338371987 -424.5438637474 -941.7045189336
-970.7307713580 860.3901181291 334.8715191468
-629.4784050931 1583.4240402898 -1409.2813346806
1216.4410790823 -1977.2343400098 -1576.0962412026
889.4028316977 575.5565998871 -1816.8806821682
-150.8142610297 1990.9027193846 131.2914531164
-1011.0980620726 -1092.4017031465 205.6982677038
-1252.0944712994 -1198.5178376130 272.6187215630
-472.5931446833 115.4023144597 -1561.7637697136
-31.6576728583 1720.8497631256 -629.8432677936
-241.0217944609 -810.3986999219 1693.0708740149
-1803.7022861410 -1657.7960056032 321.8572893623
-399.6786351746 -652.8291349832 -102.6033805010
-1652.1238815183 1856.8749130303 146.3797513819
1238.5875183736 1083.0610332276 558.3868327566
-1842.0832097733 573.8923100606 1661.4226861481
467.7716294034 -1408.9412227422 -750.9364246420
-507.9492824031 -879.2531226186 -716.9296670596
-1114.5217076342 50.2378124995 1947.6151492928
-667.8621593611 -1723.9422315238 -657.4328781077
-1350.5979924869 1821.4039530094 -63.8062001061
1793.1476335824 -1966.4677449524 -1589.4180830578
215.2592257396 -1882.6608430773 830.3877516669
69.8276901592 -1911.0595964389 778.7890617641
-1262.6948464265 1851.7323815745 1945.5354713334
30.1751549906 228.8920019558 -451.1156495850
-351.7002730085 -513.3300648076 -107.4645116938
1537.1843962190 1344.9616142129 808.4874274342
1021.9600176641 1345.5654418694 -170.0451377284
-271.0177132563 1890.4850100530 1703.1629569168
-345.2372718126 28.0720660313 1775.6283558200
-334.6878082677 975.3628317000 -767.6149924412
652.4734770790 -36.4952526281 1595.3202774838
-1748.9043890397 1009.6599148980 -577.4278370916
947.4424417288 612.3647483349 -1767.5645985973
1912.4247746063 -1637.1419687679 1668.9484108074
424.8287282960 1359.9233058458 -317.8006905129
1395.7665187147 -1185.6519527925 -1068.2883109438
-1424.9233835122 343.6083188718 -1871.3400710055
533.3395792282 -526.4788389670 774.9463706697
343.6357127948 462.0239207250 507.5866547326
27.5754556971 -873.2889216805 1491.3699508765
-1178.7093040887 -1588.4006699627 -1387.8261854351
-1655.8696501688 -264.9167199279 -818.6386021707
84.8323625191 917.4292235459 -1358.6253071285
-1589.0900026341 958.7592411438 1360.7747456996
-1950.9534644652 1417.2336630882 1019.6459188293
1495.3483980460 -456.5785841380 1392.0570781375
1743.4165162923 1630.7742763793 -842.9885297625
-916.8206834303 -287.6872096902 -539.3795047017
-1319.7330581330 -817.3502264524 -919.6984529401
-474.1867535222 944.1948500680 1446.3779334256
639.3396359987 -1614.8484121175 -943.2006093834
728.4800187094 1918.1359016820 -703.4816045060
-825.0560064249 1002.3230844858 1109.3642732397
-1241.3561512874 1270.1000120173 1522.2835602514
385.1462525206 -1126.6710775813 -293.5815202951
1278.3539452657 -305.2781551375 1001.2559384729
-1308.8727509228 1999.8621204570 330.9108898375
-171.4966403205 -1823.3832647344 -334.0826237773
-1578.9679021417 -581.2488848539 617.0794627294
-746.6067847780 1266.6874878009 1068.1341978651
746.3700596031 -365.3620809738 1313.1396523888
186.3173077896 1273.9289361391 -883.2633929541
1263.9176832719 335.6454307627 -1997.7138406440
-1553.2542405252 1786.9113680937 436.2821485686
-1295.8958012396 -109.8751609193 -1708.1714288687
-1254.5140823103 1290.9500441273 1321.8572349096
-1811.0669994694 -1607.7943223948 -1413.6114437513
1827.0274952737 379.3277681886 523.6215131145
940.1992901658 -623.7929945856 -1485.5675056500
1959.3380177797 1445.1237447118 728.7470234884
-1968.4653058062 959.1291048525 1714.8540429802
-1916.3024426980 -1484.4436835502 1868.6853085929
182.5366877123 -868.9027046249 1771.7021043709
-1900.7797053581 -531.7745231413 -871.2561304029
859.6291091721 -1449.9803464784 -827.9777849472
-1249.0292540368 -126.4084362303 1517.3993854076
411.2019426661 -1742.8911871029 105.1811548892
-1755.3963261165 -1568.9441465275 -550.1995884014
893.8276599159 -768.3301845048 -838.2839495232
1971.2793011435 488.9512113789 178.4550337212
1769.2615654436 -737.8863704310 -1437.6050199201
830.0651226477 338.9001104808 1974.8706931199
-1254.5700140643 -218.7974669408 1523.2767164411
416.4252654235 1367.6437753108 -1071.3590455497
1652.6580853340 -1164.3864858597 -34.7789420237
-236.9299179788 -697.9412990752 -858.6256692231
1079.6555253216 -91.1248493849 1568.9200144827
1310.7922215410 -1724.9231629184 -1889.4235399112
-66.6622401329 -1794.5417093878 -667.6905108526
1722.9553486917 770.6191667952 -1930.7711927707
687.6901832811 -1928.7248184375 1748.0232698649
1942.3562569135 285.5073486013 -1987.7822890746
55.0965365678 -1254.3872815878 876.4980302793
-1174.3611411179 700.0571476644 61.5367130635
-1440.9776458535 -1334.4937091624 -1249.1912024104
1391.3232216786 905.9894654039 -1098.0753475440
-1879.0427989409 -568.4851109154 -1982.7366044974
1609.6630824476 -1901.0215876975 -836.6681683318
492.2564268004 -1804.0986846388 1331.9861168893
1335.1213187135 -973.2838157488 1264.5947583167
765.8337995859 -1558.9469245463 -1053.9968204644
455.6481756826 1701.5810125880 157.2161479410
-1618.4467651570 -452.2485823969 -553.9022107568
1607.9276273846 -465.6994949417 1330.4347815609
548.5115706877 630.8061954740 1930.4297000513
-837.3803542037 960.0392327335 904.7733648425
-648.2944569003 -1363.6760798952 -1580.8298064838
-228.3304407481 1827.6463891677 1636.0390583416
691.0113893763 -1426.3403010237 -1866.4116608413
-1804.5034761511 -1656.5534124968 1522.0830599669
-621.3961750545 1042.0406200076 1519.5553949382
257.2035662355 423.5405947579 1957.6618033530
1112.5742474611 930.8351448699 600.4972734724
-531.2232368072 691.0855253901 -705.4328340790
-605.9949490187 354.7350757263 1508.1439501095
1064.2866503523 1782.8671789567 -1561.0201079933
1231.9228597676 1679.1140298351 -673.9734899535
-1723.9374061977 -1862.8578178828 92.9300523708
1855.0378647377 -1066.8050996598 -1224.9245020636
678.0982839806 635.7406735732 1282.1279205980
-1797.6650531661 1797.5592023636 -1491.2788019689
-736.2690627664 -1986.4372082116 -153.8619307450
1798.5632792376 -40.9179357907 -1166.8551290710
389.0011411251 -1957.9707544779 -1685.1030652257
-588.8462261895 -604.4773097369 1753.1544782356
1207.4491477407 274.0814464984 1004.4996569890
-546.1096900257 -1483.2557905491 -435.7089659182
1852.4060050065 1104.0238828587 -607.7888146369
-439.9236847666 -461.9474235153 212.2693617576
-1359.7877127272 -365.9597602745 -1446.2076569468
-1626.1888778788 -1938.2582063218 -827.7760843501
181.8641010547 1893.6076895717 1318.8419935753
-1922.3268486183 -1046.3400393832 793.7363586183
1982.9115093899 690.5875666391 -846.3188942618
-68.3131203773 1629.6255444552 -1968.4427638191
-548.3224717156 1514.4699173799 -1253.8011147265
-1284.5364081813 -1135.1855447543 714.9246717835
-1559.5536255094 -537.5479920958 1594.5634591351
-278.8472216236 -712.2956376526 1749.7344705681
-1701.2495127116 -310.4697903639 1510.4566070167
678.2097106849 1482.2864262429 -247.5310434395
-1264.6893091893 111.2955385946 1456.0662959819
-692.8395237990 -242.5765229482 1596.4590519870
-1145.7690670734 -1167.0157733082 -420.8256462661
1394.7696243275 462.1557897609 1614.8762974017
-142.7362840502 1777.0948009841 1727.2196015424
-1896.8341787981 -1401.9476266325 -1345.0797647422
-111.7129958317 180.9223749197 1632.2986855708
-130.7474363626 940.6566891277 843.8488063448
-43.2170885643 1631.3769707895 -1870.2634294296
1511.9027289089 882.6783764986 987.0688534966
-1781.4915558462 536.9601816746 68.2604911907
1587.6622265322 -626.7446941185 1117.3360109183
-1033.5814774681 1604.1020189154 157.5821331878
358.8464161829 -1591.3651162444 540.6321349387
1421.2066282913 -752.0680152336 764.5286964581
-65.7148481296 1196.9030928649 -786.3917099741
196.9819905793 -518.9430174477 1236.3084267669
915.5735493458 -359.5416135095 90.3720794521
420.1906842470 -1592.3150582948 1204.8495301215
1112.7144576364 1544.5188822639 1382.4814225495
-6.9513981860 1558.6920806840 -614.6254408820
1026.3791993722 293.9452880360 -553.7769467187
-1766.0794357012 986.3837206638 1337.7424245466
1403.9838082000 1218.4772387496 378.6135429683
312.5827371505 -167.9484081056 -1528.8802400329
930.8080835229 31.2599822922 896.7473926153
1180.1002355218 -503.3075307425 902.4440588153
-1701.8855655758 1131.3650699747 -996.0454936727
635.9644066644 -1330.7574809389 1827.5640021305
1481.4034372247 1178.4999417910 1962.0490245228
789.8951052760 -162.2507982953 -325.0814886573
388.7988919240 -399.7996873927 1279.0321206818
-603.7435498802 1314.0820867175 1508.8380710073
1524.7902525165 -1925.1021665458 1904.7335038960
1789.4645350358 -539.2553917130 -795.2247339535
-638.9047353491 1577.7415008834 -1826.9931602522
815.6762672820 776.4249499956 -415.2792627097
858.7971285713 1365.7450522347 1647.2555431027
-592.2224558833 -1637.4248829474 -1682.5134797984
1194.0592563162 -86.3618633066 -1413.2652145073
1767.0197885526 -185.9477399925 1323.0725311323
129.7141279016 -1842.7454622023 -1533.3552509508
1926.8326316404 1059.5108812280 1440.8174345543
1173.5634731242 -550.0522979367 1788.5593555569
-493.4029018936 684.0469043973 1067.9836829643
725.9424914077 -442.1906108239 -377.7861486677
-1784.2907952813 1050.7478340260 -71.5267062294
-1800.4456368902 1429.3716140375 474.5833151339
1466.6474788600 -802.6987352479 1749.5030002751
863.2726837705 -1470.5325386113 -94.1301223217
1763.1755563960 -1460.1690196970 -465.6197894658
1805.6311811444 342.5061055559 1060.0781130105
615.1384799501 -1220.9362133584 -654.9226701167
1315.6967453847 1212.1762038138 1974.8994080238
1417.3147785238 616.5530522792 -1035.0640913244
837.8762218121 -980.2706256007 -1180.5226179025
1895.3799323112 1156.9917515717 -1026.9425711787
279.9833894686 -1547.1477911661 630.2219887668
1813.9734781629 -1340.0526784319 -901.4442704794
-933.8569093125 -865.0516120997 -217.2887334944
-40.2736618252 913.1921045040 1960.1968068135
917.9337672202 1334.3630554878 -1164.7665598855
844.6557320827 765.0344985853 288.2354029464
1058.2049697061 -2.0805094076 -1193.7851334031
789.3959177414 26.9178601291 -590.0315546046
212.8537310573 1868.9306253579 668.7644853270
-1561.7349896930 -1252.6452866192 829.9151515585
-1714.3130202397 774.7978633530 1505.3909560685
-348.2781565506 198.8125927514 -1091.8310186003
1823.1014999520 1529.9625855090 -1108.1387274471
-185.7427295093 1085.1933705830 -452.7284249984
-1545.2807323319 1827.3949754136 -341.1774465454
211.7597378764 -1921.5325086213 1597.7406632725
-688.5151016612 -419.6611013131 391.8161579898
-580.7795518369 1214.1251317473 1745.7631324542
1632.2973366011 1213.5228464079 -1341.2309015517
1945.9263450306 1185.2239083998 1160.6653237308
1990.4702228961 1027.0889857636 -1299.0970733620
-1633.0713279282 -1943.4512434287 -631.4212070103
-1212.7691930433 1475.9574023269 -1678.6217405403
1098.5939662211 1421.2745262045 1116.5671868836
1178.2479481176 1298.3344791417 -197.1102397351
-1529.4181077002 714.3941040426 650.6240641815
-568.5239210825 -1608.4868391383 -1828.2877091329
-1311.5574441551 1709.4328012908 1916.0435069065
1737.2092106802 -1254.6264256489 1733.2477931552
1280.4025425745 1038.2876685114 -1857.3424946987
972.5377950839 -1368.2960313253 1174.8944472224
-1750.5204592489 707.3192909673 -1469.7769223922
-352.0264156793 1539.6938177922 427.7093251846
808.8198161659 -1854.8218095883 1529.2987836522
1230.2206271951 474.1927773990 1624.7766968114
-56.1173818606 538.2372773053 -64.5244488322
913.4105310956 -1195.9129963389 641.8833567903
1532.6914983890 457.9263715177 142.0926969536
560.2275051311 253.6580431450 1123.3495942320
399.0034480665 -953.3866778241 -1297.3927916982
-343.5031750992 -1741.5123713683 -198.2951634075
172.4504168994 1238.8047549614 1093.5814487983
215.4955628589 1371.3952871694 1379.1050027217
880.2008797090 -1433.1347931019 -471.8057391882
-543.4491207386 -818.8941514078 440.1558070817
732.2515343732 -279.9162033272 1361.8864409550
-1761.3212953354 1041.9775251346 374.8153728727
1673.3831736361 -151.6695653936 536.6881618783
1864.5927649933 -1845.3751458709 -380.3611483970
306.5809468552 -344.5908794506 -1915.3660583180
1068.6879624195 1975.6170844893 -779.4582512047
-765.6424297322 -1071.8280445709 -1996.1566748053
1432.2054545559 -1846.1899087737 502.4922297652
-1261.3759545793 408.1159509053 -1823.2866286329
1263.0963734781 185.0298810536 408.7165110099
245.7552360320 -1880.2135683862 -174.8084286280
1440.1533293989 -341.7199977393 -245.5916587689
1429.2897256285 -197.9634981947 -82.4567818338
-249.4055286266 1991.4473899513 -430.8165461726
1692.5948110455 1304.8088911225 1950.5375289727
1225.7702608915 -1617.2806723157 -144.6049277783
-1294.0969073701 1486.2114269278 -1781.8595369901
-323.3342407320 1508.7982288742 -1581.3826048025
-1656.7783937164 735.4749031609 1113.9597386926
1692.8054450407 51.3768804122 379.5284064655
1242.0485720514 1016.9442654576 -1145.5538303888
-160.5800696671 700.3119273780 -439.7033196296
1426.0020704266 633.4749021158 1666.8465394332
-1400.1632946076 -1762.7851587768 153.1631147578
267.7116099817 276.9878924613 -1986.9154424224
1357.1923804031 1725.1149002145 -1267.4447403387
491.1057961227 1784.8897311659 -313.8242268724
-1592.0420800332 1846.8643904535 -1617.4045135905
-601.8822392777 -1711.8468461049 -1944.5819234845
-325.2988303031 1827.3577544946 313.2166256766
875.3102511718 1061.6607518226 -480.2074502682
761.7830731378 -558.5224079266 1346.2480103888
-202.4450602535 1098.7128236111 1113.7878027525
-1591.5940582903 -1105.6261155274 568.9198700041
-454.9163606356 -1451.5339021583 1123.8316733102
1129.7690234782 -1854.3444596355 -1524.2080363908
-726.3752229097 -1747.6051486771 -1374.5587966096
1785.6675353586 1384.3998855419 -675.7267445443
-83.2397750730 596.3047835959 1517.1350232474
390.1933028851 -1079.1535025630 617.3734383301
685.6192147763 -1178.8215325916 -1824.8788190808
1154.4202060186 -1296.3601465809 194.8466828792
69.2751921961 861.6776831539 -719.5550981254
-1594.5599708293 1439.3477138535 -508.2828031710
-959.5583990948 1597.8344719830 -1473.4996444180
-877.4005130027 -138.4797407479 -1373.3434016238
804.9988216935 688.0931031860 271.2641927031
1775.1553753874 1286.3039324462 1273.7040676581
373.5301520944 172.5895074236 1223.2266435153
1567.1811718329 686.7667516447 539.3121217720
360.2315231324 -672.6690925420 1374.1800994057
-70.5330016044 1097.4578072809 -1461.1205337431
-597.4502992944 -1627.5485359658 -1544.5504717847
-1072.8479688336 -1463.2085850928 1318.0055690789
1614.2786259752 -639.5721584650 795.8806739517
1585.1198217702 633.2399721630 -1969.6065388218
836.4782709198 963.0443686831 723.7754923525
-606.1395010285 953.6300612254 -1659.2936756739
65.1957940408 -670.8676399549 330.1541370470
141.5342936470 557.4540047274 766.8155206585
-1126.1718757820 1241.9972584955 682.6893339262
891.2090029011 1421.5562973270 1026.8488563072
-132.8182923773 -984.0732727897 -1143.6210834690
1714.6082881441 -1248.0029749684 -1487.8281935505
902.7595683723 1427.2309886429 -1432.1268434830
-1531.7026684701 -1067.2931634127 1463.6964291673
-1995.4733209975 -1472.4791028583 -830.0976748874
-529.5329651909 -1369.8419327904 165.5130009853
-195.0567941318 -1495.6510071591 -1330.1660358300
1058.7577350081 162.8239816770 -329.8529860892
632.3553044059 895.1320589407 1226.9537892911
1530.4304587680 -1100.5657449239 -630.5774745472
-220.5878126871 1147.5388962511 1883.8659167226
1457.8627259119 -406.3976945357 -547.6985716195
999.0528915352 317.7597123822 261.8751317827
84.5280859116 39.7660689073 621.7613647553
-1390.5463238156 60.4241105721 -1139.3229041466
11.1693337508 919.3484022226 1489.8490661618
-1129.4709431855 -924.6101131192 -1680.4161248916
416.2341000806 1236.9439723372 796.6472433024
868.3793140980 1578.9207261780 371.4968869489
-592.8584748666 -1011.9815074548 1076.6453140000
1660.3369451320 -294.0303298209 -771.8592576432
300.3947295840 1683.6515468121 1316.9133297369
-711.0746379020 1853.0686887539 55.8948914796
-967.1198073321 1106.3147393281 1757.9719025969
1890.2123197766 -1272.6442938598 752.0951718360
-1993.8272051137 -1763.2954714152 1766.5181124861
792.2081745577 415.7822452599 -448.5532423067
-1965.8869472967 891.3435710131 78.4807668023
-471.9109384424 -383.9700439268 86.4354578637
850.9228421452 1596.0945783623 762.1616558693
1925.1260877441 -409.9188392519 494.0552426130
115.6126879986 670.3612483384 130.6247171010
484.6974655642 1445.5753437102 -1346.1064707695
1962.7611125193 387.6525531583 -1723.7115228914
-706.7664066432 -830.7158003034 1440.2978941773
-1075.7047871896 1653.7167091800 -1113.3937218582
522.3670848732 -944.1348025983 1677.9755446919
502.5967390411 -642.9081408009 -1109.7242805876
-1011.7476939493 653.5136044523 -849.7904590215
119.6600216646 -1031.3897741400 703.1451630631
853.2924688894 -1367.3834574746 482.4594122666
-1657.2258819483 1160.7945838269 -402.0098749436
-855.7889989382 -679.8111002413 -1301.5196718131
-1688.3551282241 -827.8584389361 1539.5255183925
1848.9654826657 -867.9932625021 1349.8011048554
1482.0089953890 430.4601954330 1122.9077353767
1128.4633731626 389.4539788928 691.4717002971
-745.8884932563 773.1556685503 327.9181227434
990.1616208614 406.6006347633 -1238.8910550361
-64.2305596801 583.4207403306 -449.2255747998
-1397.9809520444 -1088.1900642265 1324.1930990700
1763.3467028004 -318.1431285404 -1049.6479706889
-534.7634279542 -373.0355777925 -428.0174740101
514.4605854803 -1402.6344646922 -1777.3064133219
-162.1991944997 -986.1038365530 1359.8038710839
47.9940769091 1384.0959592093 -30.3038354677
-1172.1405723363 1557.7723092113 1865.6936230864
1924.8223339231 -1919.9993455195 1828.1230501176
871.2455513769 150.3344135085 272.1742231607
844.3819606705 836.3332530230 1357.8412440422
1567.6803149310 -1459.6780098544 -863.6374035581
1102.0068110866 1323.1809029626 1760.5671247006
-1582.0211355488 936.2490912019 1191.3029732772
95.1363847303 -1000.6955116604 36.5448704203
712.5208125106 1980.9226793980 -1060.9015501636
1908.7902862645 1733.2007324845 748.6473499900
-1915.8438833394 -7.6351803408 -737.5271121589
705.8279699112 -719.4016159873 -1379.8380390592
1882.4796021509 126.4851328027 -1842.3208204315
-1601.2296534418 -1210.1512466576 -568.4597597610
-1837.6543176129 16.9365955887 -1995.8017399919
191.7332189460 -956.3243622294 1374.8957942701
341.8741569827 -99.0162450528 -1077.5884469073
-745.1622151180 1785.5242753188 -1368.9881871412
1154.5614354172 -1918.3882000691 -780.6406617010
-761.3167500602 894.9605155460 -1721.5637626901
819.0877939681 -156.9443171813 -1428.6427540973
-613.5290547209 695.6645291172 1365.3691480380
241.7087039642 402.7694890455 -1103.9663913625
-1207.9740518660 -1755.6663218535 -974.9604522805
721.2334454931 1624.8338517434 -565.9567059794
-1775.8468806492 -1522.5933638572 33.7092733942
84.7258787410 793.1106063242 276.0258683063
1853.7118461812 -1619.3242390024 -1549.9967831606
-1428.8957048869 -1971.5375773312 -226.8529717171
-991.3754572264 1154.2415124120 1242.8134311356
990.1948664388 903.9041260261 1205.7889342986
486.8203573994 1819.3513211592 -662.9450075504
553.5226911903 -812.7682990333 -383.4759121782
-28.3975625381 894.6622535410 -1677.0897938770
473.0674945468 -450.7245289239 -867.1805736477
-1734.1140202875 -1206.8648442112 1178.3249790624
-1138.7430002042 1860.2608595600 -378.3502890634
563.3818435579 495.3086331742 -23.5894668865
174.4979581398 -227.4821128133 -1979.5512080431
675.3163131361 504.7334162284 -210.3679894516
80.1783326631 476.0636062796 -732.8765324440
967.5864113378 -231.2590844259 -823.8004583523
-237.8761476915 -1107.4754991398 -1074.9135029942
-865.9530151428 1695.3799409903 449.2873594428
574.1482264452 -1794.0923360162 -1854.3309910967
-757.7361806560 1812.0644483619 60.7181362643
-1864.3811686531 1974.6064058601 770.1696987306
447.8380513687 -777.0826702135 97.1839725289
276.9179187111 -1409.0490636545 -1359.9548412677
-772.1708937879 -183.6564451397 -192.0769035455
-624.3352475487 -772.0071449254 632.0666371097
-429.4618540005 410.5760859853 -1775.8346975264
-1207.3372098374 487.7611825541 714.4924659250
750.1615408279 1784.5378108350 -460.6650520584
1470.9843234437 461.9650242917 -330.0102275092
-276.4422556622 420.2737396775 980.5955272718
1403.2126479485 598.4335890866 -774.8552782295
1553.2869150503 -527.0328284105 1811.7406144453
-1487.7692521385 -1861.1443127314 -0.7550295908
818.3190062961 -1591.9061904081 1602.7883103548
490.0391546578 210.7760961464 -1333.8907159644
-917.5820367472 -1634.2891431214 -1450.4118141503
-560.3096515683 -548.4896381490 -462.6581020650
976.5905772036 1624.8651080993 1508.4823710898
-1155.7925841838 -1734.0813704075 1721.4123060056
-1600.9270006747 -750.0670792728 253.9880376659
-232.9015922777 -512.9334927820 -1106.7733567185
-343.1982806128 1131.4147058849 1659.7293650569
781.2490596134 599.3208503371 1372.9143312444
-469.2058167975 631.9873270718 -395.5418759146
1553.8687530165 -261.8946615553 -1069.5174917054
1633.6238736111 842.4467873005 348.5934980428
388.4747409454 -1229.5940280035 -79.9377979348
-1631.8362018459 -517.9949248574 1624.3706550929
632.7067752082 -400.3335486945 55.4884746607
1276.5894335710 1398.4957570824 -28.8552289681
-528.2865252146 186.2376250448 279.0992714651
-949.0575356115 1288.7343934643 -420.4267776713
-1110.0595060817 177.7978744245 -1837.9817914386
-1218.1671639229 1123.0212344492 -1915.0961621133
-521.6378536290 94.7416593557 590.9633137479
1664.7017292388 -241.1698198907 -1876.4295583718
1759.0295740883 -1819.1905019400 1693.1494818714
-923.6036574906 1978.6329898311 967.9699953732
1639.1818790399 637.3244174243 -621.0988374993
1455.9789594278 -731.7385305801 -1411.5524785195
-813.5194629134 1922.9249866771 1815.5024924949
1603.2568864203 -68.2283936392 -48.2358315501
-394.9215529955 826.1691741653 -1345.1275097031
142.1248399163 1192.9814427370 -1921.4725589567
-245.7313040384 -816.8767955901 -575.3578401460
-1352.2651008010 387.0656996275 347.2081723157
216.5557007362 4.1150709945 -294.7042981049
1766.2381555804 11.9999507030 -1661.0778781839
-268.3877549315 1051.8742115451 -608.4248694831
-1861.6746423608 -701.5430618873 1460.5419212959
-179.6816801803 858.7566892928 31.3176730746
164.5206753326 -1914.0808133782 1532.7635926092
994.1906211525 -1394.4680050049 -809.7602670759
-1294.5389852714 569.9014029383 1097.1366352096
-794.3194594177 -1569.2183737274 -1029.7966280355
293.2084017260 1316.0923965647 1129.9430891187
1672.1615422816 1406.7332025073 1728.7200216461
624.4502674946 1153.9634029295 -656.5880870596
637.4871480899 582.1672265433 1777.9972130557
-762.3145786254 -1413.3117112102 -253.0301073469
-1952.9738756751 735.0415346109 1549.2160179573
1075.0041812741 998.2674619147 754.7082596717
-257.2167305000 1583.4421386271 -947.0766612358
788.3930961817 -954.4662878149 -422.5638906863
230.2291469172 1430.8456329541 181.7416696767
-1847.0259218184 -896.1087373477 -837.1449369938
1949.6707191894 1926.6721311222 -111.2871871126
-64.7000086832 -1215.9828338561 -1717.0944651683
-289.0380587124 -1649.5152668638 -796.9503706193
1814.2419036467 1131.8324056533 -1378.1397094034
-1038.9179676729 1404.0790932767 -1601.2952002557
1433.1310563109 -1408.6874344330 -838.1467411274
-378.5057074156 -869.9832865194 892.6406482637
1123.2676223482 -1588.8922516864 588.1349553120
1144.9682769099 -1084.9948808013 -464.3187956802
-205.8472042824 1661.4827644979 436.6013788371
1421.1548371459 -1560.7850354749 -484.4955376051
-414.0157901781 -574.6789675754 -151.4878625518
-1995.9021871931 -1161.5383845204 1456.1144253921
75.3551641685 902.7192420792 -1711.4172865862
-1123.2337209908 -160.5409452220 -891.1205695292
1391.5356752248 1738.0458323561 -985.8907954409
-54.0975229860 1652.8841509851 1797.7947668407
354.0710027988 1909.0890585091 777.5125487785
-1264.8083758575 -810.2087141054 324.1993755980
722.4122801548 -1887.3969154511 -1684.1568463501
1544.1461960094 -1.7755995166 -384.1032240901
62.3424604179 1395.0721827626 1433.2267214213
-1369.6656844850 -1310.1256822443 166.6387572010
112.8456740344 -1328.8770190443 -282.9798166224
1428.0058115369 -1093.5172305046 1916.2079665547
1300.8624400346 -450.2791130234 -1606.9180441359
-668.3721962460 -1435.2400078754 1834.7818080738
-1600.2167305960 1894.6637222468 951.0252054202
-1324.6018702951 904.8909006657 1840.6424317616
1356.0294774972 -1588.9627299730 -1038.7921248772
-841.0019281453 1788.6710941588 -1200.2712437091
-293.4514143158 1005.9701732575 1182.7225731686
839.3734928972 -1747.2024146876 692.9643145979
1073.8063176944 57.4479331482 495.7097941984
-124.3493981465 -1094.1586418672 -1660.7085647937
176.0528468925 -884.2224005539 -1586.0938613664
1364.0466366651 -379.3150962451 -553.0838521966
-700.1217960706 -647.8135610807 405.0122563033
350.2497150447 -1976.6874934462 424.8868185947
-108.7264946047 286.9109929001 -57.9851456620
-366.3005990790 -265.7278604282 936.1131521748
252.4848181968 -1320.6182838277 -992.2089965867
-1877.4059266772 1671.9332205430 1571.2020609663
1689.1683009596 -1259.9637820425 1807.1303993807
1804.9838470202 1238.6909005074 -83.4783663744
1651.7915450416 -858.0521853141 458.7238521256
-1614.7073491512 -1675.9469047679 151.9610827246
1052.5992804622 -383.5210009922 -1119.6217643082
891.8002064084 1371.4065282303 967.9251652125
-69.3675373079 -289.0975300639 617.6931467164
272.1939238119 -1099.9126996894 1358.8529869791
-330.7747393385 798.3835576487 1844.4466471439
-949.3231710125 -1112.4202939619 -499.9382297674
783.2613649036 -887.0392563177 439.9776920690
-601.9057335252 53.2667566083 -1300.9422249570
-47.1205642842 1432.3282278589 -101.2832065336
-913.4449091886 -817.4532220524 585.9771260264
-0.2771621015 -1617.2674761519 -242.4880447338
781.7920831587 1494.9838808118 804.9025350001
-1675.5311629413 355.7831277094 -97.2656093070
559.2628411948 -1635.7694292913 108.6092789158
-1429.5427533332 -383.7003835856 731.2449465346
-317.7387054670 877.3768372174 1089.2703640395
-1014.7677815581 1712.4503162027 1399.7179206565
1929.7635602093 -1662.7606312887 628.5396536357
-886.7688473394 1038.1196486001 168.9947587077
1213.6922441213 -1283.7216683757 -1345.2485490770
-164.5164443243 1253.5497678290 -208.3588350491
1016.9916683100 -377.9589124143 -1751.8288327495
-1894.9820280299 1623.6809592056 -627.9192874722
1357.8385367289 -1621.2751674173 1543.3725446427
-1650.1829385999 1976.3730597581 887.0196134856
138.8292730332 -788.1135453435 793.7613909294
-1250.4535608740 -536.5089040429 600.0862835856
-69.2332880232 1213.2924915828 -1252.2160589129
1753.3015088136 364.1994978832 115.6082837111
796.3739441749 -1230.1168213133 -1015.3605319904
367.6480732169 637.7845774079 1413.1404435038
1825.2648326041 -1806.6831739962 1005.1223883416
-82.1446503848 -1251.2348500999 -1427.0759262271
790.9741853329 -1590.8776959705 1384.6864088678
1439.8292227881 -48.7004258440 242.1325673136
675.5796122291 1126.3506466644 -1239.8975521140
1494.8260989459 1755.1817580195 -1156.0903676131
1288.5677271332 -54.8656810475 -1453.2804703951
-351.7924127234 -1900.0667695959 590.6677291361
-710.1936881409 -989.6644569989 -274.2451829534
-416.9195476307 344.2396556416 -513.2080174639
597.8913618604 -117.0027119016 398.1861025323
1458.5614468771 -1979.7508044730 -274.9828483139
946.4584693038 -1479.3811417878 -1832.9027998125
-1211.8089142064 -1587.6717654179 485.1276230351
-901.8767009103 -1936.0722279469 -707.5041532515
481.9851436751 -1563.0765705469 330.1799391899
-1396.8993667177 -1748.6361238206 -1119.2947669459
-859.2891470783 -1239.3496788982 766.3375105975
-409.8502176814 -1069.5208401707 373.9438460654
-1268.7343100124 -1509.2371980210 705.0953547071
-99.5794788832 -856.5653686552 -1573.1723872788
-431.7787372139 936.4282072954 -1663.9016443743
-1169.8774754526 90.9655164597 -806.8858193831
658.0185878075 -799.3278053282 34.6087851736
567.6025236023 892.0666787360 1088.3047671458
1699.1773794145 764.1256879131 -83.1901244248
-1915.6287097093 -1370.6384450423 -1552.4472492655
-1950.9821377853 743.4499538495 -1449.9545446901
1791.4065743036 -1755.8732760847 -1616.6918376292
1388.4000070616 87.5258530897 346.4127867708
1981.8513070786 978.1393960975 786.2185872624
1087.8058599459 1475.9323728883 -990.4008013323
-728.1441608102 1431.8940020231 1023.0859987130
-1493.4668901574 -64.5003109196 999.4533172865
-1579.0578025710 166.7390941063 26.4588173803
1155.0919371769 1756.1304784728 -1484.2943562282
-406.6950011343 -123.3454739910 -662.1384955898
818.8018260213 -1150.5693054565 468.1420392181
-733.1393346884 308.8092207045 -156.2205264641
-1047.9975501494 -1276.4470627555 1276.8056243636
381.3793640618 -1091.4409061740 -709.6341440765
-543.0421424514 1474.0315302695 -164.8331309620
-1427.4419272559 513.1337823635 -865.8457240374
-1481.9741597811 1057.4178267509 -593.0851621546
911.8903293071 -1032.0670558198 -1388.3571082004
36.7512352291 -454.7484333818 763.2998505635
358.2336341193 1216.8265108556 1465.4102440828
1531.6509935317 1283.2253967784 1654.8083590561
719.4278019097 1661.0144080043 1892.1296040119
113.5202912293 -1327.1471117559 -27.5290095568
-1473.4865291288 1424.1110970284 607.2902639376
-271.6902996471 325.8351507266 287.5472419737
709.4680870492 -1937.1582255237 254.7019708936
-1170.9215026713 1829.6823081150 1986.7470413490
605.6872860318 1515.2547592956 -1264.7274363085
1884.3107134675 -1080.5718645489 -1594.3604236278
254.4492109723 1990.1609630136 296.7831786836
1627.8755112255 1832.3420114050 -1878.1442607525
1895.9363726764 -839.2667080060 -269.2168983542
300.8440096752 -1847.3397840015 -249.5391400961
591.8543542357 -1216.3358364781 965.5428929066
1010.7647130948 1818.7836685554 -1917.0074730080
601.3862036002 -1659.2630179383 -949.3125185253
-1801.6036367341 -1729.5156563227 -1102.9995827938
1125.3096357951 163.5290638201 1433.6951740936
-101.0985345526 1559.0247927569 -1759.5138694225
-1404.4754386449 51.5250804075 961.3217763163
-1802.6198616812 -925.3114733669 -819.3035483971
-1312.8050343851 -759.2260075139 -1079.7509880426
-1481.9259444882 -1125.4777429923 1549.3414613690
-387.2150380797 -870.1438366438 162.9945028354
491.4721122641 1172.1390886464 -265.8204002751
1592.9395733103 1861.3021354765 1568.6765409035
856.2598224580 1765.4522528574 1383.6561351167
-1445.3614370171 -959.1722912846 -1205.2657785730
160.1502306760 1643.1598577635 765.9709892028
417.6599676418 -1446.7794741224 -24.8153273984
-1374.4583581431 1546.7171087986 881.0819629086
1810.2059788436 197.4512719079 -1310.0876149385
-1265.0765845383 1713.3680113869 -764.3905802607
-86.7344450669 -1693.9413482368 1089.9448980035
-1997.5465633283 1194.2517379321 226.5424869266
-1830.6621008616 -1623.1804384615 -159.6422240130
-1675.0201919596 -1033.2196000458 1170.2619500323
-1618.0696002520 753.2864639906 -1704.1370195771
-537.2164375361 647.8118192257 1410.3330048080
1437.3755152682 -570.4832897410 1220.8978982902
-374.6759572824 -744.0536699498 -775.0507761343
-1475.6730211840 741.0291137315 -1195.1936527051
212.3430509124 -1073.7474089253 -574.5690962021
-644.2290776652 -669.7964405257 -1737.4391895418
1652.1552596152 -1424.4877238157 -815.0668939531
-1544.9734976920 1033.7288996147 1924.3148044390
965.8802060544 1129.6347912201 1426.7951944603
-1606.9078013835 -305.0408011556 1778.5804736120
1935.8649542141 -708.6871931471 -1682.9326865549
1333.5380956511 844.5867640380 1405.8804066847
-951.3126365893 -1491.7346185905 -626.4057449397
833.8615373436 -693.6199323386 622.6186816224
-1213.3342537120 1253.0654483335 293.3135216121
-1568.8696023871 -282.5288380183 1842.5739248760
806.0670893188 -407.3607956939 370.3410842542
-827.0495350390 -172.2391464129 1760.7275773156
482.0978796881 -1293.3422212694 657.3743787127
953.7806829743 1541.9543610413 1300.0620945844
-1806.7634557642 837.3726940613 178.6077397198
-1591.7897597537 521.9502334810 -463.6652918507
234.1169033470 -1114.3251228983 -185.8734311293
-1143.4305145517 1514.7195680677 -774.7797496176
-1419.2774455315 388.6186349947 -806.9058879754
1478.6752964461 -850.5479944274 1150.2102581210
130.5141611946 1297.5970281115 1190.4578384336
568.9429794850 1388.8112970448 -29.5836510546
1132.9390524396 130.3547078180 -1347.9319942864
-83.6438389101 946.3852881881 1238.6964645974
-660.3537281958 -196.6563856051 -197.1222467735
1550.9175460131 -1225.3116661875 -973.5221896919
-1261.1610709671 -1346.6900827447 -1915.8695216900
950.0451387937 -720.9879747469 -659.9896834391
-1212.3619834072 -1531.0349401464 -1516.9546992483
-1987.5826288799 -1568.1357845400 1043.8886322095
231.6233542513 1369.1405605938 1375.7747303135
899.9270676183 -483.5591521916 1100.5592574543
1813.8016845981 -502.7755710702 -1565.7839372904
1241.7742315410 89.0638192207 1159.6135627765
1083.3324715497 404.7764672580 -842.4203214005
1415.3287000408 -83.1365645344 990.8321766325
317.7585373347 885.1659216369 -1316.1565945265
-1588.2890950425 876.7658882978 1648.1594192306
-1781.0525846557 -156.7728238611 644.5618741617
-1119.7059026762 1582.0568478171 -936.0889532167
-1568.3467471629 -1760.4433953957 -1604.5045442892
1854.2029990353 1049.8367067118 -1646.1743196366
762.3066065032 -1278.7418808759 -187.5663673470
827.4099085122 1294.0838164391 220.2806484604
-1123.2947719739 630.3129535035 -1186.2829255751
197.0519333871 361.6461625849 447.9144681033
-1159.9613329566 -1973.2097627962 1298.8149171403
-22.8582444019 -700.3760046662 -48.1678274374
-1936.2040307554 -986.8979491907 -38.4376797998
-176.8689676423 -1534.0712728589 365.5396194778
111.5298344084 929.1667839179 -1001.9055994378
1122.2958308868 63.8995458285 -1350.8121240916
-1434.3116040897 -1820.8746298309 -133.6419304354
-919.5771469103 1802.2994509755 1527.9355318113
479.5592437495 275.6305761581 574.4788128142
-637.8369846716 1887.8693967611 -439.2572692166
1173.0767162466 -787.0385131519 1031.4129738408
1994.9016886317 -1008.5907777916 -156.7777264126
534.8065599849 1486.5651830064 -562.6439067976
-580.2594607471 1186.7149755042 -215.9103121967
274.5170137983 -434.6184656801 -540.9208152940
1476.6021545225 -1388.7820502434 -1857.0165113859
212.5274478142 -202.8819015460 -1488.3982966160
1993.8589964450 1464.3808135478 693.6844762640
-1999.1996792587 452.5985015899 520.3919516640
907.8993942864 -212.9602784823 968.5834620665
1098.0284582567 -310.4879896698 743.0057918568
-1393.1279494182 -963.3042056531 117.9387638241
1184.6022444644 1518.0363177684 1047.6829819471
-411.4818545492 -1920.0564553842 1366.9781557886
371.3449095312 -1379.4012417959 -1687.8772207720
153.4423390628 -41.7339996843 494.3504836140
-299.5612873896 -833.1473302019 892.8884272864
907.4124846462 -1822.7960310964 1937.4427170265
257.7501709220 -1504.0836673988 1903.8076340149
-358.4531454476 1513.9141859769 -801.4052584686
1729.4325926196 1714.5324730288 181.5496976450
970.5780018672 1352.7945293706 1372.1347026350
545.9946993661 -1498.7573638555 1927.2866340294
-1038.6559082413 493.5517767003 -1764.8335776539
-1507.2508307696 -1456.8506615628 775.0459085851
1272.7978266402 -1073.4737956597 984.0746697837
-973.5870232009 -1691.7151162950 -781.4647063714
-1068.0029364066 -432.8303001211 1301.1597291720
-658.7398919339 -1163.4432482937 1254.6469741676
-528.7735529580 1446.7498278078 -494.3345138441
1251.7801678843 -1767.8805060000 209.0132548898
1618.5098752293 -1186.1272541679 1709.6840483202
-1389.6081686262 -881.4371166801 1414.6596142381
1449.2628317636 -187.8047150123 -684.0799193414
-1647.6232238036 -153.4429404979 1929.7171874685
-38.1090332835 832.0721801919 -1420.8626400050
-1003.7481743690 -197.4292476809 -1331.8589954814
1108.9517002867 720.2105519157 -1428.4842105347
-714.7487385590 596.9179527005 272.7262915117
-934.8924944408 172.2067465851 77.8566449648
-1887.7818458289 -833.2468418732 1792.1687580292
470.7783391444 1117.0220654629 -1851.0651954394
-1476.0723009474 -656.5113131047 348.3030744952
487.5290843461 345.0627856338 1637.7090158412
1426.2610892522 -185.9286790000 -1253.7649585233
-523.4638454067 -201.8940596420 -689.4410270591
-1336.1365088601 1755.9169507025 -1826.3100899655
-652.7705358637 -217.1914962482 -1072.8947003159
-690.2490458713 -1321.7156102147 708.3324312191
-525.8476753003 -1122.2891323268 399.0224785056
354.6236213975 -568.4626037476 -250.6487659727
-1942.3108531993 682.9844471423 -530.6995399468
1933.9683419531 817.8595404403 1208.7299264157
1742.8550530327 1832.0107837625 -583.0548577722
-1667.2463429466 -676.6418034748 -679.0215467938
-879.1640348777 -1995.6646212882 -1256.7210150828
-1348.8408439756 -1115.6480526389 1394.5434530776
-604.1596206715 974.6779774430 1641.9269867385
-1748.0931528515 1118.7334395460 -1695.7653350942
-841.2540466123 1558.9220718597 -1912.6533812356
1486.7629770336 759.4797438133 -1896.7916946973
-952.0893543797 1247.6814819225 -1675.8863676244
-1893.6327969341 -206.9945403354 -948.5814262947
-784.2172700041 -1458.3114018222 -1320.3481263457
391.2391543441 53.7278223816 967.2277167949
-1361.8751746361 -398.1665921981 517.7364437008
-16.4575277761 -1840.7740326867 -1263.2723897368
526.4213506486 1913.2518342303 -1344.0409419532
746.6632523574 1346.5216874242 -14.3474848612
-1539.3944096201 -244.5156404434 203.7727931714
-1086.6473464312 -602.6519398965 -261.8720686549
1472.6559909095 -698.1236278787 1695.6702752864
-1615.4058295541 -199.1686289699 -1232.6294492269
1952.1600392260 698.3082852097 -1323.2977960070
1476.1570659819 640.0170945415 -239.8611042997
619.5863305138 -566.5047440915 -82.8413420084
-316.2500888045 -1214.4813666438 212.0477717613
-1836.0777848133 -476.0218366099 341.6950828385
167.0955277523 391.5027615581 644.6629366307
-699.6485017824 880.0123635608 -1783.8422901244
-123.8218506276 897.5610688006 -76.3090262123
733.0083050459 -1928.1964425631 -197.7173191511
-83.3759250877 447.5597765182 -1345.2194043131
1452.4363652956 -1147.2567341319 1647.3124676716
1669.1218620624 -1210.1008536311 566.1124417972
-884.3248811305 649.6115612201 1994.2503516431
1628.5321242837 -1378.8905549340 -1812.4742277371
551.3631190172 1776.0862315275 527.6367121446
69.9389713095 -1786.7028810267 -1110.9898922679
-1011.2677093213 -1709.6743637535 -1200.6316028211
-1529.2393761253 -295.9211567890 -190.1587787604
1181.9702124483 -1708.2769908865 1840.3104569188
-755.4450511486 -1383.2400936482 -1966.3856914436
1284.0371820878 -1102.3014607311 -200.3887902364
-631.2512866383 -1476.6618643912 1658.8498867413
1332.1696805412 -836.2622143350 -631.4595031547
-1145.1233771562 904.3762578636 1932.6086080819
-1344.0936751839 1640.9394116330 1736.0241420766
-1285.4722052891 795.1307057790 -945.3343135756
597.6809113300 -1139.6703735931 318.9651635850
519.3012475420 1589.4937561963 390.8505904071
-1532.0849361096 1608.2011841616 -1837.3163932240
1096.7225985380 -364.7043448038 260.0310508824
-382.9495882050 1491.2285883872 -22.3390300823
659.5572953749 -198.5345875362 1958.9225184316
-938.1495175667 -761.9557847625 236.3582074126
-1160.7464819186 1299.1804369362 753.6128954538
-226.8250824326 -646.6506558459 -927.3652438545
1313.5513892534 693.0852025469 -53.2503213399
1607.5380457682 -1325.1248693584 -1002.1250646516
-1272.6801866445 -533.6222863035 524.1029550066
-1873.6289352066 33.3158336345 1568.7414624909
-1428.1132216632 99.5260537148 307.0450833289
-1795.2159434791 -1060.1417248137 1170.5968759832
-513.8619061794 789.6235792877 -341.4261461044
-1857.7185237891 -684.9941711714 -951.9690072723
137.9569301521 1961.7040959513 -695.9448873287
1514.5384281472 -874.8367495354 -1845.6192545590
-493.8867404124 350.0436518837 194.1646301224
-507.6202177966 -1309.6729839764 675.7834996426
77.6435504482 -1187.3634017784 583.7740784857
907.4849851046 275.3503286524 804.7389672663
596.7257542484 989.8464848058 911.6957284929
-1769.4251486390 -218.1744719653 -1775.1552279698
221.6224418604 -1821.8538151800 8.6912206904
-274.5258553212 1435.7690486409 653.5230315848
1827.2090984814 -495.7418980071 1495.3963555085
-283.7134754823 -1688.6224965054 -792.2714906587
396.6474965234 -852.1556039630 927.4731298387
-217.2770472195 -970.0975805069 116.3765926643
-933.1423570308 1777.1661853820 -1721.9256494735
-1256.2278517003 -36.0395912432 -625.5932928754
-1590.3987646235 749.6235129594 -1853.3151019376
14.6317221106 1849.3208286434 769.9421480397
737.7697700595 1998.7801919370 -847.8886015955
1066.7162238347 403.7642362064 -226.6059020967
1395.8708363450 -240.0191377122 -1106.6261348690
-534.7105409370 811.1389126613 1507.0623199311
498.6652286687 137.2151515496 1557.2732444382
1216.0012882465 -1089.2486136189 510.4007815365
155.6331669706 1286.9309977240 1259.7400247274
-626.1638751245 -850.2179567583 -88.3003941607
1098.0558672276 -748.0785603015 605.2988585714
-1688.7214575427 -514.7292762758 1881.3978680627
-658.7101015241 1791.3309521985 -1411.3627339393
-1224.0216137327 286.5942860114 -536.0201684417
1834.6960456081 1039.2888033345 -1695.0532210839
-914.3101752573 156.5875846033 1310.2162483363
-390.5599151792 -1872.2908683191 -881.0466281778
-1937.7179955900 -1247.7032579133 -826.5268931869
-73.8789865165 1497.5542659223 -1346.4965571745
-1564.4859985269 1263.7288277676 603.8557608926
-1516.9591173182 937.0615359501 -1826.6153744422
1380.6928345180 -903.7294537327 180.6192432325
759.0665745534 -1577.3479647429 326.0967640282
451.9267228790 1518.5812133880 -625.2823752954
502.0937496764 930.9611890650 -162.9915012470
113.7940057187 -809.7875025371 -857.3992877381
-1902.2991789091 -839.6242010695 1290.2592691192
1879.4159739398 -1870.0673726547 408.9663278855
-731.8158876156 -15.0319884208 -154.2188384000
504.9417628826 -222.5131300162 1226.6986306136
1769.3382071864 453.8723727173 1387.9839959916
752.9844697245 235.3319067130 492.7878997935
896.4072168349 -1062.6018738103 -1732.2354300789
952.9784550193 268.4427775978 -530.6078861425
-840.3713617706 -1473.5568735499 542.7065500936
-1022.6348813295 -124.6574470374 -775.1197756493
1336.3876484837 -455.1627083400 -729.3502941257
920.7009697685 1767.9391661419 197.2538802567
1322.1877120653 -1534.6915173499 1598.2804623866
-249.6913685753 -1967.4121884098 519.4473892663
-329.3422131293 -472.6933646412 319.6412537935
-1177.8867693970 -1087.1186796520 -390.5312054971
570.7411136439 -822.2973704777 1731.2325671920
647.3781506393 -20.1463855132 -1003.5146701528
-1887.7980613917 231.6534925815 -443.8724123426
1546.4984657636 -1083.1375536490 1714.8081941956
1279.5487892232 -1084.2139827277 1657.9969954058
-424.8219501351 1433.1293373847 1896.5675716554
-1388.2870052939 1791.5141187984 1424.6139919172
-899.4762899432 1662.5320447237 1859.2538069671
411.3869094960 -398.7436248498 -1832.4333717253
214.1376801168 -265.8554092150 -1041.1783034422
-1805.5218156987 1342.6656144357 340.3294964200
-1027.8068120090 -567.3433707701 -398.7452592401
1277.7977363890 100.1337851554 -613.7541137792
143.4935930708 483.3218604979 -1624.5680209727
508.6889118014 -532.6181257950 -1436.8053584264
-1126.7988897288 905.9046280022 -408.1286438833
-664.4866789848 -1609.8389984599 -1308.4340949666
-914.3450684957 -429.8011295142 1977.7375690240
874.9034359095 -1800.6577552618 570.2815222162
-1560.3273795771 -63.5047924634 1891.2162221577
550.3605900742 1765.7389169959 -770.2200901508
-624.2815942540 800.7565729830 891.8875439835
730.8424631568 -1597.7279647846 600.5196180805
-676.5206687920 227.8109983280 92.6560317027
-1106.3386878554 549.1235794749 -1925.6200632234
-260.3626732075 1623.7407163852 -1570.2549440527
-1148.6797288437 1134.7772585089 -250.9613928986
820.1000137466 1880.7867174604 -1370.4200993787
1226.9998697745 -176.6312166664 -1626.9514470567
-1721.9441833894 942.7697340057 -198.7456312740
1452.2011684169 1587.6428603184 -1479.0138420970
1364.4691809056 361.7897695809 -1406.0427547728
1748.7006934135 606.6501266374 -779.9620833248
-205.9378007669 -1743.9530501387 -783.7955478453
-1371.8274507081 1606.7205180752 -1853.0964705983
-1144.1720754533 -258.8427049896 1397.0490765290
1974.6176303407 -456.2622080193 1269.7181564196
-359.5736580358 1539.2465933423 466.6476195783
58.5417121878 472.6578678248 1363.1478093501
1451.7917240559 1803.8546562891 -309.8898391067
1228.1262901092 154.3427873047 -817.6215414660
1776.4533117087 678.3247560320 -1004.6529825100
-1965.4764990837 177.6946839290 -298.6821578863
575.6996492673 -1234.7374121916 642.3207580631
-905.8765824198 508.1723219679 -1748.8858553087
-1446.1237907349 -29.2267280140 -99.5751165725
-124.2421168624 -812.5039238404 -1145.1490221463
-1372.8290397670 -718.4802379846 1411.7871380548
-859.0590030424 -302.8680990466 -1680.1734097706
-557.2384502244 -1050.6964878689 162.2052937278
-9.5927244974 -1328.7075170625 511.8262018575
935.1270302237 -1480.9462426715 -1147.4221497629
821.2524266589 1590.9795122364 -1366.5692798938
-22.9051502339 -673.4264048215 -781.6526566522
-844.8759826994 -777.7095748505 631.1143189361
926.8892630042 -1044.6382874601 -1037.8396615113
-1847.8444898258 1596.4624852374 303.1570226187
1631.2988930668 1641.2407804889 -807.5129304050
-1044.1252538393 1834.8629199646 -1596.0129728510
1775.8805104949 -1063.2774027952 -747.7656690301
-1652.4563878807 1424.0882288673 -236.1998608455
1892.7179357651 1071.6254814882 -1400.1079193044
1892.1250000333 -600.0042951303 1703.5851171702
-438.5441784256 74.4998221725 1781.2264569850
-25.3732405163 -781.5235668233 632.7079783412
-1648.1316894800 1237.8920723687 -1138.6763008296
-1452.7141028384 174.9930811456 -1928.9181017438
1963.7135248787 -1773.0653474288 1198.7744404865
1308.9249890096 -1291.0296327343 919.3690197853
-1935.2126838214 -487.3735262302 983.3445096285
-578.2745173881 524.1290339405 1513.6485580238
-693.7014630645 -979.2559950353 -624.1518824440
659.5467162954 -1023.6590730726 126.3432120646
453.6353401301 -1933.9956640606 -1713.6272690118
1025.1162081922 822.8881480404 501.7350442749
-616.5179040343 -656.1368262711 449.4215055127
619.1806436421 1941.8582497193 -261.1768845587
1220.3601693445 -1268.2998606960 -295.1698037157
1447.4980176342 67.3043910998 -1536.3906943385
1923.1523833023 -1063.1955914538 618.3027422054
1843.6990264473 1210.2924110118 1212.0715003529
1257.2384405181 1723.6462778485 -1208.6093221377
-737.0449809185 -1809.2939856414 -911.2198555819
-586.8498009846 1860.7159406046 -1008.6771673203
-923.8931330115 73.3235167409 -1336.3438008806
-83.8966643473 71.0094711322 -1709.6982970654
-776.4652951699 76.7252893228 526.6501623194
1432.6150348090 81.4833312591 1086.1269919468
-138.0094192874 -636.0985676303 -261.0052740076
327.5856674711 -629.9786352004 1001.7971760048
204.6024203357 -657.6738844225 1458.9195840619
1931.9803813712 -1735.2511137510 -1824.0173110854
1465.8871897284 358.4019923620 -1614.3106286126
-404.1764204614 1621.6160086923 -577.8470779898
-20.0425296177 1843.7410318772 757.3411356592
1065.7596223381 1176.4011664335 -1697.8294848094
1243.1124059512 1670.9974728711 1957.4273853345
-679.4172044953 -1558.0585312927 1182.1046028240
-654.0309354506 -1742.2450990390 1456.5341179438
592.8441639368 100.9159673863 1914.7383293479
483.7747421527 1525.1560212478 -1774.9588693403
141.1255652257 -859.8481299274 -1759.8846374279
-331.4609121112 519.0276518045 -1585.0668014793
1327.6045355776 910.2020912236 -1278.1754159686
-1388.8662040392 -73.2655203868 -935.3589365960
-1246.0265418481 1740.7247999212 -1588.5969210154
791.1281657327 315.0653866851 1261.8336601166
1314.0875472943 1013.6113787367 528.4522776184
-1696.5796205271 589.5952848739 1964.0722369028
-727.9192921155 -609.2074222614 -1087.8439505051
-1035.2318349262 1064.1289522603 1017.6383215628
-1675.5219322650 -901.1851763148 595.4478965959
-1458.4169378713 345.5268225146 -305.2496527410
1217.0004479036 1759.8071725018 1615.7630286175
151.5462276413 -86.1457616233 -1525.8711428771
288.5637798172 1707.0036897455 891.5847311206
-1546.1083835085 -473.8985141388 26.7369266086
871.3016798294 -191.8987133834 1130.8408528900
1406.7824808109 730.0145600161 -1784.5682284799
-1347.8817457515 185.7907768899 -1437.5158955221
236.3835852784 1033.0480734246 -1293.0102285791
-163.3820661073 178.9566800220 -1062.1022058897
1661.4154789016 -947.1712374895 1239.9107213046
1973.6615339130 -1182.0137085314 638.8638168408
-1511.5518324903 -1519.8799181077 1632.4462957930
561.8091376263 -626.9373440991 -131.4563786192
-1205.3775532482 233.5306464906 1153.4825913538
1123.4672031405 -1648.1109638891 -516.4643292763
-1718.3281442628 -1560.7412048848 505.5765112936
-1167.6196207244 -972.0370074130 -258.6158172206
742.8855549437 1078.9032213528 -1966.9170484584
1254.1540423174 -209.3448480010 394.8294933973
61.6845478456 -876.6038110213 1086.4835619080
340.1016117548 650.1005668709 458.9056466095
176.0100877682 1159.3014202497 -1439.4109005077
-74.1443909262 76.2923453004 -1734.7095611505
-1234.2498333376 -685.3145002172 -1651.9149181758
-1912.1578317145 -1207.5121579160 1501.3768004113
1610.8832742588 1336.6198100172 -1096.2445258636
169.9098582018 -182.5716258007 1750.7569312525
-1378.0711027355 -1491.2032455283 -611.2988626591
551.2407323643 -34.6260245630 1960.2693974470
1224.6659181778 1821.3806222699 1028.0669061218
-566.4758494099 -207.2408155644 -1186.1084987222
-1785.3635781113 -1967.5946386602 1301.5363197014
-667.6045027039 -1861.4519182985 -1180.5027036239
-1682.9785032245 1811.7629693115 271.0289279476
933.3538959077 240.4243551669 927.0161290531
-1995.0706774899 874.1969538317 -432.3481210518
-31.0674455885 -1234.4343322552 1713.7167499589
-1658.6983109516 -1978.5920083476 -1245.8820174347
887.7600876794 587.3119681260 1513.1811427632
1108.6237997227 521.0905929898 777.3542131638
583.5632335706 -639.3931661572 -1410.6340699777
-823.7140098620 -878.6234420208 616.2259298524
1421.7474401719 925.5155780917 -897.8490829106
1260.8686506606 -1831.3161788282 129.2837056474
1048.6861186859 574.3993810365 1359.3389947152
756.1822488508 -140.3647595331 -973.6005499101
1447.4539421010 -265.1046490492 -464.7471664439
-1603.9508787868 768.2831498792 -1278.2841310348
1386.1452605256 841.1396787529 257.1965076640
-1619.2187390434 458.0555876799 1783.3493813044
-8.8786998384 -1831.0346139839 679.4079380343
-138.7543075290 -1550.4445540058 -1524.2777646440
641.1210448043 -1339.1711678217 -1677.3407766022
-1505.8574468914 -1533.4149463332 1319.8819504938
61.0216290428 1334.4904801027 -1162.6556372548
-1836.2786009232 1703.6011274378 669.1345344352
-1031.7409906780 -839.8544502425 990.2262265347
481.5773017017 -1954.4271083454 681.8188732142
-640.4762040737 -200.8233536074 -185.8172986451
733.5824621114 1864.2089648180 630.7052237673
1615.4047369369 -1140.2005593863 1873.5508101617
-569.6681216316 -45.1451607372 1430.3453919022
144.6764778575 -1710.8010503684 -273.5512332041
461.7139648447 -1049.2395775261 505.1281042394
-424.8625641041 -484.7128594464 -1562.4123473039
-708.3547263370 -1241.9866530117 -344.5646946279
1268.9920766428 -250.8456906553 -917.8325275941
-1141.2548891081 -1647.7652762142 472.3530611294
151.1059004412 -1458.3419917674 563.6483045118
1980.3494561127 855.7292422542 -1430.4405647878
-140.6050676621 -276.5342901468 -1153.1523336093
-616.5626362990 1367.1725954589 -923.5767257445
-345.7018230180 -61.2840911787 1425.5947467975
-1421.6047883175 -417.9091172940 600.1289813666
-1629.0756070615 -114.3706853597 -1246.2691280778
393.0023279521 -1428.8981017413 955.0936129621
1564.3262862104 1651.7320826618 1900.5705103714
-1063.6516134550 -829.7560897171 1236.9866997760
-1493.4721234143 1399.1487325730 -1259.2176440364
-667.4274376389 1447.3259269082 949.5489482562
-1881.1116156850 -61.2959625476 555.6703550221
864.3319477211 949.1790888746 -183.6776494906
755.9165319882 -1218.8738192468 -62.6539587477
-42.0518279761 -561.0696657772 347.4837351138
-454.3411827355 893.0540488192 567.9633588216
-1715.4035757122 1726.3933460011 571.4311962730
1546.6675042199 -595.2814634816 307.7441481868
346.7682536213 -829.7692291178 919.5077745583
-280.9763995212 -1670.5826788131 1877.6799981040
1985.1742070981 598.0969552650 -731.3089121832
-517.1818469238 -1039.5773464429 -66.9390113070
-348.5165716708 785.5738273474 131.2602977303
-1729.5608847990 1764.8507063274 655.9854725469
-1833.8951851662 -280.7913307903 1598.7688106626
821.1125354021 1036.1243937009 373.3328795329
1508.4451895775 802.6338186133 -1264.6966771147
-765.3394796013 -1138.8690122530 -445.4777090336
1068.7086079913 -660.6107655457 -202.3096889023
471.0737309918 983.5178761854 -1226.1616804064
-154.4571195739 46.2672139725 100.1098694791
85.8707548870 933.5489096115 712.5231731127
1952.0647585420 -716.4255282921 283.7647087039
-297.7902714574 -358.4128411833 -407.3388947273
-933.4679787188 1738.7456668515 -1180.6650033233
605.8571444312 -166.3829673627 -996.3024022122
-168.9217194255 1153.3310613611 -1713.6196606605
-1501.1049279588 -1074.2844387144 1076.3995786325
1077.3311616807 -1972.4303789737 923.2108541826
-1281.4876333256 1274.9534759695 1817.5774302345
996.4333818075 -830.5564150829 260.8749237143
1768.0991519714 1733.2552410469 1116.7710538128
1370.7483275584 469.8910104301 -965.2140198394
-946.7724881537 1171.8491906371 849.6255314889
860.5976864477 -1061.6319859030 -859.5667438256
1613.3824507315 -1700.6245221291 382.5326684459
-1334.7164042090 1185.2291782098 -1794.1258462368
1476.0109648432 132.5974730944 1275.7522080900
1151.5792332195 -1363.6795383492 -728.3365720883
-72.4270971122 -1151.7376127690 -1901.7469620649
-1770.3378750667 -234.4277690884 1374.0066415888
959.0096649532 1852.6958630526 -257.1571477354
-52.8957413700 -1020.2719714173 1632.3538341973
-1975.6818170700 -168.2558214870 -1058.7301084669
-56.1118184392 521.5740662136 1103.8748815743
1346.2163012181 -1551.6572855952 -976.4221952386
-498.8229713544 1484.3787910567 -825.9881189567
533.9986124132 274.9272966795 -966.7652011977
382.4134373125 -1166.9982644893 -1789.3389120537
732.5669546446 1604.2689955756 157.9023554114
-1195.6345451769 -660.4342351727 -907.0883769803
-1172.0433105798 441.8157377897 1809.9070007683
-691.1109685174 -1733.6619247139 87.2925675547
1743.0836050137 -983.8184012707 -944.7896304918
1876.7314747865 -1339.6456139310 1776.0692935931
-986.3292568088 297.5383257446 -1637.7853111168
-1245.6126991480 1171.3030018435 -541.0059522773
-129.8327468371 1077.2960250863 490.8149948811
-1917.6581742145 1869.9560710565 7.8404704620
-1103.0472438376 1568.0190822775 1248.5181349233
-531.1037382477 1788.8338746468 337.3910720990
-1047.6701785274 1016.0777320371 1481.2706502042
541.8865596750 372.4291445135 -1132.6186637655
439.3505347575 1580.9726782954 748.1426996935
-1168.4601373209 -904.1187635696 -713.5268765585
1379.7896445486 642.6640732194 -662.3203186680
1457.9349524221 -202.4665739461 1077.8134670378
1752.1624162325 -1639.8812066085 332.9938853705
1217.8014849680 172.0422916507 598.1460817808
888.5177718912 -152.0466586429 182.8384763840
729.6452230501 761.4974745384 777.5590798221
1560.5723682722 -778.2954082055 600.8475425250
-1868.5174660380 -78.0449014758 944.9277315916
1083.5702196906 -1738.3593724879 -181.4168823646
-617.2879087048 105.1312656316 -1983.2937482184
778.1960110550 15.3343443185 1649.6542972931
1274.9433836324 -90.6780651308 1035.5465843638
-1321.1606588984 -1206.6752338253 1157.8581405414
-332.8080234630 -785.4885123409 -1786.4446424846
591.6692360028 1885.1416635886 432.9632762033
-1543.0996533809 -1225.8429086895 -968.5151333483
1552.4537053707 638.4864697165 151.8302819811
-1619.4993561429 -1486.4177006207 1704.5029588712
1581.3501041945 1810.5444191708 -892.7571729397
911.2861656179 534.6448434008 1449.7851194142
238.2027161200 -1161.9712864291 879.4079045829
1369.0929893377 -1467.8300264146 75.6559660953
427.2486044057 -1696.4438496900 1546.7991088384
-896.7652592972 666.0684325582 265.8192393191
-1404.5472223344 1991.6144768294 1309.7978341985
-1140.5763823031 1376.8151924503 -99.6940242558
810.8317787057 1042.9963768876 -861.2005549712
289.7359761470 -876.1885004051 -15.1543331745
373.3671046273 -1933.5694994599 830.3736365734
-1643.3130575710 1584.1857013739 1047.1617929834
1144.9495363486 1816.0360294654 1586.7705796249
1678.5599970693 -1048.8598902616 -175.9242482807
-860.9344180661 1143.3068028749 -1049.9854140415
-1488.2661736682 -74.7733118285 1970.4854205450
-500.1896200836 388.7161764763 516.4959031697
1389.3174647601 519.1223771787 -1449.6940560896
1973.0452084374 459.4513632887 -68.1668769931
-1270.1364786657 174.8420195096 -637.6905671016
1322.6485976778 464.6449992358 96.2106187735
-1233.9509863109 -198.0329942604 1409.5393822503
-1135.3665740265 -498.7599070979 455.8130905008
-84.8956884080 -868.3810894800 -1292.8922349316
-1736.3317913850 364.5933963921 -556.2165703755
-1756.5280730255 -1821.6009221303 881.2174930184
-329.9509808046 -1423.3035198291 -663.0996160316
489.5745150140 -610.3932735017 -39.5141998498
-1503.9124170593 472.5959082117 -1078.2131662631
-375.7610146937 655.6329885287 -807.1226298804
768.0838520641 -673.6944366576 -728.0390532399
389.8530971688 -1285.6578056514 1268.9939435760
-1008.0445325019 1854.5373801463 -1816.8001700629
-1413.2753121619 1281.5516188611 438.2744542877
-1945.7861487138 -1188.0084543134 -131.0857856212
1938.0532634354 836.3927863963 -1730.1374340026
-1752.0315424995 321.7699344537 -714.7619719729
-1160.2209483579 444.3899095686 -1721.3548579860
-498.5427528657 35.7918229760 1518.3294553058
673.9110028698 817.9546265880 1346.6548531765
-1918.6673989575 -189.7415458285 -1152.1531627208
-1687.7276912623 1746.8298969417 -302.0667641158
-649.9775515159 195.4634807059 -616.0058402115
547.9843437764 -513.2667241028 11.0946516100
918.1834799525 1066.8292357391 382.9121792551
-1547.0165520939 -340.0475172640 -355.2347195035
1963.1548236986 -160.7689420101 -1175.0320049525
-464.7183152228 859.9587739767 -286.6298155333
1686.4602763402 -449.9564094335 43.4675622204
-1740.2693078057 -624.8197243652 -1077.1442218487
194.5233129139 284.4381286852 1991.7780989386
-266.9329249225 991.2766987237 1586.2759832609
-1267.2155340143 163.1343398583 -1889.6299912418
-756.9921848377 1795.7350075764 544.4104515722
-373.5631701501 -1741.3535420599 -647.3926911072
-318.2601637559 -535.5070385448 843.0657858503
-370.5051892555 -206.1645535799 -786.3432126862
-200.5202222755 1967.8479989921 -373.3692050489
-1055.7799822294 -933.2255392568 -380.5856370806
987.9689761813 -255.5297336379 -395.7264792764
-440.5117690108 -1466.5701175662 -0.3855748300
-1546.3022136272 -959.5204337872 -1598.9748717790
814.7083336581 -1985.1385969081 761.3116389882
-1430.0469554233 -385.8083250103 165.3433954382
-1803.9413056032 -675.8866756897 1360.9295750722
-1772.5847740839 601.8244804367 1335.4472934786
-1535.8797145146 -1086.2705693901 1634.2688017511
38.7925339024 1382.3217786856 1870.3588567423
1191.9562867623 -1675.4151799753 -766.2190298701
1612.0007117022 -1427.1650495680 -1987.7404858620
