-654.7992056127 -809.6282895325 876.9858813179
990.0041753468 -696.7036911704 1557.7754119089
-1065.0080284622 176.2928580803 -784.9795400354
242.7192593266 -523.6317422898 1728.4575571491
-1643.4063593736 -1770.5710694396 -1479.6934605774
-1778.3089691753 1419.4437710001 -1441.9799860295
-181.2942092887 1698.5191772204 -1268.4775728772
1906.6865759482 -418.0048225731 -1673.5753213798
-1224.3355092707 -1699.1497636590 455.7327396650
1263.2508632300 -42.0018008165 -1848.9426910206
-797.4283753123 -1981.7229144937 -1691.4162496774
1202.5529621387 -1529.2928194223 1297.4980798898
-453.7678405556 1206.7746440730 1610.3248780276
-1506.3339326796 -1602.9450927856 1414.4427331128
-278.7024473642 402.2444777741 -1010.6754696934
-1823.8581902019 1352.0580630373 1538.7046153313
955.0498918099 1101.0043356466 836.9642516788
-425.2564413778 658.4453609309 -1255.8227142635
-904.0708508218 -1147.6776036345 -129.4620362204
-667.2510231430 267.4573078888 1949.4123977410
70.7753068528 387.4953198563 -424.3511529430
1398.7334799044 596.3327158047 -1315.2926824512
-447.1908754822 -889.1116921673 -1503.5487262731
712.5851387876 1004.4186146290 -1953.7938960896
-609.5258737184 1936.1100047973 -218.0507107480
-1051.7258250296 -364.1495793777 -237.1449619417
811.3815354430 498.4294332344 953.5944730808
-790.7562098138 706.7497130675 -1271.6853714489
434.9323427113 831.4894196078 -1730.0851989009
-1290.1723314776 1848.9604017294 992.9914962615
697.7529342561 -1471.9865523435 -1566.7062910600
985.6808512677 1037.1096071719 1218.6316923983
-1123.3389469394 528.6783763351 1554.7311757584
-1264.7437729675 -38.1840379358 350.3277002912
-95.4877857999 -937.7902057561 1353.6031929936
-1264.9344221402 -383.5725938567 -1416.9111654051
-1164.6233996348 -732.7988291152 1223.8106562431
-1255.6274745211 524.9709403435 1925.5749494996
-678.0971426517 736.6770474098 -1564.7850344801
692.3795600500 -308.7132555302 -400.3216628693
-1623.5673273571 390.6519592437 438.1106502215
1294.8712219097 287.0135089435 1677.4609355342
-1414.0008985107 -1724.1358845872 1239.6938731707
801.7055183816 -1354.9753110648 -879.6945230874
-622.5333819523 1660.6416682644 -602.2099072124
-270.0659777268 581.6638383905 1450.7869966564
-1291.9091724461 -1387.1161797902 -114.2694202066
-1306.1670610846 -1320.3011193744 -928.1694304939
-1359.5773418746 1128.0998665463 333.0035691930
1661.3137457781 -41.2572898984 1689.7902315461
-1052.2738742265 1632.0115022147 1529.8261249840
1065.8677303210 1433.5712991792 1429.5014894631
-1808.6330068390 -329.9631623444 1009.4272279738
-1603.5654195995 866.5028569985 609.3816714560
-1030.2850508501 -142.8595052137 1810.0993592680
-1782.9057846766 742.9609177390 793.8641807602
732.3931153519 1349.4938297192 594.4312278406
-1174.5681400901 1513.4067714816 -121.7744331346
1994.6584806531 -762.1691983493 224.5203983869
-1458.3808391533 -536.2254152700 -1131.0233170873
1225.3360694245 617.6063752025 -301.7695465491
1611.1836199963 -1088.4441314008 1726.0717690742
1074.8732065481 -1434.0466457166 -1539.9642109319
1450.2336844744 1579.6222185591 1878.0611788834
348.0655220237 -916.5191419691 -395.0324421972
-714.0530707412 -1815.3256850433 1769.7056229379
-1318.1105415817 745.0306135502 1385.9823800373
-1677.4421852585 20.9032921899 243.2253366790
939.2713484000 1767.6179712005 79.5382412491
-1811.6877699766 1.2602673232 -1543.3099496416
955.0856345761 489.0332450193 1512.0578083264
-1625.3076378118 -423.5931073460 562.5099561072
860.6622119303 -1466.9050155618 1284.4943840775
-380.0266271184 -572.8400933282 -1210.9711563723
-1030.6061279527 1125.9494235921 -965.4731125783
430.6921355809 -497.7962016657 -1054.0640023496
-1971.9832524222 -694.4688438307 312.4851071935
309.3425222540 -514.8380835849 89.5724325186
-1901.8319512450 169.1619853004 1511.3009461535
1057.6981481906 1765.0432624382 -775.7876020203
-1797.2058402290 835.9762840275 1804.6728966410
1401.4821625831 -1977.0460827727 -1973.7326001288
-57.9956351422 -788.0751149544 -1823.9600858124
122.6143213023 1152.6878376098 -1934.1475469278
1021.7087939036 -1417.2450504730 -1396.1154293361
-20.5788439210 1209.7672863247 -773.4319224001
-912.6257833174 -908.5980603239 549.1318768473
-262.8684355880 1161.3927132228 -1786.2105102201
-1514.4648429793 1610.7045561501 -853.3231060472
-816.5370778765 1017.0805943962 212.1382076104
1034.0867570987 -1846.5867337578 1041.1994484321
1189.4193037825 1622.5084020572 -929.1614688983
227.4947410847 -1128.9802448318 -756.0237564102
-1441.4048845836 1154.8507451440 -654.3502235019
587.0195035965 1963.7130234629 -569.0371385653
-1074.8153830797 21.4729919611 346.9400118334
1401.7846626937 1841.9302183907 1722.4142713247
1603.1760631757 468.8418881705 -1334.3404943190
-1249.6274036340 1791.9492463466 1949.8641594824
-1065.8413739868 -1945.5320809193 -1227.8547478538
367.0676604168 799.4881701610 228.9370252819
-1425.6996455501 -1118.8584308520 990.6459249277
-1001.5139040433 96.6845163709 1928.0214741768
-977.3481163815 578.1778188623 111.0186130076
-61.3728476149 -101.7228036357 -108.3688193787
-977.1780881001 875.7709601727 -1179.6857522444
-309.4168434864 1481.0038242566 1121.7237495910
-983.4220799226 -155.3867490605 1133.0856917173
-553.9104970328 -1817.0648249018 -716.3589783064
-98.1511066758 -864.9638555139 -857.1326011468
1490.5336570876 1795.7220782044 -385.8811530705
1980.9902296054 -56.6334588384 -1776.2328267997
-1522.8540278800 1388.0688420558 1970.9005747264
-258.3842053910 -1580.3734540307 262.0759625143
1082.1062566751 1662.0247339846 -703.7633117095
622.1250155312 1612.1029213386 1969.4622116375
-916.4863879215 -1577.2465059839 1752.4062006167
718.7968546318 -483.3696431263 -649.8223283354
-366.3034471128 211.0654782525 -271.4308121607
85.2267290345 1750.9923922322 1687.6533420914
-8.1900419809 -1747.5821984090 -667.7063669761
1394.1670401016 964.7084495280 -1644.6513940528
1038.0897507052 -1150.5614326023 -849.1930130201
-1855.1422974076 780.1763406893 998.3560974021
1244.7026377042 -401.6940081768 1549.9341706477
1908.9309544702 -1956.8477136379 -380.5829245575
1409.8502991639 1672.8006836451 -1154.9615325461
-1219.5553636715 428.3157813507 832.1517665339
1631.5282501395 -1772.0345162043 -139.9259583316
1381.1351878688 -1478.1307081033 191.0154306104
1583.3290184411 867.4829941185 -1068.0128733823
-1718.4094870202 1218.6408830322 1664.6011916916
-822.3227137065 -735.9556424166 284.0905739218
928.5633565565 -225.6054517790 -500.7524785792
-666.3197942250 1421.1570114571 -684.8986213204
-263.9593658470 -1823.9333112393 -1966.2437730920
-1061.9345633576 -796.2986510723 -1065.5955615898
1875.1924066256 -1316.2712562514 -232.5908070904
-1110.3409294372 -1422.9345449296 243.0767912180
-1545.6539877426 -502.3320846152 1307.1138224908
-531.9160171872 1425.6869054784 -1134.6446898393
103.0452255692 -1836.3764724457 1391.1994837399
-1542.3925521388 983.2939497231 281.4137794096
-1693.0707751053 938.9042469103 1054.3137608573
914.5225261299 1643.4983073908 312.7961566094
1775.3659215210 -701.7022030881 -458.9217575464
-1967.5353289089 567.1413159680 1447.4399315757
1163.8699011452 -137.3482380891 -893.3610874390
-58.3413667108 252.2810737218 981.4992344760
1565.6837730655 1690.1818624379 -230.5606483259
943.2316209675 826.1805855774 957.9035736324
-141.2169384018 1643.5991114906 -427.2440789787
-780.0951023198 1346.1771299645 -1849.0976135606
889.9667243039 1696.3808579065 -1238.2188683362
1464.3795757753 -1528.0556050072 -577.9685305885
-1675.6387256737 -872.8389635256 693.6764805069
803.2745684804 1017.9196884647 695.7382786306
763.5373202681 805.6437356643 811.7330345463
1956.2830723989 -1026.7664794114 -567.3387619034
440.4996958171 -1593.7472723126 719.2928291124
-1738.5971129025 -1876.9212216695 464.7454394575
166.3818385512 -267.5867247694 -1616.9151920424
-817.5922506595 -237.5205625445 -1213.7364280095
-12.5884066811 1491.4804207239 589.6278927257
-689.1872882333 930.1586951567 -989.6370771435
-936.1481467185 -366.5035071281 -1000.4184576078
60.8598578205 1177.9161755244 -377.7376596288
-1466.4026962710 142.0268202031 -1649.9957026327
-885.6796701701 -1273.5511162857 1590.4539702374
1765.9566115235 68.2403966538 -328.2271567048
1894.2775304049 -686.9022171481 990.6292948831
1954.0650367997 766.9181690249 -1255.9726738347
-244.4187166265 1381.6114276136 -1524.1650130259
256.4152088046 -407.4143512618 749.7263650147
-852.0630588419 -37.0346552098 -1364.1731227842
1744.5048259396 -775.4358643452 1450.5096732060
-678.8679244902 -547.3013610900 -969.5821395486
1832.1680371943 -412.9661778276 -590.8896439251
-799.1233678711 -783.6886727064 85.1624620331
1099.5218058439 848.1328996539 1091.9145466588
-177.0613208854 400.1521460415 -1322.8661307023
363.1819891033 128.2113522600 -829.3989619541
46.3196269917 -1518.0159983115 -467.9289206576
389.2458848620 -853.6994049423 -960.3182008000
-1507.2564851911 1436.1946837947 1906.8180913569
-22.2008718420 1869.2860518965 -238.1505380156
-1825.9388945914 -307.4211060913 1451.8189038714
1488.3016631908 -1692.0506902028 1015.4958347623
-1338.4866234673 -1971.8124355725 1488.5489619493
-89.4227875046 985.1781093784 1696.2441569925
1249.3700457940 1114.6815994202 -168.3475819434
-1393.4322421417 -1059.4675887969 1508.1097539048
1953.6580633449 -1766.3090534458 -966.6372144894
1600.9982343244 -1414.7389599445 -1533.7508522403
-157.8545985854 170.7881745524 -1314.9391451435
811.4944094995 1007.9120474418 827.9967659939
-1539.1082386896 -1986.4805481096 538.1415719246
881.5372227609 -1267.8985521311 -1458.4903611318
-1153.3344660557 1156.2359294809 -81.7342785939
1940.7648106657 -449.2849488681 1208.2143973692
1190.9983040411 1960.4202989886 1134.0728971855
652.4265783617 1338.4590629519 -1984.3433295898
983.1234719956 -1613.0202071024 957.5208476221
644.2731878580 -1805.1328981156 168.7436170464
616.3610325246 1738.4597037546 -194.0705516532
1830.7980434556 -1302.4548253392 930.0848238967
20.0164584101 -1240.8926614804 -461.6994813777
-33.1385306432 461.7591428231 1499.3190552145
517.9110814724 1447.8551273285 -391.7086540571
200.9590893582 -776.4406499596 -270.4531721138
-417.4495928108 1779.4815606309 -250.6177766526
-1276.4385282983 -298.5787349940 -1073.8769744735
-490.3061194417 -703.1010480155 -1616.9380974201
624.1500940102 -821.2257794804 565.5910499873
-251.6288277450 1289.2355043183 1030.9137111997
-1461.3329866331 1015.9461350208 298.7013873945
757.9594278481 -153.8027286867 -1145.3931055833
918.5656788509 -1521.2629199159 1532.7845671719
1895.3423639811 -1606.2997674120 -1856.3043076133
-1636.6768789494 1279.0338432737 1857.7015213696
427.7798451076 -1485.3194436000 -470.7238537056
1740.3954131455 1478.0730659702 1497.1746864856
-693.1214287625 97.7396900656 -1960.0818677171
949.8658656255 1173.3473849273 192.7444420023
220.2381716452 703.4054232905 -1673.7252474689
425.7056739826 -1983.6994780237 1584.7510995675
-1975.0005081975 351.9435552488 1259.4372832035
-471.9225384079 -298.2175266121 -1663.6950143384
293.5177082803 1990.1583656621 -1082.9206497928
-157.0300526467 -569.8936461779 890.9105144789
-1342.7497355216 1767.3985640342 479.1597265447
1932.3041512330 -504.8946292572 -1025.9026269630
689.6239901861 -202.8193337190 -1628.0469108592
693.4542460019 539.2619678689 -438.2213972845
-1262.8238004549 -1934.1239253252 1712.0038157910
629.9882684191 716.4687125106 -813.5145442696
629.1588998575 -607.8125807970 964.2721495483
918.6480900212 69.3072154302 -1696.3718042501
-538.1865200726 854.9960958879 1994.7150140649
452.6750458765 1085.5396591684 1139.6475926181
-6.3033878028 1492.7834512493 -1218.5212062418
75.0597458065 -1636.6392712446 -475.4489752839
510.8437318692 -255.7575470469 -1221.5884700207
-1771.0907709324 1449.6229583613 1318.5147118124
8.7414422873 -1698.4782014559 1236.5006524219
549.3190241737 879.4562175567 1338.3210415666
1534.8059845067 1118.8578047283 -1423.5738545112
-1834.7297236935 -788.8801440949 1994.8890344244
-823.9208994442 -1041.6078452172 -823.2170896790
-1568.7635984059 -189.4978666965 1908.9620625760
1015.5326620141 1523.7761165180 234.0524378084
-719.2531889300 590.2205950672 1493.4261885792
-732.4530839137 -333.8765595689 -264.7538481926
112.0836608897 -728.5948373955 -1058.0512416173
677.8978914597 1752.2077215506 1474.2705127684
-1055.7565222752 -700.3704830392 434.2259924061
1909.3568210596 -1104.1084948232 706.2357373162
-1358.4327078213 -1189.3546595945 1367.2865202109
-1592.8864858160 -1818.0791026547 677.8689773529
-1849.8647102652 -1493.9060054732 -1023.1104622380
-1011.9747204870 -732.8227432315 1623.1816074201
1898.8399701157 -955.5999095597 -1045.6581900874
-767.1979395585 161.9972598861 1244.6103018595
397.7147180637 -226.4735039146 532.8345885744
-1860.0868060884 -1421.1991374348 -630.5692572522
1716.7267743666 -224.6038391199 1555.9369507482
299.8514368101 -1402.8184221591 -692.6943910777
-795.4106625081 1443.8669377937 -1291.9949449606
1131.8093241225 -570.1608969744 -786.0821919879
1938.7354996381 1052.6001563869 1318.6032483657
511.9091009576 1187.0110011394 1654.1430539045
-1395.1157539171 1657.8146706722 1234.2904177131
24.4295277433 543.2937024583 1965.2351191202
1769.8240520366 1782.8266207431 1097.5903347814
707.7478569684 494.9380661338 338.2597164800
-1509.1420137590 743.2642255735 1695.8201864760
1017.5131142056 1558.6979386012 -290.7276931754
-421.7815210393 896.2352213364 -1679.3813779148
-280.3273299559 714.1544258126 1876.5088643080
658.2480013056 -266.1855648880 -41.6357139347
-1717.9696786412 835.5688424322 -1877.8500487141
-908.2822250889 1558.6870792011 -729.4670695195
-351.1047106977 -633.3351648626 -459.0560349470
1324.2643998675 927.7378267789 -242.0283527647
199.3307477946 1110.1058915304 -1743.8057563491
-1601.0753932150 -1384.1514140031 -1453.0319259708
-41.7423817885 -1960.9711681998 965.4815678125
-1250.6684747044 -1133.5689787362 -1439.7615478636
1375.1948153361 -1496.0379173416 1288.8012699544
-1053.6910307861 -587.1523762231 -1816.4416398426
-373.9638004040 748.7737091688 1629.7165576563
-220.1004184370 513.3272746556 1781.6340864185
1624.9429169887 -1103.5789900087 613.9771885285
-1546.5696161196 -142.9863316443 -585.4270772084
-1836.6539468748 -1455.7040650280 851.4781245247
1906.7803288594 -1063.1796005619 -547.9368356108
1923.5586631600 158.7382054458 -1377.0668078839
-367.1911290043 1771.8379163509 -1661.3654110374
-128.4879111641 479.9456690955 -945.5430329300
-79.7282628368 202.3825057964 1528.1969629427
-394.3171441865 -909.7792459799 -11.3140268540
-1482.1001341973 1659.5612574489 1575.1360536970
1534.2093515741 55.8399096050 120.1716385209
-1869.1157039277 -1704.7868112012 1308.6749042109
-1087.5118234832 1181.7084099756 -1512.2268589066
-930.1637112019 1371.7469346951 1182.1299359530
-708.2105512625 -299.0055031859 -175.2366955041
-139.2493400842 298.7584742743 -1335.5565523179
-1467.1834987990 -1450.9586913478 356.0342451959
-633.4660144556 -1652.1445721247 508.4861944033
-1517.3491262895 48.5690475001 -1581.0541976530
385.3125648484 1449.5655343201 1039.8226884091
1819.5022650669 -928.5660882009 229.2343433449
1449.9604710463 -1680.4556751326 1119.8475504032
1158.8716540509 -160.5062353588 171.4353519294
704.6461553402 308.5618700831 -1776.2689794845
-1070.1028048341 -906.0696677631 961.0418084742
390.4081757514 -1697.8106672923 -44.8763478731
1954.4854266874 888.5298108899 -1737.4507551522
1580.6589136146 -617.6815749111 1734.2441549488
301.5179273689 -149.6790783641 18.9901993530
-1118.5664216911 -1376.1534433611 56.5644713526
-41.4851808419 1931.2517383633 1908.8632173683
993.4056384483 1878.5548711119 -261.2361733006
979.8087458512 -1812.3085349716 1240.2477294155
568.9056862384 -1893.3399732859 793.0530743961
-318.7021729566 968.8440145645 1461.2681613724
-435.6489001387 -335.2135928288 -1214.5072532526
1795.9818362188 157.0404039018 1853.5576279014
27.3525417868 1351.3031738289 77.9843846760
1874.8007846486 -691.1355749943 51.8109540456
-1242.7427267082 1389.9855147177 -722.0105265965
723.3178079092 1276.4082151396 1399.8845605704
1082.3644177970 1156.3354357066 -475.3494645710
-224.3600436998 124.0038083596 666.9338806228
1419.5133744726 -1671.4837772317 1717.2436256101
-1922.2493391134 416.8799316893 -1433.8194556442
939.4245453279 1754.7726906819 -894.3976475774
-1319.5708162661 -1440.4622322639 -1582.9384056339
-189.1643409257 -1522.2036311204 273.4498035262
700.8461741936 1735.8771814612 -889.2294160177
150.4835379951 -412.2082359617 -1392.7379673202
1313.5724949525 -1260.4913988480 131.6223485706
-1992.8434845429 1111.1965816384 1266.5293839246
-1868.1967955043 349.3444398198 -1211.4519539907
892.0756265304 -71.5258372612 -1453.6356765311
-614.2732794694 266.1609456740 -1554.4784262071
405.7686948245 515.6984929297 -178.0004152417
428.7623819320 999.2265680286 1157.7150068143
1751.7819563810 -1848.8739684099 1924.3121172660
1872.0103201458 1937.3856730850 -691.8900576545
-666.2217334440 265.0106249019 704.8380396504
1918.6817554377 -699.9186622635 -75.3022814714
472.4691133755 -532.3761011828 61.6019654033
-205.2292232511 -252.2891166819 -1734.4369043513
-918.2321004335 324.3674234579 1881.6068664976
207.5034517350 911.3965613690 1693.1340967295
-728.6466985811 -1617.9704651979 -361.6672366898
-1499.8632060751 -947.1227734073 1587.6873746598
693.1391078511 1874.5697779712 1633.2669003359
-1084.4128729695 380.6960283971 1000.3987460948
-569.5353907109 742.2942780339 461.9831418334
577.9268028522 1862.4329191884 1076.4120330666
-83.8870357540 -1335.9845048866 -1460.4799124810
1848.0815914127 -1659.6841394374 1100.7435735046
1860.1094268428 -20.7269963496 -1311.7636640600
-1991.8754565694 -459.1974892436 397.9948940074
-1430.1956342837 -1463.3627855830 -1664.4227579175
267.8218122425 -921.6001152840 -551.8306604557
-34.0785075428 -1844.8739048530 -1134.2630950638
1339.9253751046 -454.1498521192 -675.2027844998
562.5136965065 -972.6239696281 685.1697559346
-803.1593136919 942.3211063600 -1254.3057870794
1626.9878140233 1829.3305866551 -1316.9657292530
1221.6864607076 349.8587617318 1232.1033763233
1923.0599782300 673.4601978926 974.5882795506
-1133.1204309295 -1182.7033451751 -1238.5370051275
-1533.6933497528 -1823.7475053526 649.7865754565
-1112.9328301707 -547.8135104561 -747.7572583583
-988.2923228660 -1408.6634512553 329.0785559774
781.1803759050 -946.5699420721 561.8180893498
-283.0849158382 -1367.6846321703 -1299.5562642278
-120.8486571129 943.8794294784 1791.6617845792
1695.8627966997 -1986.8629704968 1676.4540837079
380.4531746345 -1021.6715754276 1667.1229915110
-618.9782613162 29.6717423666 1075.5748716530
-1185.7511879220 -247.9246313646 111.1816391765
-1921.4798178104 -1847.9318111590 -419.4786967545
-199.8251303026 1373.1391198500 591.3817261136
678.2011221692 811.2072925464 -1515.6155299266
221.2377464497 -1114.6295468406 -1767.6357146752
-1159.0585051674 -23.7687889302 -228.8741771657
-568.3709028443 103.5700503308 -1067.6669039848
1407.2981540318 -35.9706813769 295.1962766760
1463.5104982617 -1447.1594757624 -1985.6449185279
-373.9386254501 -267.6844372138 1912.2536148055
-1334.5006153144 818.1113730141 187.2028311724
-1164.8642039089 1933.4905701127 -911.7286491038
884.7048377241 -747.2943231839 1625.7922656751
1106.8781124284 -1431.6203509183 -1118.8859876118
-1743.0084781151 -83.6225028173 221.5130151942
-311.0513675761 -636.6118272308 1309.7010146635
-1242.7239632595 1839.9737033668 361.8957449397
453.9822062503 1006.9310879540 325.4609503122
-1625.3063790570 -1616.8377753647 654.4604443682
-173.7030916631 -243.1748268299 -487.3563627716
1058.7136666802 917.2324982223 1993.4580520306
590.9368003193 -1887.7498948839 461.2941030884
202.1839886176 -634.2986540486 -1961.8008532524
-1906.4422490970 -1601.3715761469 -1625.2739486876
-1220.0446722601 -417.8975219604 908.9025357170
-578.7897787862 1753.1883757285 545.7383262100
978.2110674779 359.6749448014 609.2615888271
1113.2054246943 -1907.1329483465 453.8828796069
-1831.9306714320 767.3447124720 -847.3997417039
-98.5272531502 648.3782746558 -790.5870228542
65.4072093095 1347.7900422890 -1136.8988302974
1813.8979668694 870.1161116020 -1045.8798308121
-535.1341730620 1200.5877126648 -599.8865589690
233.9186473754 -306.3761056037 -878.9030339602
244.9897380094 -1409.0841320577 449.6036162118
-85.7382860949 -1419.7177166560 608.2021569077
-1731.5808818671 751.5263068174 -1788.9348102307
1604.0760076510 -1172.3586713570 1046.7401453820
-367.0381953682 1217.7666752132 594.1784644930
-1010.9455795053 1847.7623777975 -969.3172214637
-1427.6979247149 -1124.1273738102 856.6803044976
1898.7645817069 711.3174080653 -4.9344649036
463.8978550972 -400.2924048366 673.9847755641
-1364.4305708381 -67.6067083692 -1280.3998981863
-52.9532458565 -1082.0077522592 -1299.7691667321
-1266.5788678935 1595.4754232999 699.3342555456
-253.0348143211 -1586.5574937579 110.4189108626
-867.9208148205 1979.1083501627 352.5193840294
1765.8204700013 1920.1214164071 -1603.0984078297
-1777.5554939748 -377.2812715077 -76.6736110322
1331.4301507226 -1862.7788163510 1653.4894154455
-99.2140828904 -83.5736563615 -1169.8366592650
493.9027244351 -1903.7822311145 1904.2115344086
-502.3790392817 -375.6365323950 267.1055250197
576.0529328421 36.5206195168 1625.1525527821
-1446.5544466376 -1941.0977463959 627.6309727036
170.6476052738 91.2731767832 -163.6886622268
1326.6001528550 -1914.7746464667 -1240.4777073258
-737.9976610683 1697.1499479826 -213.4581633089
1404.8195955879 279.7503611362 612.0766096374
1054.2325201816 -207.6271740372 -1275.6089439896
-1022.2272968652 1325.0571345878 -666.0615009676
-1321.9458558576 61.5813476718 -1998.1820546004
-1819.6480984502 3.5049836282 -1893.3498045136
569.8064622547 826.0522321630 -110.3173879053
-263.9664883169 1911.7801282245 -1900.7173086491
-173.0139374575 201.6790016859 -1730.4750378335
-74.4028602121 1150.1956648576 -1878.0729595826
506.6942847708 -280.9166200241 -833.7904264942
-235.2851668914 -703.2658437917 1532.6962311909
292.4255488120 44.6945022740 -1465.7469024905
-1453.3046817114 1260.7536083105 -1931.8383950102
1480.3556786778 204.4812906853 -44.4940753598
1293.7238284746 1457.7851613637 -1491.8991781304
1851.4191524350 1244.3349600520 -1345.0172100042
-293.7788773199 1210.7243600624 797.5611674687
748.3053308636 -1656.3734944164 1627.9016497989
-909.4556041783 -324.5928017597 489.9152115512
-532.7768281214 1113.8483010193 586.1190951667
-214.9334842210 -1375.6501726123 1624.4887050790
-1162.9943229211 -364.4236022518 530.9709469697
1224.6598145029 -181.4592444575 -1912.1705982309
-1444.8380691988 1804.9264994852 -1585.1150919816
-1813.3264367829 -1967.6890719486 1555.8607295648
-1471.8372671744 -1216.7740572554 477.7853056273
-794.6300967465 349.7917129251 -362.1362417479
1999.1434243195 1159.7911630638 -1142.1714564021
120.5946809894 -825.3348911857 1444.4383849181
1152.7222664550 26.7350491649 -320.0000707664
1946.4830208124 -925.1092906804 -910.9650084082
-147.0963394777 -234.9324686331 574.0693601216
-915.5189022758 -1945.9094813500 1020.4543609549
702.7507019598 1515.4929892089 1495.6725485473
208.8607474812 -9.2394174553 1195.7297827816
-1309.3298308730 1968.4985003181 -176.4411256817
1420.7066347260 108.1816380420 -1059.6509872654
438.4864721107 80.5538517402 1248.6660215250
-204.0719258568 -1871.2470232624 -1913.5534866621
944.0861045804 -1146.3518761909 380.0664711904
1411.5408917657 1224.8354047911 1164.9454986490
-323.6482427567 1990.0890840352 -1650.3981305159
222.6426810312 -892.7055657723 324.7181127967
687.6857387688 1490.6855808465 -711.4654555863
-1797.0428494219 808.0289865342 -1234.2036930641
-1816.4045776026 680.9064495924 1993.9078991966
-1048.5085140052 1191.3924719223 -448.2889127820
-1216.1729040631 1308.4839044795 1124.1359678562
-1253.6868705667 -1633.0141102256 78.8220602549
-1056.7930223086 185.7960011048 1392.7680232693
361.7760696244 1858.6447139055 -1215.8011107392
-167.2980151965 1077.8003885100 1051.3844682100
-212.1093058105 1619.8483220539 539.0486582190
880.4315706422 -1781.8382152605 -178.3947108053
-1678.8283003065 -934.6384910463 -915.7315858424
1405.3556192776 -286.3670167528 -1524.4181188369
-1666.1032799341 -1061.5273793277 -268.1543055238
-1588.4608712479 -938.6526838375 -28.3044597418
58.8729991980 -223.3110557597 -976.5707478874
-948.8283068586 242.0110753148 -1412.0460771657
142.3494172348 -1680.1524638686 1387.3562850722
1345.5085777595 -1665.3732039447 406.9250087407
1467.2534941946 -1820.8189675723 -1395.5720583002
-1310.9580701283 1429.1182662253 1325.1993073830
-259.8211681157 150.4766295770 -48.0160306669
1308.1611815863 1120.1670456108 -352.1102124570
-978.7935890144 -80.9560139397 -1649.4227443738
38.7906024077 -1631.8799511323 429.9344082763
-1947.4779465030 -1529.9756159138 1415.7195208127
-306.3212908015 1905.2118597530 1746.9090938785
-1068.2243665640 1518.2410569703 -1646.0094332411
-123.4309451251 1224.8004420164 1281.2504607080
-102.3205124520 -289.0792299988 1405.2043227587
1837.3170954706 -1578.5478791347 -285.5640365191
121.0654360155 40.3257436046 21.3102089765
-390.1092386567 1996.3465265132 1643.4838751847
-1330.1842537529 1068.8266203907 1862.6485966350
-1630.6514972867 1804.7875101965 648.5468133543
-1661.9670259462 1372.4953257223 -1998.0188705260
-977.5265437810 33.3454400995 -1.8819276648
1485.1008842016 1834.5067374256 -805.2804269358
-1336.5169179067 -1065.0372420103 -1642.8612997938
1836.1024399676 -499.4613604063 -287.3919418456
-663.5863880639 -77.8504032148 -1887.5463196040
-515.1594789049 -580.7173760348 1148.4763135041
-1348.1408250040 12.4350885399 758.3642078318
-1177.0027726618 35.4619801384 -1813.0038002852
-1519.2320678698 -914.7223986924 785.4629113224
-1770.6671322920 -1985.7444540469 -581.1549365793
314.3012322006 -380.9469721551 -1616.4157006487
836.0685819839 -1786.8778441723 1424.9714413918
-1085.5748025755 848.4320427682 -899.5212475993
1473.9922220053 -285.5726161828 -527.4686116538
-1484.9599425148 -717.3300427829 -1455.1385903757
1226.4560437272 -896.1448547493 -1910.0184149997
-724.5309485567 -500.6438091052 238.6421812625
-1959.5899808019 1426.9382576961 -17.8664331328
1007.1572272769 -535.4561199500 -443.5278842997
1344.5047048181 1749.9248824871 1028.0934318926
1111.7804602066 -243.7801218795 1032.6363546430
-1810.9308264000 194.0400497924 1085.4066095202
1434.2174708209 698.5836625635 1010.2117744077
725.9912636190 1411.2393129549 -874.9429295839
-134.9327185782 -824.9469446670 1383.3729785500
1910.0058973362 -1276.6985979283 -926.7300121862
-491.7825948365 -1327.4107732798 422.9275277110
-1411.1984359222 175.9110407567 -722.8432041725
587.5566669522 497.9341592876 -52.0597973256
-665.1046923854 -327.5988633129 -822.4605268440
309.6704651919 1271.7196470785 -1013.8970825857
-189.3148797650 1553.6009536839 -527.9167010893
-804.5933967373 1583.8478800707 -1529.9080990284
440.7614324005 -1505.9005462209 -1083.8565417308
-142.8741344562 -864.9219426438 -1326.0579347342
1634.0719748441 647.4251103695 1659.9180084207
119.9473410996 -1592.9445368755 1116.0741392095
-1197.7706404635 -215.3874063627 -342.0158903855
168.6464700128 -1040.7966782068 301.4210848013
694.2801704113 -850.9924851116 1726.9743405804
859.5566073468 1450.9223982883 1464.4602881433
480.7884478978 -1344.9528914565 -995.8595654441
-824.6418265307 -1647.3854394524 -1692.9223251543
-970.9313876974 -678.6513663651 1426.6351121714
786.9083925177 -36.6508938502 31.0058763466
-41.0558645162 905.7769414915 1101.4327598325
1745.9458691386 1916.1201298779 -79.7513983033
-1858.0824276043 1789.8706183954 -786.7889339722
-397.4306840352 -931.2166655849 -701.4901587419
959.2326132052 -57.3905685501 588.3272006391
1912.8638030443 1162.5945320367 -418.7826666913
-152.5333987116 851.7374924906 849.8219091686
-223.1709361592 461.5556479960 -1169.0235947507
1197.9968284257 -1751.2658957624 1119.9661909149
-1918.1341683413 891.8295251944 160.4967465949
-544.0115264602 -1642.1735668155 -1250.2358046860
-451.7602519750 -1505.2894261716 197.9361677843
-1601.7280345090 196.9799983796 -930.2577603995
24.1197041341 -1530.3297250994 301.3558026634
1205.0920049416 1804.2288307044 -1599.6007353148
1133.2767266679 -1258.5835572214 234.3472342424
1205.8931804672 1500.6799983500 1010.5343785401
-201.3632931008 931.0350925005 -660.8080663817
-131.3447855558 -258.1055802553 1390.0990152983
-1429.6718756590 857.7844200383 1376.5140777546
1393.1394879680 -441.8146912170 -1531.9407557262
-1340.5526106919 -1495.9227931478 1584.3860691699
-1783.9574327560 -1637.2964463391 1324.2858410662
-134.5695391956 -908.2383748679 1397.8345230843
-1760.0736237109 -573.6703783755 1330.6556687539
-1674.1420234412 525.4064171840 -753.6776417430
1637.3985037149 1513.8519350082 -1115.1894873867
866.7511688662 621.1396464773 874.3459703577
1324.1492941809 683.7889587720 -1107.4623854926
-841.5388979597 1713.4311533194 -1122.7153458074
1171.5440145128 1874.8790055454 -530.4063635652
1937.3006481270 1216.1129169265 1459.7148707361
1059.6847602092 -1832.8695997475 1515.8060537220
1359.2307544143 -1794.6621172931 -1743.1454433635
-1946.1781444799 -1491.1798247151 1038.4842439051
-86.9076163936 -1751.0728993900 -130.2146616152
-317.4104662457 -1668.0134952487 -1091.4425713755
-1175.6282897553 746.3775525731 -1628.8363506162
-457.4146968039 -217.3064569373 1707.1979465922
1682.6626244244 1495.5008200750 -190.6403217131
-1222.3849540091 1880.9182836273 -1262.4526802036
468.4599146131 -1637.5920364918 700.9727844030
1870.1692354602 1342.7210013734 -924.5714973767
-946.7525287661 1023.3701069842 -236.9165627495
-67.5148656648 1776.7407793243 -1883.6506353099
268.2238665904 -1644.1082795800 -176.0698651763
228.4030036476 -824.3123579139 1045.6113964815
-456.5713721804 -1223.2549374618 1973.3629968945
-1528.3194536196 1009.8905239221 -596.5236874790
739.0538558681 1888.6447236880 -225.7861449832
1412.7367219598 457.6447705498 725.0902084619
1111.9524626157 -291.8016137204 1247.7401353899
-1531.2266036218 -510.7587190420 -1435.6256096045
1239.0047136541 -718.1407567623 1490.9714119443
1536.3454590903 1492.4373117777 -1729.1895913089
473.8762404125 -1380.7502742366 723.0161077927
-735.6137487703 1403.3364256598 301.3185246967
-1761.4004826207 1734.1595265765 -808.7904987738
1966.0294907506 666.2966210847 341.6401536348
1990.6192038397 -1193.9017226393 -235.1385994229
1368.0054393027 -1918.0498133186 -192.0802418922
-402.6798177098 410.0473844602 -1891.4176188648
-1236.5568246265 1304.8130647920 1115.9175448523
1705.5956920936 19.1664409704 1028.4741251246
-1359.2716923163 -311.8501538529 -49.2041222444
444.8963673108 1647.4655449229 -520.6856025917
-1636.3218597154 -1351.1505827707 -4.6610196372
83.9921094652 968.9421330576 1403.6607564426
-49.2385288254 1186.3662619970 -326.1776569481
-171.1706992764 -740.8309435683 -1181.4880583047
1398.1618557934 598.3162216202 1597.6371075618
-1240.1585149437 -1106.4095003040 1308.2633603291
1677.6796285035 1304.9175006423 -774.5166134686
1157.9898127467 1745.3878990931 -339.1272455922
-1060.8792835091 966.1728988889 1949.4763947082
1199.2756425974 419.7670394905 333.7632876900
561.5254753321 -1750.7821786310 -943.2094479351
-1820.0795926788 -683.3997609600 -519.9313880128
598.9697170884 636.9453305156 1157.7497437017
-719.9555529603 336.1781012487 1138.4062197989
1264.3506311438 996.3198180165 922.8160716505
-817.6066067515 1495.5316893181 -1246.7367815738
-1376.7468692977 1100.8264673094 1033.0274489760
-869.2253796245 1109.1450089356 -1703.2477772384
1861.1121245721 -1400.4064292781 -1936.3279437002
-355.2521027143 783.7526357411 177.0416307199
1590.2199816723 1107.4294402550 102.0200191948
333.4352006251 -1764.6512466200 1576.6147002625
559.1170239401 -874.8352149602 975.1445572261
537.6268741375 -1849.4778624273 -1783.5626522510
158.0677163432 1900.6124400706 159.9307611311
161.1776227741 -1987.6686174378 -1727.8413606359
-1663.4071866027 -516.5860387300 419.2059566086
1549.9779895092 1722.7137252782 -1254.4200136367
-305.3584458210 48.3280468447 890.2274815270
-25.9820577557 -605.1656272269 382.3977069450
-120.5091418086 126.3995328527 1318.6090773994
884.1378872170 -746.9228078480 -1033.9994506809
1121.0882852038 1862.6373670065 1579.1432828733
-1751.5937649578 548.2225476516 -1798.7342335694
898.7060298756 -1800.7126926787 -417.3835069157
521.7254797957 -1925.6067650010 1386.8975667063
-259.2335125927 -1139.3560125269 44.2893101518
-51.7339593943 811.1357772792 830.3484202761
-353.8327794164 1456.0108511920 1324.2487521556
1679.2028134536 1134.1759109101 -575.1581958583
1832.9873249762 -1385.0407435826 -400.9748008316
1042.6758644784 -1646.6615256051 -321.8197623171
1452.3886430399 732.9557681747 1797.8325816467
-1316.9819167949 -1321.4191489625 799.9340096330
1715.4769187558 -427.4545326839 -1550.3389493156
1908.6058323288 -1790.0600396328 -1961.8894590477
1209.4478067064 -1.3806446234 956.5689777174
738.9458325321 160.4206604740 386.5423185657
-1736.4071820667 1298.5698707722 612.3664216984
-841.7484044608 -1402.7871088453 -1303.0867551145
481.3369240113 836.1111331084 -1355.0767808405
-1475.7767218105 -1477.9629887342 -1178.1748862797
1991.1986700425 375.9487214400 -32.4215745086
-1258.0721139901 -1731.9875452770 160.9875141660
1601.1571001016 -1826.2251571904 903.5814217958
-1458.4589888345 -753.7788072140 -1073.9523256519
983.8616804553 -1256.6234192022 428.3628157758
1846.4672705042 -1304.6328225924 116.0796310844
137.8914676810 -1224.0883000210 -606.3526325151
-1870.4775937053 -1429.1836625678 -1554.1168023961
670.7857591584 1050.0777434538 -133.1593560178
1739.3589551589 1512.0780366156 -338.9315080189
1781.8227782368 1247.7667202405 -1351.2032867583
-1509.7183365343 -218.0030261945 1285.5807595927
315.9611133113 1694.5801458356 -1761.1811468785
551.1715231824 251.6366130496 839.7458547120
-1980.2647162053 -572.5579036848 -1037.7161802041
-1179.0766570591 -1504.8822552683 -1651.9701065514
1545.0789324974 -1070.9200155737 -504.4486317658
557.7739180503 742.3498706094 727.2392141880
-497.6190933435 -1818.3982927064 -250.5144667924
1018.3186879990 -1960.5655454759 -286.5252199449
-1901.6953010889 -1685.3799116143 1851.1776479324
-1876.9411909866 -1740.8679832851 124.2667578320
-1871.3791536153 528.6780260314 791.8155013009
1031.5889196975 970.3509815982 1890.3560955071
1936.6982627687 1077.0105945808 1130.0461990529
-1323.6049967038 1085.1016275302 -249.1998501506
-1649.1337121622 -1482.1996422003 260.3984955393
676.4934818552 1313.2326853362 -346.5551225594
-1673.7295843434 -1469.9885929553 -379.5804349385
-1950.4596241464 494.6503926700 346.9255520447
-1855.7452115799 -604.0648361119 -716.6222033734
-315.2081592578 -1645.5907565045 905.7091116709
963.7544689525 -1583.6558411871 967.6567397056
-41.9894100711 1372.9694932541 -420.0991727405
-130.6429212912 173.3463149251 -452.3285745871
976.6328038705 542.2977835630 -760.6353907215
-1285.4180738064 -787.5944650951 -1856.5210525410
1121.8404325307 -189.3117271909 -1957.8386736836
1803.4087941083 512.7137003549 1506.6126496845
1683.1979038146 1224.4158554847 -1281.8272854118
1215.0012831976 -1540.6374242014 444.2391316508
-123.5328012626 -1779.6598610636 -1099.9388391545
-53.8634742756 -626.7487685752 -1562.3301331805
1705.2913779755 1019.0785394729 -659.8639802834
1782.0849367490 -309.0485802798 -1893.4978627574
-236.5950193877 -152.7435126793 -749.9478018740
324.4443430717 -1555.7754137633 887.4842300688
-747.5619037031 761.8812545727 1985.0118618427
477.6685724248 13.0335327183 -108.1398065406
328.0109183950 -1446.7301361315 878.6448714386
-941.2554197869 23.5739183520 -52.7499035405
242.1906998996 1848.6443050814 1884.7967144508
940.1318281108 -765.8397035459 586.2736180045
1205.5105251386 -1744.2556227680 257.1698551407
-995.5768246307 1179.1536317758 -1789.7951092332
-80.7891697641 673.6143862148 649.4538781034
-335.3780472359 -610.7251903124 458.3721409402
1849.9602251019 1292.2961957474 -33.0273065368
1808.7905849218 -1405.6596864228 -1474.8614775390
1460.4015162846 -1375.9895298219 -1010.9315576582
-432.5593490032 1183.7998384141 260.4847427550
-506.1266437143 825.1063990705 816.9043294152
759.3975571789 -1525.2954008357 -297.5957171881
941.0116570001 -284.9198886495 653.4206958387
1109.8925744469 1725.2544942812 1007.5480005894
-1346.3045063004 806.1571454952 68.8815342404
615.1849753527 -307.5062090578 217.9498004902
-214.0567526988 1951.3618779362 1474.1814346903
-1861.9275857580 -258.8425342278 64.8831734975
1191.5959273685 -1707.9962653673 1041.7899363117
-1310.8648014361 442.3946342734 -1795.3698938190
-1485.6090338040 -558.9015080888 506.3771827685
-829.9909768197 1690.0436540022 64.6535482774
-199.5578401372 451.3008747266 -1271.3372216705
-1593.1356706465 -494.7790433444 394.0954929253
-993.7157778940 -326.6687550815 230.2716366425
359.7786977133 1152.5733345891 1527.5826034752
800.7546636357 -1395.4428141255 1061.6665470392
1640.2895270413 -1748.1595746485 -1050.4107644226
1290.6734071037 -1334.6723078204 1234.6457682288
-1774.9220507647 444.9972634687 1458.7418599897
595.0820966611 -204.9501304403 -1335.6203406555
1916.8688514137 -596.7959687119 1212.9766180214
1532.2622857119 5.5047551562 541.1521190083
1146.7387120786 -476.4424414294 1207.3218662239
-1227.5405290455 1211.8793810657 458.6733933092
1765.3019498184 1478.7274866496 -864.5007122593
-832.7839369520 -497.8622916506 191.7233643871
-1360.1978377896 114.8556067535 -786.9431886814
1663.6166831181 -1736.3542639347 683.9680606213
-647.3269338734 -1848.2706301640 -1131.6228691518
693.6985474167 1056.1173433467 871.2214904516
-1319.7289535340 346.0367165507 602.1283710150
1188.1116867628 -1256.8931798983 -46.0797831148
-1374.6539952652 -1848.6866341196 -1571.8657769401
-1871.5108465102 789.3850882615 1395.2519173664
52.2424794959 1472.3178733213 -1215.7243458023
1564.3744149932 1126.6053608667 -962.7128034259
1938.3141511375 128.2019710829 -1660.1153354942
1457.6894778616 -340.4519769642 -1214.5068590750
543.4121464047 -705.2860387544 -1944.8544397699
402.3502332652 -1093.7831350774 -1441.4342711933
1458.3349839207 687.4177807310 -721.3225095135
132.2031618696 724.2123150871 1644.1146889148
-1418.3688770119 -1813.8326745953 -590.2650909956
575.1848536087 932.3821812395 1609.5891611664
76.0142631337 -1057.1915426896 -610.7562327830
-620.4573300185 770.0900910045 1252.3299153293
-580.8635952492 788.9895565435 197.4422789261
1954.2563005649 -1701.2368068052 -1791.6971611875
-503.6049319093 1846.6555417333 -854.1814190315
-1621.1656144119 -1711.3638045202 686.7337563991
818.6350269708 -22.9434585503 -257.7915152862
-631.9234149265 1300.5046875344 -1371.1826613726
-1622.2180782678 1995.8241225112 -411.4502874965
-1362.3667242217 -1623.3232521068 -18.3167503353
-560.6968131989 1204.9578392016 1676.2125557477
-517.3663781138 1408.2784048362 1211.4873606045
-436.2773802510 -268.4749449316 203.6668694125
-1580.1022440639 1357.1726709810 -1909.4280772035
-577.1887216931 -1403.2076151862 750.6527466575
1764.9465585538 632.5689627115 381.9295615424
-1444.1993544150 -1082.6841494488 -521.6774228634
-88.1326975370 -156.3396903859 378.3538693341
-181.2132907447 781.5019361720 1444.9718053506
-1462.5356760093 -1877.4131053881 1277.1228289770
-1626.0180129785 -1329.6446151549 -117.4147536494
1300.8459693750 372.5197453223 783.2904140436
-424.2481473447 -1883.7538903661 -834.1667286074
1381.2225020629 -74.9566645816 1199.4336399990
-601.3433417773 -1343.7273137850 1594.2677474212
-740.1779977318 1742.2496860946 -352.1093213520
-1526.6183635290 1788.0599880257 1107.4480396345
797.8823958251 1619.8172579106 1005.0976989454
1410.2826079812 985.1807561941 -1291.1381218031
781.3300793398 315.0178290188 685.8721347860
1060.0366531837 1667.4263278647 -178.2590469993
102.5737226438 -1180.2412823566 -180.2168445155
-901.3179871914 756.1628780890 1927.9558684612
-534.1187997280 -1267.2892768207 1014.5810418847
503.1458753386 1463.9767401897 -1710.8981241935
-46.9392287060 743.4926488190 -560.0074911967
1843.9253997655 15.4026764305 -1984.0842768410
1416.2129931250 128.7068009159 221.4825604625
132.8235280787 -779.8602046181 -1399.3223128609
1417.5838218758 -1038.7184685899 1247.7905966104
-210.7081342257 847.9124912475 -1011.8097057727
1587.2693975579 -1398.1646359450 260.1227597486
1878.8474250267 1466.2230750761 607.6405737985
907.2916262101 441.1023248098 -830.0127104795
1494.9244983575 -1087.5363573490 945.4816021214
1146.2391934245 1768.4694487846 -1807.8491229282
1874.5018526239 -824.7630445940 1225.7735539239
595.3628368135 -802.3632737634 1095.5193944866
212.0959244549 -268.4343563699 -1449.4470798743
674.2142892251 -1226.6341689213 -1451.7959423929
-813.5799202047 -453.6700101927 -1924.4104746705
397.4135809202 -1262.7197983617 -1049.7714936797
-1152.4467633823 818.9267455035 1415.9691681651
-501.7645811432 -815.7646022259 -309.9930701307
-690.3200737686 1613.8284508559 131.3383751944
-764.5575189218 1893.7386220784 1153.5912691452
1327.7939143223 1364.9701256248 -1366.1474893248
983.1950853115 1858.2221406572 -1114.6005803492
1508.3094801964 -208.7423405294 636.3732553144
1211.6208498519 1951.6537855786 -521.5176022111
-1556.9628099586 -1302.2334173857 1268.6886848520
1284.3871730703 -801.3009992665 338.5486813236
331.1965333843 -1173.2164768352 -398.8703982398
1253.3134259843 -1877.9180822153 -1283.1129960058
1698.6726206649 1202.4792845004 -216.4524109972
-1801.2486848262 1978.0433545101 1917.0335398856
-971.7419395545 -883.0214813122 -486.9712694757
743.7934744345 242.0144731333 -22.3542956518
-1925.7832730482 -508.0588622060 -1710.5855073848
-107.1296773645 -395.5743723608 857.2083327408
486.6445069141 -1376.3358913895 -265.0039231806
-626.2320875120 51.2787142653 97.1649536156
-1546.9528596249 -1692.6604879264 -650.7616313433
507.9473087881 425.1789545154 -1877.3594027328
772.3929575407 -1873.8641808571 -1708.1425903690
-1591.1675772516 1245.4403637021 -109.1778510603
45.0642292104 1538.2682597236 636.2245943622
-973.6235697442 679.6933646079 -1542.0697718845
507.0290441156 1744.0431263098 -908.2524552528
309.7217980686 -989.6846465306 -1122.0646624725
1462.3064877767 -229.8384260701 -1910.5278753373
1372.1703628694 1120.9902538212 -173.6706570733
218.3357153151 45.3383365120 175.3887138532
277.6790265655 732.0601898706 -1450.8621691902
-287.3121926528 -1603.2134159543 -1373.9900072606
547.1756685194 -62.6056399570 -411.0784807560
-1107.2776404457 480.7726363497 464.1118677192
1634.4204216603 193.2991071368 -107.7496007774
-1789.3939783387 -1692.2602216904 152.7704927773
1030.5405526044 1315.3674976445 -749.5030253954
-1448.6063497302 -443.9792471304 -1116.7283320351
1777.9864785275 -1558.0039525277 79.1597839546
-742.5589971220 422.7523382980 -1329.9170409446
773.8091116199 -93.0557410885 1575.4647451939
1610.6145394569 1541.4833193299 837.0434995422
-1149.3309706395 -603.4948447597 252.3808926517
1522.3978055773 -742.3786477519 1625.3325234279
1422.7519859837 1586.7242245550 -730.8711288900
79.4406164736 -1744.6218933062 -1117.1319283784
114.3145425378 -1997.9017032079 1244.1840521085
-1191.0922394468 -87.4155303845 972.9114913001
-1869.3439675600 -1129.5815498365 1694.6546437440
-729.8709684793 1423.8614761757 -1673.4424102861
1564.8211975914 -1928.1256214403 -850.4208400437
-1513.4539413011 646.8116455167 1170.7565227266
-1233.8628260223 -665.9758879843 -713.9930585481
-1435.8223039552 -1314.0161341245 1031.4131758648
-1419.4414288722 971.3482466904 1626.9944758672
522.8347759793 1863.2734495001 -710.0085798964
-1781.6665338860 -1065.2108477109 -1247.9112519152
-1138.0933635455 -1349.3423146535 -987.2275243944
296.7377231409 1789.6037417966 -1894.6561363032
1044.1919669809 -1875.6179412881 44.8481883852
-213.5865982473 -397.3486566020 120.9740141733
1333.6717247431 647.4019580011 1969.2045501398
670.4945531123 -1162.1106910137 -1451.0437638394
1532.1939395641 -1063.5526361570 -694.8141305335
1275.6978049844 -160.1259825499 1371.0116699684
1282.5518345271 260.0129214333 140.7283142456
1029.0466581807 214.0932513418 1456.9772132660
-234.5207431457 -1266.1693627154 -442.6820047403
-193.0881786765 -49.3154641285 -341.1811765521
336.7680606584 -152.5226898090 937.9390487169
1172.0755356451 -877.2335422708 -1506.4526137783
1635.0702650700 -1076.9002296761 574.0302628095
1822.9005581300 1345.8121456196 1876.5158438252
142.6006868094 -1950.1790962627 1303.5077836752
1524.6253518863 1583.5360544834 -1859.1012099490
694.1526702888 -1727.8427599706 -1173.6489769305
-579.3562317174 -866.0510068042 1025.1843951844
315.5087142005 -1661.6780147249 1395.7460867968
-852.1787297348 -120.0101764344 257.0963063203
-1323.3469118200 191.2862800047 216.4836567419
-1330.3773179039 894.5225799591 522.8050664239
-1754.1811128730 1615.0711854865 -163.9492227069
-248.2176719234 -277.2255849859 -477.3343399399
1239.0036309568 1979.8096143916 -535.7441709445
560.2299510957 -391.7190288519 -1269.8957935114
1665.7493324437 -839.4854505017 1902.7103100062
1471.9882665485 -211.7236479122 1608.5546974740
-1238.6871462032 -705.7976164107 -24.9232687720
-234.0343865511 -1383.4849741988 -464.6542166886
-1535.1534649722 -534.6834769052 -660.2247027231
326.4759419775 1863.1733026679 1830.5894239864
1574.4950384017 -1271.8221603571 1809.4255081156
-1318.6787156596 -61.7038167589 -1541.6776393918
75.7154455034 -1396.5108385956 1633.1966791969
186.2738948904 747.0131710726 -1019.9824275870
1065.3125529620 -1388.2577875638 -470.1083465458
-1905.1370169038 -687.3114002466 -1869.5975053000
-1671.3637225035 -465.0041852447 -1368.3106873901
-199.7776609021 -898.0855441503 -250.9349492779
-717.6762762957 -639.5784067915 -85.4104225344
988.2680755241 -1547.1032725314 -1130.8132761318
-1263.7884830477 1092.2777599671 -1139.2466180158
-1195.2302099873 1092.2358670705 -1494.0904726271
363.9208052189 104.9029923403 1446.6495173683
1510.6277230722 1221.1965124683 1108.4240965347
322.3979396001 384.5782588959 1256.8546800818
-1006.5111869061 -1778.5391124743 1110.8882699668
-1981.4892408668 255.6161678569 -311.4272629409
587.0852019245 -1698.5552292293 551.3769787207
963.2559391660 1598.0475011778 1710.7837268757
1287.0298738017 1118.2462397874 1056.3544732288
-1073.6398060137 -346.2627743454 -1907.8076925967
613.0425491463 973.4920840957 376.4019370748
1477.8462700051 518.7421497957 -618.9430392618
738.2526991636 1786.4875136796 -47.0001963981
-913.2794187005 -337.3199954571 1719.0497018386
1084.7150743890 -487.0465943029 1624.6252378270
-1833.5046673753 1903.1287580917 1974.9095549368
122.2184929808 726.3486395192 -520.7586061161
1341.7898064409 -3.3146953079 1409.4366913295
-987.7810310422 -652.0282885096 980.5919864892
-531.7594292180 -1021.2713706783 129.8941530261
-411.3169690722 964.3499657646 -1265.7067116762
-1124.0090081241 1817.8307956082 -905.6671973755
1671.6870190447 82.4799726334 -1359.7939378378
-806.6062827379 -892.7980703499 152.8868203151
679.4575393180 1276.1757746823 1559.5251874291
1019.2880460927 -252.6039415919 -1189.1516352052
-61.8734550404 80.1110819763 -203.9945246323
-1995.0823733577 1553.2017493664 866.9662129603
516.1744309544 -62.8648410227 576.2771989936
1947.2820485253 -1863.8319163053 370.4666504276
941.1876005898 -1575.8071997977 1921.0568351900
-1635.9555315597 193.9305435621 1006.5910203181
-706.6386251069 -1810.0238113895 -1419.2628887658
-732.8862218663 -767.2611026160 -1926.5290637405
-1069.1609829806 -893.3600430718 560.6717553972
-77.6964130036 -1193.8991959802 -384.2500345878
1469.2168827774 1496.1340920794 102.1541626484
-172.0638823334 -637.0561338064 524.9601853113
-1165.5011474078 -951.1051756068 -1373.9883196256
1458.8496305993 -1905.6937990469 -568.0336339520
-1135.3301335184 1044.7000404858 -1913.9007941106
-1454.4056080260 -1019.8740808802 524.2833036379
-1905.2101240397 -1709.8305203000 -1741.2261007606
353.2246583962 -51.0896880619 -1309.0033051671
1536.9290160527 -456.3760727080 1173.0937018775
1493.3004904333 1028.7846877845 611.9892510413
1257.8032183919 240.5941351054 -799.3795683783
1797.8869486526 -1254.7652093500 1735.2132390545
-1502.3471119723 756.2704156195 505.2788889275
1860.7674648124 1738.2757750541 -1355.0243173097
-1439.5894482774 -838.3047687866 -692.6430674105
-1102.4861579301 803.4160219905 -108.4542079158
666.3795231577 530.0232334815 687.7980306970
-1905.1760512960 756.5950522803 -67.2593505794
1007.1270945585 319.9410568346 -67.3544373541
1041.1486040543 1836.0053495155 -1468.5600043262
374.6331496725 46.4483906093 -839.0793249423
459.1269509258 -1771.8953494184 924.4473743557
-388.3045860004 -687.6190482855 1333.1780790150
-445.2206549133 -1830.9525380571 -888.0725275645
1697.7815461974 -1228.0072354259 -1051.9438768621
-1110.3495149660 -343.9450572917 680.4121720982
1184.3640611657 707.4897239511 1099.1113086748
1135.0439556244 425.6805249498 -601.6162774301
-739.0547509013 1609.4308590693 1724.6406425778
1715.2934078640 604.3132538091 -107.5355028981
1625.4785653707 -1982.4005292807 238.3626056362
785.6345528228 636.6720632777 -1123.1419513799
-1545.5237120235 685.1404422714 -1511.6318638691
723.0361370410 653.5583050667 -645.9225418540
-1656.5578720018 1648.4252722035 -331.4558100243
332.1646328906 1178.1088199960 1377.9920496994
-1194.4232307457 1900.2550914811 -300.5213036891
1712.6500930369 -464.0227281183 -586.7929101439
-1727.6430964906 -1649.2761417141 381.0412377994
492.1457663993 -733.1380689566 367.3603712136
-303.9308568935 67.1447498702 -815.3606434642
-1330.7151620536 -1490.4453076665 -1828.1653511801
-1332.6768433608 -1127.9559292610 -358.3599480350
-1091.1787134323 1387.5335878112 -1608.8311580759
-90.4144334858 59.6852506833 -1747.7557954857
-1479.7887744405 1146.8883967817 1952.5970322783
764.5955425760 -1120.3477583710 -360.8925308010
222.7925341732 -98.8712836565 -124.5615910729
-1758.4619016647 1463.9343726779 847.4878331546
-327.3342906539 1564.3107150495 -994.1555690489
-1462.0710003953 768.5462943760 -148.7809584049
271.3762819959 424.6948835088 938.3225893198
-291.8113430530 1237.9433105575 1810.2927580002
-699.7605240371 1751.3322281455 -1126.4269734984
-1424.6625581730 1597.0882184012 -543.9719999432
-176.7381295441 -942.4012970144 -261.4632251228
-99.2752699767 682.4588429304 -1502.1090155911
-679.1571054324 -798.6458160686 -255.1261827049
135.3948850554 1559.7055077309 170.7785259736
-1966.8820484018 -81.1818842847 -868.9335308961
1597.6953155150 -706.5746840769 -1830.1191407373
-1291.4106573500 132.9268723244 1497.5164587203
-1855.3122021395 1060.9179033322 1170.9176686297
740.6933456487 -926.3138337980 -1236.5539517825
161.5187652733 1285.5018746469 1445.3683425131
-218.9487354512 -839.6635448715 902.2356861482
1600.8908704478 571.2146295664 -1464.9780944069
-1699.7824768047 -1870.1674434967 -434.7397349784
310.4430346356 -1063.5255226203 1710.8927429155
-587.6632252504 -1725.0938592741 1384.6678478183
-42.0616373432 -1465.7604014589 -1375.9959745004
-909.3924751248 -1735.9382989039 832.8249634733
-479.5002731842 -846.5267478009 757.4695954837
-1420.0256359824 -1619.6058869505 170.7015011429
212.2207421549 -967.6208798689 -871.1642759760
291.5931872282 -370.4852718186 689.9092172612
289.4803723845 -355.9553701294 -672.2651091750
803.4214378494 1796.5536233458 1681.0795866804
1648.3862933550 880.8475083757 -905.9047428289
-1858.5928164416 -472.4941950531 1402.4649547797
-1867.1034604171 886.7398542593 -721.6280826438
-10.6361707650 -129.8624370981 1866.8138508583
1860.0684405538 -1176.6993006639 1108.7086316693
-26.0139587854 722.7728318581 1993.8383691029
-849.9064890685 -498.3901779416 1750.7503778078
-1618.4662584524 231.6411206686 -50.8395526211
-1096.2995066986 -1211.3894862621 -1463.1694508967
1337.0876839867 1012.4445297245 1078.4309257460
1553.5884487520 -1023.2110737002 -410.9468329744
1943.1398709112 881.5628472481 1183.2353168888
415.5490006390 -1782.1814298493 -1920.2440609580
-1578.5375011238 -954.0164990751 1835.8249786087
869.6542898572 1072.8693952688 -595.6045659528
1693.7100371849 1099.1122410112 158.4939671477
275.4613023786 -898.3146349371 -598.9967729429
-1339.4809068995 1354.2116874697 -1274.4859060668
1932.1144784196 -1419.3387601354 -821.7633407176
-466.8073454829 467.0614682307 32.1857681156
-824.0804942393 -1275.8019180392 160.0492319726
47.0069402694 547.1412787112 -1724.9293357624
1227.0146413900 -1373.3879146493 1525.1053004698
-1737.5505792657 1690.9259771285 1233.7908481316
-1781.7696657300 -1663.9546318162 -1243.1982572732
1592.3279441605 1893.9354987894 -1549.3411719559
-1221.8872760553 805.4639581350 -1901.2248363790
941.0132422437 -280.1009639599 542.9116986382
-484.2429238548 1434.2224619196 1187.6441894933
486.7257694149 -674.4831888419 -1317.9749719893
1966.0765136385 439.5432315088 1112.4925234734
-1415.9204398379 418.6481676426 -1413.2714233054
118.8580023250 -1460.6787822228 -1616.4842076472
-1452.5762106152 -1567.9338853606 -1074.1687188115
1208.5166581841 -1689.7212212750 953.4721601076
-1198.9891356904 872.4523111740 -312.9388716145
956.7002223210 -235.3011668311 -53.5823975547
1221.0329819061 -125.0702555748 -1854.8823034389
137.8944533783 1584.4537392750 899.0745800611
1599.9181978174 -1949.7009960853 611.5874716449
1601.4884395109 1981.1137127808 -544.7329036103
-1676.2960998178 -1639.0876394687 -734.5151330430
1548.3745191126 -1999.2577089178 1267.8651293129
-603.6559371508 -1882.1501467790 898.9490410653
1860.5294836824 1652.5558061777 -1617.8988093236
743.5880234079 219.0935938513 639.6057267785
124.9933141644 -693.3022283046 -1815.2815708115
-114.0815574062 -1127.3799268354 1539.6321190222
-485.1785359499 -692.3923469827 1588.7683836935
484.3688391295 1233.3191555316 1318.3706811567
406.4388996414 1141.3722284246 1445.6445576725
1124.7955180614 1902.0421567408 1108.1593719287
-691.0564087405 -770.5519016153 1939.8983169875
1707.1419812862 989.6162886077 -68.6392604490
338.0466155494 1240.7079368275 -1317.7828707663
-1820.6622330453 381.8356907516 1701.6662119474
-1080.8959692549 -1536.7239445734 -1040.7681437060
-89.5459067864 -1329.7972860968 -229.7244761273
1893.7303059258 -1933.5736185116 1699.6460078948
283.5256015903 1676.2609464844 -1055.3521079772
1224.7487470888 1437.5953517968 463.4059082755
-650.0486384808 -1871.3946310147 -1004.2918262119
106.1991438649 1312.0376339142 -131.8760192505
-4.4719312519 -690.1888305785 1328.9758788600
302.9559330434 789.8910887252 1961.5783354144
1881.3659428278 -438.7319509221 1462.3442397475
1837.9146248205 1252.0606265736 -795.5281940165
877.6641320398 440.2655105063 1301.9787340593
-412.6971316717 1028.2834136196 1393.9610420378
3.9579809630 -207.0265235203 950.3991658981
1009.7082558400 492.7312910462 -1533.9646147994
1520.3890578238 868.8917650527 1916.4143064908
1448.8624916737 1243.1187117757 275.6034839177
-977.7227270865 -1330.2673693841 222.7633513051
-272.5538688461 -1824.6749973911 -1037.2863278462
-192.6807373281 1976.4254248649 -1174.7318066297
1827.9947175344 1660.2181005375 -1371.5215664511
659.1883446118 -1169.6614711904 1971.4117382892
1322.3319982668 -1777.7018008205 547.9477393022
-1740.3547599253 810.8087255662 192.2416559700
1231.8681716436 1716.4631311994 -1285.5302178481
804.1881772601 -1321.0576148161 990.1212213518
1193.0307755640 -1839.7261617423 324.9574447777
-77.9536194556 209.0649747741 666.9298919317
863.5959938304 -280.9795328877 1782.6920087119
56.4012199702 492.9983199531 1760.1823498509
1239.4586880244 712.0418634752 1179.4413455027
1243.4233387630 -1361.0287426329 -510.5339710774
1384.0352323322 1496.2088827421 -1167.3445233025
484.2279725408 -1310.5799626928 -1296.0972211234
1809.4200389605 1536.1221923996 -1980.6704239139
-236.7475634834 1685.4178825948 939.7341693955
-394.1745423182 -953.0537821344 -1651.8470116900
-1132.7716441837 1963.8977988149 86.8294139812
-629.9118967914 407.3418781405 703.5971926082
1803.8451950548 -66.9387893306 -1935.2363423546
-1743.9961004650 -1516.4177253001 1326.1995238532
1097.7126275477 1461.3934022051 -1318.9319089099
1216.4323494461 -1823.9695283836 -1192.6159525955
1572.4427369413 -1405.0925045851 1829.1578787631
669.7587888615 -991.0683257917 79.4851263481
-1005.5201180417 1650.6932396918 -1983.5432763435
508.0868652646 -670.2716534208 -713.5825888205
845.1116652929 -559.9273431423 -474.9656465081
155.4863741830 1383.0221464480 -1339.1493623843
-1978.3303978031 -1385.1278428003 -457.5841287428
221.7561075275 -245.1588895757 -1521.8972872137
-175.1680913503 1048.2008874082 -1151.2904779174
1349.3662280651 1811.3268407869 1851.5876203083
-1936.7511483637 1777.6995362376 -653.4341281385
88.1285028934 -1636.9082143979 553.0101554840
-1704.9531001538 -1171.0481411607 1161.5487772039
-87.3828207746 68.0679119775 286.2566540153
1008.3734588056 -449.7932839065 -1904.8101942740
1835.2276682540 -319.1598070097 1040.6995381395
-1210.8298582819 -1030.1422501286 545.5274789592
953.7988428709 -1477.8715122631 -841.5076605862
-1738.7588044957 -375.5469238168 8.7743837447
-510.5699095060 -1270.9491415429 -295.1356972518
-563.9883857036 -450.2877009800 -909.2820068618
135.0125731701 277.0451637690 -252.2767022772
608.3105033967 -1239.2651621630 -1760.2970866927
-1402.6360485753 -1546.1969459255 -1829.1389357633
713.0921271284 427.2442279895 663.9692427643
-1276.2777757406 -402.7768969116 -163.4861672766
635.2193918428 1675.3759963919 1847.2969212740
-627.3350231698 630.2715398539 835.6571139604
710.8165631604 -1024.0126706001 -1247.0033273373
-1595.0464051314 960.1022975626 104.3604963695
1277.3167706945 -496.9400399829 1812.5762854275
-1945.4440348629 1337.8083928601 1253.2092565797
-1924.6471082169 -754.0824822455 -794.3685323099
-1464.9484302743 766.3448798311 -680.6119916394
1511.4124634841 -1018.2074853775 654.6650894625
978.3100144476 -1937.6603294273 -455.1433565726
-1834.3217635191 1812.4613400390 845.3378594553
-187.6702189755 -60.5175192010 500.0902647256
-1422.0196536995 -901.0943934222 571.4840933766
-750.1539448436 -1462.5758993321 -535.9710573857
1263.4973236989 965.6253590325 1642.4020208101
617.2911301353 986.8624406902 -82.0755506752
-945.3650850793 -699.3069782104 -1766.3011048736
1910.9425237916 -1511.6098320280 -1756.5191627738
-1952.6955091890 -824.6926085386 1342.5019552255
1113.3804833675 -929.4894198555 -1203.3944366742
317.4132853999 -1383.1365626121 1884.3162237677
-1650.2142155089 -1349.3845113451 750.2695593686
-1163.3125951920 -1895.8471237808 -547.7615933942
528.4832865405 -1992.5382665385 -738.0434546931
-521.4421711543 -1056.7388221660 217.3109494868
-1761.8802371217 -1588.5641310267 1130.1531653708
352.3580831638 1897.8325097935 621.8632299689
-521.2564227954 -848.2306670138 735.1380501303
1254.0769974845 -92.8921300662 716.8177620312
1341.2199823926 1995.7533243076 -1867.3397204738
1087.7494064206 1919.5000560732 -1312.6276470495
595.0740712581 1787.9832906547 -313.5915478093
433.3269216443 -1884.1072615214 -1193.0425289025
66.5867166005 -1434.2441710882 -849.9598838394
1884.6189050556 -1119.9178271675 -1363.0238261081
345.6954365422 813.7337765712 574.7780999625
897.9054530000 -859.1381771594 -1966.0394001376
478.5377618521 1621.6225548854 -1575.7137766364
1645.9040703757 1442.7827124997 1828.8218561210
1291.5416009840 448.0046976784 1369.5391689301
1147.7982630230 -1986.4819948547 -772.6587053266
-1455.5650017725 1153.4330789503 1595.8174159613
1267.4491068027 1050.6708698891 1291.8641398525
334.7658660274 927.7137491175 1177.1115319631
276.2210668534 805.6421192260 683.7122280576
1855.4815248121 168.6530407539 -969.9140789089
1010.7446346973 -942.7020819963 -1525.3559445337
-1526.7486629511 713.8272657109 188.1228121820
-1259.7278740882 -150.1375762834 -1698.2091010537
201.9423848844 755.9913452269 973.0334580437
986.9966937994 -1106.0873643966 915.0286753567
-1177.2739696674 -1136.2944197268 1747.0518345612
1502.8004721077 292.8188976358 256.7288646823
1451.4288631560 -546.8797474032 -1772.2132253050
-1741.4169397237 1091.6215213945 1596.6896684498
-786.0898758800 -1275.4729702350 1621.1352487916
-879.4189567414 1403.8742382477 311.6084054456
1739.6495424603 1007.2118976017 -633.8591499562
-249.5317345453 -1894.1699427158 1765.8449995778
957.6981568183 568.3763011628 308.0087241023
1690.9714915330 -1583.7910544409 -1510.8728781365
399.9227502217 -117.5147018296 -0.4734088310
-1283.8347742023 711.3396242813 -949.8857028755
-1929.2721213807 -1333.2257151443 -716.2220261169
903.5197214652 1273.3908958129 -1323.0893202598
-597.8257067382 744.4377132124 879.5805687222
1020.0188884836 -96.5251287593 746.5923608258
14.4937097192 48.0854246753 324.8103019403
-825.6162616202 -488.7547304837 -1782.0378371644
864.3870635278 1747.1113153531 -693.2081230929
613.5941383531 1682.2452586479 -1917.4010522977
1773.7565271836 -325.6934437338 -570.3244139345
671.0997541024 -1296.2479838952 1270.6496119560
-1276.3606989873 -174.8397367772 -1628.9650331128
-773.6358406302 1354.4126097970 276.4532584731
-1980.1480122818 -1009.7130886309 1598.9874387904
-1611.6200100125 1858.3405412096 1132.5681774841
-1076.6277098762 669.3840738873 435.9595654125
973.9198647388 -1770.6034793832 -885.4647005873
-431.2162990049 956.8015650442 849.5970126166
-1055.1604626462 443.3743135460 -116.7183281669
-1078.7915158512 1618.7062742091 328.8368729215
-231.3741327440 -777.7624854137 -901.5319748573
-1982.7559934575 1312.2715060869 -1916.2463629453
151.2598565634 705.7453684366 -1203.0455578290
1444.4844856714 -953.5061795624 978.9981430788
826.6465614425 485.3772463298 1090.4725282157
-853.6767674636 -113.6145383385 -907.7252249028
-1971.7805027977 1279.9307256195 1307.3292522051
-1558.3418671421 -1258.9923094116 -1530.8966608185
-355.0575194159 -969.0149492601 -21.1153390636
517.8152877435 -895.1043893756 -1.0222469996
-261.5857028438 -1002.3696441129 346.4838108812
1812.9495889526 -727.1649108925 1808.1344455986
1835.6705164663 -243.4550619149 801.7565713210
-655.5720799269 -101.2627275299 -1099.5119910928
144.7522006652 14.9646362404 -345.2926723348
372.7959979809 976.1533428015 220.9697030800
-949.1980332218 509.8387135374 170.8788598735
368.6804543048 -882.2695597238 1541.5929686805
1747.3640601634 1764.0098677097 -1207.8158287127
1184.2791301097 -1634.1068843633 1268.8694444804
177.3424965527 -1396.2161182837 1664.1121330238
610.5615599934 -1697.5439079662 -1361.9895830629
-1803.2772851048 284.2507942212 -748.6137738398
-238.9620147069 1874.7249276813 1434.4795882878
1160.6062306017 -876.1752229445 -1677.9450180132
-1452.9978121440 -45.5888968088 765.5193906162
-670.4689374978 -339.9597288363 1832.0059812027
1718.6344506084 1233.5009371906 -1712.9810749251
1444.0512079747 -1208.6391830633 -1344.5789399706
48.6390245787 255.9765596744 233.5769157031
-361.1049484403 -1735.1594149274 594.5919644669
1647.6285261452 372.2678578595 -1881.2306959784
1344.5641810094 -354.5417214704 1239.3233184144
1112.0505466050 851.6944330606 -1982.6334633964
-1106.4689061609 -1865.5862676031 1269.4066015424
307.3522265162 -1633.4799091388 946.9166848141
791.2680829622 -1003.2534342537 -1572.1685292058
-62.1239241675 -899.0684128121 1962.3418890982
141.1303654695 691.9756677405 -578.9778506957
799.0882255399 -530.4569647032 884.0396334495
-1623.9570657754 -289.7421272257 -1661.5998913767
-141.9760904037 -1060.1148269199 744.9239984826
1188.5443610733 -1370.2435000453 1427.4526243703
-921.5782572523 -544.2120027906 122.9733584767
563.1914631681 952.8121505000 -1948.1384412865
15.4604552624 1763.2571431234 -162.6489712398
1153.2888922697 -727.0809912291 1155.0496254309
-1599.6185700817 -1745.1308103395 -113.2062451411
-356.1536710586 -141.8573092853 -1457.5275140169
-869.2871501946 -1959.5583271964 -1145.1460372873
1745.9559253785 -661.1315622573 -909.8301299354
1282.4989580729 299.1765394700 -1791.3198704376
979.2349691995 324.8336765677 -1105.1332355524
1254.8066096165 -130.0197464847 422.8131110402
1724.5125312508 1432.8418121298 -789.3026871055
681.2712743662 1209.6893749349 -458.3464252527
577.6798030271 -1076.4421317173 835.5933154706
1.8796235216 1524.9954475448 -1118.4202327353
-117.5753097840 -52.2897830302 544.1131034804
1140.9314961970 1738.0121596828 -519.5560844162
-265.2765307642 -981.6678549539 -1268.2339395439
-309.9057623388 556.8793778880 1494.4530830705
-1063.9411618214 -1755.6796598795 -1800.0142286858
1516.4736652701 1422.5199813355 -1629.1257292556
-552.3377939227 394.0583608181 -1222.6461400190
-17.8684650137 48.7972145811 -1678.6101891157
1440.4796223172 20.5430769908 -1483.2852354162
-1037.9731929914 -934.1235538026 841.7281744390
1338.0549063812 410.5232685899 191.6750759986
610.7137754421 -1937.9703050869 847.7762596629
-1399.3847844409 1546.0960395087 -1344.6649843166
946.3666016597 -40.4306203691 864.8316870933
-452.9834280263 -252.6164067409 -1865.4679523462
-18.3694217251 658.6010109427 210.6200482930
-332.3694459640 341.7283715077 209.1297541374
-1529.0282955461 29.2764657991 761.7801879326
-1393.3248488063 118.4785175637 -1481.4774531261
395.5852028754 937.2403733359 -1850.2181406962
1824.8242436112 -1509.0102092140 -357.9991802508
-473.2176688900 1047.7661635731 -865.4354357617
1061.7154235030 -634.2139532128 -1739.3956312400
-464.8611468828 -211.3814729782 -1377.2165799486
1908.8649169715 507.4163585971 104.8821857003
1651.3294992251 -193.4433688478 -946.6947160090
1081.7877364645 -1334.1828472985 -1116.4483001672
11.9904938488 31.4518136396 -1362.8117513719
405.6924682751 -1302.1825815282 -45.3108101113
-1876.0262814660 -1758.8825599503 -447.3529431962
-1773.2831538104 -1902.2787008600 -1910.0306871794
197.8578998035 191.2918436029 -298.5491445282
1148.3295383942 -1606.1996277645 368.1540689830
-1879.4027692085 -1562.4046693557 1152.3576421989
1325.6838955528 -348.6247886898 1476.1867335907
-1649.9029135633 1883.8320355045 819.8688580755
-885.1606526921 1329.8490640817 1963.4715861212
-636.3555442865 1352.2846288400 86.9631719313
-877.7347609337 1932.4666132458 -1769.1919226291
-381.6111616027 -369.9829720305 -893.5886536686
-1473.0954455258 -1452.4838649232 1875.8212751594
1.1072987293 312.8260628725 181.3797569926
1189.7721428498 727.6643366231 -1046.0357361113
-514.5677030392 -760.7494574199 -1266.2067907731
1420.8724554843 141.1211780849 1375.0306841709
419.6765163341 -1368.1858791908 -909.7350522577
-448.7965952994 -1507.4188364228 -820.3058434745
958.5039484683 -990.8283877042 713.3027344244
1964.3450792692 416.5772795666 -1594.6903095810
-291.8233549236 -774.5232370561 581.6411463987
-1786.3905639447 792.7424903055 516.0982364228
414.2831639151 -76.5958938822 -72.0931600417
381.4227463177 684.1392763169 -82.8008807245
368.3183240813 -1631.5081375108 -458.9814713345
135.9524891172 1703.7273713765 580.7255871752
969.5147298165 -684.6945889074 19.0650213929
-773.9964244055 1403.6929920801 -1461.8101518263
-604.1223384277 1383.8937001267 1641.5565249447
1534.4830206920 -1388.7536582953 -1191.8293806955
-1159.2740707890 -1679.8068556903 718.2067187518
-301.4875344158 -1563.1441478325 -948.6611305362
47.5921309885 1435.3655890663 964.1816061108
135.1649356489 135.6844233706 -265.3258833787
28.8181933897 1721.6896863186 1576.4999012498
789.0981587374 -1837.6227277763 1238.3044204830
-1013.8807498431 -9.2694747718 1366.8640161399
-1051.0161454362 1037.9758178702 1988.3668986067
1489.6097648069 499.3047891482 -428.3112572755
1995.8178134619 -341.5631082419 1780.7208728827
1308.2259446238 1381.6185914130 1444.3561478024
-91.0644524647 -1590.5797618393 999.2317302138
744.5344174423 -980.9658082225 -221.6864758499
-435.6790415007 1544.0632559318 388.1117702418
1076.1564522135 712.7198827371 701.2952780934
-1221.7338708644 -77.6241038871 -737.6871696908
1293.0387948216 -405.1256671259 1868.7850513229
-419.7252671691 1239.6780372494 -88.4994395638
-433.1890902254 -474.7527257797 1923.9233066805
1137.5557862257 -469.1767813081 449.0137028163
-562.2197707254 -504.6720901986 31.4587945284
-1143.3142230375 -946.9745111840 338.0973073052
-800.8320936186 -801.9996292802 1681.7046496901
1266.6715247218 -1552.4017364168 555.7535333036
1760.0404740918 -1239.4481952550 -1090.1858591004
-633.1174320141 -740.8606039329 -1222.7493744522
-1182.1325934055 -780.3114904614 344.5387027416
-1963.4590698155 1674.6744571755 -860.8862913779
-469.0190387914 933.6161506989 -1087.1589165253
997.1505676747 1587.3145948634 78.8237873664
-1949.1340174690 1790.0326179481 -577.2807439625
-1234.1622445689 491.2335157915 429.7959696957
-197.9567545367 525.7194076008 1167.8301202214
-1997.6124597267 -891.0670448309 1185.6702721184
-1520.6511981332 1334.6128550957 -1443.8422021304
150.2368752717 640.7443403583 1857.5567160822
442.6118692067 -337.2524617873 -1404.0570877238
-193.2880722727 1143.2904684309 1331.2742998071
-349.4319370792 -628.6912434869 947.9439934923
1351.2803897645 1271.4192717012 -1947.1116234191
917.0097038892 1232.2697828006 -480.9856918281
1236.5262292074 923.0175865838 1691.5790892962
1173.5326538363 -491.7735575050 -1732.1094949450
1166.4936695304 1783.4151392981 1210.3753738768
1748.9029729568 867.5450228398 -1967.5012767972
434.1432350080 -1927.1453198351 -1425.3459883053
-1570.9352028277 707.0318529057 -1933.1050825124
-814.8088150629 -433.8923088030 -1662.5986431811
-865.7356775793 540.5488962089 128.8522595044
-276.0851613928 -1243.8768345825 -17.7271525159
312.0785324100 -151.9389834257 -406.6737191161
-888.1865640874 316.8633988984 1960.4437599202
-1837.6834412676 -152.7631922333 -1143.4215363537
-293.4752082528 -1421.8269358260 851.3050401631
-1932.7914107195 1300.0286880057 -1083.5900008594
725.5677622460 1550.2692435803 1945.4190142109
1219.4281716206 -1185.0175859752 -1743.6271984239
577.5688727860 -606.8454045135 1383.6412327099
709.2196097409 -164.4277493624 -1734.0586470590
-383.6476680838 436.8321774465 -1786.3976566980
-11.8082063253 1069.7605416112 626.7500639954
-810.0631487603 50.6666613540 -1399.7034432664
926.7068461249 -1027.5443432951 -516.4885755468
-296.7106861672 -165.7382006826 -954.2707525114
-1001.9844698078 -1092.7245477632 1682.9950384202
1965.4362843668 -1761.9138772849 -1732.5105470856
-1054.4461151041 -225.5022150781 1002.1675287956
-848.6566577417 934.2125290465 -1194.9722256677
-462.9645937784 510.7836260401 -1080.3404080250
1042.6444904462 -1935.4513875388 422.6746527007
-1661.9326115418 -1525.3845561101 277.3148591589
-512.3885506078 -1297.1671180076 271.4032932568
1042.2715565391 -1290.4869108646 -1916.2710919367
1730.1080101557 1762.2494477211 854.3644126090
-319.9828974478 171.8025989399 75.6450171933
-1212.1252807145 132.4096543471 1898.2133806650
-437.9462360129 985.4865887879 153.8547518754
1676.6860008971 690.8916731427 -1560.2822371955
736.6477801477 -1657.3906812275 1239.5222026531
1576.5970724420 1540.6528046674 1789.7880954098
1996.5078562621 -1027.5986378935 -1176.5515460747
-690.7856663754 -1532.8471727042 -1213.5416159809
-107.8389533571 1207.9573554351 -200.9400476862
-832.0341377996 1624.5820940166 39.7644562884
-676.5434929970 -183.1068077093 1570.7794125620
51.4819190326 -368.3313032117 405.7843830215
1970.4255803880 781.5073603735 -813.1762994069
1401.4652759409 728.1818356131 -1539.3402940363
1224.0239281394 1994.2251982661 -775.9543890062
1658.8128871254 -988.6558417390 615.5506684398
-242.4927071343 -763.5147987771 540.2484350734
659.1371873182 1543.2184402169 -142.4940225840
-109.3324660898 -1209.8164344799 1232.3187418906
-802.1425770546 730.7517577828 1464.1270538372
-1961.4848499605 -1157.3913733075 -243.7207180257
-1931.7277871963 -1727.8730051695 -1478.9580463437
1949.7776661834 -1222.2912952501 -929.8727707177
-1460.8278702642 -45.3571971187 -1289.8426835601
-1423.6495868849 -64.4348476591 -1012.6536904270
255.3678955197 287.9739968895 569.7478081554
1006.7540251721 -1924.5454288999 1942.4227787917
681.4441334582 1461.7449312607 1929.0807275382
433.9349256879 -135.6767959661 -680.9676281955
-1237.7366142924 -1876.2765376051 -393.4934960901
-1834.3596123565 1318.4287563254 857.6916739701
583.3456625493 221.3599820074 1850.3654074950
-640.7261489928 1994.8246758070 1791.5846239435
-314.1850972262 1484.9380513047 -571.9212519698
-1378.2556612036 -1347.0596238434 1368.8422935134
771.8581928687 128.7548047387 335.4807912325
1460.7484539144 -1341.7194001147 -112.1711498297
1886.1073878391 990.4677400708 1056.1983894641
-1581.7637696150 -1158.9377046965 -473.7762275728
532.9403264839 -1290.4901854668 -513.9871809311
-1304.5303418275 1029.2897125521 156.5018598211
-1108.5366696809 -1267.8755661355 -1816.2762260544
-40.3668789833 -1454.5863873923 -439.5280730510
-195.7827683832 650.3587270130 1723.0339201701
44.9585244354 -683.0363841843 1607.2733106378
-666.2337280305 -782.7484603367 -1115.0965784409
-1371.9937259607 490.6601341120 634.4992535338
1613.4236256430 1664.7577495672 627.4012569284
114.9035860850 -1872.0132736388 -820.4691131302
-706.1543756347 -1379.7031109356 -776.0373835086
-210.6042662002 301.7203209975 -570.3048603714
-1976.0392595002 697.0697034102 1635.0065745866
1208.3766702314 801.4326537406 1496.2973625092
-1683.7318741316 -1934.9125797143 1342.7351820808
46.8282889718 838.7960441360 357.9594208162
191.8888735752 -569.8572571396 288.3357732431
1700.1567046256 -679.2171110195 814.3246254055
-1039.5479167447 672.3425391868 -1204.9692542039
731.1595522983 64.3245084063 581.6750379962
1770.3987429185 1364.5655368951 -730.4961461604
-1149.3605319816 1435.1494384944 8.6810698411
-1370.8163700122 -164.2265990372 395.6399039431
1617.8066184177 -569.5788524337 -401.0057104635
-1100.7966024369 1111.7529333714 170.2009993441
-245.9865196150 -1839.8415023095 830.9594039292
865.1888811461 -345.2591695769 900.2331664865
-1892.2919392671 863.2530533978 933.0472508154
-358.3941286631 -240.7062631141 269.4092073873
388.9989756848 431.1830450542 -842.6677455552
-34.2672009009 -1573.2993634103 1684.4838912176
1051.4105689734 -947.1650287861 1797.6033441567
-557.3748375102 493.0274375153 50.0265937693
-196.1990231969 1848.5589644527 -1519.0741873023
1052.0163367417 613.9149108146 143.3031669628
-413.3242176783 -725.6696301031 -1488.7771647738
618.2499230433 20.7127968131 1424.1359249452
1268.7606815133 236.8281753391 -1536.5630244057
-1739.8634327559 -470.9328228681 1655.7441662175
1263.3405751735 -1076.8440950896 -589.9402216225
1175.4255742370 1209.5509972852 92.4579221113
1749.8016807283 267.5840721481 43.0123213845
-1172.6723591964 1404.7523470494 595.7086006633
-322.6148410104 1251.0165235767 -691.2647553712
-428.3790492632 584.8099700046 -1697.2936463129
-298.2326926687 -1101.3714456427 -1913.1113384375
314.2511170969 -1999.1639305494 882.0819380233
1213.8694073816 1116.6106193072 166.2102027958
-245.3133725985 -1627.5970687476 1061.7673146149
-1899.2961326803 -30.4487255359 -1317.3997197543
321.8728678360 1126.8191834101 -110.4393130645
1526.1420282757 -247.7337198602 -698.2834435567
-1636.9949959866 -10.6640773389 1112.9347256690
-77.7166264283 247.8461055061 181.0691050730
971.7922083727 1835.6502412792 -1607.1503739069
1830.3446418219 -303.3648946648 1766.5367601148
-1612.8965300522 -1062.2236121748 806.9778167596
592.1998097669 -202.7821204613 -1353.4214236422
-847.9276353511 1598.8808633570 -1817.3282990792
-1381.4509898018 -1632.4129306525 1897.2333338677
1775.0461102868 -995.1226404751 -635.1686034897
-1825.0951734544 1946.7531826584 1593.2441881817
1670.2330250919 -1512.1273875081 90.1315794581
-1129.7303855384 -756.9886941420 504.7103499651
-1715.9251652750 -240.3224486528 -1170.4634203598
1599.5784954058 1612.9194741674 571.0389177228
-1497.1132202321 -605.0353624458 1948.9594578995
-1504.6773789624 1780.5385880277 213.6689127183
-1678.3043915343 -663.7031038483 532.5208604138
563.6751079769 -611.6652414346 1505.3279145898
-685.1744215051 1868.3598955086 923.4719604417
-220.6604980486 1483.8387639734 1293.2669357647
-411.9319284847 -218.1655604086 1380.0122532309
180.0128891343 649.5177716961 1282.0669692259
859.7073190682 -490.3841234454 1224.1493535008
212.6662528492 700.7498222344 -775.9133226849
1289.9818634739 -1788.8461865837 -672.3323701475
-1848.7516832385 -974.9002750235 509.4026264076
505.0978101290 -567.2280425542 1557.7396613823
-1793.3881335490 -873.9705390544 -837.1042695529
64.9506688871 1501.6246046926 319.3052513983
-110.6824305719 1392.8943806331 -757.9280073308
1144.5373132760 -274.4545424672 -1817.9153091531
340.9842065252 -1567.7992790758 1257.3371646740
-190.0459472481 1426.6954705058 1716.2455039073
1324.4340752915 1052.0915509705 -1846.3812486347
-1390.1681181918 -498.1776747006 -430.8550584197
-914.7874280266 -482.0790431297 -386.3323033292
1605.1290420150 728.4644120640 -617.7321454945
-250.9394366807 572.5313698292 1498.8129271762
-858.9925984835 -1977.3852506350 543.0032391882
1306.8319673468 834.4789531780 -1924.1501411456
-618.4882264350 -828.2558027527 71.6160725568
1210.7182281740 -1421.0335026137 577.7464441249
576.3403494979 678.6437571612 838.2273648651
-814.4349589524 1767.6816675655 -258.9352642620
-1883.0577559913 1642.7134018089 -1631.6021082251
117.2787337763 -1974.8075041334 -1451.8756068007
-1024.8228796592 -1536.5671875837 -886.4435211960
-1095.8675170548 1254.2758858673 -1092.6845938801
1967.8637599469 -546.3461344414 859.3503934245
1279.9019222875 -693.0746360835 1145.9661725830
-1382.9037474812 -104.9494205446 1871.3474730253
1062.3760825318 1757.1862896884 329.9347212388
706.2888828420 14.3912374982 847.1972808530
-975.9578896532 1266.0696304842 766.4146881385
1225.3637124963 1435.1222903081 -1937.7289279620
-1185.1938366188 -1569.5677175238 1075.8142391412
-134.6738569224 -604.6759388043 1713.5616629365
1546.3303489580 -1521.7149013454 -436.9030131075
1398.6331841675 -845.0083312453 1386.4404358102
-337.6361611459 -421.1561047002 1605.6786051628
-1943.8170065723 -1047.0345828005 1684.8330872943
1623.7682131956 -1732.2672275388 952.2280048652
-1413.5803562000 1407.9320104461 -872.3843633883
-566.6259536235 -1762.5618101511 -1453.7723960967
-1882.9946608105 -1710.1772102551 358.1871399510
1985.7348835074 -709.2680733572 849.3088692670
-1723.6291890932 1979.2086311131 423.9855934528
704.1324682343 1940.0306321277 1846.8979852416
1446.3437966330 -1376.8562019631 -1888.0525221828
1142.6272913971 -859.8353145848 501.4102403616
-521.3610888679 966.1622553586 -1562.4824367564
582.3556817527 584.3212817723 184.0604665347
1437.1633151259 1077.3772555148 -1792.5581771770
-1602.5233996053 1337.7186066474 458.7907877146
-161.3619241396 477.0256639290 932.4297235767
-102.9410120655 -1466.5092704791 -372.9441861634
-1996.0811974793 -44.2082949426 786.4165929630
-442.6377683256 -1676.0250005150 -480.1406806869
-1105.7886869397 53.3659149872 -1659.8189373251
434.5279259661 357.3372982074 -198.8475294230
399.2078347124 -1663.6793756350 1926.3573230885
1181.6001326107 1635.7962200113 1405.3143521413
-1521.1438287577 1033.9461366947 -1545.6052575970
-1692.9384283032 -1677.2578740573 1145.3552482677
-1731.0480502968 -1636.0622587419 -915.6804719358
-30.5627332218 1083.1589426444 468.7751870073
1063.5316386177 1535.4986428134 -590.5611028969
1884.4896143019 -1218.2889818373 -1699.1082981360
-1207.9845511656 1803.3038578455 -806.2469528570
950.5651478313 12.1569601007 1471.7522898333
1822.9006511924 640.5936758544 1409.8055210564
1960.6042393947 -677.8025335276 6.8014698642
229.0682135335 -1545.0388325813 -695.9589038388
383.6607994353 1000.3529815928 -679.5881975762
-916.8545468426 -587.0724207274 6.4908461252
678.6309709519 -1124.6292817770 519.1291820701
1394.7367307961 -1627.5586093695 -443.5739169257
26.2192538443 -914.2545731559 -1977.3728171015
1450.7449611554 1645.4026300066 952.7802037110
377.8638202164 1305.0406627890 -181.8499644861
-878.9611237190 1567.6311348701 950.9625073374
-1903.8283177796 -1195.9256000228 1578.9231790934
458.5263933862 -914.4130426228 770.7007480203
913.8989957416 1867.2003780306 1470.5859171265
-481.3444820348 284.6210659100 1344.7109936283
-1813.2640892044 805.0262718020 532.1753295602
1392.4912926009 1269.3898607705 -1185.4333885936
-1027.6452750410 962.4132064607 -495.4416791781
757.5606085202 -1419.7283044872 -1167.9790100873
-1394.0389228945 1101.7253367768 -198.2558440660
1241.9379254844 -1163.0288545092 -1295.2641782566
-1860.9195829910 -1304.0068210445 490.9212509794
-1044.9989341004 -1830.7149376195 326.3284885558
1449.0252167897 1313.8879936863 1709.7445609156
-369.7776318780 1909.6336489051 -770.4023482160
1273.3453588837 1723.5995742176 986.2400004987
-1445.9301475867 1720.2606128065 184.4937902663
-1425.2666462752 1251.3793987466 -1381.2987024124
-1902.7081467155 1879.0624950756 -1165.1686842666
-1978.6502894111 920.5370737611 476.1162584554
549.7295424944 601.1888096516 -1877.5910777568
1683.9749128930 -1247.0588108358 1727.6940154534
-1417.0556220699 400.9910742237 -505.7866881581
1398.5584505655 -426.3222235849 -1675.5647420410
-1818.0979672952 78.5736229140 1488.8120184505
376.0546953200 1203.9144684492 -100.8465520058
1136.4222393209 -1525.6213379002 -1368.4693105313
-1024.2840526574 -547.3513592432 1088.0134469841
1503.7106324220 -529.0759267983 -937.8731133219
475.4663990060 -1842.2870697246 -315.7436854660
-848.9180042702 -810.0652551834 -1829.0028243833
591.8140922150 -585.0584264585 -1653.1528970332
-1450.1320839609 -1448.8975254595 -109.7821600879
-147.8848809458 -1300.3196608018 386.4717116690
-1762.2575485633 -649.2758385902 -2.7895897632
1848.9031272592 -1443.1840463546 5.8176276764
-644.9735303949 -944.7397055760 1582.3867720546
534.8953034437 -1298.0157816249 185.4521930232
-1867.9621274785 517.9302231312 866.3993343186
1948.0118660646 -1671.9791429352 1994.1284928610
681.9255351229 -520.7559766000 1116.6180196705
-252.4072218314 -1020.1959623194 1100.8810365178
-982.6676123197 526.0458992606 -1022.0289059070
463.6643772414 -1995.4358128828 -493.1240036591
1397.6098355615 -829.1547290848 -1949.8096624932
-1457.6151139426 -483.1890423294 -1425.0354808037
1002.4322742595 1223.9155023551 -351.9713328810
-1941.0099160288 498.0268317215 -1201.2332402415
-7.7853993182 -1221.8702611366 -1849.7763883309
-1716.5059770794 232.9876120578 77.3816994961
-643.2395890017 1624.1671091491 1295.8519154457
66.3559119852 1063.6960367721 616.7621137285
-996.8991520812 -1624.0845955959 -157.3359279878
1500.3651268558 -985.2674267132 -558.3858474209
930.5358514362 -935.2337155914 -682.6080775471
-1867.7961403009 223.1922051385 -1634.3376437395
-1776.6482258417 575.5164747459 935.8049274639
1330.3583004764 -1626.2908921790 1986.3033149194
342.8494354525 -1979.6697946232 168.0531163936
1798.4238887086 330.7144111957 783.2884291832
-1331.7809370943 -671.8772502886 1107.2089617647
1679.8977684862 100.0410745365 -1435.6176164865
-1702.6109290363 -402.8340487972 -1969.3114249290
-1373.8709341969 211.1739060039 -228.1498460368
-1753.3756354397 997.5000407889 1309.0747280176
-986.3189371557 1006.2706697147 -1343.7649021382
-1613.2063876297 1661.5492828640 971.1642346005
875.6755144936 1320.9160703311 949.4442681035
-81.6570391516 409.3320092533 -1517.3935889177
-1046.7326807352 43.7525856937 -752.9796278453
-741.2005858426 -985.9654506276 -1046.0789562673
-1551.2907683654 558.2746764526 -1640.9749433312
360.9545456925 1116.3973148548 -1796.5396560403
1290.9399306033 -1974.5164430092 1858.8479211348
1241.6208407213 396.7369990636 1048.9890436762
1034.0082371524 210.8540991350 82.6815223936
-823.3669854136 1272.3317900032 920.5910354141
-1552.2225351577 16.0551619582 -1972.8743857437
-1081.0213314797 1601.2078267034 1386.8566701604
791.7587833070 -509.2759704117 245.3243868114
1858.6619897300 1621.1436937090 -210.9944808650
-1074.6935938105 922.6002450209 -697.3913715029
718.1671931480 1766.7527177263 657.3097482511
-395.4497923560 -298.2548411776 -1797.4120506473
959.1270275918 1196.1624830875 -472.1666007582
94.1340001909 -724.0653272393 573.5361811070
794.2394705791 1826.0916900617 1998.7099222271
323.9129378297 -1708.2946880333 72.7962728867
-1531.5445555362 1108.2449446469 -1435.9744546300
-153.4119827200 -482.8320817928 -8.1757962723
-1575.8144004813 311.4727765849 578.2001312303
790.2427757339 -1787.0583420187 -1915.1529105050
900.1597916091 516.9054944039 -1371.4797362596
908.7746999012 282.3223205613 -178.4318786138
202.9147403701 -3.0142219439 -1925.8449705179
-940.7471786995 -1628.4906018180 1425.0556039309
10.9836549141 1870.3361952711 -939.3346926483
-1389.0711370156 -1892.1453090839 817.8950830078
209.9051884780 -876.4715463478 1679.3491572707
418.0740637661 -1999.7653330255 1681.0904147690
311.5828921615 647.2809821433 -779.1673131241
961.9722382953 101.3900251110 -1891.6832741865
-1446.7102014401 -657.6117752624 908.0383601200
-1338.4697588181 1488.1747024900 158.0315007071
1191.5276774185 461.5478032574 -748.8651175517
-425.9203773822 1604.0196843627 652.5308557848
-201.5832108534 1434.3418178413 -839.4545097527
1806.6620746091 1275.3773234598 155.1760279544
-1802.1977233257 -1074.2783978933 -893.3717657985
-508.9728697075 898.1171680305 -1196.1803519134
-70.4134187272 250.3925376270 -1615.4419799670
994.3595903522 853.5544868249 778.9574247591
-1943.7546709007 1530.7239005296 208.5006658523
-853.9607898550 -655.0324772467 -495.4254495505
1740.4956242065 1854.8059736128 -133.8475108161
233.3375400877 1101.4582920208 1326.8239377793
1616.3473503024 375.7251560666 1805.0444702122
6.9168912280 491.6338281883 925.4031502285
1537.3026459990 1155.4318036931 -820.6253675210
-1677.3629061671 1785.8338271434 -1814.9045485983
-944.8200404923 -1322.5785559656 1295.5373946294
1740.1804704853 1778.3910231558 -1205.5737235390
-1309.0507392921 1579.7624265298 1716.0654541913
-624.2766472314 -486.7812028009 1613.1543886011
999.9812101728 -1589.7228365295 1567.5945734011
-1400.5611098644 1582.2300373460 1354.8451387043
921.4083452877 -847.0407609656 1906.1896746635
-1881.2166187288 1996.4838775039 1349.7472812673
-791.1351222417 935.2877770120 145.5793325893
1592.3417877973 358.6796486228 858.3191161208
-1441.4504706131 1534.6101753883 -1919.4888660620
303.4417548597 722.3306988038 1447.2706439235
-542.1576487498 143.0380368872 285.4535220782
1640.5771701478 -664.9518111675 88.0140888708
-651.6603327672 -665.2518428604 -1263.4419152274
-642.1887061298 243.5820169433 786.6908939746
1919.5359381505 827.1557564243 547.8396019372
324.3754392027 -104.8881917875 1882.1483220218
-1799.2311184548 633.0854822362 -1878.5366726292
1961.3966699927 -1830.9949243666 -939.2863649632
750.2118422490 -1618.3648248508 -1615.9191160219
-1735.7452897344 1966.4511322581 -208.7591566654
-742.9453654799 610.0448715794 -56.2791147374
-932.3940399847 1047.2070745677 -609.5429392666
-178.6169269950 994.4413253929 -869.6781769012
-389.3768566142 -1532.8007752310 -528.5192528911
-249.9825409898 41.1904849670 -1061.3130233812
-357.8077015882 -892.9499575763 -1889.0855546426
-533.0913542956 -810.0590883259 -573.9786782314
-891.4543133064 -435.3880240095 1812.2867808271
-1033.5568812284 1007.0967351963 407.7997705641
85.8827447359 -127.7328407453 -1900.4006753774
15.6240024110 -149.2466257809 -1124.6495177694
-1754.0362959191 -1952.8864832019 -1759.5056491993
261.2971199821 1709.9561621964 -620.5570624654
-40.9642237434 -1379.6974661771 -776.2496124537
-669.8718827576 -512.2385742684 -1018.2920877859
-1438.0091570385 -354.6982422846 -1198.0786372110
1291.9189417772 1646.5925717629 -174.2026617910
-1491.4335143842 121.6222505748 252.5259116900
-835.4198330882 -916.3306221476 1226.4645980834
1640.2900997878 -1903.9393046382 1844.7753612339
-65.5179804953 -833.1659426623 249.1222627958
686.6284822735 -32.0570900326 -1351.2506285852
451.1605239516 -1613.9034310582 1083.9754424332
-622.4347274507 1429.8595745127 223.5834665170
1106.1662157782 -638.0702228254 551.5179604515
-1417.5623628860 1618.3545207544 987.3558218450
373.7629600973 -65.7685949102 1269.7718363664
-186.4702030815 -795.0731192034 1162.5773321759
-1572.0418697770 323.9419146936 1657.3261939256
371.2404890001 -794.2266562535 1253.3378032547
1046.4546907145 824.8413050464 -495.3041327189
-1196.3730192707 208.4144987388 769.0772058323
-1445.4698417486 -1730.2250276394 -1820.3469162867
1267.1151654487 573.6401599328 -1738.8380554556
-1876.9343450853 1814.0388692477 1090.7596186417
-1428.3406137531 -1014.7101927164 1712.1535963283
93.2891221510 1332.9326139530 -1803.8934983265
-255.0285082701 262.5767468076 -1744.3027357816
-1675.8910181720 928.2714173526 1278.6728984179
944.3990430586 -918.1318185663 1514.6473850248
-310.0890546086 -1726.1341394650 1513.3061689180
-1974.0726084790 327.0575309360 349.3456657500
-1847.5817836508 1553.6030189016 -45.4073718658
-946.5551058267 -1888.1956983458 -113.2569559381
1948.9561561621 -1372.0419443432 -131.1676788410
745.9273764586 889.7674413883 773.3678982738
792.2785641971 200.0311170551 566.9149385288
533.5067721358 981.9924217465 325.5305207166
-176.4624253201 1657.7775457114 -422.1594228858
1418.4103361743 1475.9579034853 -738.3910873128
1089.4236709183 1378.6996793191 1771.7013105435
-628.3714742503 1541.5267082974 989.4881096826
-91.3347257266 49.1636060587 -1393.5379908252
-1030.6521328286 -167.7466122242 1300.6370813638
-530.5931723003 -643.6836560126 5.4177228451
672.5125117700 1629.8218742110 83.8317560939
-1032.2169056256 948.8275385477 805.5884655401
1902.4268129844 498.3156017784 -1130.5199026207
-69.3419451944 26.9718264097 -518.8256263692
195.2609282451 -565.5959852662 997.8185420610
375.9412181248 1386.5105423856 -220.0149634576
-880.8439072285 1089.7879078186 773.9702396374
1541.9387732141 686.2169087299 948.8250837464
1872.4912803059 1537.9955022075 -1679.9117249259
1555.0604964678 447.7832717919 -1607.4812115582
-880.0992329508 -1793.7109066056 472.9447083949
1848.0846913520 420.2691169843 -1254.1272559093
249.6177159028 -833.1029100295 63.4018596587
-905.8507158613 -31.4444889464 87.2263400142
-583.9713873622 434.1124724033 1061.8045242321
-173.9564287100 -201.1256350621 -1733.6450014622
-1687.2588905725 1854.7386205121 -268.5332533900
1404.9425977427 -859.1674064527 1942.6947382014
589.7382957782 -327.5746852260 790.7728593543
1950.2580836902 27.1364048490 1319.5023453532
-598.2205937041 -1353.1877186321 1223.5000406014
1870.5755087145 1499.1197034473 -302.1360107692
83.3096363153 -1397.5746068927 -317.2175596251
226.7319116006 -1401.5154915338 -1608.7794153465
1199.6031801276 1039.1764997174 1343.5978465310
-1354.8158531228 -754.2227868881 1183.4769968054
63.0667348568 -1876.3230926073 -806.8910852913
1934.9204515600 -1803.9783796414 1938.5567374157
-1907.2475817653 264.4769362884 -30.2187768880
-212.5022502718 -524.8132463985 336.9522582086
1193.2530458670 -951.7684865635 -1609.5943629334
-1778.1512095969 719.6278852729 -1282.3600995294
874.6049340017 301.1042885349 -801.1709200796
766.6657958365 221.5548383802 -67.9327005574
1278.0590304445 -809.3963448706 1258.5878825776
-1857.7026687780 -1144.4624442877 -414.6602477161
-1823.5812035927 -1584.3902009059 1126.8928969631
1947.8203440191 1921.3571273558 -1298.1700454808
-911.3238416652 -315.1537596115 1888.2872751278
-1207.6757880769 801.3500419468 152.0759668713
-545.5630171781 80.4069763819 -1426.2370481073
609.0222195883 234.2516912291 -725.0323387993
-56.8186163668 1610.7393508392 824.1020974469
-1523.2806825111 -72.3753314702 1179.6536569872
-306.7011155119 1201.5842597353 1907.5421689388
-1300.7924911698 -535.1436387036 1135.4852366794
-1295.7119992102 1955.0692551446 1165.8224984402
1294.2827552098 181.6431127996 -1989.5983548364
-1501.6262779910 -1190.4290710889 520.6460174552
-425.0979595385 -772.6554213246 -738.4130636039
631.7760279608 502.0781313188 1149.6116689132
1754.2597032673 -443.3249655212 664.9543251024
-156.7666118036 79.9687388749 -158.2119235175
-389.0964410707 -1722.9384362380 804.3255929390
-518.6390838887 214.1260273972 708.9370111448
103.1646482673 -1126.6077423880 -1400.0506534860
580.3394257358 323.9587461922 -1387.3621400887
-606.4391229969 291.1066224670 -1989.2067507258
905.3800409137 1763.7980288720 1911.2132877427
-1142.4984556663 -248.9079904877 411.6052905904
779.1382202185 580.6185126872 -1048.1077956796
-618.1937008848 -1296.5733012975 -1981.4988771522
-1314.7051926074 733.6878978583 1693.9470930697
-1475.9701326086 -1389.1542792322 -573.6820148146
-519.7562617139 -345.1109032267 -969.4688984705
617.3582826946 -1885.5026587997 -289.4603076926
1903.7072264337 -274.6031556946 -680.2799787837
80.8170352610 585.2221825947 619.5262537569
363.9569320553 -458.9393035852 1370.2014028280
1367.4200591141 271.3424682978 -1082.6706142174
-1050.9652088629 871.9535864903 98.1945586793
1016.5537401408 1090.4778814381 -868.6933307085
-1989.9300057672 -1085.8901837373 -1866.4032509536
-1370.7925149416 447.7696624911 1277.6421391130
578.5214377190 -1141.7254508105 -332.0205449313
27.0411736885 1517.0108030291 -1734.9229043063
1778.5796099735 -659.9955849482 1479.5847768275
-1540.5866226141 -315.7472807447 106.0824994185
-882.9708939825 -597.6314311013 204.5795116734
1408.2333070183 56.3326378132 -920.3588273002
879.4453488022 1530.1269484793 843.3460863143
316.4207877776 607.2185213695 -487.5819266222
-921.7522014458 631.8745463884 -598.3369483071
-774.5662346619 -31.6639755498 1922.0940012907
-1493.2496662800 -1917.4338827112 1095.9429627470
162.1187303976 897.6028809754 -1642.1673685727
-1999.6061044089 -607.0470638947 1385.7553292114
1191.8652485872 -870.8617941742 1927.0149280945
-1329.8197306675 -451.1414010278 -1344.7876842208
360.5601031495 1820.2085195400 -1475.7903959522
-1015.0898876908 410.7829973910 -10.6415826928
-843.2491638596 22.6206827323 -1769.2002806969
1395.7010127115 -1417.6230464339 -1012.4842091962
663.7604796395 -1232.9921011935 694.5459638745
-1757.9296474900 772.4775370907 1281.0225622326
-302.2301368914 -704.8009993819 874.0041436188
-1091.5101411251 -1976.3016527800 1588.3008345826
-1998.7026227143 -1704.4257250745 39.0334389053
217.9158524361 -608.1974787255 1221.4583045467
307.5675598261 -582.9662849968 -747.5643122746
127.3965118718 -533.4233725215 1533.2004570826
598.4296561665 -1609.0581116076 145.2035111782
-1336.5798245647 -760.7038504355 1589.6723110017
500.7221091310 243.0844729095 -853.1807703179
-694.3989087847 226.6497088572 686.9661293616
921.2731581484 -1825.2792175622 -612.2107685156
-1389.1885340033 -1026.0979023568 586.7615928774
-921.8342394863 1321.9497947360 -685.5027756854
1901.3887628114 -625.8504721551 -728.8250060888
845.5267312898 233.6922567396 -233.7049525060
114.1231203736 1487.0338540520 -470.4116131970
-1593.2638528671 1585.2357451912 801.1419646587
-1424.9977806482 1198.3285781539 -799.7956031031
-1648.0818906792 -987.8667136081 1839.8174721486
351.8463607063 -720.1158758299 -1055.9171493890
1458.5566725496 -1743.4199357857 -625.6200751910
1734.9647777923 -1911.5084072338 966.2423624085
1673.4738009199 -839.7956604730 -1988.4465190143
-1684.2797552394 980.5365890684 -1579.4722223123
1955.8020185997 -98.3278905800 -1776.2061697764
899.5200796269 -1955.2643120869 896.7833737155
1381.1869354452 1896.5079352181 -1585.6495666833
1488.7482920242 -1103.3484706493 -532.5851998043
-1561.4025902677 -1710.1944475358 -1482.6239394284
13.1431844052 -671.5169656291 129.4564066379
-1946.6206884503 -733.6398573402 382.9551184619
-834.8288138970 -1866.0787914204 -929.7673005637
1712.0732823084 -758.4307852964 1446.1631993402
-50.0350461800 430.9129897717 -1210.0216888305
1629.4840730805 1685.7868740869 1426.1919562798
1141.3870314363 -16.5867841345 141.2453669972
-1063.5819400590 -1590.4484723648 728.9584270739
-999.9690281426 396.1564702262 -1470.7796164933
-322.1635357355 680.9689376407 -888.3546678681
-1067.9008655929 -1662.7180235849 932.1317508729
-1860.4257595138 1548.5629733042 -390.0226481914
397.3122499496 -863.2525345686 -1128.4591588901
-73.6758467420 -865.1883193503 -1109.9658008137
333.5113369731 -366.4932566811 1907.6253554789
423.1464112399 1740.6763386763 -532.6594626883
158.4160995110 287.6372972345 1544.6381381093
1363.9528151674 -1057.2546423699 -981.6846201879
380.3359224864 1201.2736462450 -1312.5370067548
1118.2511284552 1017.7540928795 377.2594441496
-743.2428767411 1726.8005556823 -214.1456674717
-674.7300401232 -156.8662136808 1539.0781200067
-1582.3358196187 910.4042712072 -1625.7814175946
278.6207209072 1022.4332826135 -844.5982475673
1300.7993802158 460.7217684556 -1108.5084630379
-231.7725682591 187.2387744015 808.5668264423
1502.2426652304 -742.4762215332 -424.8111960518
-941.8370230550 -1633.0635357285 1246.5530270595
