1447.4852483270 1597.4505806764 1058.5216457678
214.6627793205 -236.6301434701 975.3250691065
-867.0409716456 -1543.2293621214 665.3786101764
-1407.9174449105 845.3038079705 -1687.4113585864
968.3011090119 -1358.9239546118 1442.1621390236
-1934.2228751340 -1740.5575911364 -1223.2868093776
-1752.5657832771 -826.3526179555 198.0503180792
-155.3611849485 -1774.9475140784 665.8416395074
1937.5162503323 -1063.5272038218 1669.3523224046
1487.9032098820 -917.8216593582 483.9648339913
1936.5252452541 -1441.1015692475 -988.3562197832
-1305.0436097947 -1069.8149607015 1.3847962593
-576.2608344862 475.1806087318 -383.3431782622
-996.0163375832 -0.1662381983 -268.1752794874
-1865.9433376747 -1915.9346495463 887.2028047734
-219.1079163278 -307.3321194435 -1127.0156204787
-488.9338650348 -104.7330927027 1008.7580535034
-1767.6631219012 1025.1672839319 141.4465638638
858.4867556134 -1778.4922136839 1634.9288922681
581.0467207729 -1892.1146650542 -973.7498067555
-222.0481745600 996.4183075670 621.2345490826
-1259.9987933707 81.6278723364 862.5896183110
1156.7411948085 -731.9490546587 -320.6808934333
-570.8543119949 -1535.4869542884 97.3734148481
-993.4031962135 1591.1961338376 -1891.8573653701
892.9389892593 -1906.2117023532 604.7001860096
719.0775350400 -1029.6525362457 516.5678127876
626.0669245533 -1732.8484470049 -889.4450502098
-1891.3325648632 426.9863953395 -1149.4507527126
-496.5382122706 91.7728771627 197.6106005715
576.5115843627 74.6997201182 285.7853570025
-1565.3279951486 197.9169798384 -609.0338849608
959.9074591153 1126.4761123405 962.4548492813
-150.3886859437 1702.4301344714 -727.6494512024
815.4125692984 -1768.4539656545 -709.0785649596
-1342.7027854626 -0.5309225491 -968.8498519790
1898.7614041534 297.9680853005 -1680.9775796453
1250.2918651874 1155.1859584141 -546.1930251652
-1975.6313355264 362.3801411225 1123.1055725275
-947.8625296733 -1075.7355699169 -1850.2009785535
-1541.3204824744 -313.8744700203 -156.6213916083
1845.0867498798 -1543.7131688819 526.5116997173
-236.4004434865 516.8537265574 1096.6869389792
164.4796137452 1479.4790085436 -446.6887945662
922.2849632660 -1601.7292633685 -1462.3528707860
1445.0356171346 1247.3402697737 -516.2892633311
-1283.6421827494 -336.3845347878 1829.9676634213
-692.6931547373 -866.1680133248 -363.4276937386
589.5109323700 -992.4373535137 -1932.2061750223
717.5129591067 489.6710725983 1801.1666632281
-1208.8641387782 860.4201301371 1913.9759116531
854.2520910787 1092.0109553735 870.9516409696
1401.2340964991 -449.4209761465 262.0713936842
-1631.5540067610 1264.0195657219 1706.4102616326
-195.7526693205 209.7478580692 1852.9714028803
1280.2153901851 1846.8407214013 -1996.5471509479
741.0210873806 1037.0503749058 462.7892764523
-1441.6557896230 772.5049923226 -613.9370641143
894.8792805637 -295.2076526489 -1289.4950226750
1412.9839386447 -1455.0389000803 1099.0187872394
-1172.2107370993 -1515.3044971596 -592.8400906192
-253.1760463834 562.0851711493 -432.3828350094
-115.1053154280 362.3172020632 1622.9924224018
1471.7281706351 714.2580235333 376.6357482020
-1199.3937300277 -1087.4202397295 -709.4604731676
254.1664135534 -749.9057013398 -1570.7336763634
1938.3890423360 1687.4323032371 -436.9034136851
-1555.3646957868 1153.6431385172 645.5340272534
-318.2789209988 -1993.2487125281 1024.9410728611
1741.7386458489 -401.4909813414 -777.9802809072
1181.7373954591 798.1962045843 -1830.8895147919
57.8704509243 1408.1754888269 -93.7622801105
-296.3673034998 -1952.6438197800 -671.8390900237
-1245.8322840719 -156.0100802018 -1638.7880772095
-106.0928184189 1173.9118033688 -1617.9970271434
-685.5699057358 -354.7477865421 483.2882255446
-1179.5443732412 -1011.6270058819 1831.6170553708
-1655.1714157173 1795.0611441640 -1018.7193858541
-696.2324922828 -1274.7337223626 1289.2729003587
1598.4263243416 396.4648476408 -392.1784998333
676.1125778384 -1342.9449075148 -193.2979319155
1891.0214794992 -611.1062216350 814.5503691691
-1893.8564267198 416.3924702121 -1034.3370700450
-1451.9970601768 -1034.5430074901 -1532.9405904209
1670.4313732957 -829.9161321443 1843.0482490576
-1495.2455602561 -191.2192989236 -1156.2095723392
-523.5141064983 -1065.8234044622 747.6021441980
-191.2135765682 1760.0450104056 1860.3986909897
637.5335733946 -1507.2075361190 -974.6790521509
-233.7085999292 1012.7499158360 834.1190238038
873.2669062500 -713.4112305472 1839.3714564050
1851.4445344349 -1547.2125137499 -1061.8113987661
904.7342079603 -1417.0198920765 -1616.2530496562
-1913.1427531761 1020.2181971606 -1494.6034752849
-1039.7599397540 -1167.7011469165 1083.7910606768
-191.6601790177 295.2633798740 -458.5482215318
-75.7169862836 622.3584573140 1928.2116794556
-1110.6174012077 -1812.0101627888 -63.1170865817
-1912.4363506833 -1790.0458192685 -1095.7564657585
398.5137221957 132.9561358311 1530.8366335189
1703.6343239629 -174.2491077280 1696.4442787667
1830.3406859370 -1740.4703958543 -1252.5394026855
-1174.5146271602 -591.9260411891 1222.4920786104
-331.4023373858 1674.5751327604 -1348.6680944413
705.1967764267 366.7056697190 1367.4384765982
1678.0195080075 -1179.8122950029 1266.6514815194
1701.6552824522 1071.2160896576 -930.3380240477
-1555.5448019407 282.0938089049 -1167.9479940812
-1826.1960658182 1748.2840509592 -910.9893805803
1520.4948159486 -1971.1058735791 1295.4716257391
1136.6591682396 -648.0916603804 1117.3460706399
-1246.2935027166 1727.8455839152 35.6976091237
-731.0395804505 -190.0415927514 -541.3848487315
-699.9711107562 -912.1810531845 1227.1331991292
954.2809125270 -616.9117256399 -731.4922195841
-1667.0798542690 1474.4901223898 -897.4594481926
167.5659078808 -1136.0586777080 1017.1384838196
463.2884252609 1673.8963598781 1818.6257845202
-619.3247944942 -1484.3136860376 1661.9042248150
1082.6287522350 -338.1764411837 -99.0387368180
1194.2339232168 -1519.8196976097 -1196.1590322672
504.3671028763 1261.1031150875 1422.6773443103
-122.4946733102 -692.0743401689 -1213.9958493629
-951.7105987716 -598.9791214451 748.2347835213
-1421.4928591887 -1769.3981484958 -751.5921300989
849.8981806822 1872.8150145932 -176.2534703332
77.1217920567 -1051.3574993443 864.1385066553
-1515.7513391395 -640.8353948230 -219.1550251673
491.3898508717 -98.0367110095 -1173.2527829060
299.3457083209 791.6045496107 1894.0088827195
-254.1790001638 -342.0442754237 1330.7843835051
1894.4095566568 396.6054859820 -254.1336502535
704.0986973755 338.2251667913 -1798.4172166966
291.4291184485 31.5522284912 -114.4842665449
-1403.5115071326 1070.6154695458 -374.0877322360
-1358.2264435224 1925.9167897930 1367.9189190280
1348.0381213569 -1506.0578902918 -1432.0415177479
1363.8076400299 1719.8874201266 -1641.3068524581
88.1878307466 1501.8861991432 -1334.2884498389
1530.4709164199 -1871.0750369655 1336.0564848265
1111.0617528608 647.1668559489 -549.0119647115
422.2816445845 1444.7522487569 -459.5796987629
617.3987515334 813.4732413383 -1138.1165976179
758.3265983795 -1821.9576061592 -346.5716037197
1209.3154642930 -1578.1435912476 -1889.9988702185
-122.1635017581 542.1358182836 638.5495248401
1037.0307408522 1221.2928483027 -724.7916350912
-1437.2338977545 -1421.6406912984 -176.7227420056
1022.4868730126 -164.3821878418 -1784.2988650743
-866.2543373605 177.5921045611 -1499.0795215473
174.9327535156 1793.4636132730 -1615.7652300126
463.0940727058 128.8764319980 -1316.3023652269
1827.8782353788 1342.1244118961 1298.1025454662
1714.6864625904 1372.2878103321 333.0591267138
-1201.5492297607 -1142.4486986055 -1037.8173700415
504.1400563851 1376.6808483718 -1833.3084465331
-649.0380914497 -1603.2900949803 -216.0224803724
-1322.1777496703 456.1471213932 -1788.6335675492
1940.1908620182 1731.6600265379 -210.3244232872
1057.6203301856 -38.2931283396 -817.8530971728
556.5648322078 -491.3545275647 -1078.0813030312
-810.9003827259 708.4901563512 -1341.2883899673
-799.2483352671 641.0722655230 1187.0524507491
-115.7002382063 1315.7468677786 933.4454771886
476.5999489506 833.4992421190 -1963.1055456822
162.6598253106 -532.7171307562 -1623.3292204672
-349.0432493852 1356.1349193465 447.8740310543
-1892.7873357645 359.9465776575 1284.0772153108
-269.9064954314 1593.7434955891 -1997.4068296067
1830.1836999828 -1651.4553950490 -1212.1493998148
-446.8227707816 -1597.6805762571 -1234.4679900450
-1445.0672536043 1749.3829462224 1235.6217411117
-85.8382073096 -1268.1243058303 -179.5835241348
786.1802701721 -588.8386883792 1765.6241099417
1764.4876567574 -1727.9804033133 -1094.6119060403
-458.9050515762 -181.8126046123 1308.6944188884
56.2497183868 -925.9723277832 -1282.1376419506
-264.5926650934 -387.9949884579 -728.7650610794
1381.0993109634 -638.5253117862 -1957.0495107684
-1521.3428403556 -1863.6865026214 -1498.2908141873
-1481.0306622183 412.0676424967 837.7715268537
733.2061105984 447.7103609086 1918.6681251766
737.8107271315 -773.3364671894 1696.0837959481
-1720.1507007134 -702.6432611461 481.3067398771
-195.4305958674 -1995.6947494242 -763.4180905027
-1694.9256948564 1553.6787502585 1985.6420927919
-846.7613613521 1502.5806519323 -322.5102575595
471.8241368399 -264.9130415949 -1154.8886074679
532.7942461790 176.2798422613 -394.3264945593
-856.3753516136 401.1860481591 -1829.2854468309
831.9497382010 1513.5235492334 1689.1372258751
1434.5386061848 632.1114973963 -1177.1856058800
58.6041722444 1391.6851512766 599.7122776135
695.3205570006 -994.3753694571 90.1258496104
714.9962891408 -1459.3820245101 -236.2059980830
-1559.6279814367 -1192.0799878935 705.5694896329
1236.2845468340 1012.5751343767 1199.2038453865
1944.8314169875 269.0723604077 -227.4305650336
-732.4580576137 544.5165603925 -1298.0820196526
624.1789277874 583.6866179604 -98.4962895736
-295.5570142270 -1237.9055658857 -1098.0180013650
68.8193409408 867.9741452743 -752.7967791804
-1211.1808843711 -1187.1799381065 -755.9132353781
1481.2165508237 1442.1365990674 -741.8641790323
-1685.1171353510 -1794.8619909564 685.9140284485
808.9356994627 1770.8622392460 -1599.2354749738
983.9247756663 -98.8242812927 303.5360250842
-323.4563359616 1655.8876127990 -1528.8740840941
1643.1628216412 819.9446955281 -1502.1400559608
660.3203696521 -661.3978479965 -1791.6078910701
351.7978209267 1207.0120346420 106.7061775555
405.9726899450 -1590.5255778626 1364.3633429126
-1296.5448948173 -1675.8192500255 -1430.6757444987
134.6168018746 1700.9895728441 -741.9224656470
-589.4102153232 1642.2316096319 1371.9243561956
-1629.5318267124 -1075.9873269692 1140.0906682529
1179.1781647249 1751.0651680607 889.1188103773
1621.1299517664 1982.6571897568 -1850.9963669250
-496.2533298748 -1387.8946096393 1025.0476950842
-679.0723240668 1972.4803986783 1874.0886266013
1259.9652483857 625.9148372500 -1154.7289430332
-130.1494476250 -934.0026413612 -200.1189262911
-164.1162559015 -1863.6068164615 335.4286126986
1154.3796183513 -281.4700770468 -1442.7182823161
-66.4757061438 1814.1927462490 -808.2454065668
939.0252284203 527.4634906338 530.7387147663
-67.1848950965 820.0889948888 -899.7928667479
17.6935267408 1978.9191339177 -1490.1744267996
-1769.2307611463 1807.4089586975 1729.0748224628
-1025.2247095217 623.2380548536 -1293.9601688975
1598.2572731345 -35.0137374646 979.6974240642
-915.5379094839 -1368.4923003040 979.0371527931
682.7302346816 -873.5190517479 861.4926560817
-104.2285261820 163.3278605255 -1359.8972701844
478.7796195910 -521.2042911719 -569.2046447565
306.2880362977 751.5040911716 589.0815486575
1105.9052216343 1448.9960450131 -975.0472733344
-545.8135957123 826.0997140582 -1673.8743604953
-1091.1382151716 -396.0971796958 -256.2161563798
1081.3507156681 1338.5277603201 1271.8820100494
-1819.4328735869 1929.2377934436 -53.1515281132
1086.3332433465 -296.9162409434 -1415.6675475870
886.2036905844 63.7506833867 1041.8343814594
-1505.0849910271 210.5762263650 1872.0817263061
1648.8804330746 537.3049617179 -743.4428495241
-1960.4209412737 -779.5422995644 663.1452387971
445.0785414185 -1238.9500109546 1184.9141065688
835.9069189254 -1854.3391044019 1142.6297416386
248.9267274630 1282.4846533362 -1871.3823152715
623.9612717009 -1268.4883213676 -180.3886602298
-603.4791341551 1852.2553055960 318.6370827030
-1803.8938311130 406.6573428750 -802.9577605465
-581.2306591469 1846.8924564564 -1754.4108893357
-781.7620744421 -877.0006366183 -126.5331276726
829.9499842846 1427.2506620213 -1877.2937568065
-466.2695919155 -472.2493412514 -1489.3972173917
659.4521203843 -1451.3539644247 303.2167679353
-860.7616576771 338.7897530871 1166.8806353272
-983.6918403295 -844.1634152765 562.3153903087
1556.7928218703 -1826.6347872257 54.2814488905
-576.1142869806 -296.0328443787 483.9857336525
-923.2387632216 1198.0974878971 1088.7094168521
-774.2270829780 -1808.5367439922 1078.3716537086
1855.5144395837 -1015.4422486907 171.5075348908
-831.5060663586 -1766.5693119948 -70.2015123471
-1100.2634734374 11.2014826113 1497.5317020154
102.4373304443 -1739.0712986001 292.9228494448
-303.7505340529 925.7582318542 -883.0677481795
-108.3106785994 1293.0299256142 1724.4458148518
-1937.2167194129 1089.5813440800 1282.2046009002
-1941.9924264800 648.4952733921 -333.6804498379
187.3056383999 -231.2619074831 1290.1025727519
-1650.7556165966 -1349.7163078378 19.6138737704
1874.2867291429 -1593.0584394907 449.0141573515
-911.9560827139 -1667.4594409413 1647.2437162362
1154.9537100208 -1093.1752176006 507.4116986308
1925.1243632712 -673.1636668377 -298.0903194657
-1624.6708131758 1363.9776825409 -1734.5744354403
-1434.4433425514 -1060.8137105360 -471.1484723902
1251.0991624342 514.9148637235 835.4885018087
1724.9884528062 -193.8268746411 -1093.1753079522
417.5961433346 827.9878979290 -688.3370446147
-1219.4763789972 -621.4503531824 695.9052791682
-1802.1978178234 -486.7426641222 92.6573338344
-1626.9411067945 450.0155005485 -1461.1552565421
-594.9443031849 -806.2268066929 1511.8179334735
-286.4906728238 -1219.1341004754 1394.7806756556
541.7024744310 -991.3982159979 1971.7920946274
15.8455467765 400.8170977217 525.0711062972
1908.1370432655 927.7550511986 1021.2373659652
-1415.0718562043 1144.8379286147 -1060.5894153206
-462.6605667780 1698.7254312054 1642.6046702435
851.2324327684 281.8712402912 246.7628814282
648.1233336717 1254.7364211555 881.2647199094
1429.9884128198 1338.1865405583 1876.9941291469
-1083.3574041523 -1452.8451155732 1530.2797329934
1556.4623653884 -879.5442907212 721.4471828017
-184.3486309927 -258.0349718932 1426.7768219747
525.7009804130 -2.0104440616 141.9257244159
-567.1765979227 544.4786496022 -125.0584627776
1371.5436888585 1676.0152298235 975.6751870304
1218.1035358907 -1682.7152250387 -1288.6288780118
995.2095000578 696.5070882447 -520.7282836529
1007.5017434159 1723.0729967030 14.1173420593
-79.6952574208 -47.4569375711 -770.0910553588
-561.2260206017 -295.5055412032 -1948.9983027402
-1813.6172126646 -678.1386597865 -834.4981226982
989.2517657648 -109.4526596089 1479.1150580271
-986.7518477551 -824.2104046687 -1970.9127349139
-1058.9572305485 -874.4408320008 975.7994318882
635.0314223198 1454.1529805623 8.4941482136
1194.4692349318 -991.7802044484 818.2121362831
-932.7545613490 -1274.7613509432 1248.8029278790
-1008.3110031100 560.0398243862 -478.0787309919
-925.4012169545 1396.0269195587 -871.0709131128
-537.3403395055 -1318.1007798439 -519.4700339575
1459.8400177190 344.1066751864 -321.3575815009
19.6684296326 -102.3747169528 462.8181997262
1931.7993824308 1474.1223065950 1016.2780138169
-1066.3620921994 819.4463693580 -368.7833077922
-758.9698584511 -1101.9544574011 1349.7146993943
1901.8037101265 -712.5217187457 1683.9651962007
770.9562100204 277.4602896880 -378.9289248367
677.6854476289 654.9424705277 -1349.3023949354
-1360.2511562628 -685.5178272878 1167.0600204691
534.2808349764 -1078.4683673631 808.4613037361
1835.0576874233 -66.3892659490 1664.3109315701
289.3057854575 1139.2029799728 781.1428970376
-1418.2843099051 -1672.1391222611 -329.5776208017
-1873.0089273377 93.9537622908 -1265.7451749478
1190.8768505735 26.3151145669 -401.8876636587
636.4913468217 -763.5205434296 -1970.9711176434
-473.6317570493 1775.7478932180 1318.6052977102
1626.9937192237 10.6933049857 884.4899251232
-1587.5391034163 1119.1964295167 -1690.7970844988
-1836.8317183661 1249.5325107352 1501.5087890124
-320.4062282541 -1164.5372239766 -18.4511266808
137.8808951429 282.9825423928 1160.3142960697
1218.6220461691 -1238.0754400236 1189.6619118939
1951.4703496384 975.5332390345 1623.8145655981
-572.5638198049 180.6058897766 340.0735449428
1418.8197688921 1755.4805487232 -1453.5649956605
-1457.3580597535 1041.9628621776 487.5041760705
1970.9837051770 -1695.7118949624 -474.4604034905
1497.7238731527 1831.5332060850 1359.9202973602
-1539.5219383812 90.2258154038 1910.3689673940
1801.1044871988 -355.8693490172 -347.2631721610
-474.6334725895 -557.6898801927 12.7273658320
-1546.4172590230 -1980.4071722025 228.8750242359
115.0253819275 -1158.5214252345 -1986.6472878103
-122.2731195511 642.2822208201 1233.5425996769
-1579.2433777229 1970.6179906868 1454.5729889702
-775.6793555426 1220.9857527258 143.5888812318
-425.8052386963 1876.8568722711 402.7914460998
-1344.5684090450 -410.8036529416 -718.1567108301
9.8344178465 1750.5956642293 -1399.2298419132
770.0393367240 -157.0962408663 -913.6032952084
-1162.5461244713 -311.3196518196 -149.0912815895
-1190.2950167213 1631.3601891118 -31.0629567133
889.4146273785 -294.2044998151 1943.5048315224
-1896.5055921306 1719.3515552795 1999.2135599040
1754.9950007282 -1021.4898036774 -336.3438727113
-1158.0386048158 -742.1152161645 -91.6096840425
-605.9042828454 -1250.7532022326 -1840.1523578944
-483.2831619183 68.9988911023 -392.6165114526
1110.3598346329 852.6568601551 -1156.4353219027
148.1615345884 -1800.3224280130 -963.8941175700
-736.5467302804 215.5717883674 157.5602081975
-1310.5027657246 -1196.2958454815 -1046.9990526277
-1007.1951015419 1195.2046955700 63.8540199438
1937.8365818291 -1409.0746464157 800.8853990273
-1528.1317413366 -907.9825047326 -1139.1143065837
72.3541091828 -579.9390701934 1091.6486485933
-511.8481909428 1892.0452639864 -548.1768702344
-1415.4888625642 956.2819495573 -516.4146345317
-779.0613234540 -1313.5363177334 -306.5285980782
986.0517294509 -1346.5876469868 595.3901178608
1776.1686925353 1347.8527126099 1811.7998778208
-223.8157118916 -263.8709977559 1392.4519905112
492.0123599653 -380.8004133601 710.6546356731
-482.4427993951 -1048.2222081747 -1141.2660783307
489.8089363864 672.6424535816 630.5593995134
-1490.8720286173 32.9202471524 -1626.8462456940
-139.6375613144 -1179.8647725429 -1230.6549516850
1994.9463079493 1297.0097526236 -1684.2196076041
1611.6534385575 -1861.3306682018 -375.1361878371
454.7886079573 921.6023146416 -1010.6794080164
220.2370299188 -803.4212165020 1280.7458007223
943.7701518284 908.0034962100 -1242.5569103631
660.5371893848 920.7819925939 313.4952341910
-1756.2189291242 783.4790934297 1737.4451115810
667.9773044553 -1475.1661985523 -752.0154204636
-1712.3195506411 -1070.1646782048 462.0030332392
-634.9640511131 -1481.3226625121 721.6618271411
-1875.0482213735 -774.9389821601 1575.7000611734
-1557.2185749652 914.0406091429 -464.4267200140
-1766.4794018809 -1905.2662532726 1899.8839751568
-1088.4801403107 -996.7950416936 1917.3227813261
432.5714130799 754.3725297023 882.1349775570
-580.9128046517 200.5507644929 -1930.8975150498
-1809.4682111196 476.9390148202 -1159.4814148329
-677.1506143490 -1408.9793713886 181.5710734222
214.2180085171 -328.8748553630 1925.4400671427
-1254.2919660903 -1454.1754656447 1401.2561206673
1914.1139390055 1016.9777017201 1344.2665402356
-1177.4947926685 622.3976504114 -925.1261314319
-1440.0136628994 -1746.2816634106 -1635.4767216374
-630.4017003419 417.8094723882 1593.8896736956
881.2260087232 -1020.5711183037 776.5996256593
1528.3413163977 -954.2470027437 -1074.6594811451
1476.6677090035 -243.6550009174 1747.1123914499
1588.1935033371 591.7501480590 1069.0180297688
-938.3029268775 1457.4630228811 -521.0192539981
-98.1045760032 1601.5320394314 -141.0881896221
395.0985147126 649.3342822364 6.4641612528
1520.3957394676 -613.6914299282 -322.0103431022
-393.9781296314 -39.8555070855 -1481.9062316883
-1815.5770024702 -453.2293010769 1816.1146793966
-454.6008156635 -58.8902061127 -813.7278332006
843.6884064364 437.4042824657 1649.2696808823
501.7126322614 106.8158638288 -1521.9106303132
506.9193256354 888.7750520443 14.2417353450
38.7481394691 186.2290459386 12.7790899243
506.4028309149 993.0794081947 -933.9699561096
-1099.5285431970 1173.6077355199 1851.7907444266
363.3124544290 3.0042934954 -1667.0687480478
-1290.9446473470 1337.8935255563 1771.2619548753
576.1609906167 1849.3637078770 -1014.2900384032
-1509.9051704649 -1374.1869560075 1894.1848825593
846.6461726845 -739.5076946090 -1887.0317755407
-1072.1842049589 495.7726607723 -471.7662876567
1693.8327505040 -665.6978565827 1199.3349154108
1214.2416383967 -1269.6100533876 -1702.7925618757
1851.2445090354 846.5942466228 1138.1276295709
-1347.7118769497 1912.5833713026 1152.4972978838
741.5227266775 -477.6469361283 1313.9597123875
-1367.8995464676 -124.5341599187 -454.1759522530
666.9514053662 -107.0880584779 28.7927878729
1980.8535446742 -700.5540365684 115.6667565377
-1193.4893304962 284.7557204931 995.2329930781
-688.4867131083 119.9494042802 -1659.8030698001
-674.3967218545 -750.7182481110 1636.2424829935
-238.8940594155 -384.6413475452 -1593.4298583305
413.7917905674 1469.1234954043 -1244.6153366036
1584.0459242756 -67.1642637510 550.2711980694
263.2762699441 228.9658400801 -600.1554615341
252.3413710516 992.4705308189 -723.8163435075
-324.8250490779 608.4467910406 -750.2231374434
-1167.7748514531 -968.2191622191 -847.7343222900
-1955.7808321314 1517.8190791214 -1318.1900778328
-126.6861774876 714.1220947057 1276.6308367661
426.4468087514 762.3100550446 1715.2352819608
-990.4161396598 654.5765609375 -570.7688651776
1946.2963506046 392.0071117095 -913.6322730692
-1419.9241924449 -743.5351927364 -1246.7022258837
-489.9594931833 -1247.5075242043 -554.5727438581
176.7484995222 -176.5646894870 1193.9207673749
-535.5686479973 -263.3146540582 -1924.4131522128
-272.1257829211 -131.8855108365 -594.9158873945
-1889.4851678043 -1232.4294927154 63.5484315022
-839.1670158054 447.5977261868 330.4073066182
-865.4552523896 1811.4023224378 -1935.5923237129
1914.0035657976 -712.2145241463 1355.2946658037
-1317.4066270106 -1198.5780608183 1179.6510825120
-465.4629698540 244.6584255749 -390.7740418618
1414.8049697416 1498.8157875137 -752.8067467434
-985.7085818259 -891.3868235115 -1165.4043753114
-1150.4418783978 -422.9475328356 517.9644993241
-989.9981533385 1460.4837443222 1611.2356303364
-147.4352429538 1418.8685089056 1889.0761752526
-162.1219118656 -127.1737344937 1292.6489654680
1281.0886750028 -1159.2177123065 1280.0482497016
1601.4261387612 1701.9851488733 -733.0602632786
-440.2787250907 1764.3168816024 -450.0444027497
452.6001753648 -1208.9777387281 -1040.5114302483
-1788.2161530481 -556.8166444303 180.0234893776
304.2599423454 530.7738525091 -273.4391654234
1282.4755576145 -1471.7697236282 559.1863358797
-475.3112619998 1979.1178817176 -541.9858745724
1859.1261357247 1134.8234559792 -953.6153131739
310.8512811490 -638.3337087379 -660.9509669618
1906.8185191727 1699.1699530790 1176.4557598529
1868.2136867262 -1630.6440023211 974.3000609819
-242.2119288554 1146.5191132755 -1911.2878100397
-1573.5258718936 -1341.8761294485 -1180.5031986958
-706.8295772431 -1306.8717274038 -638.6086703981
-1733.1469722204 -1559.6531618154 1793.6033752164
446.5469120491 1658.4302263017 -1739.4375686099
-252.4002426579 -1399.8059236659 -427.6250000134
-1619.1542351976 -991.0633122418 1576.7287626680
-1058.0843151772 1583.7561492804 -859.6960544859
-1174.6817622134 127.7365405802 -1539.2414425482
-247.7349106618 447.8650929624 -1306.0143230432
-1408.2356370247 1563.1110104792 -1798.2102396068
713.8313390555 -222.8458680990 1208.7174420696
1754.8743709234 -694.6124433874 1014.7935864650
641.2023657422 -1703.9374569455 -1210.5555690541
1413.8465866371 -1216.3058740766 1216.5436177955
-341.1963069842 1972.5969034563 -483.2679713282
-998.0311117689 1673.6551526626 1756.0033177072
1572.6309449636 285.4631547157 -553.8875026759
343.6636478078 -540.8926038664 -296.4566077161
1574.7211734720 -1052.9165999623 -1838.5670105575
1928.7182664857 103.0863504631 1905.1127333117
410.5441677437 447.2964368014 -1162.9949453751
-1759.4952621987 -161.0373531121 -1086.5780266755
-1531.1887707336 1880.0761336580 -1366.8241379155
-1703.1641481507 -1419.1710987476 787.1522160072
1241.0356005008 1223.6219331559 -1441.6691412975
-539.8124319148 -1255.3613500158 -1345.3677608465
-392.1147355594 540.7779378023 1706.5880712203
-384.8202609067 1214.8561766828 1995.0381038248
462.3170926625 832.2330287990 1156.3807053194
1200.5196812104 -947.3324726193 -1440.4292446994
1076.5378634755 -830.3057848106 -322.4380339489
-962.8474919657 -1663.2868276890 -743.1752558054
-1979.5271149515 1208.5933268502 950.4905337461
-1864.0197862035 1977.1701285658 884.4032080164
-264.2573013585 -1915.0129254194 1600.2680186730
1666.4728110305 1195.2301734308 -72.2750612907
-1337.4162412978 -1079.9495017087 190.6716889414
826.5419819907 -1795.9260119009 1832.2027317504
-1558.0195019158 346.1013504482 826.4550171147
1552.9693760872 -1817.3212079132 352.4974772401
185.1957795397 -751.7379282928 591.2545091164
-270.7700655622 -568.2893358623 -1542.4220382144
-1103.8285777653 383.2380242042 -487.3985012432
-1618.2580308885 -1603.5967557943 501.6757588735
-1602.5372962172 -1308.9161909327 -1556.1846940495
-1058.6220152571 798.0945102537 1770.2836962274
1161.9232398400 1488.0091342238 924.6214683868
-719.5760575360 -584.7638883639 1413.8730521041
872.3326831502 -288.2970190795 1162.9563302834
-182.9360910852 -378.3073930676 -998.8081856716
143.3410954168 -1593.7856799418 1670.3630340573
216.8359366350 -518.1103621008 -1936.8797902023
-1404.4515931484 -323.6213509624 -741.4671185981
-1949.2039307785 -1279.7531215648 35.6475983919
-2.0840302868 -1196.3642069223 -644.0824321066
-334.7323547752 -49.4424324544 -645.8977951350
-303.1489710207 -908.3082206116 1223.7010599544
1116.5072148862 1219.5845340038 1807.3047810323
1772.9978488969 995.5795216889 -1457.1144127264
-1028.0195555169 -321.9895282215 676.4642519108
-603.2135133614 749.7423779101 162.4007777667
-32.5547988179 -1213.0972089156 1874.7599824785
1653.3575812082 -641.1299610768 1660.0938979511
-1886.8435051479 981.2725765794 -1439.9308084018
1292.7298891810 664.8465155238 -1089.4886961456
-1466.8577053902 -2.4349149240 1251.2406036324
70.6058203496 -642.8038834726 1307.5867958620
626.3999952412 832.1133097768 -1120.2464999698
-185.0619917276 -1612.0077177354 -595.4141036348
1193.0172022393 1544.8291365753 1073.0091100506
-1931.4936046424 687.5427134157 1437.0464555055
1886.7662009793 -642.9863988603 1119.4134799542
1590.7256710505 75.4972481101 1641.1118455061
1152.8184395275 -234.8613026342 1689.3846461083
-1851.2822004089 1392.3935835889 -1534.8209411990
1229.9624758861 -975.5999232067 346.9668055553
-413.1000264650 -1753.3835184420 -652.7474253775
1267.5703724924 -1755.8997799360 -997.0725963034
-840.5481123380 1578.8127275513 1975.6577616616
-1387.7602491080 -445.8728486104 -66.0744508757
-1554.4548413122 22.0829842034 -550.3564276006
913.5762194981 -1633.1673108201 738.1709804556
419.6848207019 -114.5692322821 -358.2757104961
-1987.6671538421 1498.8509009556 0.1085959898
1578.9414631592 421.0323598446 -1252.3139915371
1426.4149311824 350.5702347639 1440.6497737024
-1514.8838385326 1313.5954390122 1413.3722065161
104.7909209119 -1563.4831587516 917.3482392437
1776.7228522392 1486.5720627843 -960.6469231723
-1987.2462591014 -811.7479793255 1821.5298860620
-564.6145929971 -261.3939830438 -1572.9635205731
291.2015834348 -1365.7452835612 -430.0137295565
-211.0070348666 252.8106263178 1219.7589103412
-1363.2191808066 -1173.8371173368 1449.2697693368
-1044.0380813315 -91.1521738906 -225.8015131289
1530.3497871572 -1489.3902987035 -658.4679647646
182.4845200611 969.6005567142 -600.9780102681
1598.5348201525 1806.7361235364 737.3426823022
1030.4260701180 618.1704150805 1232.7767368529
-279.0815257671 -1618.1675453810 795.8779813012
258.5112391381 1231.6272524358 1775.2470333292
-1656.4821311606 1949.1544542912 881.2833517401
74.6435587772 1428.9729812913 552.1050990184
1958.1204352676 692.4534706909 -372.2771872591
1861.3063003142 -1685.2822869717 -1489.7383025781
-396.4654590477 408.1200199934 -908.6665321834
1386.0411894880 -1584.2838153689 -1611.0581515753
1405.2459100688 -1971.0278824903 1050.3094193343
-489.3801307822 1869.6565115520 -286.3527808032
-107.2082904207 -1434.3085751548 -598.4392222530
-1299.1739076318 -1331.4529142113 -945.3868066766
-1115.6340440815 174.8701050212 -1915.1032564600
57.3013231599 1299.8362912381 -1875.8307233356
-1814.6353511308 -386.3576446705 638.8401086062
-290.6579061445 -618.5229641352 -1591.0675760842
-1366.5955979700 493.4636649808 69.0700542853
-596.1698090072 -1731.0489751146 89.7305854836
341.9239370598 -754.7445292623 593.9303699366
-1028.5893041267 112.8276427418 282.8046988257
-434.5041710806 541.2490463826 962.3235443675
198.6903599699 1189.4051292977 -1914.7768693348
-940.2029228022 -35.0861895913 -1237.9559563449
802.3328013080 1340.5520068654 986.9408022353
1221.7636597003 1840.6487740451 -807.8279000668
-1309.6891296266 -1175.6266430862 1729.5891849618
-1525.2178682688 -1288.6214761800 1290.6335415550
-1150.4656765945 -153.7454184562 394.3224952959
1349.4903967243 -1593.7654346340 -856.1371779658
-907.2100081617 340.5886278570 1864.6470722781
1872.6427127912 -696.9561458531 967.4295059991
1039.6471181610 -667.2636180710 1823.1537395290
1559.0265792418 -1685.5851613451 -309.6361790592
1151.8146558717 1646.7258564814 -1572.7000609042
-1465.1515366696 -851.5071778138 1325.5263987962
1641.3826597278 -226.5258641010 -1194.1515902541
785.7440546263 -1575.6300943148 1248.4887401085
689.3058408346 208.0012857613 886.4446584214
-1373.4459010267 -1061.2185937007 -1630.1495183907
-795.8524641154 -569.2960969708 -187.3335217557
36.2646124963 1252.6413074284 -649.9670208701
1147.6026419799 -1013.7603862424 926.1219226654
1901.3021055886 766.4050186435 1930.5070261229
-200.4045713987 -983.5811109963 -38.7578395089
1130.5274357063 878.3669945605 1180.1501738648
-913.2796532556 -732.8803956521 -1634.8844861332
-1714.8003584240 1623.0576917528 903.4385338477
-1266.6129334339 -1770.0222204183 1119.9754172971
133.9931105752 249.1640837819 763.6410397764
977.4408744165 -905.3860999911 -17.4199247375
83.0469735705 1307.3627059309 1111.9040581147
1204.6624611670 927.4651972048 1377.1107580857
466.8474533217 403.9974134438 -1688.8896014510
1081.0065022010 -917.4243922316 1677.0498387706
-942.4301927970 1072.4465101536 602.8494349639
-1856.2254507124 -1624.7778910358 1494.3317349564
1108.5476018624 990.3958319165 1081.9790780420
-492.6448795905 -1841.3596758105 -981.2270214633
-1234.1294874565 363.6299494781 1771.3067885188
640.6182740281 293.5360174909 15.4191324816
155.7914536971 -126.7038104992 -1746.3967938316
854.8739249730 -1225.2684985133 972.3762780753
203.2860390988 269.6212221296 -950.5023157025
542.1737510535 1706.0691936614 -1352.2964486453
-1748.2028630654 1711.1660272345 1335.6140411115
1796.8115434633 761.8625460619 1524.9439027517
-288.2820233187 443.2036573600 885.0008201457
1287.2699742714 609.7253400743 1269.7374814548
1745.7799022630 -157.8689329378 347.7440763611
-197.8243745552 -1778.9607376249 1664.5271705421
-428.1120192893 -975.4067497896 -98.6812182161
446.9167273128 -972.5130484872 -1395.8349042380
-1697.5570751079 481.2537270654 -673.1333998211
1352.6377146474 87.2249516854 -389.8265008457
-286.5886345765 1646.8899628250 1004.3375220388
-995.4265832247 276.4198594025 -87.0058917197
99.9998204541 906.3384253909 -1665.4658675092
1101.1873247147 -1847.1280069693 1911.7158354175
-495.5641764079 -1408.5036976721 327.5608131910
-382.5218290597 747.4513013992 1127.2700419742
168.0607914724 -503.8325847315 1197.6981271200
-1662.6097811713 -1966.3440172407 1856.1485155905
-307.8046511592 1314.4082133566 -831.7514554935
-1668.3948632018 -1011.5653164595 -1593.3325239566
-1923.3088644832 1517.1540639934 196.9036142601
-878.7011394670 664.6293255640 481.0382001831
-1366.0419168543 1933.0007224860 -879.0231707193
-1457.1145509726 1011.3174277201 1998.8701677777
1143.0861027897 -1935.2481598771 -1807.7997359982
432.1172455334 1427.3469914525 989.7241991174
-1752.8179521415 -1567.6789451087 282.7130163352
-845.0502993548 -1215.9286980926 -940.7211098819
-933.6952885697 -928.1876056040 76.7378018836
-1934.2929876491 554.8549993107 1477.0266238731
472.0775829910 1709.6609906400 -1495.3160223928
1669.5767271703 -1077.3387582566 1567.8698900773
-1837.6024538046 -1425.2433987970 -347.3898532972
-753.2621993280 -1616.5933262265 -1557.5422043226
880.0956972288 -1734.6017485704 -788.5105905788
1552.3087041340 479.7588488833 -1573.1240957507
-1917.8264321547 154.3893289223 -1368.2443182495
1225.2314770504 -107.1610445849 1493.1419803638
-367.6738339270 157.7353064945 -1859.9134167378
-726.9969875878 -1250.5979255460 1095.8966745279
104.4433993006 840.2325918155 -1860.3527583332
-869.9405812439 -463.0483962124 -1794.9914674893
-494.8994161021 472.9923239830 -1482.6451336336
593.8731607352 323.3489200691 -949.5042029777
1893.1337692088 258.7936738690 -324.4050420459
-409.6847705757 -166.1657415363 -1014.7154284409
839.8598707603 1641.5093357882 -1904.3677699852
1090.8098040256 553.5236840255 -1466.7356457951
1720.0572424361 -1924.1021492867 -1144.9234549023
-1023.4900629525 -112.9596924308 -378.5946091173
-1265.9616203585 1089.3121207774 -633.0371641166
234.9554211434 -1956.8726111384 1594.3293026255
-564.4621099430 -474.2153934175 -1719.4526946354
-1655.3672995162 421.0881054896 604.3947581132
-1821.4145763176 294.4635262861 -1973.3816467016
1629.7364628679 -424.6445949078 424.1764739068
-1278.0147158516 -1852.6494236230 1649.2909970902
689.8178856174 -1993.9066659309 1404.1293675440
709.8969687939 -195.2854148117 574.4326094443
992.8492914895 -1806.4089846104 1380.4222246830
-633.3222231561 -1596.4911312305 145.6499216534
-1149.7394164815 -603.1579339585 -1948.1539341715
-1927.2831989314 -674.2415391501 1296.5323007734
-1164.7048417371 -1875.3149236674 -1295.2475833062
-1854.2609721849 -347.4736281937 -1291.6093031093
895.7639309177 440.3573970365 300.8941132747
738.6813524049 -238.0316576181 -510.7372538729
-1563.1902200268 1767.9492424900 -1640.6481495250
737.9101996174 1497.3335341224 -266.8903182632
-1618.4181282891 -1698.8734143500 -989.6447489048
-1100.5954891713 1777.5496025819 -949.4822164663
-271.1515272782 -1350.5433518866 732.6022423351
-1128.2930827337 365.3590220799 1379.2560708532
-592.1392142371 29.3964814436 400.5579280290
-316.6212809132 414.3991336121 3.2400964812
1110.0423791370 1542.3758629729 1900.9535645721
-856.5996451853 -687.5937456626 122.9496247263
-759.8110788019 -834.9345890156 -148.9427386925
1349.0620845816 1096.0904984673 -1408.2286565341
486.0072661357 1406.9867824127 -1835.9135463600
11.8488186018 -505.2372106253 -1250.1103595164
-437.1016121483 -483.2745723559 423.2458847714
967.0555417038 -601.8058294690 -1727.6466579914
-153.7223275297 -244.5208073666 1055.4938011843
1944.0177169591 -582.4336446253 146.5003429618
274.9312004033 317.7578028862 1159.2759835492
-1029.1884227639 1917.0055808063 1928.5055724443
-1428.2187590839 1192.6642749486 183.4842323776
529.0874855838 -288.7502725098 977.2198583391
1964.0766366382 -88.1869956675 -967.6791004536
499.1782336508 -533.9102397925 -1215.9490148332
-1927.5691852723 1613.9558970841 -1240.4965419564
1701.7587703306 -377.1134758694 -86.2676092096
-1573.6835069248 -267.8382216981 -61.2018917645
-76.5207948707 -1429.9367146026 -390.6584648026
-892.9887031660 -721.9829859960 1032.0785953513
-1127.7936587058 1698.6752580960 1030.2966583667
-605.5997127688 434.4617211088 1196.4386403566
-409.1579642547 1225.0974026089 1096.4014640222
178.9460287827 1160.9581849743 -1732.0984485674
271.4319910078 -11.2341783143 -1360.0472998480
1226.4794323628 -1929.3923721335 -237.6610273543
914.1022781527 -1575.1210077119 -857.4765578147
1199.5025608752 1666.0441370265 -1747.4230240370
245.4290535304 -1562.4424781911 -1430.3455734979
269.1513670436 -707.8218426831 1149.1203881312
250.1968192640 -1157.0653572786 -522.9327235806
1604.7614312899 -1986.1502432463 -201.6393730088
-1581.5119116624 -787.2424142559 -1934.1380228225
-517.9877326424 811.7364610675 1790.1586831027
-1043.3284063311 767.4485742068 213.0222991654
-118.1082655718 659.7721141199 1105.2923600176
-1115.8649371672 61.5075236925 -1837.9990136315
1345.2502637069 1001.7292028780 348.2027108928
1162.2375812316 898.3324050852 1025.1686024186
164.1518786829 -724.0329774488 -1587.3261714078
-82.7094471428 -1164.3581513099 294.6505712103
-955.8253876808 -1093.5432710439 1697.9379443029
-1405.6455533966 -779.3600187536 -1532.0839986343
-1286.1648019298 -1627.3921689065 1875.2121942044
-275.3417772738 -88.5753897374 -486.3838071713
-963.6148489480 445.4846969219 397.9184303350
709.3797625895 -1616.6906173756 -485.8626177418
-1118.1785040682 -518.6859929029 858.7719409318
853.8125487676 509.9763380146 1683.0562589772
-1141.2065032175 -1745.1537837987 -1883.5301918934
-658.8186779655 -1873.9136807195 551.7594027159
589.0554294622 1149.1182627241 -478.0665113848
-1801.3216323049 -337.4298128387 -969.0109916878
-1635.7787215996 -1682.1586569431 1972.9496024575
-370.9135877405 575.3095155163 -1571.4609051312
1573.4103102450 794.2059135223 1893.8608888789
1263.6223667499 595.8863719879 750.5992271740
-267.6852328371 356.0582925534 -1203.4964010618
663.9563834350 279.2024150698 312.2461135490
-1388.3929086584 -1915.5201241669 -1789.0055030816
908.4633664823 -96.8892673196 -614.9290006935
-1258.9493682031 556.6227595142 870.5008055106
1101.8640122548 -20.5996852888 1046.8814574252
80.8763673114 614.5033322380 1753.6711856382
1913.3988974907 630.2108738533 1683.0660730531
775.4607561199 1958.3269337226 -812.5681159072
1191.6243682896 1657.1707559551 1009.8076373171
1578.0357011692 -1265.5801292811 1143.5279307732
-1686.9592643684 -389.9696185620 -529.2038878456
-445.2901816820 -108.8356239490 1148.9678051176
602.6109634850 1780.0417547481 -273.3146660262
1136.5562730592 1901.9693228026 120.8662892479
-621.0507259719 350.0100471795 -651.0262351053
-361.8873761815 -128.6868270562 -240.4794601605
-699.2905600641 -487.0765061496 295.1691875021
-1011.4969493525 -1602.7777059332 -418.6378791665
-79.1622213692 -837.3999686778 983.3446607744
-1381.3021922878 1886.5123271814 -1740.0833688847
519.0012490953 -384.7790422281 1951.4551384288
1119.1939139864 -1190.3201344588 -983.3478303367
1639.3963951597 -1817.0549489503 533.5558050519
1945.8071397280 -1518.2643801451 1819.6995723658
1152.6795603133 -662.2095628034 21.3766421131
-1461.3775851510 243.2001256580 917.5090429658
312.7078810270 -282.8765522590 -729.2473432722
-207.9250604941 -1944.8266564737 998.6982336908
-120.0859863997 1811.3737510396 -429.4030826308
699.1060367337 1133.9379154912 1090.0431679303
-39.7550386781 -1632.5492755337 921.1709425570
151.6928187066 -505.0919444839 1059.5633758279
215.4099934330 -622.4677611861 -1696.2502501170
-609.4138933222 -1572.8933577473 1416.0508032649
-1985.8966495408 -1991.5053806058 -1058.7564963685
93.3483203841 1158.4370295203 224.3074668427
1351.9135362471 284.3249916597 121.9985482402
-122.4476773179 365.7649613639 -612.7186159932
-1822.4581348950 1239.2235191165 1854.1557151436
1374.8598618272 -221.0979686148 310.8488984758
581.9957458795 1733.3319345799 -1718.0138740426
-839.4321760529 -1627.0011960017 -1706.1155009746
-597.2314636334 -1180.5228344140 612.0534644414
-816.1663264966 -1395.5344417219 395.7086933505
1140.5733149391 -81.0030065462 175.7126641667
-760.5501684368 351.4565714763 -552.3918218686
393.4266852116 947.7243870766 617.5639457319
-821.3084136908 1908.0659669597 1550.2119468038
342.2803146915 -143.1033185181 -1573.5388048808
134.0171244120 271.7476394257 1827.1873294760
468.2296405639 -1559.8639022406 96.4658780315
-1495.7015228217 -1983.9181678075 1805.7108567476
-747.3525689544 970.4557546076 614.7424885796
-467.9958193648 -750.9280722789 -1212.7791587375
343.6404100667 -549.2235959156 -1463.7749774261
-1593.0346250537 -1840.7517490235 -1540.7985179776
768.6221037142 1098.1225559925 -227.5393560684
566.5858252175 -60.3889198153 849.6908577919
-1307.6183286668 1204.8984343315 1568.8250672160
1622.3511667565 -473.8888438845 1206.6184456177
-1921.0332041221 -1640.2838888194 473.0742889333
553.1648763756 280.5404463182 276.5843701406
88.2041962258 644.6952920724 1026.7846009481
-1281.2139301460 -1463.7827456929 -734.8125589673
232.4523487009 530.5200271221 -695.6367455924
1752.9457597843 761.5569998069 462.7395924081
-1474.8998837902 -1047.8304445591 141.8882300700
945.2237977460 1952.1257722928 -592.2610308510
1028.0062600259 92.3836492726 1047.6634839221
1625.5148034637 -1892.2594195512 -1942.7340799938
1756.5247675070 -319.6752207082 -994.6019919904
1933.5146371178 -148.0622195973 1416.4976577560
-551.8227689813 1858.6836981180 516.2457421159
-1708.1187208598 780.6652891436 -763.4391223359
517.2042936675 1971.7695094958 193.9806804471
-853.0244278654 -367.5532804911 1947.6607005804
-1527.0499990595 1033.9911467833 -1997.8370343937
-819.4735786127 -532.6580551902 39.3656828975
-1679.0879903457 -711.7153979072 1578.5686476115
172.4892190310 149.8088492816 -846.8492338360
156.5058191119 1925.8146218679 -1369.8278746017
-1453.2037606107 1062.8725669224 1025.5210628194
-481.5445061661 1766.0407667796 47.1256684369
946.6521357305 -25.2557360752 57.0519341952
-1902.2510720479 -1840.8188458266 1713.2240856586
-1001.9332235430 -483.6765615421 1902.0956839317
1207.4188406723 -587.0595023872 -222.4958461779
1248.6291569092 -231.5112897387 1690.4771410266
-1103.1285215305 693.8804881604 1546.3037795753
1355.3236528672 -1074.2095514672 -1586.9398026882
1364.1122557778 908.3676502025 -812.5940776520
273.6164175485 -1100.3625965752 -612.0478404556
9.3133487205 -1938.8047078968 916.1567564942
-683.2171009110 1253.8983749742 -507.2076371923
1477.7786961583 -1887.4119917858 -1702.0733089328
91.0375066377 1206.1079245880 1080.6966901407
1313.3221809362 1063.5522573183 1792.3257169251
1391.4432344764 1234.1153179477 -1709.3730871450
-1043.7075271854 1464.5752013118 1098.7834036705
-1317.2640139672 939.0180590383 -656.4747006222
688.2560160372 1433.6100792494 -1439.9592434710
65.8604353152 -1450.8208677872 795.3940786962
1509.2196881270 -527.0661708638 1996.6639121772
265.5114819341 1394.5682466886 -1399.5106653666
298.1588245580 1276.8373106816 -1475.0290341091
607.1341028228 -473.3691052888 -1465.8744141240
1924.3835218436 872.5232619865 426.7856982473
-953.5108852150 1639.7807562388 -575.0611619050
-821.4147142685 -1707.1284602362 1837.1389547732
1702.9478780377 -910.8368574957 -1260.4764785413
-367.7649447688 -522.6350558216 -205.1967305103
1250.3272143661 1778.0130664574 -1550.4374091213
-399.1943649674 -1882.1942929860 -770.6009992478
-587.5671071458 -1859.1926510957 1358.1511267894
-1107.8779580097 -1238.1031781865 -1807.8494223777
-1719.7670698472 858.1747219066 1291.4637634300
719.2246537317 -990.3669203993 1789.8714061796
454.0980856545 1073.1441877473 1773.8102062250
1852.7655464762 1817.5206598985 1869.5494339790
-1755.3301709734 1675.9603350170 1827.3259361781
-1670.0114899901 1344.3659567959 -17.7267254333
-1104.4713724065 1838.6036023689 1764.4293740394
744.4900925919 -1106.8628629256 -1667.9446680645
-313.5536184164 -1752.2095659362 953.3328361087
-593.4604598498 581.1327993413 1543.7501290670
987.5585175516 -281.7658065731 -653.8279539593
-157.7045836178 1161.1724987310 1613.5741593749
-1849.9658863227 -1440.4618248635 1576.9437971277
-769.8770735539 -1987.1755863911 1984.4731445703
559.8162519277 -600.2983070168 -1113.3104857122
1539.1235251687 -970.5101300235 -198.4340640915
1111.6399074678 1406.3999380167 -1320.7225148846
-1991.0666338320 360.7776783298 -1227.1272934903
-1172.4261877908 -411.6024138275 -527.1434056503
442.8167895429 -873.6690991415 506.6023227917
1667.8022444560 -822.7537512292 991.6332212146
1298.8572629133 1172.2162018514 -713.4722206144
-1298.2765385674 1004.8167278917 1012.3356516136
395.5425408915 -287.4475603679 1832.0581402588
697.7384883941 -1778.6006651544 931.2016317869
700.2128584872 -1422.6912088005 1485.1331154380
-1970.5052401250 1956.1267322254 -116.0423496292
146.2225554207 -587.0322413013 -1035.8998446067
-861.0538995859 1469.9372303687 -1643.0505124570
-261.2967442656 62.5036968316 0.4807305617
-1534.9106549211 -1767.3264903685 -969.5847355141
864.8128023888 1017.3429615424 1055.2974694056
-452.8899517389 484.4734240051 1397.7997749595
-1587.6799648037 479.7487047142 527.5099865475
-1557.1548626762 1272.0755770879 1589.7824215207
330.8029416827 -1744.1963628335 -1379.2846844598
845.9715713588 1743.8994352953 457.1529676293
-1121.7643417692 -1530.4215101409 -451.8868475618
-900.7735185649 1531.6304260560 -324.5841077976
-230.5849106183 941.4073988408 -1518.3385880485
-738.6893832687 1054.3277045965 981.6089801107
784.5227203352 202.3473986129 -410.0846698425
1807.7535150107 -1181.0901298066 553.7454513497
-1103.6292355747 -1589.9404269746 -569.3286841512
-1201.3276238705 -1140.0981964985 -782.7916316359
831.4149159409 1269.8867526431 -830.7023429998
731.7137338478 371.4076912325 1864.0578692459
438.7793886279 -1874.2805435800 808.9149201013
-996.4019502953 -478.4646052542 -1614.6742063982
-327.3823953117 -153.9070676689 -1160.6982370204
-1176.9418515265 -749.3778524073 1652.7539270632
-1254.6647775906 -1370.6146199529 -1224.2445223077
507.5375460797 -943.9579925929 -1894.0758089116
-1215.4544652420 1123.2374877070 -1995.8656515279
-416.0334270939 -48.2467691182 1966.9611199004
1511.8866270370 -1144.8725448727 -862.4674480685
-212.5440026480 -1932.7082084205 1784.5390633908
-20.9056477128 1224.7281277856 -1705.8781289779
1997.2821194257 -494.9713867413 -1637.9112761282
1557.9945779779 1397.5743091253 951.1716899748
769.8632842150 -1470.7026507370 -594.5177079989
1833.8679676506 -492.2674343215 668.9287978099
-386.8963469631 -931.0848030351 788.8038562366
1199.3308981731 -1318.6563375787 733.3100060155
213.3650000807 1425.5836782235 339.6917674356
-1047.3502606688 -157.2091545997 -1909.9624431863
717.5145992757 -523.1770246261 -605.4188617724
-751.7703717662 -1380.3535653670 660.3305356025
1447.7384117297 -178.3883077733 -1468.0198573237
1429.3002045943 294.2324683613 -125.0103204147
-890.1877327895 1167.2506829069 1316.1214721344
-746.7601058697 1383.5082834411 890.5926543899
228.2227279308 1548.8214985763 359.2610546017
-1633.5755515748 1015.2645707726 -1305.7848443680
-1780.3392898836 -1937.4958111378 99.0907934507
-29.0105697526 -721.0935753570 1481.4650358035
519.0146534174 1770.9831520935 1428.9019581862
292.7911398480 -541.2018248863 -181.5123011477
-1999.7919783254 1184.2416433434 -934.9406410655
-411.5862628697 1685.9670659840 -594.9584145184
1094.8823410591 339.2786689242 -406.0456134088
-1991.9923736440 -331.5592691253 -564.1392721634
-98.2413933846 -1284.9812312580 -665.8351601282
886.1706010771 -349.4737653646 -706.1530494866
1736.1574743638 -865.0454745685 -236.9494977325
-1816.2053118164 1087.6798751210 1216.9323280105
74.8075988023 -8.8523708379 -64.5793649964
-154.7469437449 -297.7277736842 1739.8451987498
-948.3913975481 1422.2007128831 -760.9727659020
-1968.1464692057 188.1137338967 1043.5744484251
296.2046237409 1518.9303026171 -1297.7703567906
-1597.3244152801 1994.3923318739 639.3044970286
540.7300857367 -77.6268457899 580.5945139251
1156.8564500663 -1885.6774589359 -768.2135026551
104.2167747654 1058.5635406360 -1375.4168332681
-1212.8956489557 1763.8494638942 -1792.3485259334
-892.6746509547 -1187.6300284397 -702.7471820283
1752.6610695128 1926.5448964988 -1601.5586151757
-1383.1022184333 412.7854563685 627.1575490070
1681.7333557920 -884.9904321894 170.9213662532
-673.2233655097 -722.6551623682 -475.6911086261
-1330.8295825434 -162.1136957116 -1300.5030726719
-468.8770051924 -121.4826589081 1353.6074219487
944.6444579322 -962.0717760622 -1272.3401909335
776.5961948788 -408.5299660459 -159.9922947342
-980.5300806640 -1556.5437753082 184.0626886490
677.2341279367 351.1905380011 1044.8430229169
-207.1722750692 1769.6571678503 1701.4537972207
-1140.1335072204 547.9246086486 880.9613005173
-379.7198988871 1491.8292229954 -1639.4205900221
1822.8254758498 -1086.2527060023 385.3252308657
-1420.5886736120 -857.7362477635 -797.9611112966
148.7847482147 114.6514889793 -1900.4336670104
-1386.6940371641 -1432.8007141929 -692.2138090386
1124.6846492552 -1307.5884303433 -1167.2064206092
780.3084461965 -1571.2940276535 -1052.7463052428
-166.8354102514 -1537.0968069048 627.5913667803
1102.1274673433 -770.4329081452 -210.6996206572
-1450.7673438847 1828.4224692202 -262.6685560725
1666.8895026311 -1295.8661502026 1074.3268314395
1452.9686900041 -1171.1376507358 1449.0872769036
647.2916565170 -1823.4879973436 141.4422048848
1346.0023838472 -657.4945560360 -1108.9970102295
-63.7021822966 375.6752920454 129.8743623041
-1392.0199197165 471.5835750024 -717.0295436893
-310.5776822492 827.3010463924 -1183.0314677167
-735.5334937201 -685.7509580812 720.6853799521
1137.6767239575 961.7800428622 1427.7769384849
-1901.2260791433 -1313.0360733763 -1083.8101229152
1946.6867221735 -549.7843223350 -1523.6349942810
696.0939187675 -761.2406632673 -556.7413325249
-1325.6122214839 171.3092611651 -1232.2069013837
276.7540957020 1503.6542324918 1682.6331780445
1319.1897814500 1402.4110262099 -1468.0666119797
-48.6302159402 -663.4573447377 -1085.2394417689
1658.5754870480 1549.9324201737 -39.1120504628
660.2061161364 111.6818872379 1292.3612678498
1667.8881945583 -688.2823218019 872.2793000911
1173.6893381997 108.9101970786 728.9370035260
-815.7274594808 1878.6197150688 1885.1760360877
1701.8276463901 790.0058136551 -1376.5660315175
-1487.9267779465 1499.1788481292 1530.4391382489
310.0225716567 1768.1605639581 1874.4061270594
1450.4783867632 -1453.4327215898 1628.1556169108
335.7194418822 -1234.4482182349 -779.4576037806
-632.4187975746 -169.3190832636 50.6159908689
475.9075323568 -316.6132133921 1973.3965919417
1478.6255074046 1159.1109583603 -1169.2846409358
1799.9266637541 -660.2057126166 -1256.4293409498
-154.4630297174 -1979.5101648335 -910.1194167218
1302.6046675703 1043.3702691971 -1303.1856373488
266.7784922247 1083.1296065767 -1355.9690471343
1126.5679427885 -1787.2557642507 -511.4559300166
1942.3977159584 1443.3291290939 -1835.0546265444
-1195.3313147048 1247.5576713301 1334.3958179098
-1051.0284432856 1381.2496531336 1669.2941588671
-1009.9301902081 1724.5499820850 -472.3239603412
-94.5916556749 -550.4860123428 -282.3794320637
268.4767628763 -1873.0745389135 -7.5696759198
-1092.1656290581 -1896.4205451308 -288.4724329422
392.1276666221 -610.9299408429 1503.1504401768
200.1918244298 -720.8459762621 1175.8407931688
1854.9813158133 -322.7241338525 512.3725354858
955.4229727164 -1532.1722154912 -1849.2788245265
-731.8752294491 648.7990248218 533.8981293073
-939.3614677858 1642.7119041571 -1044.1029091891
1832.2596598934 1304.8256218960 -1041.6659567481
689.0008697132 -1270.6457443312 1442.2024290856
1702.1553602271 -765.0535220700 1629.2133376399
1425.9240251338 317.0283408743 161.3524835197
1131.3316756470 -370.1929922443 825.2220172938
-218.7335815384 -630.2685304068 -1346.6950823144
1028.7463139768 -225.5889126929 -1846.2724164221
-855.8649899204 -107.8955483124 -749.9598189356
290.2127442390 -377.2657382835 1315.0530490255
1854.0198026674 -636.5443058140 -81.9544430033
1396.5844297142 -102.5089247370 1465.9561808437
877.9001962751 -502.4202603539 -1433.0459904409
837.5899973805 848.7960080339 -777.5168127988
-399.5008281811 864.4966600513 1145.2881502201
452.2334711846 114.7755299456 -991.9586952718
-1550.9696289402 756.8219189235 256.6341119650
245.1319251354 -825.9339860196 -1201.3525751083
1116.9515271961 1048.0356057169 1305.2134907816
964.1153305356 -475.2617397186 -1821.3022007082
1462.4966684188 -892.1069969496 -64.8617915487
235.5089988264 994.4776974646 -544.2425468091
111.5724242978 -1866.5373517420 -926.0872043755
1902.4813073066 -1603.0664045667 560.7488583348
-795.5372862711 1594.1440107482 1292.3169214216
983.4997970541 -1943.0633743998 -130.2894587829
-1900.8717379609 1968.1779274645 -1815.0700734328
-66.9690489673 -1173.9145157607 -1746.9240459151
-208.9755447292 -650.4329790263 -1110.2798798165
-1589.1664391872 -1779.1559091099 -12.3941908054
-1431.5207718664 1329.8529276635 909.2810670881
-1265.8552958169 211.9038529022 317.8965695773
-432.4891188701 -258.3389815128 1341.6899993666
-565.6102006966 -1291.8128486104 1267.9707607639
-1739.4913675503 -1013.5394612808 -1919.0155922637
369.3505154244 -562.4123052945 -964.4114632606
327.4764203190 -1739.2069631394 1174.2706185327
453.6681130035 -1292.9044658164 -140.5070946424
1001.8335083605 119.9904956435 358.7152550645
736.7643032132 1971.0722062102 1845.3966911428
-57.0776354601 1325.0068761659 633.5045311346
331.5748601164 673.5442013400 -1392.0095938516
-951.8156495608 1299.7406935675 199.9127589212
-774.0082801008 -1980.2729652220 -1009.4846830087
-1740.7037887715 -1333.1779093099 1248.8399976112
-1143.6338632935 -1059.0107071173 -161.9195685550
1592.5643645155 -319.6044210629 -1811.7350890861
-1042.9341226807 -1732.3435374098 -1153.8264945883
1889.3341275985 1151.8725292934 -1530.5172806840
1661.3689942099 1485.6387886219 -432.9260850223
-911.0016163337 1678.5547714129 -1937.1659021777
-958.0096326455 -928.1393387194 -165.5583172589
-32.8895537122 -1343.9501357880 230.2969509619
-1941.5518811069 103.1302087215 -1385.3996703654
-449.4623905032 -1940.2846542679 1654.9606841124
-392.5453140607 -1857.1931523133 1132.3436270616
-1069.0964729030 -1197.1127142701 -887.5164813237
1421.8607946855 1535.5293867589 1803.4334987907
152.3490823834 796.1233524963 -1455.8255014806
396.6692496746 -394.5673669829 -1231.3016940165
-1977.7341716564 459.0201358393 -921.3702577981
-414.3284197941 -730.3601006930 -1193.6437673393
1092.8060683382 127.4964716932 -831.5575773423
1313.0591454366 -1119.8606633632 -1469.8635088686
1894.0085653947 1737.2195602479 -1360.1860299293
-726.1978546541 703.0434899558 -1547.1308231123
886.4893101607 50.3995557955 327.4600412073
-279.9426661980 -643.4300093300 1923.8899442119
-535.2817044816 1077.7795028281 -821.1027595218
585.1891501134 300.9927694804 1433.4836248194
1278.1765669704 -1407.4352847412 -1156.0693578052
1141.2628782367 341.5291243988 -155.8284052218
-606.9651688992 1418.1268282807 893.2383159475
1619.2814556580 -609.4635105273 0.2257679762
1297.5359046771 -1755.5358259329 1687.9541938210
160.5706942450 -1421.4392748391 1456.2670323119
375.2539833466 1132.1530011323 -1350.2676985985
896.1587990309 -1013.0494114075 1281.9022030548
-428.5327581400 1447.2631359483 525.1170696941
-562.8471778624 -1156.4317413073 1386.6795986208
-126.8793682110 -145.4833976490 74.0097381394
-1092.4923903572 1099.8073945390 918.7552137363
-1201.3448340868 614.6354693262 939.8179581191
1747.5508592958 -736.5810859557 -1802.3566091304
-103.7142523291 -1978.8416674582 151.8110464902
-571.2300761578 -595.0890915216 -34.8516744436
188.8201406984 -1359.3226771943 1873.9734794883
520.5673206835 727.6819516876 592.6753574561
-390.1104007867 307.4930059090 493.2109412865
569.6410706355 535.1531852826 -1384.5267612667
-888.9952965834 -431.5440271196 -1238.1813024583
-1586.3233852391 1317.0082276056 104.6148534102
-1121.0337147033 -701.4299702912 347.2916816609
-341.6750331966 987.9221640948 -972.3387351647
-781.3843642969 -1407.0387681611 1217.1680923633
-1079.1445781202 -721.0488382000 1184.3973292656
535.6639490307 -1161.7190490615 -717.1159839422
-1443.0973486828 -1193.2463313405 649.2081580720
1035.1598446028 -978.5777497699 1301.0221428882
1232.7741781489 1329.9552708959 -668.6870395272
818.9417516455 -383.5885898938 1387.5098490749
-1196.0125119100 1223.7636475913 188.6219524422
-1716.1733063881 174.5249273835 697.9318243742
94.5086680628 -1505.3579084015 1870.3676568243
943.0615485416 -990.2739262511 373.2405427499
1807.8714331998 -719.3988557247 661.3574699216
474.5180300863 1825.8250294991 -913.5130430966
-1680.3712613429 234.6868751349 655.5473292717
786.2190980047 719.5221389587 -809.4967873529
-82.5708240427 1731.6331281861 -12.4786206137
-43.7380226163 1686.2809978449 1486.1332901464
1364.1872474063 654.5729983487 -203.7298527480
1633.0628801848 689.2598823270 -157.1781718747
-1416.4989511633 1311.4492811279 -945.6822835694
1487.8072462309 -554.8394698379 -998.8655739613
619.6524788492 184.4445315694 1189.3413146867
-437.0872789088 -743.2771341556 957.9914651600
393.9128376410 -1691.2857962786 52.7494954403
-708.3188914742 164.9363792919 433.8966090000
-1973.0517965277 518.7486143389 1994.9024317363
-122.8608213876 1230.3712085340 1991.4914797231
477.9476016662 785.3619141458 -862.7158699832
-1339.9711114100 -985.2222193840 1651.2157317305
-970.0498493194 -109.3515451903 -351.4302390948
1837.3235803980 1939.6166403617 -85.3332541214
794.3763654328 -1233.8398614962 1322.7717200465
-793.7602409355 -1264.0549636521 1546.4364809346
1445.8574312547 -1980.7515597232 -1443.6343997868
-842.2947259510 266.2168909948 884.9502879154
1612.2953985410 -1190.5427908336 169.1292049128
-1537.5100819638 149.5099130948 452.9943523452
-1286.7040811600 41.4015715984 -1138.4548481945
1913.1750929688 1346.9691906282 1212.4679856688
1857.0144804109 -436.5038583451 -323.9792820640
-1597.9105678383 1006.0264548232 1313.2944366562
1515.8554643971 -731.7144019945 351.8688632461
1524.6198310253 1838.7040626598 -1579.9480168783
-1068.9295263383 10.3100754846 1702.9089262848
1816.4245593969 -1916.5585419113 811.1530140285
1408.5938969500 -1324.9286469324 89.1324879406
1871.4748091363 6.2001894844 -945.7577849576
-1789.5295023384 -442.0590335210 467.7000313831
-1329.8146718129 -1924.0457373903 -1273.6344130460
-864.6934007929 8.5519218008 255.3844182472
652.2002082653 225.0235189434 -1444.7247082278
188.1143598829 45.1374910297 1418.5933973397
-1896.1304807587 101.5259994487 -823.1561688621
-535.5168253082 1664.7627508340 -1352.8117171974
163.0501309893 -133.6821066375 607.2077343726
1033.6916455357 1596.6536512625 -1492.7308026161
-1526.2849993616 271.4869127677 -832.2368441607
1054.3893928255 1692.0986401781 -219.7923840399
-1394.4548927425 1976.1001141411 481.0436396136
-27.4470907602 342.1778947827 1673.7877975467
293.7224989347 -374.6694455013 -1093.8902341118
-806.2679225087 987.7494536995 1359.1021449050
-1212.8561841188 -192.1843593979 135.8674396738
-1070.0311435325 67.3156921088 1950.8772392300
-569.7707709384 -1106.0381226144 1473.0009215819
1583.4159669390 -247.1357267709 1450.7321339812
-961.9046303523 -979.2151721812 99.1937742650
-1059.2995703838 1621.9977298227 1522.5177158294
-165.1791094886 1661.7462385842 -447.5499466967
-1020.8303552018 -139.6797858559 1057.6208068043
291.9787144915 524.3748020016 1874.9570755979
284.8126198024 1459.4272326183 275.8359754385
-1053.1702518006 -1452.2546494691 -1542.2718061089
1551.1844397708 381.4575186682 958.4817377616
511.7997773844 -1941.3629508433 -1318.1361398015
285.8995318408 -561.9023218248 1702.3969389293
-966.2352177321 -459.3952041750 -335.5096500982
1177.0137639491 1500.7205701476 697.9471967442
-119.8787890667 1272.4973908407 -906.7571733022
1241.3394865772 1548.7952793442 1719.0916548143
1280.6932614888 -1308.5342379333 1734.4374857566
359.9730541526 -1489.2591668846 -1974.1027064767
1713.3256190491 954.7867819334 -983.6232627098
1777.6089521703 -542.0524282734 887.4409312086
-1502.2849877327 -1701.0738149425 -1700.1412398768
-327.9526575924 -1109.3504251198 1187.7439032219
-1672.3906982413 1754.9986432734 -447.9700482355
856.5939574666 1651.0652419096 697.2558258322
-1689.4143404529 -748.4160914818 -985.7523439967
-353.7504872719 959.1650266598 -991.6110797557
1302.2799761706 -1713.8670815156 986.2835944939
-1157.1581884116 -317.6516429829 437.2080438688
-1823.1320696944 333.7350990901 1599.6426956176
1543.3289612375 1395.4453542117 996.3748250601
-1232.5865568539 852.6543474426 -394.5729034280
-1579.7057386443 -466.0235560274 -617.5088765287
-1167.9561404155 -813.2250309862 -441.4390746299
1686.3382901702 357.3977278221 -691.9650373748
-4.4827742027 744.3436611255 -1611.7374664935
-1468.0157469843 -253.1043724238 -1411.3749357757
-1610.7717131215 -1990.1621814385 83.2682354353
1366.6839644955 -1450.0680401477 739.8180132613
113.8210758385 749.0858002939 -1666.2144354951
1698.4817343710 -1648.7750311721 599.2694208078
-1870.3259195872 -592.7054123794 1928.5749347817
-61.0700915238 -1822.8824592140 1349.8671328093
-874.4356224171 64.6523756056 855.3108126256
-51.2887577914 -148.8035893957 1189.5192978438
935.2027723005 -1490.0608820188 506.9895465728
1924.7051888833 -1279.5097544556 -16.2427808142
537.9358586449 561.9603011619 790.4261516940
1393.4810245212 -343.2912516418 -1794.5386056091
-797.5095692883 -222.0490067828 10.8916149641
213.6007609653 389.4579615909 1752.2444725615
-1456.1565247340 492.5910465635 1547.6207183542
1615.0952153309 1063.3559363318 -1571.2934505969
-558.2139893906 -171.5128751454 1520.6958762965
-1634.6687870506 524.4365576766 585.0590506830
-386.0786294103 -1408.3980971963 -1615.3201779965
-1099.5851599140 674.3588633639 364.6596610423
-359.2858335690 1001.2123238887 284.7924436157
1253.4382001701 1866.4482798315 -295.5359409869
-811.7717158993 1331.8888424896 -1383.8834357695
-76.9972831986 -370.4943694218 1143.7459591231
-1148.4909279126 -1920.8981850535 1473.0084191875
1268.8931904864 736.4463571576 1197.7142158762
635.3314322003 687.5257360169 -801.7497593678
1629.8791179258 845.0118783589 -1911.1244030853
724.2609547567 1952.7461185912 617.6108374107
1189.8646234747 -1414.3845343666 1122.8027563195
-1861.5465770311 -664.8742984815 -647.7275883791
-1750.6706357905 1960.7776196370 -894.2704329712
309.1352257761 865.5814460069 440.7696304118
-1915.8702424987 1726.0831222909 1074.9515795431
-1991.5506515032 1663.9181556791 299.6675378318
436.0247022242 468.5072623895 617.3106865883
-1050.0271741874 -132.7970219914 -438.8071062224
-1727.5739405062 -1019.6083344560 269.5644572794
-1979.5470633930 -94.4672150127 -194.8440787406
-739.3348428490 -1205.2450570872 -209.8309598207
-742.7619946989 1592.9482966689 1090.0921181826
575.6630451308 -157.3219682882 641.8680286949
-891.3252291264 -22.1692644501 -1641.7399696016
1356.2177876149 1623.6334600863 -1550.1838018338
-1964.8136922520 1123.1094066418 -630.3329452983
1337.9944340324 1779.1486933912 1477.1184401218
662.6350310540 1333.1610731070 -1055.8349529115
462.4892709888 807.5717870042 -194.9277692288
-1063.6896557444 1143.5212569360 -721.9892991659
-116.9591913738 1058.7180452272 1347.6762567766
1219.8271669047 1372.9306961605 1291.6116034355
1291.0260750243 -1833.7554299061 -1226.1668898564
-370.2558173434 1920.6210963779 1643.1564556698
397.2038287709 1367.5548294542 -1560.4040253058
1921.9177339299 1698.2774447868 251.9619207350
-299.4462587369 1670.9014037739 -353.1641007212
-1114.2698811445 1201.7709329538 -1483.5750922382
1897.7514058153 766.8042459539 1251.8280593424
1963.1291675699 -1159.8717587099 1676.5744675376
-1737.6704477549 994.1008304271 253.4819134145
1400.5930157908 -660.5350348566 594.3342100270
-1261.2466377154 -435.0200382983 574.6511115773
-713.2710635886 -364.6431277023 1798.8598689195
904.4884558382 -381.3428985087 -1014.5771975536
-103.9797794807 1999.1196162344 -247.3448858364
-581.4953478757 -1501.5442357421 838.7151798439
-1029.3431059373 -958.4120147018 1725.3314317705
-593.3699149207 401.0814595008 385.4952707787
548.3949423863 -831.3896303751 -1650.9008260025
-433.7488067438 1201.6621887138 161.1815379194
-1578.2673794277 1948.2314483068 161.0776680534
-1774.6350425597 1071.6269390971 1230.4087085899
813.9962983561 398.2475894399 -740.9338770500
-1655.9502282884 881.9551778323 493.7912542737
-536.2697495910 -1805.2516104866 -560.2005267586
1975.0158978054 886.7603745863 -592.8054130516
15.6672581725 -979.4568717248 -1116.4757006784
-1491.2230496445 -792.0429719511 -904.2973058623
-1268.5945536742 1181.5591066111 -1689.0164426931
-558.8920174149 -1168.6273908526 -1210.7668521173
159.6227237694 -1122.8400872527 1650.6395432216
-1250.3419743299 1734.8000323964 1264.8606907709
-300.9817112078 -1851.4826031106 -1726.7995936911
1943.9324722898 83.4516947871 -151.4545847203
1399.1907793328 -1940.8342545126 -54.3260342874
-1444.6481034335 -1719.6629358665 -711.9308137747
-1573.4931008034 -57.2502523061 -997.2416105819
1418.2182037305 -1278.4032182972 -1584.6873622934
1750.5544248368 1588.1778815253 -1916.1550569632
-1962.2946937591 -942.5704852991 775.4483084822
1017.3565292011 -134.9873580966 1195.1666360177
-1.5011977557 -1267.0522083790 -397.8538035580
1701.0176690297 -463.9365331386 259.9009973132
-1069.2766288586 542.7741080130 333.5030201717
636.0471486050 1999.0876383584 -1993.5577062787
-112.5772845111 836.6830638952 1037.1908501535
1911.5483197216 -878.4163753998 1407.8449926001
48.3765488926 330.7068887433 521.7681021870
-1225.1155259937 242.1641756942 -1274.2100097553
1310.5149930778 -81.5756145051 -1542.9148858404
183.2179764548 -56.7684334693 -529.7016194614
-563.3492048516 -74.6950004474 628.2661181944
736.8337506951 -1462.7330412770 700.5165391981
-1277.9882296541 828.3055501774 -411.7409694235
103.1878095559 870.3461447206 -1649.3709319355
-1335.1715827734 -795.9650930022 -1043.9880168256
-1280.2878978868 -1002.3804735263 445.4813915300
-170.6492591576 -626.3705993628 91.8567442918
-864.7556807700 -1676.8995994928 -951.4999055317
-1561.3974344935 57.0708917407 -1397.2805954360
-140.9746831249 977.6252987299 -1974.1537027067
1560.3874755955 -1207.6213318037 -616.5416685935
1153.3232844562 1052.9989642655 -686.5811820688
-84.5603123166 -611.8221796333 -641.5612009266
30.7013818336 -212.4300711949 -201.2889749326
-1029.2036409284 -1476.7203716624 701.4761850673
-118.3071857505 -1528.3317885420 1889.3390262250
733.5085524733 -1205.3712363142 -1572.4017938712
1560.6072446761 -139.9761810032 -751.8193347482
495.1945808160 -434.9844604475 1667.3392908407
1525.1824375687 -1269.6295279632 29.6544174212
731.0970663741 1891.9088884333 1956.8547004815
470.0421472956 -1904.8166362928 1164.1777862354
-349.0194424252 -666.6892562557 1617.9145728116
-781.6443711209 1917.3079900839 -703.3626869803
-1083.3258024321 -154.6982624863 492.2616624406
-1816.4797290082 46.1092108243 -1709.4090363287
1785.1010870210 1110.1681015795 1120.7351380095
-1339.0199699660 -1823.4878918371 -1157.6875918077
-181.5635685890 1215.3162193681 -1811.4976662599
-1873.8461367034 -1057.6179954723 401.8321591889
-1588.4058219818 1459.3010948507 -1327.1801943381
-1548.2680408680 -405.5394539809 -1656.2034270586
-1730.2438988051 -1303.0655839894 51.2968890545
-585.9732485235 1922.8996715070 -243.8205839575
1429.9479594070 1162.7099674964 -1832.4251932034
-695.3540606793 -1323.4078947065 -639.4303158988
71.4593526294 1551.9300159444 -1026.0040822921
-1818.3721705828 -75.3144529064 1574.4427146573
1369.3590236044 896.0120482856 -960.0237818203
1740.7913383954 608.6478710702 -1410.1908775694
1001.0245448178 1959.9059921934 -749.4045467930
-1063.0491628305 -1388.1238346951 1024.3781306822
1056.6463618589 -399.1970721872 -859.0350267766
-1658.7565623875 239.1293935166 123.8097301298
622.3663105036 1319.4555181938 1566.1973934387
-1938.3490044070 -1762.9909205559 -1090.3089189729
-1750.9667829434 -484.7386464953 1091.6561130887
-1398.3838540015 755.0195345796 1292.0166942211
1633.9626413826 1990.0848951796 468.5759484548
-1195.7545581010 300.2065621228 807.3597368742
-93.5684231181 -363.7119335908 -1125.5131614723
-1146.7404086105 842.0945763647 336.5008089962
358.0490622258 -1358.9335388669 363.3247292376
-380.3887968205 -316.4811182939 -752.3341158538
717.9457239526 -695.2520753524 583.2838830638
-624.7580955483 1433.0838371244 1204.2670575998
757.3627356226 112.7132336548 453.4558392831
1430.0694480717 -591.8764077519 606.8408144063
581.1765207982 -196.9990967235 572.2283353323
543.9424471892 -412.5103712132 1677.7215862744
-541.5273935247 -575.4802732901 581.7885665710
272.5838702383 -872.8236588397 1798.0069414154
304.9755372826 717.2720542652 -1798.8892593574
-500.9142005864 -1013.4520663116 146.2061024283
1066.1365519389 1891.3743273728 1149.9837004737
718.0733664271 1503.9850843820 202.7291211105
1379.7550649153 1936.3210954850 -355.9654332182
-875.8318258988 1805.9287165068 -29.6938695126
1950.5822305816 1744.1989889971 -751.6502001040
-1896.6267885949 -1018.0043784465 -1084.7386228021
-106.3101819648 1199.9983022012 1981.7504702339
-1459.4007877881 827.0180028187 1142.5430212958
1567.6229522158 219.8196829717 -70.0257579259
619.3997430797 1338.3744375306 152.2358102093
1677.3049919152 88.0887328727 131.3724591193
-810.1504842949 678.5732270769 391.2073933940
-1201.3771566441 142.3058950839 -1370.7258862937
839.6232949784 -674.4862478822 1307.5273776192
1661.6151298328 867.4588213349 468.4158589330
991.3217456731 -1094.9561999537 128.6374222344
583.7186552210 1919.4687086315 -948.4641354975
-1886.7118944676 1417.5504822380 -1863.0018592827
1793.3561509401 273.0692460079 -631.8153605538
1975.2199243166 -718.5389829408 -1181.4967280839
1682.5682993648 429.6755898621 -1813.1469827019
-1944.6726529754 -43.6365736319 1688.2931591046
1475.8720436763 -435.0955067074 423.1083957309
-48.3990660675 1344.9480992420 1862.2628597521
1266.8138037453 -288.7431488606 1504.2899217626
1178.4288258691 -868.7829836908 -1074.7059276915
589.2189353530 908.0977894946 1847.0741657881
-1310.0619438391 719.6569100847 81.4645525149
1690.6200070799 -49.7000634734 -866.0630880149
786.2510712145 1933.5660759539 1528.4749705546
1631.7037804378 916.9844131198 -347.3191982893
537.6845482959 944.9200128597 -1651.9977048437
-1560.4068383057 28.2356806785 1948.2890062710
-1093.1013800069 252.5467468859 559.5469889115
-59.3827279557 1612.0104363409 -528.2953805928
1268.4070266077 1871.2783293849 173.6169835459
-888.9757405333 -1290.0130603788 157.0409271259
1645.9971861463 681.3287636283 124.8217441767
1085.1153136584 1831.7214590205 799.3371834307
-1451.7420143545 1286.2882231551 567.3849426721
287.0856105940 1642.0538176979 246.5475459707
-619.1451554177 -231.7086183262 -608.7296720873
1142.2705537736 -599.7654289532 589.0069406146
-1065.2170193733 -1808.8916014095 1964.3647206505
194.0407253196 1552.7310067795 -1491.6618685392
1664.4912268005 6.5391126129 -417.0340272217
-1115.1010438127 -719.2334247193 -986.4859228098
1054.0258473207 -1978.0956810630 -623.4752369502
1579.8585343471 -240.1318929722 346.1401114958
-811.8559678004 1079.6447422480 340.9974857643
-1473.5589460287 -1966.3566310134 524.4129314171
1802.7476560859 -691.2532852647 -1000.7349338805
-1303.1258312790 1158.9392657943 341.0546350031
875.7494927437 822.1887934990 726.4372313003
-509.8760773807 1888.8778906650 392.6650931801
-789.7558644141 -380.1196499725 -875.9251570070
1765.0966914487 194.4711991329 -649.7767656319
1379.2981788684 304.5243050599 1738.9675997183
64.0252045510 -234.9451608539 -568.9410989213
1479.7717556830 -355.7830045604 1373.3825052910
927.9684428103 -888.9014814560 -693.3070810089
1523.5829426774 -1311.2718576066 -111.5334453728
498.9570169590 -1420.6149668074 -1729.7441861454
493.7174560880 435.2997703134 -706.6111404332
1406.1676154541 1765.4938295691 -442.8487983410
671.2660859155 -707.8487575132 1983.2499204957
1125.4220789681 -759.7238532501 982.0595486517
-1392.4984330329 -314.5005877895 -329.8659873500
1119.1785685104 -1357.2035853559 817.0683021564
-108.8460120291 678.4182078156 269.8719191553
-124.3442559933 697.5858945963 -862.7854315305
1344.5251177118 -1439.5556116832 148.0112826069
-784.1550027114 1864.2740595822 333.0233204629
377.1753000598 404.8432290987 109.8172854277
1882.5881870935 975.6508713916 -1268.1890082095
1749.4408342425 1340.7632698488 480.8551887511
413.7166022854 -1200.3362340933 1297.4017227945
-1908.7338379847 -1537.7278911702 -432.5144751011
735.1650795337 88.8935604663 -368.1486688106
222.1545857247 428.4358431922 -148.1489419552
1206.1173653184 1036.7730085194 650.9877813150
1114.6204791843 1399.0268656317 -483.8650519924
749.2555690972 211.2081662985 -1847.1209979970
1113.0909751238 -626.7347235255 -682.8486273110
1402.8938580664 -1743.8881959425 161.8204956156
1568.0597063360 -1192.3873324108 466.6426287771
-1310.0652186102 156.3570130780 -808.0611581677
928.5996602474 1760.9339391765 -1034.3419146919
-85.0605224419 -1322.1383444290 1111.8207712615
-1550.0927497680 -833.1061416317 39.6549678883
527.0675890470 -913.0411051705 -1680.6478879502
866.8704458907 1976.0856373477 -905.5522307564
657.5797087033 -1500.9593354627 883.9328589214
-1576.8387127241 1372.8693170504 1549.1639726182
22.9698955032 437.0806943651 -677.6822651643
-668.2442412512 -858.7123121916 707.8247811163
-236.1648374576 855.6863099165 -1725.2949267246
1282.6450637920 -527.2965188465 -825.2476659500
-135.2398202104 -1546.5709053898 -1892.3225368931
1240.9390907301 -776.6032765514 -735.7026161477
543.4600752323 -634.4568986048 -1200.7053139872
1716.3766042753 447.5017623518 1064.2549011264
-1177.9064282119 1755.3704088622 1389.1754195612
-957.2387178471 1578.6655301527 1902.8919449330
-381.3146575929 -1967.4284777121 1279.0391631264
393.1061922760 -1735.5743526953 -561.0237991792
1268.0737882354 663.7996507065 882.9272390624
7.7645235296 1480.5847974287 1131.4314393477
-1597.7779729150 79.7845955327 -1174.8215711922
1840.0515280765 317.6822804877 -438.5003914657
-1137.7540742405 -378.2127012841 207.5893952634
314.5679097327 200.2801784760 -1779.9221109646
-1478.0295964036 -432.2127901917 1429.4394359903
125.0936341808 1797.9325582568 465.5319697670
889.1307486395 821.0333160980 1771.8153833572
-936.4579459079 -1870.1911272022 -164.3023050011
-1941.5470358455 -1831.4916253773 1464.4442875506
-976.3312859059 -1560.5391150040 -439.5005862840
650.9840505268 1058.2908015108 925.2010714928
-380.1940741216 -728.7937592299 1235.6028759041
496.1528608318 -77.0908268948 -356.1739564650
-59.5619930552 -1210.6623420596 -342.8364066727
1582.3593291259 1057.1416923354 -1684.3691937499
1093.5131002185 1217.4842003753 -1667.4738564273
1221.5220426938 -390.0889111552 -832.4316605382
-1404.4746913656 -538.5516091959 -1429.6436695271
1028.0223644489 1207.5961765666 521.9715644585
359.9850446242 1273.2946364941 -67.8906090037
1451.2960161183 1196.0546430277 -1286.4942282314
-1015.8329721936 -615.3688682231 -1612.0942486867
-590.3337983643 665.0354283087 -914.9218364549
1106.8297080500 946.2749786126 1463.0509966675
1104.4062072257 397.0404391165 1554.3607214383
586.7972029616 -688.2093068883 1061.0759479196
-354.3627202999 -1514.6902511194 -428.0306742229
-1339.6799492230 -1590.1768062281 1310.9845338345
559.2900019306 41.7455080692 53.7117528515
1992.3217742524 643.6897885388 -590.5964403173
1599.6110024818 1390.6211518301 -501.2345592227
539.7170112556 845.7104907168 -1074.8344890911
1174.7647187931 -1701.7986834433 -160.6282081363
1297.8548998859 506.2327809600 -1721.5361809386
1726.2620201021 -371.6414889329 373.4449160123
-1122.9077940609 -101.4776327641 1380.1304512044
537.3185230442 -1603.4693175317 43.7367636478
-523.5945011520 1493.0901903298 997.7124221250
-1822.3924537297 1592.7545550845 -1892.2764212910
1685.3079385137 -1441.2230152216 -1337.0900373905
-1977.2631319212 -880.4627273906 741.7004042198
-941.1663048410 1747.9273379200 608.9796295812
1336.7082209727 406.1705604320 -1995.9184974182
-1245.4674346911 230.6617578585 -187.3480724443
1545.8711838954 -1498.8470999327 -1338.1170728647
1020.9487492944 -1530.7388146177 1179.6367960139
121.4372508518 1218.6145711481 1466.1436080620
1694.0431681232 1268.5091007089 -1902.9175982769
967.6842678444 -1480.6952418488 -325.7982488105
-196.8600184978 -1412.8347268140 -467.7408632434
-1354.1995809129 1474.1525917233 1438.7709220838
516.3177279247 449.7070012574 -1941.2319309553
1622.6223670855 -1311.0461471338 -155.7102924701
-191.8141365025 -1931.4414019183 707.5723739413
1165.2736942235 572.3358799130 1136.0475681312
783.9282219405 -703.1619994176 -1518.3520553666
-103.8052805738 1016.9249942060 -1379.2649730148
-652.9108207362 974.5793483781 489.2737336111
129.3017905083 -299.5028036014 -557.7621652506
364.8938906396 -680.9880308314 195.9172154533
-1965.5744467525 1601.9162402648 -1764.3648417958
-70.1760908993 165.0445261119 520.1728272369
1279.4224613841 -1365.9149451719 771.9148705509
-260.9448813842 -1145.8764321202 515.0043178093
-481.5296818528 1931.7292480200 78.1028127270
-181.1571793024 166.1971014769 1810.0720385159
-784.5320808435 1704.0455125091 -1160.9199115189
-986.1138954708 -1803.1149211612 -1276.0915256604
1900.8380153257 -1513.8922904085 -1889.9256116278
-1525.6749918540 -1233.4178118852 1935.6236489307
1101.1240535024 1854.5163827045 -1644.6206722340
-444.2472506803 -1825.9892534757 -1686.2379501474
781.7165991982 -1739.3758663190 -1719.1946927785
596.7676031016 -370.8181218036 -446.5587928417
459.6369327754 -1.2974991971 -754.0273678768
-262.0981841427 725.7396893489 1341.9956063063
1493.4055971349 1848.3985909703 -593.5150704203
-1557.5456614872 -1646.2524055314 1076.2140433870
-1060.4423929297 -207.6795323882 1941.2746365030
11.9094421613 1800.8388388565 37.0567957524
-553.9816148004 -377.0664836291 -759.5886394656
-1187.9484886569 1754.3955684469 -865.0110055081
1988.6636194292 954.3802573684 -66.5924035583
26.3501504688 -360.7906563938 -917.9349006515
607.7928415059 -1783.4406121250 1375.5234184702
-7.2273774531 1600.5695523767 -1128.8818502505
-43.3632540797 616.3197453671 1319.4664746241
1369.8074964886 605.9788012164 1855.3117764015
1715.2617827888 803.2033000269 473.2513083007
-1023.3478761713 656.9312302062 -383.0296260980
1815.2514693888 1250.8006390813 -758.9502031581
1009.1033661889 993.4003052071 1523.5141431293
1260.6870460348 1008.1642103508 -369.0581919054
1160.7066231448 1967.4591766278 -1530.5011280558
-1656.0112634657 -1804.6383398231 613.0689254072
-1250.4843714508 -708.1902963627 1659.0521619349
9.5920206381 867.8425267756 -695.0484889167
82.6331722274 -889.0945165386 -805.1550989622
350.4051639477 518.8728546948 1260.9720168897
-605.6184071477 1399.0605029110 -965.9861573142
-163.2867436579 -713.4812034861 306.1007097844
-224.2294986874 1960.7610153072 -386.6913818580
1332.5976025063 1481.9926367623 799.9457122254
-48.7933611581 1571.5452890696 -501.7493109541
1709.5101596388 -1703.3056896587 -215.1529866278
-1513.1474843302 1017.5418948304 -1349.0809779350
-667.6396490722 -686.9574813768 -929.9293148530
-738.4744559196 -115.4343062556 1200.6180369154
-649.3925457815 -752.1131430754 523.5144710799
735.6353616505 269.3728033994 1703.4891663035
-1075.0674868382 444.9975363395 853.1028119407
-1121.7038728648 1894.1487261181 600.5904372801
-1870.4113280934 1374.8961747424 -93.1469151422
-1899.1259370499 -628.8864615412 228.9563222897
21.3255563467 852.2297996432 1333.2033088709
1455.1664644700 -969.2441919350 -707.0036622891
1762.8306676164 335.9864397653 421.2108758722
-1475.7419903396 657.2223755025 230.5073282594
-1346.5023887100 1016.0777046219 1292.0969921419
98.8283059691 1965.1822762247 -707.1250043725
162.3016086389 -474.1481607851 -1480.5127723276
70.5618159007 -604.8439672954 845.7062645815
-1777.2070275161 935.2631961928 598.2349796258
1020.4140039365 682.6422480046 -271.2580485494
-1257.8726998989 -1224.3134354073 -1367.2186102783
1233.0834826021 237.9406802928 1441.7021171762
-1968.9697618589 1306.1891515247 -1303.9224569426
-31.9082635949 1336.1685781767 1756.5029334749
-982.6066124404 -1704.4639256659 -1863.9292356803
-807.6329632098 1353.6177627336 1314.3857460316
-372.1531940868 951.5208026801 -1982.5258542301
-261.7271088325 317.0068952279 1908.1389809461
955.5447213353 -1228.3660333513 1655.9724375561
-1303.5992341752 143.2281436620 289.9421601763
318.2570527324 -957.5915339152 1498.2187268970
864.6741954200 1842.9276873891 1959.6798860101
1455.9823154738 1500.5306566179 551.4079511521
-1310.2415400335 -1956.4517354953 1794.9781076104
1971.2742698575 -1503.2699945025 328.5508853662
-1690.4439379795 931.5857954237 714.6030870051
-237.4983607122 -717.2928878570 -1185.2347991807
511.7232630224 -559.8658769736 -676.0224394531
1100.8800718140 435.1244983325 1069.8945696685
-1328.9483325548 1994.5638033748 -1433.6135128972
207.9745127220 -1386.7587094963 381.5997142533
-862.1704065413 -1630.0407949262 -208.5186983484
1402.9799775135 -461.8153419204 -1624.4085305940
1054.1950010307 -567.9734361915 -1685.8366196450
658.8055238526 -574.2090731373 1932.1034274309
-1566.0729595398 -367.8438622533 -1491.3315112278
-1076.0820981483 -625.1733463347 1781.0135789384
1463.9995559265 1894.9394105449 1046.4070164013
1754.2418546286 1360.4611124245 -684.0094927636
-1672.1068039100 412.5994189731 -272.6599798080
-1175.2473813853 -1210.6189833281 1423.8243944367
-1771.2500388167 -1385.3628503882 517.6526182379
331.8528195103 -395.1751663899 251.2880097066
1659.1968442177 1745.6210526711 -1205.8976028762
1899.3149912038 873.2612904864 915.7300008016
457.0067240272 1296.9621956647 1026.5178488616
-1232.3737327292 1835.2473046950 844.4309645529
-1313.9924586743 172.6071028133 10.3626608623
1086.7291790773 -1937.8376293045 1224.4108169194
1088.6005606436 -62.3381468293 -751.3729020389
1899.3539884297 1951.1495662185 884.0679876006
-1066.1486290906 1892.3281602921 -632.3202896432
1863.6002020297 37.3157571855 148.1871196106
-1566.0556668179 -1701.9355562251 -1714.6859216606
600.8081874417 1506.3088190760 -1811.0902469766
1295.7800343998 681.9321441612 -1446.0593212399
148.1263119010 -317.7260639676 53.3048646702
693.6918348594 -1961.2113354467 -912.2575581404
556.5754736195 1617.2144961994 220.4125263499
-329.4287245428 -979.9911331638 -213.3074884665
-1450.9395557404 1676.8029266597 -1396.5059623697
1687.7846272531 -1288.0805290926 1580.2338147467
237.4900595121 -727.3009171847 1934.9541677015
-750.2387647575 1602.6253774094 -1230.6808789991
-1259.9760579359 -1681.0821242703 308.0366950773
-961.2395697108 -1428.7459206964 -1587.2207610896
-1726.6840199436 314.4645625397 58.3228950643
1833.1024182947 -1036.1180724757 265.2409749144
897.9566710968 -1480.9133601433 1286.4749011161
-623.2884007111 -334.6035519819 -1798.6084884852
821.0453941510 1010.4980923009 1953.9572068240
519.6118789919 -742.9450933625 -723.4205036825
1758.1102989866 777.2250209202 -1444.1058867362
125.2552251843 -619.8195213904 1320.3136624172
-1481.8613131678 304.3561213816 -225.5140585614
484.2954652415 -1162.1710838053 -537.6715075171
1232.2420845655 -1807.7697003628 344.2749215371
336.5661761950 653.3679597243 -1830.6339445044
163.3960977234 -1146.7318672129 621.4449173306
-290.7982452325 -119.7052513429 -233.4305138797
-591.9181188301 -1996.1453539917 1784.9567151558
535.0297556187 -1980.3962189392 309.2229379558
814.3664170183 1823.3062395369 1917.5531275873
-725.0811446302 309.0590322876 -657.8989251116
1294.9950246641 1450.4851923874 -1834.0330907973
-1679.6677754175 -426.4885685537 -422.1439814546
1403.5490170019 -721.4632335617 1834.5806587422
594.4547490680 943.6747910195 1265.6435922825
1512.0479737025 -606.9871768619 1990.0770214339
-1941.6628695797 -1284.6823042525 -1054.9893033374
475.6829921405 -1045.7751884156 -351.0580302281
-372.0546246546 709.8037658976 748.4150746703
875.9941441135 -973.7097292870 366.0227849110
27.6593811951 -1750.0700151672 1941.5853884691
1254.6393837491 1695.4818691901 -1288.1921988514
1891.5022542864 183.6123214667 113.6540354631
804.7632690826 -1746.4765728774 1034.6980647206
1583.1013212042 -135.2766875000 -988.0648843667
627.4479957340 -1419.3802392166 -1300.7051040360
-1141.0434672872 -1163.2837271580 -227.5502991952
-1307.2630118368 -475.0949068008 1878.4424796267
-1057.4598496269 -276.7647179700 -602.3169016739
-983.2198202154 -297.4698936656 -1371.8243272401
-453.5548708909 651.4998342037 1545.7574908169
-1993.5915555265 1636.1370657024 257.5391992535
-232.7086991679 -1188.1603917468 884.9852711708
-935.4577595555 -2.2400723760 290.4828206311
1711.7236197832 141.4734521763 -1395.5973216802
-1652.9227908129 286.7646682966 -895.4883435257
-800.2750844123 821.7726025603 -1199.3113014298
-1405.6789120924 -504.9653940923 147.7693116949
865.5306609725 -1979.3106789917 -1305.8546673975
1849.1233555764 1332.5665959367 -1033.5390307922
-13.0058767166 -334.4193103999 1111.7488144821
-1806.4492835982 -917.1910285583 1247.3121086803
292.3533709255 1477.4503834092 1270.1812155164
884.9017699311 602.1492918135 -447.6396294349
1814.4972918083 -828.9703660693 217.6914158896
-1145.3771125570 163.7865428889 -1071.3869715006
-423.5752943133 -131.4148263550 1888.2128220798
1580.6122173713 661.0904371866 1139.1398040573
424.9949051344 879.0388713288 802.4572799959
-643.1591707259 1582.8968945803 -1361.6297797053
1659.1935271322 1427.3013441107 520.5816594066
1537.0776191077 328.9709771861 -1317.6166571573
-1524.1761783159 -245.6683845744 881.2009182736
1820.5574413533 -610.7673447789 -544.1171337615
-1967.4065969077 667.1886243448 100.9022072771
-366.8037678696 1580.7981917677 569.3209016570
-584.3812268263 -376.1071324037 84.0098395003
-13.7290623901 -382.5089398502 106.1420270766
-488.9349794540 -1225.8158023990 1123.4444306309
1454.5576400553 1455.0409660920 -1876.6467342648
-867.7046971381 -354.2154015458 -643.3417742186
549.7269003351 523.0504057657 -1001.0962334422
-1725.0649842436 178.8297363682 -820.4986635001
-720.1605086962 765.2977464663 970.1830444528
-700.6186691797 -1616.5955696406 -329.5578180137
1789.6251196457 -296.5441138668 -1568.8142073371
-110.5443654955 -259.3224504797 287.1101632885
-12.2935394118 -866.2729567119 1588.7237115785
1058.7630360404 -996.8695127491 -505.9672951252
-522.7763641771 421.5866279766 -1628.4428370565
-1664.1396471894 -1411.3361211599 -961.5863567456
-1164.5955968087 -1748.1163669397 711.6643886991
709.9775930701 1877.7205557795 -1589.2245825943
-343.4115701961 -1828.6971286958 129.8383490185
-1753.1727615965 1739.6513732024 -353.9123895983
767.5988910293 -276.7886925315 -1204.4987371433
-800.9214346385 -363.9439167990 432.3279920931
1627.3518119495 -94.4219278792 -109.5655148055
1460.5998006879 22.2717480884 -167.4691214421
-1696.8268579807 -254.2074715331 88.7503270259
-517.9273165897 45.8455334909 1249.9265300260
-1726.1309878608 -937.4833563606 -720.5948970420
1136.4972559329 -1211.2549118751 0.9438954891
1446.3645790850 -815.1379210067 -27.9768516717
-202.0707539267 -963.5116520780 1058.9903543706
-678.7484794098 -1360.0465122355 1958.6508552514
-1867.2589652462 -585.8168392614 -1842.2944175046
1498.5611845568 860.4917635341 565.2625537324
-1372.1290838506 -781.4544407372 862.7106075165
1835.5789607922 1539.1255097767 -1942.4002811257
-1851.8703190482 526.8104737698 1598.2283014173
-1476.0281821242 1630.2518063727 1903.5603425976
-839.3254198266 1814.7583889406 -406.8990254277
1529.8289705374 -337.8189411701 1700.0410773311
-737.6263751862 256.8004544954 -561.5073990878
-1715.8143527286 -1696.6502523304 -560.2145905540
1325.3217023296 -621.0876968819 716.7160666414
880.1928696018 790.5324647474 417.9897487366
1917.9828265198 1611.9824015618 1054.0163813858
-1473.6787650474 1115.7599753243 1005.2846560578
-49.3854765940 1285.3354845039 -1112.3483003080
868.4196360303 1920.6973383588 830.3349979766
1501.4023805924 1834.8567970034 -1918.4521949919
409.3818156533 1102.5465986438 1260.1218754945
880.8073579881 1115.3996051942 1777.4859275835
46.9761791967 -477.9998748084 -1933.0260414710
1477.4485762464 -1771.1291174101 -1845.1381306928
1108.9498590327 1394.9660862828 -1144.8823453025
-1841.8128800330 -200.8667799241 1687.6490458753
1317.5224547691 -148.5566668136 710.1976242699
-972.3205297948 1459.7579046794 1415.1384461602
610.7649887906 -593.2591552717 -730.7111312055
-1200.8118853083 -163.9324777010 1257.8564974962
986.3876205578 1885.1372596255 -566.6118318745
-921.3642160518 -1579.1077147256 -1736.4796659085
1107.9507281341 -1246.2857236725 -1638.3994456491
-1339.8695324545 -271.0465175333 -597.1752693669
73.2831850881 1799.1297474403 1854.5109344939
1016.8501446183 842.6316841617 761.4233123683
300.0794957919 1287.0486478105 -1683.3096609321
113.9744386955 -331.7186037441 -1598.6155838828
-338.1424812377 686.3584984513 -1877.7326400556
-324.8035118708 -963.0581431198 382.2388900707
-1358.5161826496 1194.9460012381 1583.6572078356
1318.7852403998 1135.3443272080 1224.1902816102
-811.2143667253 397.3125665083 279.6633117826
1700.6470444071 -334.5820709220 -1668.2989835735
-240.0664114799 875.0803498657 -233.7442617962
1062.0240334642 -19.2694933630 -1287.2976447146
1986.6048392866 1785.3130407337 96.2991148687
-1958.2458846543 -1811.4325466333 811.5207436848
-521.8324852997 -1339.1942500950 -63.8467445802
-872.1691061480 -359.2509507493 1318.5396045875
1393.5592432587 1881.0115759038 1461.3414596372
-1194.7331886495 -651.9647247307 -173.0009519971
-518.9589581438 -722.5601235214 1035.4878078467
1962.1803091304 780.4307124222 536.8625291214
-412.9866523842 -265.5768569201 966.5922346742
-614.8423136534 500.6962585582 -845.6195025599
-1199.8682739266 -611.4515813957 1902.2916628633
-950.2368747402 1629.0127007812 -766.2323347990
336.6664628135 1422.7282533089 1980.9068446921
-1890.7915451052 294.6969823545 1399.7747457595
341.8911470993 856.6100626655 -1712.4955456752
-13.8941499089 -307.7630910668 -568.5237375501
894.9712053917 170.4537401523 971.5077327153
-1417.6248048912 1220.9036688863 -1833.4177456841
1232.7577101173 -415.5300354035 -1296.3590390013
-846.9940938069 -1185.5414478632 -614.7163656161
-514.1482324490 -904.5271214339 1306.0358554186
-1539.2458244705 1266.4917935978 529.0031590394
-421.2806530538 -714.4542479911 185.9820530534
1683.5759614313 -1295.5589194150 -1130.1713792646
-1644.9303134420 -1925.9213273522 -1796.2821807536
1648.1039997770 -1825.0007817393 493.5974693013
692.4314341758 -1334.1295223773 1278.5500797978
-355.1218800258 -1561.7273562702 1943.2143670139
-226.5832527216 1331.2224834294 427.9503591895
225.2801034830 994.8433511033 1036.2534117615
-1528.2426054428 1472.4818948581 1798.5584707151
1644.2552738513 949.5538976030 -616.3896666907
-927.0315762399 1131.0791538749 159.1777413161
-556.4464209569 -1602.3401574678 1822.1910215212
-947.2969408722 -1978.3240516393 -1296.9390089914
-50.5022808577 -1355.7158005225 -1724.9292273951
841.0055118486 -1059.4705415365 -745.7921238079
-35.1281808715 544.6302437231 1462.2585901073
965.4962969442 -1450.7930302410 802.7022485432
1189.1656039362 -589.5929988666 589.6967289503
742.3624594757 -1665.4520525206 921.6532371245
-1182.4754407644 -1518.8530007284 -899.8038770563
-1848.3869511518 1929.6275743549 743.1503310126
-456.2426910772 434.9195734347 -256.8878666953
-1402.5207252908 -444.1997204465 373.0393368230
-823.1472944885 -318.9494649017 483.2271907355
-730.5919034926 -711.4970328913 322.6180916429
-1116.2812876856 -720.3471013842 -945.7530749528
1547.2960071335 -1148.3704518210 -808.9105067805
1730.6535828633 1535.8145467758 1168.2493842524
-1256.1914086854 -1531.2215689779 -1702.3970621485
388.6554535356 -747.5654100477 -620.4146272952
1546.7342875370 -1170.8676376952 -275.8107865795
-896.6135064474 1796.3150624140 -1180.6599267532
-368.5071523181 -1652.8267229633 -626.2913989187
-1994.9157078950 -849.1093108392 -6.6416471902
371.5253090018 32.3359983095 -1304.3612292749
-1206.9741506491 -942.4974867592 1134.3882828824
1465.2206906568 752.9632520424 271.6451833194
-804.9375410044 -594.0404549987 323.2307763795
891.6181072497 -944.6576568597 -321.1003060360
772.3036268810 858.2324934414 -846.5139232609
1809.4460064048 580.9499477030 1102.6878906270
217.5731001868 1496.9778012241 1735.6726026502
-1642.9533200875 -521.2111790697 47.0231610220
343.8329605985 1132.1524041782 882.2911870750
1723.6917976329 -790.9492541200 1420.8765314237
-1163.7659848605 -1817.7357642223 1777.6485620450
-703.4146129896 -1328.2663527644 -148.1960803363
233.9899222891 1441.8115934053 1816.5449788987
454.5582924826 -288.5486206449 -1811.2468851471
1323.1447352228 978.4117636180 -1108.0257952913
-814.0142164363 -39.6047236982 -1135.4376786479
-494.6313762466 -720.7052835329 -1017.0702769243
-712.5233690688 1508.2297181447 -430.1886091081
-894.2740004809 -944.4834544305 1227.7562062994
1218.1561234439 -1734.7101918032 -1048.6130837308
47.6926827642 275.5526307055 1292.6040493002
765.7360283734 -1320.8703783674 1180.6089199751
-701.1911560068 -1303.2619152133 -19.4249793208
839.7576636163 -1610.3389169495 1966.6281935073
1546.0481267210 -1229.8308127380 -695.4828560351
74.2385053126 -137.6981707127 -675.4654509516
-1803.4752794831 1257.3864083002 -864.2793631134
-1417.5931531361 797.8715373658 1845.9454106710
-1449.7702782751 514.0837844593 -17.5422856960
-958.3633640591 1661.0419085381 1914.9477545567
1507.6409111053 1838.8023365787 920.3693515961
844.0628721002 -285.4451057552 248.7423734682
-1179.8087127276 1196.5980217347 1884.5241932153
1459.1900521300 -1700.6264153609 1805.4920070224
-946.9881528743 -1088.9205502755 744.8596861673
-1655.1429183005 1897.7406152286 -949.6601137563
-749.3619697720 -377.5444709265 395.7702852169
-1380.4379865701 -475.6045912573 -472.9945835628
-1991.0031663898 -1700.6999528894 -1739.9536357209
1153.6006342402 1072.8528564943 1613.1503309664
840.8765798599 823.2234114495 656.9426917706
1654.1260369280 1122.9559371525 -228.3865132597
951.1571401333 1313.7401727196 -377.3965614640
225.6571558860 1604.0206334857 1608.6598199842
-1584.5795217966 -873.0948250684 -1077.3227456800
99.8265665142 724.6599596006 -1991.8180316831
892.5618894982 1891.9914982691 1893.7862381772
88.6911022982 -691.1333935849 1861.8711624175
111.4648979736 252.5048439893 -1618.8825785691
-292.1697107590 1109.7755076706 -263.2497176387
1008.3265402125 -1872.6377935142 1801.3807217361
1330.5226228519 1413.4200673023 1669.6911242017
1428.1766024558 592.1124403093 1693.8875858536
288.4884529807 1830.8093077134 -1838.6832618369
1797.9329175028 1220.3222791702 845.4660535873
-1477.2546216615 991.9933165735 1109.8307149763
891.4236933446 -428.1058072125 -35.0059996461
-1092.2461390840 1738.4607486321 1035.5692758488
1000.8293842501 -14.3747031327 -249.9725320121
-1440.7441713439 1041.8873023267 163.9460681253
1323.2612633418 1287.0534461729 649.1500255799
-694.6848639210 576.3732848948 -998.9709183076
870.9779915926 1217.5094376678 -1317.4572084206
-431.8928772516 1307.9078463615 311.2197215953
-1413.1215736508 349.0333300100 1529.6953396807
1149.7085971595 1264.9049589142 -1769.9899712010
-340.2192376897 -1927.8121478763 -1565.9466208875
1592.1127050473 688.2307482225 -1082.0525418677
87.0928879015 446.9490562978 -142.9446346862
-1816.4221888742 499.1847549848 -1807.1248994444
308.3992437626 742.0390025947 534.2818340339
-117.3344685391 -792.8614588284 635.8846285355
1839.6855247269 -167.4170990660 -506.5918620388
-1858.5122944560 -1729.4103461792 618.7328716603
698.6968537692 583.5984159100 496.1558481804
349.3547252792 -486.4781396569 1249.1679511081
-1218.8547896910 -1343.8324216469 101.8021137680
-1281.2748118952 375.1229516102 277.4983102079
-166.2278316018 1427.0792768824 885.2918569220
1199.2296872063 1363.4137792139 920.3780363370
347.2297379809 -1098.2349070573 409.6011613484
-1014.0711290380 1135.2834898699 851.3228766197
1147.9698327896 202.3224125393 -1512.6499023488
-192.8488862738 -1874.5842285831 -476.3473373589
1394.0443705561 -628.7611244656 1236.2367729120
1971.7320117668 60.6474993592 -1361.7078769993
-66.4036257365 -837.0386215324 262.3077365531
1467.4279771099 8.4169304890 -1629.5350619339
974.3294570720 570.9538059415 -1038.8366584702
1556.4085752744 996.2769619418 68.4869333127
-633.8978401990 1334.8030499590 178.2073444841
-1714.3209502958 -992.6279099057 -172.3304796626
458.0820894180 -697.8424291307 -88.9693039613
1504.2549711084 -704.5789951325 -1685.7494020234
-583.0555684512 -63.2997450443 -931.9122441258
1170.0479120362 221.2642945804 -425.4079765474
-1265.5763047859 -500.0919250712 -1870.5456584523
-473.2636661135 -643.9894852286 -794.2907458069
-198.1000023432 1762.9470132165 -1084.6094000935
