842.9958133912 1908.4676100616 714.9957800768
-844.5728047215 -1737.9060664538 -976.3058715244
726.9440928397 -373.2174660716 799.6492304334
1986.4103599447 831.1455832915 149.4335869225
769.2131615148 -1150.0307139443 -1278.6433546180
-844.7793539727 -865.1419149838 -935.3863175461
-117.1095043135 1952.5074771591 174.8962282190
-1458.5624065644 -762.8497101603 -1338.3328073314
881.0766714478 -1813.1304836569 641.4515220720
-854.1098073334 320.6424113780 522.9095753317
-1994.2812028592 -461.3933390293 -610.4242803621
580.0168180099 -1411.5988568133 278.0831080389
-1102.9109679801 1949.7702488683 1516.2753892331
-782.1732160029 1420.2008121260 1984.7707523006
1794.5916589778 939.3266177333 -866.7156288084
924.5519655137 -1918.4053922010 87.0301873277
-1862.6277716033 1970.1084068679 422.1498234383
-1283.6076178297 -907.0903711878 830.9590610045
860.9931537463 1813.1830730313 -1057.6027078542
420.0899152215 960.2499701272 -1233.0861917325
1426.3326519462 -1678.4109398930 -1984.5197272071
-1608.9567691001 -940.3908486171 1270.5537583536
150.4810109686 -1411.2711381373 -1618.8673885757
1520.3121903201 1476.9020544955 -924.0892128969
1990.4111669053 -1424.3555217196 -1312.4093419350
-929.9238395496 1829.7615103918 1034.2656044713
1933.1734416463 501.9184067109 967.3257590057
309.5992829894 1374.2218940307 -628.2428437463
567.7586706795 -1033.4578989572 732.7182796209
-1584.6135460356 -237.0896505711 358.7247700516
854.0123521414 1467.2379558871 375.0416752880
1306.4057674629 -366.1967034777 -625.0665957134
272.7519810331 1267.0951800901 1509.7438647437
-1075.7841531518 215.5415167429 1396.5839340982
-1449.6744912838 -1907.5655002297 717.6314589995
1364.4568509443 865.9342551734 389.4718668357
1406.8492109735 1756.6188996062 771.2468187994
825.6962159565 -1946.1977960770 1348.6213291459
-364.9830732491 -734.4039089607 586.7738832528
142.5109058384 469.5129979469 -1771.1546557345
-539.6503622164 -1131.8213187000 21.9439847277
-696.4551671860 -806.4283239898 -929.0279624512
133.6908423963 1907.3764433685 -1271.7083238544
1574.6183921742 1761.4881841216 -318.2270441046
870.0247977763 -1886.5844450398 -567.2262704606
1582.3699114324 -1176.1596989085 -1984.6201319545
-322.8339672861 1116.7977671457 -739.2352301964
-954.9887838690 1045.9714468187 -946.8808751987
1765.5978357093 550.9514540834 708.5366756971
408.5978144208 -254.0432814770 -658.1717890833
770.3068006545 -1896.1844493516 -1805.1873256089
-1880.6109116699 -464.4922401750 -1803.2981612095
-1332.6477352211 -1084.1305378421 1034.8140510514
-1202.4745784919 -606.9556658171 190.5788155755
-1404.1520556879 -530.8465919641 931.7883507899
-1477.3007567127 -1904.5983005124 -855.2477029732
-920.6162946907 1896.5308209654 491.9452183960
1427.5960665778 -267.0598582478 -1344.6237572074
571.8095285495 -329.8083370448 -34.7458565519
1282.5148357862 294.1733222238 -1595.6148850211
-401.7553769890 1199.3156595945 487.9348500921
71.7801797723 1283.4232122850 1410.2962554102
996.0370301286 1959.2570395777 1472.8966347697
-629.9521155673 -1155.7850165468 -375.3445616815
376.5792161433 -1665.3927272654 194.5453885238
1915.4557555313 1430.5213280353 -1253.2252908022
-1764.2659360648 -1824.6371545531 1319.8288379858
1122.8690750936 -1684.0759533801 72.2624627847
-1746.4777255755 1679.1949591134 -1753.8951293518
-1368.9694869857 -1849.2569587938 820.3585063184
-742.9806863245 -1738.0068814312 1313.7049850648
-172.6577023132 1722.6956664512 879.3990765974
1484.9076947376 -1423.3222382607 -1290.7416474493
1642.0000413567 -1976.1862840467 1768.5246817165
1584.0624574778 -1177.9098702494 1299.6288841339
-1096.2650599187 967.1318572477 590.9679251574
1705.8954341879 775.1926778129 449.8518255254
-1472.2362565112 -684.7592754281 -1807.5391402847
605.1461364546 -840.3625998284 775.7412667838
-424.1810003075 1005.2918080278 413.3124127427
-1097.7921863185 -587.7631755347 1531.1222755346
1338.4768732250 582.9252997565 -59.9773854648
1543.1776553916 -483.0517154488 82.0080373528
-225.7552898151 782.2079897506 985.0863589178
-1549.1563671292 -719.0675075187 -1249.7998448535
-968.6241802150 936.6596698262 1997.0124694336
374.2214461167 -1745.1396437049 384.2181351614
986.4694683777 346.2635171775 200.9795560039
-773.6968076865 -1389.8233025666 -1607.4144862816
-854.1920432846 -736.7778126836 1145.6601224137
1252.9376880836 -348.3942658777 1525.1069694442
-721.3833975292 737.3258661121 -599.7882543182
436.6661211525 -588.1235400638 1141.0672682530
1781.0588998558 -1145.8756646663 290.7886948149
1416.4658499809 -262.9961815122 1309.3845225224
247.3666500169 1111.7506743375 -314.5181921077
380.3763362838 -349.0583299809 1106.7517669921
-267.8754807422 -666.7358060828 1067.9237940496
634.4756449636 -1302.4394015781 1107.3411026214
1695.8392397098 -105.0663338238 -104.0253183609
-1184.6005626458 -808.0556294776 319.0185772778
1136.2688580152 929.9057556492 -1577.1774919935
1720.9613905898 -1815.4942673875 248.1903608140
-616.3134859385 -717.9038969006 -1893.6626018940
-97.3532178576 -530.1426305674 -733.5951582366
500.0987712876 -1171.3906477554 -1849.5444659230
106.5924352926 -809.9726470692 -699.7926136060
-1437.4110416180 -838.6145641860 -323.4480514690
1933.7096587740 -268.1865133828 -395.9828066888
1840.9848900755 538.3930393976 -1872.7955918873
-1193.6764268027 -236.9915661459 524.5468257588
-122.0395283361 852.7975042037 -544.9891297991
1072.8187485980 767.9596001254 1754.2069530854
-1640.5650318343 1981.7155676144 382.5723307638
1004.4693355396 -8.1002292649 1659.3694408210
-320.0293135145 94.5743083708 1812.6427083527
-1329.5009309337 -1392.5355133286 -1858.3161254653
918.8566311594 728.7710969580 -565.2793595871
-813.0137588209 1619.2962700514 -1081.4510051112
-649.2700492247 -526.1025993249 -1524.1668255212
87.7206541293 -1354.8812624259 61.4870594446
1772.9238645973 1444.7979708370 885.8200888222
-799.4149602148 -873.0176609155 1468.0653754437
-1099.8934158434 -1099.5628501510 1512.7902380612
-1918.6118787426 -1138.9952794467 -923.4784670689
-49.0173049068 -1524.9312238041 1522.2616436817
1947.6605083696 525.2601015442 1514.5548120436
-1777.7268660015 -1864.2010103858 1551.1342396460
-1179.5728089994 -1307.5164648416 -1896.0304372196
-1428.0991299794 1892.1947245174 1104.9101780538
1442.5269117644 1610.9913698464 -520.7775734254
529.8764139006 430.9847699518 -716.7860057539
1660.4016956113 -1775.1629985907 366.5291510822
1810.6609610592 -771.9945106138 -1018.7428557315
1082.7769188713 -140.8611264444 -457.9539814658
1093.1338488256 866.9082510542 -609.1642736394
-369.8317467743 1339.1510815433 -983.6379356982
-1771.3907131618 -1684.6465473358 923.2397093657
-421.5423568141 1950.5518468116 85.2783082917
446.2773747704 -1661.6301950136 1790.6074861811
-782.9018764544 1508.4027189532 -162.2953688171
-713.6218440813 -787.7097822407 371.1355718114
277.8732909286 1248.0084023262 -1517.5462282836
-75.0074463985 1159.5616186841 1579.8371372212
1482.4264885125 868.6449389929 -1612.9300005707
-817.3003654828 734.1350079385 723.7592614669
1259.5361177942 -640.4804668656 1288.2093630036
-953.8287515446 930.0012057191 1066.3972853451
836.7843481264 -1781.4112751592 486.4619879109
1798.5775829399 451.6496112303 751.7744388095
5.0526594103 -1065.8936680133 -1368.7769778529
390.8166033589 1838.1254120739 1279.0953250715
14.1627487835 938.9260569457 487.3537702842
1626.5720051707 387.1549055956 1829.3009758987
1514.9348815748 1053.6470979220 -1429.3816829514
-1973.6424838984 -1391.2108988830 -704.6345592651
920.3291893707 1860.0054471780 171.0890055333
-977.9302361507 1696.1029105264 -341.1344702540
-982.8922955410 921.0636129614 1276.0025389252
96.3151493811 1803.0734473977 1056.7766259351
-841.5033343477 598.8421797066 -1602.2280714134
1554.6224058571 -466.3539835515 1007.0358479185
1431.7890132002 1369.1774861914 -954.9628243225
893.7103107498 -1949.7414923257 705.5995727620
-129.4052842380 -1420.1346691640 1432.1042195389
-84.9580137008 1483.3206471618 462.8361503583
1523.3440189175 16.6166466102 -883.1701784205
-1223.4248562171 -825.8295683184 1.6448208621
1282.2141558358 274.4287448155 451.1738153591
1239.2884650389 1841.9446306935 -691.5550589918
1055.0621372669 -777.7904446588 -1189.6401789628
979.7881828123 1774.7640353140 -1796.0023782273
1036.2576653438 641.4490544491 1740.4540647758
-1280.7755228030 937.1117840098 -1650.1682309664
-1091.0300103213 357.2382614354 -1450.7947063484
-1187.5056454995 -956.1721339183 351.0979117535
-258.1203565614 -402.5995480414 77.1083095710
-1156.9970377784 -1533.7436811013 -788.5488520681
-1139.2295473316 -23.2616921877 1187.8062079605
-259.3393132650 1735.1187900801 -1970.2867016525
-917.7040773128 1553.8158589168 1528.8905838433
-207.4780446038 -957.3255655774 972.9143187296
-788.4401268083 -1359.5061720906 -1605.1224696592
1098.8879511924 -701.8335045921 1984.8530839091
773.3310783686 -1797.8131288682 -952.6009430732
602.0744318569 406.8920194736 -1521.8423854337
-1164.6313127616 -1145.1749080849 -1129.4274475391
-897.3075095578 967.3912718876 1537.5888621286
304.9928492179 -407.1474244111 595.7668084672
-1925.8637490076 -897.7501209529 -93.2904640709
388.4964909711 -391.0387505234 1367.0532988078
116.1192972682 382.1032035644 -2.6294879431
-1716.5831419738 -1329.1185052207 -1642.7950785348
-845.3601876928 -670.9083350464 -1327.4422174005
560.8972161724 1340.4709667556 1797.8512585483
-929.4637367374 -143.5893258566 -1317.4117336437
1101.2869771748 -1816.4124002828 -1235.3711887620
542.7043171270 1372.6910505803 -945.6248451595
1117.7870432963 167.0389926538 985.6204975391
-1849.2422293704 721.1844929391 -536.2993318718
-1337.4144204265 -412.5052279581 938.5853550432
-263.5393529483 -1394.6367643676 824.4957602373
1404.5000113452 1177.3124410861 382.5101998375
-127.0595421932 -1226.4956399072 -493.6578786745
-661.7639616519 -746.7217668459 452.4876120616
-287.5340906657 1682.5700151489 1868.9139727204
451.5432233120 -292.8119400414 507.5823975361
-1503.7697396730 1137.0977287527 -743.9089521245
133.9726357829 -347.8836078664 -944.5898182620
-264.5322553860 -1075.2635680469 722.8523918052
1227.8299848964 1510.6057900304 -1834.5590947940
1045.6794017827 -767.0506329833 676.2999107448
-1909.4744616838 1696.0305911357 189.6603785563
-1994.0841392919 -1511.9469593483 -474.7522031632
-66.0959686116 -1837.0779084482 66.9213560587
-1572.6558550244 -1070.5064510598 -1185.3144607465
35.4816782420 1462.6456471806 1859.2971051159
1723.8780314696 -690.2107519682 1828.5417837930
-924.7829245965 -717.2876085094 556.3371797104
1362.5971056168 -1689.8241963179 -132.3950319332
1832.2904106631 -214.2522598963 -1500.7238266496
1572.5505431233 -1753.4486303770 -1464.1297823282
823.2734478149 -1742.5368899412 -775.5080083403
236.8812196289 1532.4386932072 1640.0116377008
-273.4335719176 1154.8646173477 885.7990245073
707.6264491799 518.3577748618 -1305.6320381259
1954.2298157529 1239.7051723274 -1141.1161548721
-176.5123262083 -1049.4470617461 1419.6059115898
1324.9616092977 1537.5778414939 -90.5125069450
604.7533474866 -867.0498180333 888.8999349902
1602.8158740349 -1721.7391373161 -961.2298287782
-296.4101522287 756.7778265570 -1882.4326664573
290.9423868747 751.7449587016 954.7544653556
-1639.7594219193 -1245.0952603831 -722.4045260487
816.0701202470 1099.0893250404 -701.0377977121
995.7923806709 -183.0041789243 -600.1866629766
-888.0480093492 -1874.1938454392 501.1455129103
865.0066475281 -1239.1713752724 832.0999669330
-131.9180435811 -378.4009508504 907.9618278624
-358.2801352592 965.3625399485 5.3439038141
-1358.7120211387 -1188.6250943988 554.5579522085
-1109.0960266961 1332.4568501972 309.0101613385
-155.1489479165 268.2753645135 -77.6527605638
-824.9912445936 1837.3523355639 -628.0658221219
-894.5110859905 1876.3755912945 1530.6910699145
1415.6792022081 -593.1427003208 1717.1577876853
456.7861605322 1685.0675988263 -746.0862901253
1083.2864066340 -1333.5502930508 158.4649052042
1084.4879438262 -225.1368350294 -277.1139316371
-1275.5699041939 -1356.0465091672 -1127.4056888261
-841.8521185907 833.1949969042 1640.2835232934
7.5768873397 -980.2550883124 1333.1757831747
942.1681561080 -670.9441285073 1987.5054945995
1672.7875728415 995.0657273678 -923.5599034191
1620.7717601985 -893.4372423741 34.9802781370
-652.7366945093 202.5900687091 -1294.5906670026
-880.6341855319 -67.2895149407 1863.1183336973
652.1121666164 -1377.6928349980 1676.9963654073
-311.3287002507 1857.0652077364 -831.9368904573
-1429.4709953091 1476.9262246105 1837.9468062280
1003.2479771294 743.4188029174 717.2561624536
1134.8967328654 -1495.6555244319 249.1615624957
717.3406270409 594.5623735907 -204.7441318019
-1075.7892458888 -106.2706675058 1265.6671250075
-763.9678665588 -830.7867442130 -1610.3666566889
412.7950081087 -1187.3969741394 -1761.0207939898
-1318.7577376936 -12.5577013038 1894.2784093251
592.3842980663 1427.7063360582 -1695.3605588182
480.6620546958 -989.1538335401 -707.3793916304
-1210.5440561484 797.9645842522 900.7706886185
735.0638161642 1479.9217358462 -59.5043794003
1688.0022294877 -460.1572705931 -248.1455403517
530.2160518041 437.2712190186 1277.7413824724
-114.5542319784 128.2813679071 -1485.6453188970
-1716.4202442215 470.0284755935 -571.6997407061
1687.9080455054 50.0097583305 -1804.4318130533
-797.6227325861 206.5133528598 -1415.1264685063
-1482.8683476540 1926.1751253025 1633.4883324174
1435.0634053958 274.2385897321 836.2271864556
-87.4660347966 1796.3628554571 -1681.3911622358
-1859.7314020577 93.4298441384 769.4444156469
1375.8664681235 -591.9438963452 574.6932203441
984.3123184495 -735.3158698256 157.3742666968
984.2318180345 1116.9069094866 1540.8817624946
-1567.7104939833 -376.1848470781 -1790.7085300772
567.8690483233 -1555.9317390462 -1767.1743989722
-1008.1803385241 -162.9809147242 1790.9833287848
-1175.8413778858 951.6949638867 -1827.3567214954
-282.7803994748 -972.0658043829 873.5748284494
1103.3667268857 -398.0265129377 -1863.6278857856
1917.8347460353 274.0362580111 -839.3331606714
-1841.6052463946 742.8002595110 -830.4839011702
1612.1382158315 966.5200646580 -1836.4116105803
-1975.9476360324 1026.6022954301 -317.8655262322
-874.1421564662 1734.5745275459 1857.5020920052
1272.4815292467 -1511.9816363752 -1070.5587719840
1168.2944805770 -1239.5525121792 491.2940804004
-1700.0671254407 -295.2794968842 407.1991385524
1574.4399934576 1414.4123212724 905.0391216290
-1088.7275496639 -171.5185818769 -1.1417855395
133.4572612256 -1429.2889602626 413.8467578244
480.5282216212 363.3844215736 197.1145459835
-137.5754613449 682.1132429923 798.6010437672
63.3453094439 -206.0383237917 -1080.5165315766
1622.9242404973 -35.8715598114 -632.1895316133
-862.3126520944 -1372.6985666379 -1967.8998654157
586.9797562063 1813.5214963163 305.3966529191
-1837.6556987229 -559.8701121511 -742.1681955420
-1019.2244194143 -468.6616697269 1210.5831310779
-462.7301674631 -256.5668741116 -1940.5646133940
-240.8190699561 -716.0415590863 -27.4674674676
-177.5448711813 1285.3344087264 -431.9873040318
-654.5027196981 1803.7823308536 -758.6461729659
1908.0333657938 -555.4615459532 -1984.1489869421
-987.8348678894 -1584.5915934576 -1498.1144508829
-251.4299521424 454.9683243411 -1203.0989714114
272.6085454069 -1773.9351739274 -1997.6839894654
1066.0786936300 -210.5172425623 -1732.1852499795
-1555.7060480048 1801.4722462668 -345.0040307504
-1777.8117076877 -935.4586875696 1261.8200485975
-242.2691900148 -157.7379547003 -1673.2944836467
-521.5460084971 -1809.9748814776 1105.8288058050
-847.2236532739 -124.7644239538 1818.7246877065
-1794.1320300456 -263.8296257016 1695.3798344082
-435.0333693012 -1591.1517474347 -1416.0535932394
148.5271116502 -1022.6084222060 1278.0038722574
616.1018057989 -1573.7622907835 -95.4736756021
-942.9550799439 -1125.2182255595 743.0715130178
-1443.7294782101 -1479.4938546401 225.6047788203
-503.4953306338 -156.2992587540 -1301.8180053889
-1532.7921772721 1681.8068674121 1061.4614832312
-1305.8351730725 -414.0095332258 -1885.9129229631
-79.3767126732 -1696.1754040569 -66.2570073017
796.2285944255 1251.2247981299 788.9741332920
-773.7904353191 -1982.1308911079 1552.7665756189
992.3432278713 -1741.1847426573 189.2101545714
-1680.4110205125 -1896.9279457738 -960.6095861086
1731.2876112767 -267.7105795688 -1075.2808415813
1963.8559689013 -1270.2480431156 -1896.0196959577
1761.8344338802 1173.1082950728 -1978.5837960693
1989.7281241871 604.6087394161 -1159.8265005494
878.1733173210 599.9719615765 935.0658774362
624.2808210838 -1216.9461305840 145.7481033752
625.8868827019 451.2214093914 -741.4414358761
1730.9953204713 633.1257240705 1014.5681537500
-1802.2875789032 1943.0800041369 -1352.1946732769
1323.9534804439 -1309.5522578974 -1292.6947610806
769.7215138318 1201.1114347748 -1138.6530041954
-973.3811143495 -443.9355963765 998.9957428351
-586.4585095413 -1521.9980033424 -684.9946499669
-1093.9891946512 -223.0404281217 84.1628379340
-548.4484147300 -1853.9482817164 184.8464385253
139.4797130401 -584.4429838131 -666.3225930331
-453.0319471354 241.5965356654 655.6594421595
-456.2066353889 1491.9533209043 552.3109083234
1954.3365103451 1121.1549256137 1205.4533459179
-833.5912848012 585.8926980921 1241.8430668616
-606.1431209580 -54.0957147653 1409.5800872770
300.8662163029 -135.3460980538 -1082.6827518499
-1598.3334838969 -343.1545278815 -738.8023567639
-1839.6719461290 -1604.9849092669 -106.0549987301
1202.1114863631 1417.4424133425 -1534.8789427827
255.3067801333 1291.5917346045 1030.7656742120
-497.3956802311 -335.1077557885 -1378.4870617096
1092.8394719559 -1632.3089203859 1975.0348208904
1902.8453609832 -1724.7517614066 907.3352680029
-738.5343102249 1891.2931372210 -614.3854205341
-1123.8220102703 -555.2803616577 -456.9536329779
-1459.9147265221 -1398.3634010583 -1062.4240897227
-783.9070164230 317.6093286996 -451.2462258733
-1186.3373479228 -928.8126797159 -433.3018458726
-989.7920276013 30.8958823715 1521.8465700277
1833.7985702169 1569.2698598378 -644.4973104024
-716.4894800506 604.6195506674 740.9891704476
300.5355637688 1900.7498680336 -1916.7105012585
956.3469978342 -1979.3565312072 -610.7627351553
1172.8804184160 -747.5709236948 -896.8521779828
409.1582910302 220.4117194442 1274.8161075124
-1360.5963061947 1289.5014932258 -988.7333366681
667.4516542527 1714.0481731123 1862.9691605469
-95.1609664150 -103.3730748147 233.4305367743
466.6120483293 776.0860167030 -302.8218221036
-1969.1993571444 -1817.7985569027 -1983.5375682588
1287.0772790766 192.6346158270 -745.9466436693
1982.9841904739 -1100.5373283691 -611.3112675635
1334.5245243196 1824.7169766374 1090.3773322945
-70.2205723822 553.0299825960 276.4489516046
1194.2413031688 -426.3676559349 1483.0818795326
-1619.4642674458 1224.6788144248 1142.8424634432
-1180.6772916142 1583.9693690264 797.6164585935
-1459.3853932793 1026.7260450685 -1711.2866676593
-315.3018375670 1325.8342140398 -322.3383824402
1533.7564713349 -700.5271792669 775.4946336526
1500.0568716649 -438.8647558636 1923.6065754093
-1681.9807785083 -1843.9699796951 -386.5054266462
-1899.0917696006 -1870.7947409844 31.0740922719
-926.5547427898 -819.5981264121 1731.8095995715
-1410.2168201688 -1277.1496199335 -1221.1890765611
826.6413237458 -295.5052468522 -72.0716668191
-1671.5733622356 -1823.2070860227 1384.1800588800
-1446.8449505395 -1106.8447030448 -1189.8664599985
-1271.3331140317 343.2321718123 1026.5977592266
1829.3179652942 -756.0171740759 1338.5837682769
539.3571938717 1988.1594887476 -1429.7855324882
206.1586002344 641.5693720616 -1814.7517794701
1076.1146422470 203.4458662839 -544.2637181051
-947.9878065048 -244.4726275838 38.6108267925
-794.6661910212 628.0721338331 1737.6859767092
910.0351489294 -212.4589500243 -348.5062105373
1378.3929949545 -1014.5704342265 -429.6118306931
-336.7249876295 1323.1542038949 -1612.0807699887
791.0341774696 -471.6431039463 -1603.4658718767
953.1856092219 140.0799428018 -588.5865124238
1153.1521609051 -1964.4548222328 -1342.7790064449
-1922.5207505506 -643.4020537323 -574.9147421040
-1110.0723488612 1823.2542192585 -1642.0428729566
-1741.2247295997 898.4350871917 -1558.3703673131
847.0620428587 296.0584297223 821.2895568337
787.9226501468 -680.9292903935 1948.0508473557
1996.2087052607 -331.0866329776 -1573.6030534494
-68.8373571105 -51.5980003812 1904.9429093640
-1360.1965287836 -1426.2017524836 1761.7478347591
-950.7984839121 -440.3103608862 1680.7088234700
-1118.9228051951 -345.3829180923 1288.1569775398
1875.4023909190 1991.6051085940 -496.7972299009
-710.0250037133 -307.6490703899 1848.0502983929
618.4009654521 -618.4771781305 -1965.8176643276
-1783.4706003269 -1538.2523494455 1017.7741174683
1509.1985286003 -337.4662858920 1480.7943014804
1609.7323494329 377.5430217758 783.1772958436
-1901.9468529596 436.1634266877 1072.9084933278
653.2007054034 1630.2864097863 -1112.2617657608
-28.4292998568 -1376.9949682753 912.7162689639
-1002.4988603029 418.4873334678 -1116.4201710153
1693.3781890688 -1100.9242562052 -593.5094953456
-551.5614645333 -701.4251254871 -662.3658116026
-452.7830204949 534.7141872146 1004.6338662495
-1787.4081788946 -1190.6194129607 -404.2890696705
-1446.9566994768 -1234.9884623086 375.1150475754
-225.9461058588 1504.5729668743 546.5197210394
-1021.0773201648 1644.2316211780 -70.2164083319
1832.1863618942 767.8090169677 -736.2361443915
-857.2382648588 -1090.8246896174 -2.9598506792
-570.2263618275 1927.5279227194 1536.3693840435
1320.8025949416 -235.5282494677 1926.3218641729
-617.2444615563 1136.6531885055 1309.0568277157
1350.8262999305 1399.1369410077 1135.5433903989
-1469.8331239055 -600.3020359365 1406.0989712284
961.8287082533 1065.9696912933 -1637.0140529720
-1837.8112090616 -1955.5947506475 -672.8924702943
1124.1729000271 677.3850310675 532.2003512948
1917.6187021606 -1349.1721075060 212.3221271463
1406.7438353780 -1202.5888740624 -1911.1260135187
1665.8663671787 1671.8725973191 652.9660232008
-1400.8608515446 1188.0472198107 -45.4493223942
-1627.4364583735 -1979.4145953326 775.3175523681
673.7787124300 1639.5845120115 -1519.3453986627
-575.2306495148 -1666.0678812888 -1604.8031345881
-692.9686889287 -947.5755786277 -565.5771701370
1568.6564652723 446.6347174868 1222.6087670897
-1944.9600102393 898.2323583439 277.1127949858
-635.0189963921 -698.7285405362 -139.9123340339
-147.7332751722 1615.2109998272 -663.0002216658
-1865.2106623423 179.5997932558 -613.6148231910
-1778.0041767120 621.4787152623 1501.6923451809
161.8122533733 -1345.4199711690 -1949.1010702487
1911.8164713743 955.1125093173 -144.9589415615
-559.9874178962 576.1576262264 -433.0650579610
-629.5731136522 -562.0915061606 -1437.0083599295
605.1180212263 -1337.9262960574 762.0324589888
-147.4327231409 36.5671611439 -214.7204928458
-636.6674449947 -1645.2759151605 67.9447796194
693.5344622904 1293.2350667569 -1482.6330863593
-1968.1071584876 -1844.9679515314 -329.5386346393
1887.6504634895 769.9841969598 1399.2416201307
-754.2311987768 -1584.4414154466 -706.5927791609
-672.2369271962 1427.7711027122 -482.3623552643
-950.3274200927 578.4641360582 -1136.0641806278
1220.1552190454 -725.3333380781 -420.1818809218
-120.6045665703 1436.7236148762 -1198.1196484923
-1461.0698756179 840.3352469102 387.9704563982
-1806.4875388776 -172.9083576717 -788.5477204906
-1603.2330050003 1069.5414510927 -45.0537371254
-390.0922268468 1291.9106138958 221.8704251381
-836.6281337445 -1967.5818894560 1199.8402961584
-431.7473384280 1055.6708671821 -667.7071599940
82.0620784082 1172.2087441917 775.0962490970
376.3125893792 -1503.7682701272 -1774.6830642547
-1389.8765865581 1943.6262358643 1423.9434746355
-578.5253244712 -975.9509358758 1708.1538006563
-660.8745369881 1726.4702915688 -1672.2428786585
-106.8093304164 -1711.8420662897 1121.8779575920
251.2676086104 1951.3465197471 -82.5477833126
1802.2586419845 786.3006576141 -1665.0362222116
1505.6127471392 -1295.0764766036 1293.1820199839
1977.9355769355 1579.3490159616 801.7983776089
202.7467172955 -521.5868635116 -698.5543127840
-1097.6917093167 -1475.7989663758 -1323.3046920813
-298.7759013473 -1421.1725960954 -1759.1192541383
319.2969290554 -870.3723057701 1497.3328064834
-132.9434473807 1186.4667583493 -1252.8869452625
21.0070477499 1920.7289335499 -1816.3085423103
-637.7860089684 1573.1140348936 1208.5504285258
1471.6222586983 1794.3446938841 1602.9617401597
-1659.5795851181 1387.2903475046 -1247.1057377631
1243.3866001449 1485.0113032912 563.8942196933
238.4433780896 107.0253271990 901.4813072241
-1108.6057630022 -1846.8646459203 1099.2508047842
-1605.9314628477 -1656.4785337769 -623.7200066929
-1696.0063473919 1864.6555542996 200.6310542942
1002.8762839599 1913.9611834841 1805.4023150263
1227.8077954194 1358.3884009095 760.8810074897
-551.1687212875 -1685.1319665391 -23.6397898697
998.9158524200 905.7908992448 660.3047541249
-161.5260911728 262.7291850141 -1345.7992626151
-766.3809389788 -780.2870530923 555.4873995598
-453.5902502425 1322.0015045920 1189.8292330505
1311.9111699534 -673.3123583076 1923.2431879439
1947.2706979691 563.4011169286 -256.0123759942
1818.7554663089 1043.6661739909 -1960.7988445098
576.0742452495 315.6199212211 -1242.7805929827
-743.4691647811 1937.2199327548 -1926.0401778504
276.5039457245 415.1936354077 1175.8885865762
560.9938557421 -134.9102884293 -1546.8181137818
125.6046029431 -1949.9337320576 1040.1794110188
993.7751778174 -995.3209619415 1513.5748877236
-197.3448043748 -494.5695256996 -1287.8610895369
-1773.2125512075 378.0877959660 -200.5905534698
-111.0710121891 1459.5049598976 1651.3907598223
-130.5675355748 1149.0795961556 289.0114900605
1115.6176035318 -866.6287306323 1038.7135087620
488.1401503569 1226.2790794633 -1418.2432513712
-819.5042833866 -6.7220081082 1765.3996111389
-192.7795234674 1868.7233411043 -1342.8499692049
-300.6351467617 -639.8038740253 1411.8497160160
-71.8494551857 -753.5035783600 1053.7786022932
-1445.5763919857 1233.0433827023 -711.2640440782
-674.0865916244 509.4366016170 -1169.6645407475
66.5528740519 1496.3823741043 427.0975874536
-621.0573584210 -832.2261897388 102.8755666527
1956.2487894837 1714.7782053074 1105.3577333650
1817.7668597940 203.3230367898 -1896.1261059592
-1784.2507833687 -1723.9516595489 572.5983801936
835.0421680985 1404.0887368608 1454.0640710993
-503.3400544693 -1440.5318352882 -747.5922224428
389.0159738862 -1296.5891507358 263.9289442319
-989.9040226809 -1407.6700844180 -1300.6474796460
-397.2754637479 -471.2439738328 1053.4482013613
193.3729484400 312.8962164652 612.4606151401
-350.2199566756 -1411.1767607353 -1831.0160195907
-21.2011960548 -1451.9529236287 687.7435446729
-51.1697468201 1094.2841395019 -373.2167471716
943.1464993994 -1653.6813014296 -1456.1868756433
1912.9335533515 555.7821066122 -401.4060152926
-1235.6751034178 968.7100645611 -549.3243751825
1121.1125697573 1350.4602799726 599.1200764309
203.2439378084 909.1778493539 1315.9305944923
174.9493971916 -1629.4135440092 -1522.1439907639
1214.2264649163 1600.2405213989 834.2356705527
1409.1973202141 772.4324315359 -1759.8748121042
-262.7330890694 1687.6723891367 90.8061252847
-1387.1071909037 -672.3904929378 -1740.5851501940
639.6267876418 -601.5884642921 1674.4347625100
877.7435771880 1269.3266597181 917.8263481315
338.7172723224 -1278.6089112601 1816.7398709308
660.6932352232 -318.5791786084 1170.7616301727
-821.7713673436 -732.1079143709 193.9120667415
803.5822152078 1930.7620333509 751.7808081374
372.4458822260 707.7917468365 -105.1479385313
1435.7709371546 -22.5098050554 71.6429622263
-1010.7289854563 -184.9140860725 -385.3799134361
1869.5945823864 -1832.5251398692 -927.6595816366
857.8576291776 1874.5833064719 609.2712547953
-1245.7592546688 -952.6155750255 627.3528938009
-1235.0170976114 -1680.5008934919 -333.9538976472
237.0438982526 162.7838061075 293.6015931024
464.3112924346 343.1726247926 -1910.2728510503
-1727.1485209782 857.8825147511 -1411.0344735787
1086.4713559253 1040.5638204277 -740.5581109252
-1994.4353163565 206.4545975487 -313.5000495191
-528.2365084469 -1186.9300618795 1547.7240646541
545.8492752487 1968.3269400797 1796.3751784410
-663.1009165098 -1619.4845936842 -842.0442429597
1335.1320131585 -437.5278126333 -673.3738441074
1820.1346143690 1103.7595190121 1204.0079330414
205.9810555414 1983.4498700667 -788.1675289345
-401.8286955515 -1120.1081060617 -1933.6751248087
825.9678077058 1154.1068930744 -1703.5649940550
486.5359094360 -905.3301397336 -773.4264026189
-1786.9097396220 -1311.5152134106 -813.1158089341
737.2338034556 -376.8298070917 193.1093680350
-144.5591143617 -161.3374934508 736.0243554011
-437.1070123677 1230.8340304873 -1639.5238241571
-1608.5424391578 -1216.5749579820 -845.8994301877
1482.8163789010 -731.7529525031 -1169.4923828553
97.4383111791 -1473.6832548914 1668.5057665030
-1620.3352028567 -1837.7763308412 1532.2461433337
-1449.2836199954 1549.0546161073 -1611.8600834358
-1964.4568792253 -1544.1803134234 -316.2457015394
759.4053070469 1903.9083874264 -273.7119150200
182.0550207962 270.0751331482 -18.6450521710
414.1380109659 1614.0991742069 1120.8825967565
-1366.6563356973 152.7626358585 -430.1513203390
1099.6993840058 303.1859156742 292.6403259031
1965.7391002601 612.3552866640 -1089.2739844978
-1208.8674638838 882.3170578200 616.4842683217
-1728.1218282342 429.5057669374 1161.1790036905
-729.5952345303 1447.5044025089 653.3611200129
-375.8504009064 -774.2508112173 1778.8329131302
-1287.0509198118 1309.7806324543 -743.7092781164
-1816.6505691289 919.0212194742 1507.9875194565
24.1364241629 -1890.1729904210 1993.1023326544
-1700.6369410941 354.6011430931 -1866.9707395155
342.8560386532 269.6533031536 1062.6175703519
128.0080330598 -671.3208965208 922.1004109784
-189.5070190966 373.7561454925 1461.7589152008
-1061.9752617025 -66.6805519027 1075.8323023327
353.9119262739 -1180.3864550244 999.5854272616
-550.8434591171 -1889.7916477513 -1098.1636408151
-982.9549747453 -756.9001520382 264.4961679624
1946.9850458722 568.4025218307 1515.2535705706
-33.0550658334 761.1108361119 -214.5449083778
-466.1829131745 1145.3041489236 1716.4979350755
921.2683166452 -547.0484933044 362.7531303882
-1552.6309130722 -503.3823300871 -957.1097722807
869.3420733361 1909.0946661266 1535.4010143788
-1393.3865836158 1789.2933857138 1854.5793347621
-1804.3263303435 -773.5512365531 1133.0917695275
-1009.2315760155 1136.8422120076 1586.1168658659
-1355.9236788213 916.6802621020 -1128.6625679924
442.2847235469 -684.3478232653 -346.9842322567
910.9322632796 -717.4328215919 -1580.5569873075
452.8324945052 1476.5453047135 615.8860151416
1279.6849354064 -530.3247081918 -1963.0902076785
-1989.8153524555 760.3192446244 1962.0633251500
148.1079351119 -1919.3951472303 -1084.3140866975
1991.2983340119 -1943.0295212839 -1078.3315947806
1112.6291221694 -1510.3190771481 -1977.0071643608
1682.9017142849 -170.1531122041 -1665.7029376619
-1400.2895744868 9.1626609854 1480.8393985022
0.0446492283 1022.6906105655 1694.4931611680
1788.0310131189 563.0034655266 411.5534728657
1905.2497958404 -1320.2142020473 -15.6940265117
-1793.8199316383 -296.7295658929 795.7033069650
1892.0951201406 1796.7288816260 -1788.6775917105
1202.3279103886 -1373.3704499990 1740.8815416419
509.0236974915 -1951.1845292719 -839.5831666504
733.2430770364 -1040.6835354711 843.3272087517
1909.4942364210 -1417.4925600945 -655.0443037659
519.0614409583 -643.2029423130 951.9692181925
-995.3429397353 336.2882809222 -1732.9551333414
1962.6900251659 -58.5302732506 764.5017389322
-901.5995137870 1302.7505765919 -1883.3031192264
1155.8500368072 -322.0092905141 862.1085224904
453.9349083842 1616.9128249805 -972.3713897797
-169.7372030601 -1928.4426925832 -1560.3652781004
818.3809071026 210.9361902872 -1663.4776462963
-173.4240036964 -1720.8129326563 -1163.3990819179
94.7848807989 -1026.7274235337 787.6197039003
-553.5375267898 121.7772473200 -472.6888454776
991.0782755497 -1389.3106722527 -1991.5905938929
1490.7817412607 1999.6193263065 1024.7061505698
413.4760589533 1724.2029777095 990.3696452644
-296.9464055883 26.0973049579 1138.0545130844
-368.5335545272 280.4266322618 -1172.6982136163
989.4444366564 1701.0180279300 -1748.7214248740
-944.6469128568 233.6443017781 1392.1538425800
543.0294168713 -816.7023902419 1307.0763926286
-467.8543230534 -164.7302701896 -1406.8416587043
1111.4110010905 -200.0588504712 557.1016987566
-1688.3793007547 -1407.3012960051 18.7049900444
1746.0417945307 636.9301687048 42.1349569155
1265.8378618621 1348.0496861163 593.4207416026
-608.9379975897 836.0051651480 -1239.1918131068
-204.5873163551 1714.0738835257 -1085.6038908238
178.0105716089 1339.7575836130 1938.1766811749
1141.7085955172 -393.6402842971 -224.1809937510
-1767.4391576906 -1686.5591598487 -978.4090829081
-203.3863665248 -679.3390685689 948.7156287239
82.8440352854 114.8556465119 1979.9859250817
152.3762449636 1978.1382592966 -661.9093486510
-27.8429645808 -836.1213956002 329.1229361387
445.4258106197 -421.4518544691 -861.6943778821
468.8315360395 1607.7350309128 -581.6318907739
1803.3904254085 18.2655921502 1396.8337182967
923.7830051802 1192.3069399125 1984.0753880309
-854.3976910948 -319.4398746354 278.8232161951
923.0223668549 1308.7296139086 -433.8408407520
950.8734035743 -910.4792358119 -986.3369409132
533.1965599333 1602.5010331355 -1456.3572855142
-1905.3797595200 316.9623830722 -1326.7076581971
-1630.1211083624 -1008.9562601787 800.4920911932
1006.2955161346 -627.2554015037 1174.0540518228
1369.0027204353 -1452.4918108058 1421.0293050362
-1576.1784677238 -1709.1428460219 -1918.2040429734
1079.3617818952 1226.4347169669 102.5534344769
-131.3474455691 -710.9708807271 1172.7343965873
1585.6535694483 -717.6739022788 975.6460423907
-1326.6240037249 387.8584313017 -740.9553084621
-598.4220250827 -959.8637776536 1459.6974450552
-1829.0888394999 -1250.7126475643 -1971.2382103763
-1452.1869177965 1485.6934801266 -1107.5309165117
-1353.2436130126 531.2036555045 -860.0213891782
1885.4983632003 1649.6539001113 647.0622265903
-327.6729159488 -1859.7611226596 -1007.4152154142
795.7064751604 1770.8994430308 1253.9539784273
-607.8878994141 -18.8819640347 544.2919106312
476.9292433343 -1113.7696949381 -824.1784726384
-1896.4620474734 -736.9588452259 1886.4663037457
479.7853139045 441.6588437930 933.1521047092
-1057.6920842716 -557.2854598287 1281.3263602555
-224.7858014489 -1760.8667644750 -1526.0288278269
1119.4309834298 -383.1289275560 -1513.3818821524
621.5576863004 -1695.2459330869 1197.0375663103
-1168.1153242112 754.9937031433 1120.5706482658
1178.5549011974 1885.5963780328 1316.5237607116
-476.7632763315 -17.6236886129 37.9257832417
-1069.8891053409 738.2471200380 -286.2462993948
123.4235984871 -317.7045286044 421.1083892187
1184.1674230389 -1705.2508692072 -1220.3647418323
1792.6908784140 1805.3308730597 742.4745949083
-546.8670351373 -1638.3132649558 -361.9639354179
864.9141610523 -688.8064899895 490.6071942269
-1841.0927171963 672.9005657533 375.4350795756
-1609.5464128624 350.6908907734 1449.6230551618
-91.6550750716 1504.8093101995 1242.8428310252
-985.1585920721 -1084.9386593409 -292.1138958685
-1788.6593797050 -749.3037928530 -872.6363067265
1448.5375876504 -931.4751932203 1234.2512666846
1640.2610925950 -460.6168823295 -284.6732068467
1269.2311531063 -1900.0232029766 1087.1538983628
1221.9835952479 -303.7851713216 1470.0108280933
-856.3028775370 799.7368575735 1919.9660226057
1294.5943955606 -1060.1792064582 1720.4307930471
-1845.7359389274 521.2545931020 1026.2660343128
-45.3995027117 -1929.4710996608 886.3684525645
-1151.0342183030 6.9543287343 -1573.0950016032
406.0800207970 393.0837943504 -249.0964185648
1330.3124748618 145.0338652465 -1522.4372738515
779.8521120763 720.9175954708 85.3605419536
1297.1299114516 1028.0276684636 1814.0670028970
-1437.5866196575 -1655.9584844490 -947.3307105570
-1905.9356352782 -1826.4411767744 -1742.9120402107
-27.5196919226 454.9949389440 -848.8719597601
1656.4921008348 1061.9722011064 669.8288367966
1028.2986089114 1751.3797609917 1441.6734519497
-270.3881213840 30.3563468955 690.6334147048
1269.5077694834 1709.2069695550 438.0902940607
1837.3269570244 932.3333547533 1848.1767452523
1271.8227196421 -1990.4679952375 280.0059629485
-1017.9631795772 -1260.5806500923 247.5947350329
1614.5169345008 1695.8656322150 1634.1441588695
123.0138428901 -710.6619378754 -1831.7902121198
-1847.4253129326 405.7361041172 780.4771917627
1605.0956528845 -772.6474171557 -684.3152567088
1118.0479555393 -576.6226942600 20.5235779716
1643.5581201308 -687.7316364230 -1306.2623839951
-974.7845151813 -170.1008504150 -899.5969840994
622.8963294935 568.2525559014 80.3775974642
-977.8000430992 -566.5064136846 -1101.3239383285
1574.5563161372 855.8968788178 -395.0470881323
1578.2138816351 953.1256804303 -1077.7009005246
1722.3476181556 1720.7655187902 1464.4636054403
1224.3232257829 1648.0657689496 -857.5133131295
-1147.6518815943 1325.8938281068 1404.4290152792
-615.3582467894 1499.2296132017 -161.2396452770
1209.5512261125 -1507.3309340041 -1295.1894728380
737.3100035986 -1949.8461368313 930.1388389998
1060.9656663198 1872.5297137327 99.6128496208
1167.1026301664 1409.3764531767 650.4312119229
1256.9565845379 -1115.9023013319 1817.0299189801
-741.7042415769 766.0844278906 -356.9711577170
1941.3798012495 -911.8683544990 909.8483090098
189.0118834265 -1204.8665729213 795.8463039390
-529.6409006269 -670.7345602215 -26.9866633908
524.2197541187 113.3198398480 -1553.4545480611
1519.4830471348 271.6228471194 692.6881887913
-1622.4994162848 -675.5918868772 -488.0406192764
1352.4868096570 122.4154545331 196.3987698623
-1483.9083118640 -918.7763729934 1485.8412052076
136.8940624877 468.0427243726 66.0720710586
-511.7019466881 -900.5269665123 1459.4222139100
1725.1115789225 539.8334577369 -1673.9488103272
-193.1159813387 414.1296827357 1720.3819443814
1230.7979748273 1654.0720794112 -270.2642511672
1563.0225695367 936.1670787506 -1655.2039510043
1686.7929891125 -8.5857391250 34.3744615640
930.1111551769 -740.8064188747 63.3142882278
1013.8079201086 -720.6144582275 -938.1924531110
-1530.8916898349 776.6703419355 1914.5401178473
-302.6614433935 -1816.0000135034 -709.3721742715
144.2058983798 1047.5397842139 -493.2589224717
1567.2975151904 1780.2688377430 -803.8158078229
471.1376051703 -695.5948186300 -1270.7202969738
-1238.0424082844 165.7276465482 -884.4044240720
-28.9695328134 1029.9854879982 765.3905756259
985.4649124995 1961.8331954541 -1837.5098814888
-744.5717075112 1131.9131346148 -1878.8537572447
-591.7042235392 622.1408068816 -1956.8707312144
492.2762716186 -1175.7746930886 -1333.4254188350
819.6319824006 1656.4813339155 -139.5608639401
-1399.1535174208 581.4070374921 -1920.8894012299
1097.9773493146 21.9711138543 -680.6139830890
213.3666754962 193.2306217875 -1341.8158124060
896.1456618434 1447.7172436138 -605.2831742642
83.6515685806 -1601.2333348666 112.8998158529
-159.6182150117 747.6712968694 101.4957974788
-1827.1100505755 625.5106547240 940.5127950350
-1517.7629869121 -1536.0471637028 -1935.7105701212
-35.7204329324 502.3456747245 525.0488486717
1532.4880189470 722.8285341874 -71.0200290808
1106.1702029551 1648.1456745708 -970.4710776265
112.1575544792 1847.5366308037 -1561.6635735662
-1237.4545092173 269.0858901634 479.7114012807
-729.3233878304 1405.8363813840 -1254.6605789197
1229.2011589352 -1330.5794916077 548.1104199928
-401.5657552130 1809.1816416200 1692.6331241369
331.0044096535 728.6567289894 -432.7664417864
713.3461188556 1130.7484050518 -1630.3228413456
-899.8963615858 978.0790071316 685.6433888697
-822.1100507719 -41.9642643199 -749.0797542720
-1219.1907474094 120.9765009831 -1440.5370023947
-591.4935201400 -230.7697354660 545.3402582225
1662.6906937085 -908.2430826245 -873.1064871390
-472.2982190932 227.5848886543 -1112.0609452750
-376.5970322929 695.5450024430 750.0398148495
1653.9273646330 1482.7522302528 1176.1124985358
-170.1444484578 -832.6251832294 1768.0169229588
-1992.8799985810 1966.0629109708 1685.3922557086
379.3511706907 -136.6240557908 452.9239824025
-383.7103398849 -1592.1553383216 -279.2280141740
611.8583562197 -870.8814822249 -894.3136183070
-479.2112359760 66.3140949090 144.0298585730
-390.3111765504 -1799.9378704165 -706.2198512091
-1252.8709613824 1178.4316576235 913.4302504440
-861.9370430341 1085.6751028141 -1784.8804059696
477.6039200278 -1220.3217565913 1922.7978143608
1456.8417460016 448.2849866913 -607.5561793612
356.6972716358 -150.4088181547 -1957.6970460640
835.9708177028 972.6093513814 732.0861133270
-381.5189103089 530.1261063608 -1305.1361434887
-386.1354383262 243.4824025843 -1278.4994998529
-1448.9053930118 765.4841710401 -1730.1170108726
1137.4623484656 1775.5658122073 -1959.8463952472
1349.0020488973 -1505.3982679303 691.3024850374
1188.7402215441 1081.4080210755 -1229.9050447355
-790.7380252734 -165.2333648268 570.0832069329
1673.6922295017 853.2879922620 -446.7392717979
507.9328666086 -1.6827287195 -1860.7509536975
288.4583328099 -395.6370540070 971.2677489724
1695.2614999891 1851.8242764247 1291.5964031709
-837.1730500923 -1788.4492220857 -53.6188377803
-25.2656546117 -1272.0680050119 967.7201900902
1566.1470781233 1928.1921080905 52.0083737214
1182.0114419102 1291.8602895812 1226.6732580149
14.4804631094 -1323.8694855336 283.8635597341
-1854.5688624781 -1775.2048694898 1499.9643156303
835.0576368058 -1011.7490334224 -1453.6574266147
-1607.4379372699 -1899.2442065595 628.9302932313
1548.9993818259 608.5422220249 1639.6436497430
-566.6529960303 1638.5486574284 -807.4364932106
1832.3327670000 -395.5923218523 785.6715174127
-796.3841237293 -1149.2207790512 -27.5803363223
541.0077435760 -1586.2530146412 -780.6807643247
1332.2139486285 -52.2403275735 657.7474432107
-1468.8086188636 1842.4934984367 1226.8178954013
-429.2314953510 504.4903009958 940.9522852788
1169.4934490605 -581.0607821241 1638.8512468125
-1435.9006636876 -719.6815876422 -758.8616869731
-1830.7687258986 -1852.5580657299 1161.6257524103
-1654.7584855278 1707.3432798466 702.1667523833
991.8479309053 1567.3868840292 459.2537817796
-83.1053937272 299.6494020973 -523.5799544605
-1841.1606053852 1043.2907839982 986.4661981823
-1629.6535579880 -1149.8785601251 -1154.2259291183
1088.3429096337 93.4927180386 1039.9104394260
1460.6178113726 -1836.2473296986 1654.4876362541
291.2145206905 -899.8538891284 -1053.5275324409
877.9153901391 1197.7054876327 -1541.2640725083
-1126.9623977113 -1611.3757006336 927.5618762940
-1389.2447009382 -380.3434785756 13.4001488880
212.8634622568 1235.4797219465 1315.9483615990
-982.9416278559 -1409.6306165080 -1549.2210742163
-33.0321999273 636.7867696700 1632.3196318923
-114.5555830417 -489.9390407622 -1790.0021810681
-222.4366336045 1979.2052432119 -1503.9187968302
1969.0810727309 1020.9166544926 -276.2711584715
-987.7807365911 -1383.2986835894 -1811.2724466923
-559.2774793355 -577.2865642774 1410.6035256575
-614.3188533599 -1239.7227846996 -1692.1256262181
-363.1037043244 1736.3239435320 -1307.9916517216
-1611.0808834578 -1064.0751700800 -364.3626624294
1561.3643816591 1307.3384864596 1118.3602449356
-655.1046783750 296.1554094992 -1924.6536026604
-341.0600135758 1466.0433305476 -1700.1209657622
1539.6914301259 1706.7501661193 -187.3254980248
1752.3753829081 -518.3729077349 1893.7101028328
690.4614548665 -1137.2752881101 -606.9095600276
-68.1433342754 1224.6753357846 -813.5125275866
-807.3050765943 1927.8049733327 866.0511855986
-400.3195533610 731.8254809429 -324.3782901109
832.1245477324 1099.7110771062 -834.5229775613
1775.3738226923 700.1792701391 -46.3212194082
1592.3644331313 -1004.3929353188 -915.1220138647
1374.0201571612 1553.4785526120 772.4180433400
204.1091836099 161.0154602150 1338.4276511743
-789.6114760296 1203.4919405056 -446.3638266280
-226.7755065683 -665.5782034913 1585.5518107306
-1923.4445085693 1828.8298872771 186.0530291413
1730.5044704573 -351.0823324424 -434.0892134243
1517.5921218092 -570.8310729736 -303.8128246683
1586.7194095912 -1196.8830090748 -1810.0185007620
1947.2495593227 1195.0781174471 -62.2129905100
59.6909909754 1681.0937527079 1189.7396503977
1708.5959183942 -1816.5295706767 -1485.9211075825
-1963.2015177095 -1923.6670738512 1695.6502819160
-694.5121664759 -1003.2317049080 235.4938778883
1019.8914301494 -1142.5673545119 -454.0681460669
129.4485044897 1151.8193372290 -1878.1969089765
-950.4804485820 1866.6682445883 -385.5886004591
-1289.1437505281 -950.7679885066 -1849.1312709949
-1299.9293080938 749.3783552241 1363.3455673972
203.4830452329 -1953.5668379765 1993.4557850782
-791.9577770138 -626.0433616825 975.1484764078
-1249.1306220555 -1711.1397154833 -852.1374614201
994.4001113224 86.8439481021 -1799.5732637489
-288.5976096256 -237.8725204494 -1644.9375347734
1181.7147793320 1705.1555678858 -1267.9581090439
-786.2963456663 -840.7300321524 869.0188644855
1150.5652380407 -1103.6009318777 -1306.9262696087
-400.2225022686 -988.8823502115 1724.1287186973
109.4176497708 -1948.5088291263 -929.9538620493
695.3657113424 -626.6065214669 669.8366597411
-621.0509351202 526.4446535352 1549.5940378395
-401.7418842418 708.1583387624 -456.2366526447
1796.5719523211 1252.9665538740 130.7194713121
1192.5411718489 -31.5812087102 -860.6238595189
1237.1148603446 -158.6369470813 220.9877354693
-1800.6032325803 1576.9074318545 1809.5932156951
-622.2412750174 -374.5910104571 -684.8874533373
-1842.2770030148 529.1847442330 -1790.6701092983
-1260.9791566008 1608.1263389112 1879.9599675519
534.8391161101 -1080.5523229803 1246.2271083865
-870.8898664375 -1460.7206055331 -807.2874326155
124.1848039007 1469.5405670472 396.3931657108
-104.9360250119 565.7596829516 1242.6682528645
1894.9152107953 -1819.2498052194 -966.9022416863
1987.6091219527 1362.4448745282 -1288.8559607915
-1646.0819264762 1492.7144532722 -634.3034585934
-452.2381161581 -127.8927933764 -448.2234175356
1734.0643847949 -1344.4982121395 1998.8519113775
171.9448036707 -640.3925644230 1158.5823464628
787.5703872590 693.0232805248 -1395.8411065207
1542.5127411519 -969.9478865408 963.9224435850
-1172.2045717362 -17.4925544507 -285.0861764922
-370.4191989392 1427.6639835506 -1749.3765746424
205.2339256992 1373.6256376545 840.1908303757
-458.1340308313 -32.8234276456 -249.8167214734
-1738.4713294121 1686.5564489679 -570.7322556135
-1297.0655077784 31.0417462964 246.5475078536
-971.7936658515 43.0218393253 155.9200784129
1990.3039288536 1426.0960554273 305.4554589429
-215.2005266324 -1238.2487362909 -154.2581171507
-21.0476877256 1894.4222482826 -1482.5273425082
-95.2920507085 -1344.3508999935 244.6970110594
1727.1021414318 -87.3010908193 -528.2250821084
-435.7430734850 -806.2007292125 -1513.4921362528
242.9866776524 -730.3654517423 -1573.8411788821
1600.8248062205 74.8051618272 303.4649325918
-1016.2748965864 88.7241977677 1548.9510130697
-1401.1955533288 -1185.9552755172 -586.5633944080
912.5852405074 1165.4523800972 -772.6196169862
607.8097231080 1634.5748850037 -460.8760723964
-1744.7870089706 599.7233590943 -792.3827042567
782.6986708567 514.0066097052 -1594.8011605510
1870.4701701045 1323.3299607156 -502.8311138030
-642.8745152801 703.0233031010 -391.7172992687
747.2326308676 1485.2540578089 498.1884032873
1402.0066707150 -525.6317434870 -1905.8672732360
769.3489160519 487.2335103143 1583.5119393748
1838.4863559014 69.5469341273 -96.5823368539
1056.7391939012 -1947.3305092215 1737.3762196829
1172.8473075713 -1479.3156701023 1367.2546815535
1140.6206868520 1841.4088286597 955.1819186927
-1771.5461217447 -1357.8400412688 538.6023178041
-823.7399996559 -1522.0297915092 -1159.8029478321
-174.9144902908 947.3479410232 1713.2871476881
-1857.5293816217 1112.6563982259 -39.0822576965
677.6406509016 -1977.5044672009 -1994.5470378599
-1462.0359527570 -52.1363165176 -457.4429472867
1711.6960799244 849.6447779072 931.0904683144
1405.6447413787 -220.0738582690 -718.3521115459
-1816.5885900856 715.5884532597 -1528.3237737491
1059.8981420520 702.0218193192 297.3933477243
-1153.0721119834 26.0304679698 1784.6682995868
645.0206175762 -1898.4675656521 -689.0729636804
1353.8342360724 901.3371431165 -1676.1008015859
1038.1265863380 -164.6654032103 -228.2314507747
1101.0472246931 1736.2142707149 -1358.2947405555
1478.1442491015 -775.8382676843 -997.0072288342
-1830.5651943103 -1417.5972777018 514.8641808775
1165.1830431398 -695.8066374952 -1165.9880538407
132.4193757755 -1168.7341819444 25.7087604720
-920.7207875830 1760.9979063946 -600.4083090970
-1146.5416380526 1120.4601066399 984.9085868046
-1599.7887924227 1960.8026070726 -995.2437393374
694.8108987389 -1990.2339627933 132.1804453197
-1518.6320481098 136.6913755628 698.3293352425
-1817.8228542924 -1100.9535640141 1271.9325543848
702.3737502934 -628.7138946975 -243.9394912207
204.6072721236 946.5240084553 -1633.0549830819
-1563.5631287351 723.0450201386 1100.6988644361
-777.5834400480 1853.3099689548 -1988.6389543006
-270.6523017095 1519.3508213317 1006.2523040274
1825.6813905580 817.4043831534 -741.1136362320
1435.1407295519 1513.3912551448 -285.2302592973
-1174.1588359243 738.3326643990 2.7366260251
186.1883236872 -1044.7561328175 1393.8474899358
-605.2845758901 -214.5005444346 -46.1689270323
-1175.9779723822 1088.5890027820 1889.0694407880
39.3921193096 -1014.4485858212 -974.5891779530
1298.8152767760 891.1761180253 -1674.1307974947
-155.6436686034 1710.8658305476 239.5430387608
165.9656499454 -1626.5009366166 -74.0058630151
25.6823739196 -314.2187705929 1047.7424152814
1854.1237501776 1756.7050541530 -1016.8137965860
1557.4865552654 -457.8005846142 914.9271753554
-170.2621238708 -216.3004100612 98.3838233522
-1947.6863608350 1328.6422955069 -1321.0409562428
-322.2953080654 -1105.1134362084 1426.3005801718
-1464.5237549847 -303.4964187362 -386.2773586682
-1435.2442608679 1446.5487463986 92.2028770433
-1749.5424440739 1169.9837952911 366.9207043128
1867.7198443828 975.2264274856 -1419.6551430734
1515.7481494640 -378.0951485678 890.7625929093
1526.6122304800 635.8460327065 815.2089622745
-483.3214993342 1734.9869117953 1251.8275870417
1645.5112124018 -1553.1600807233 -1123.6736186259
43.9128887336 1099.2925074033 954.1767790179
-395.7324218070 1147.1931341184 -500.1780784835
1773.6837986451 -157.0096927966 826.8432756875
1838.9584902492 -673.4715585783 401.9358147211
-346.7717891252 613.3566835330 -875.4499287262
-1062.8642195338 -870.8737979062 -269.4234563593
861.1633257463 -812.2699295184 -12.2528626431
-1194.4907748556 -1256.4830834251 -307.6860660480
-193.2855854837 1754.8562450901 589.8859027217
-1769.0173790167 -19.6389378935 127.2032940577
1790.3372364692 1553.9425879442 -478.2233909669
-974.5810865955 1523.6591316846 1485.3647194518
133.6066471343 242.2711737768 1237.2010310397
-1470.6310730062 747.4394165490 -1947.3909270117
-1702.8596443858 699.5791229416 -1867.6554623628
1329.6204686402 -524.3093870727 1096.5277603742
563.8941357223 184.3527039260 -235.8952250920
359.4422592791 1262.6164325829 -685.6222145423
-1977.7000978747 779.8601194348 560.7010562612
1019.7425371071 1112.4216874588 1172.9069606427
153.7801436763 194.4095349027 702.2908434624
-360.4246795505 1187.3491017563 1426.5444423248
1866.2266491536 140.2374331872 -386.4604859892
455.1227103948 -911.7374815400 -1277.7585319525
197.8408742872 -1754.9348606417 -578.4164794542
-661.6013213335 578.2619458297 1239.3848021149
-1463.3420087448 -680.3841274087 1046.3925477424
-1749.5614332540 685.4511422047 -679.8595290067
-1681.1169554008 -683.7885750202 606.5353268190
-334.9866475447 -1594.9475139341 1902.2245321851
-369.8634399885 -1025.2068520342 908.0912818482
157.2613722344 -724.9859778501 -1898.7071795855
-360.4056177084 181.4744100392 -537.6395066204
-24.6176026483 -1499.9565081666 -330.6790485699
-39.2517347203 -1305.2737686160 254.8464699225
1106.1655077302 1529.9099386379 -795.7382119385
1042.8537389800 -1033.0798425365 -969.8673831578
-555.1275985922 861.3500738444 -321.6230109107
310.9628504653 -445.4920014820 -493.8908597738
785.0485029475 -1543.2183516120 -1338.0336976261
-1913.7423592112 1633.0061429112 1088.1354287976
1939.0085275377 -1086.7932499894 594.6026454883
392.6125526055 963.4014218578 1590.7741830605
-277.3504157402 -1404.5609189207 1185.1484777014
1515.1751615219 427.8806957610 -1910.3910979713
-70.4452118809 -1537.7545296520 110.9043414993
-1154.7803566120 1298.7232449346 -1816.7214119453
1806.8779881483 -633.1277780856 -784.3439471212
-123.3427456602 -1379.0181734091 -332.3724761131
-353.3517444388 -334.6590552010 538.6114037263
1978.1730208051 219.6320979583 -1069.4961953745
1335.8801861162 1807.0638861910 1996.7911096058
-291.7153129786 179.8154297252 -1246.2124023523
1466.0596470310 -64.2118132779 1157.6661747417
-1077.1425231008 -26.0558912074 320.4618796868
684.8174015035 -1320.7347399262 696.9131305643
1175.3003310437 -155.9360698166 -1209.5942471168
286.7061225718 511.0038942615 1218.2063815587
-1886.1737078163 -628.1259984841 538.6895395286
391.8507064819 544.5527390892 -850.7979736490
1536.7835639359 1595.5081330768 978.4979540448
1375.3088445419 316.4082522889 5.4195039276
366.9526375799 -1233.4094740574 1332.4780753547
-974.3105538491 1693.4026964177 -534.5207588963
81.9353291913 -716.9170169018 1692.7387512177
267.5384010066 612.6278975697 999.4508538447
723.7571397639 1066.3322672478 711.7802723432
1043.9051596168 -989.0359400616 -246.6832599277
903.7270960787 -1685.2735732061 1106.3139812018
-62.0037982884 1910.4610268685 -877.7192984542
1770.4326483195 -830.7467108737 -1380.9057350160
1904.7850288435 -986.0358047560 -109.0511599694
-877.8895398405 -1092.0479924087 -400.0273249921
1522.6220179490 1847.7653299029 1498.2172772494
1607.5450715853 -177.0626428796 930.9545785573
33.9617097169 -893.7192826463 1978.0560654973
-1764.9295385585 827.9622315902 872.3482290473
-1647.4360341279 1695.6343582257 -1359.4557418731
-995.2267567730 -729.9677807513 382.3403408713
-695.3588775155 -1587.3510843971 545.4255296864
1755.9421951955 1731.4503178050 1233.2652364277
-795.3617935376 -352.9248025011 -1694.6182269802
-788.2779780249 624.6465704000 735.8673798524
271.1296297170 620.2444359248 1255.7352424108
-838.6942264615 -1316.1964704887 -1394.9985867403
-1811.2871517376 -1772.3333422679 1374.2644958594
452.4738219143 758.5983343696 508.0398019516
546.1836242385 988.3591210372 358.7447493968
-1166.6899383122 -1270.7627304911 1537.3078046016
973.4680537995 -101.8503516808 624.8949156527
1482.5792684868 1413.4248928017 1135.8156381032
1682.6165643554 -1013.7206031356 -1920.4985812406
-503.4393249499 -1370.9722396726 -778.2257278848
1216.5579800909 -1832.2775612701 1305.7346917612
-923.4076937527 -244.1089821946 538.8598027716
1177.9661782414 -1013.6878834394 1073.5149347300
1052.2371907213 -1934.9065465911 -1628.9193375954
-296.5136718353 -1902.1840635797 1484.7292800335
-462.8726533033 -160.7382900411 1156.9422476623
-1172.1542582666 -900.8343678494 -983.8599100704
1089.7377499514 -1236.4110273175 -316.8050664793
1641.9534815840 606.0618075799 1696.8418813003
-1125.5520365050 1533.4409840195 -949.1250357366
-1120.3111107221 256.3446623520 -796.0558902372
-733.9474417517 615.5636620859 1807.5069957543
711.0239239998 -1820.9209462829 -759.9165925266
1631.9738062768 531.8469142902 712.2459226433
-852.2103942855 -1748.3880442784 477.0968837318
1230.7594793979 -812.1308082932 1973.5772650378
-1531.0949488470 -1102.0026736424 -1816.9613509351
618.5525196498 227.6650394190 -1614.9073669831
-982.8763890078 -1922.4567466083 1295.3596976940
1828.4081364419 -958.1493721944 1710.3351256800
1246.1327081205 -642.7717164225 708.3830206111
-989.1989349352 -210.0258988006 1818.4825641486
-1605.2876073432 1512.2361974574 -1374.6643493443
-416.8514107842 -70.6803945583 -986.9568149892
-811.0575052032 -866.6221419679 -532.4025026491
-307.9369487918 -1264.6037239905 -134.9623932379
-1493.6165373644 -116.5763234953 1464.4170014227
-597.7963451707 868.1513382232 596.4610780269
-1688.8680672364 755.8291840128 1694.8409876862
1886.0937991570 -968.9972366701 -168.4155867554
1562.0980983255 189.3972175892 1288.9200778230
-1836.4748554540 -503.4238013125 1264.3479191049
-603.6331578634 1156.9873438604 1851.8898330477
1393.0800121934 -653.3210629476 -1150.2767571470
-129.0393116021 1262.1420694193 -41.6581017950
-1703.0917823544 1237.2065936669 973.5328370078
-1601.5317377330 -1902.1748202927 -770.3354161799
871.8298729527 1900.0159774640 888.7058681312
903.6845621263 -678.8990858868 89.6822122904
-1146.8321100703 -1183.0358821766 1401.7261814123
-228.1959312467 408.9383414881 -1816.0073497661
-432.5198198083 1674.2656374059 837.6263368762
1023.7036042341 1563.5724543861 1287.2998661244
1392.6716619058 -1791.7698445869 1341.4662609418
690.6868863940 1936.3016276530 -1752.1432292462
323.0930741339 -909.8603772642 640.9626139244
114.4317035083 462.7722109094 367.7986563400
-45.1482273843 -1520.2889264610 804.7124502846
957.2287525558 -1987.8265371150 -825.2744639661
-407.8303570694 779.7428703910 476.3677079120
789.8057678022 1838.9895211252 -1181.6933474887
-1387.2113476611 -1037.1957737756 -1648.2016981704
296.4712223913 131.3587547749 -1842.1976924612
-1484.7505371706 1373.1450401092 1193.1942028540
1512.0221673404 124.4769891358 463.4460240266
-1295.7655884223 1767.7961260921 1025.4795610921
-803.1707550465 462.8617674106 -1050.3474209740
1603.5887280889 -1819.4543978355 -184.6638079759
-1867.2089964945 -1912.5160647184 1081.5811950769
1603.7737959544 1127.0344208038 -1196.0549856268
-1657.7888317643 -207.0600401441 -136.5026044116
-379.8430228925 -341.4953668782 -341.6254038980
207.4212232594 -672.4179975569 827.6431875841
772.7828745281 1495.7298084058 -1598.0794324626
1610.8212722342 -1654.4392354621 -151.9572138794
645.1309427759 1247.4012207635 -1730.1437838216
-1208.9515460666 1904.0615086967 -133.4467110318
1615.5053474549 -1890.2794727157 -1749.9959668661
571.9139668739 851.2300030260 1265.8705566149
1335.7644410952 1495.2302159956 1740.9007837104
-434.6614777039 -1516.7786613683 197.0707622963
1378.9952012876 1005.6931187986 1320.7466233466
31.4691838736 -333.0599684520 -887.6702805379
-782.9376524401 -403.5365637485 -849.1396001265
-1189.5810826438 -456.0879041083 -426.7349986494
-1652.1618889082 92.8571073874 1522.3027034191
1417.4629423672 347.6353261547 1026.1995233312
-990.8723056013 1801.0325841212 -509.5400367227
-1289.8186491537 844.0233038691 -1686.4885273376
-1057.7555054049 -1899.3044106012 -1826.1661812027
-1978.5907485657 -1486.9931477120 -1552.5001674732
1022.7661027737 1210.5989446968 769.1854003549
-1350.5837648232 -1968.0915741770 1910.0878646185
-1110.9009159049 1476.1889541417 -391.8893532673
-1311.4808446444 -447.9881262747 544.8581564593
-1807.9846033688 -48.9632345102 1443.0883318556
-190.8218305961 -1078.2210638476 1249.8747893247
1676.5938719328 -1301.5827787838 -1121.0393573095
1463.1321364830 1521.5960392785 -1807.3444164988
-1729.2278737969 876.1418127213 -366.2696235530
10.1350313046 -957.3975413667 -1500.7129606025
1911.6762036302 1855.4216771316 -803.8594307073
-1368.8172655567 -931.7575438871 -396.1470683743
1058.1323424492 847.0365799782 -1445.3134272325
-433.4527488015 -1793.1703923607 -269.8357410240
209.2692908676 -1118.5774571824 -111.6341760682
1203.6875982278 385.4391635438 -1244.6664538039
-608.6494105916 1897.7387380244 -198.0566598028
-1131.5288557945 -1605.4387407103 22.4172821353
-935.6077608156 -91.0014526277 1178.7601052689
-1922.3460916631 -1226.0415718260 -1676.0869037114
48.7496388579 -184.3086483797 1845.6130265112
1865.2553473143 1475.4623618788 -850.7495619768
-1091.3007375265 1905.1299486800 -1240.4934352562
935.1869422757 -1222.3501871913 -253.9589917291
-118.9462465731 1231.9512958944 -805.0876445782
-1581.5353617532 1267.3868168666 -543.9823133193
687.2957847700 848.7750907361 -974.8589940761
1664.8015609437 -1390.0431538969 711.0066582792
369.4494635492 -905.7353907573 -1924.9036358262
-1341.0568607051 627.0813351924 -1941.7513475444
-1288.0023699077 1423.5729236772 182.8886593558
1853.1508660711 -709.4407359712 1024.7415176764
-358.8275019132 -829.4822547990 -1188.1356411318
-1828.9386419491 -281.4452089609 -1102.7777137530
828.9453389623 1725.2287561914 1963.2316139963
465.1114419572 729.4292899965 -1597.6675732947
-1745.8857944473 -226.0258381587 -1188.0830984099
-761.1932705783 -1828.4329603254 1378.3282506999
-1263.0367308093 -1.0353397830 -1765.0735499269
383.7674807837 -1001.7055880952 842.8372854364
570.9536499169 -1685.4595406819 -1993.7952319417
-255.6728291660 1320.1280607048 847.4210301731
1694.0186384981 1172.0323031981 1767.3024860528
-746.2797124620 1889.3615730900 -1482.5188229084
1964.9920137930 -1118.9197051201 575.1335342666
-342.6456853289 627.8302823959 1046.4810799694
995.2491465713 1865.9342019907 1039.6208846076
1008.2661093803 1380.0807585427 -1079.4153005250
-1554.4882456777 -1822.7766500415 -1293.8718897935
1605.1347236274 -631.7421594315 -1356.5301707391
-1695.1216576547 -937.5393973232 761.7746103242
-1773.5870075158 -174.3807115006 -31.8725566102
-1584.1796838256 240.4127373645 -1725.6505284619
142.5810761637 -1862.9307065531 -879.9605244682
463.1513113548 -109.5380396218 1129.6552821444
-215.3044624099 1528.2199466827 1739.5678383890
453.7439226548 -1153.9107464050 -563.5423932915
-1383.3438279146 -1436.7877951462 1093.3699687063
1655.4142510809 626.0043823213 -471.6746384481
1328.6024250146 1409.3906308439 -1994.1360563835
-1765.8121579514 1294.9476195774 1938.8114119212
-974.9748194003 -1437.8453817152 -1334.2498516008
-617.6128139688 964.9953561579 -1129.9360594984
903.0946851824 -920.7959905608 -487.7278467569
1633.3952621691 1395.7622311696 948.2792645341
-1806.2332792952 95.7457403094 825.1732053504
-1251.6832842124 -1089.8814287688 901.0440858603
363.8876065185 -216.3596406475 -1531.5606637610
445.6709114233 1881.5340875966 1616.6092503864
-1349.1275183559 -737.0308840507 436.8966450240
635.7943174009 -369.4533271002 -456.7610873427
1045.6530076453 -1068.2673770109 -211.9041544445
-48.3617975026 -1689.2866919895 1180.3264692594
-1049.3970268955 -1758.4415936449 -244.4312827522
1801.2229633263 717.0805401682 -706.5335695138
-683.2801159868 1886.3277649484 -298.2372385934
1618.2403121170 1799.0292428556 562.3233099624
1350.9281635225 1171.6094267978 -1506.7569006895
-1580.4546590074 -716.1952670570 -1734.4610678641
-1096.7302657398 -225.2935116800 1000.2138830501
-457.0119465702 834.3590439397 26.7975489099
-239.4379004601 -1922.8918447149 1956.6702958928
1608.6977686218 -1324.4678492477 250.2817431479
-1236.5817836381 1230.8648906910 1220.4878212155
-493.4936572277 545.2532893409 1291.5527109932
595.9592630983 -1143.1211604194 -1935.5825690546
-428.4778268644 -1553.4472670493 -532.8580858850
-413.1047135888 -552.7943232458 1774.2588837697
1880.8511684255 1755.4513234818 1392.7103565405
1311.5882856787 -1518.5641595518 -104.7349205531
1268.3446885471 -826.0381081868 -966.9116469850
1489.5998071489 -731.0690377457 -1554.1953529612
-269.7573171263 659.6222399676 1978.6917965358
1224.2517721680 481.5466476811 -29.7731034329
202.6871603907 -109.2656697878 -1467.6763761404
708.2668192637 482.7414642352 624.7046829751
-764.2671293803 -1020.7235650269 295.5743834830
-1177.6496067177 -1607.3424009064 837.7554376680
-1062.1566869743 1634.0214552656 715.8662438223
1406.6448255890 -166.2764777484 -318.8823173960
16.1072986777 1526.8361720102 943.8314325589
1316.1773295301 1856.3613449975 -1720.9480760518
1620.9636601403 767.0700967642 1776.3088687548
1368.7935268041 -1918.6233280478 -1414.2740598139
-506.0755002308 924.6282093496 297.1858211970
261.4273419931 1382.2251933666 -1823.2127668494
-899.3494654570 -1719.1695722856 1283.5838042061
811.4627727345 -1751.6299721694 1035.1888199541
-1448.6372806895 1012.6050238652 563.2647994820
-1421.0157800712 797.8007481045 -598.5494353818
-1390.0136666750 -1078.2568420285 -1874.5554522530
-1297.4841509455 -356.6960585998 1647.9655772569
49.0673610008 -1105.2406246146 372.9677780945
1661.2829609668 68.1332771308 1325.1377170251
1235.6541808661 875.0678533523 471.6505795128
-897.9084390561 1757.0094017388 -745.1569620675
941.6399141789 -925.9839679255 -1924.0087720532
-1836.9083366541 -789.0354061086 895.0144202480
-649.4458376503 278.1057135110 1527.0213174587
-1567.9632388136 1188.4286105817 -622.6441026594
752.6298645526 965.3637971570 -980.6978303529
1067.2952683630 546.0508066017 -12.9734262524
195.5947443912 930.2665253110 1208.9978524625
930.4804718247 -1487.3652371165 1489.2339079801
1857.5389243327 -1646.3060718717 1491.7885934316
586.7281912178 978.7053548427 -1676.8920986659
-366.0911945556 -1588.5502542026 718.7328639993
-1776.6099776450 287.3807142081 1468.6179044131
535.7424263186 -1648.4938630850 1221.2507704366
-934.6555731914 850.1347118472 1691.5869158177
-334.8235913417 1404.6782078827 -250.9450279957
-537.6701130741 -1307.3418364801 779.9520967607
591.7485650201 -343.0973866653 -696.4260091434
-1476.4220572141 -1186.3573412229 1728.4745811940
679.8869555783 318.9509273390 -379.7101662963
-1188.3141438005 -1333.9170692101 103.1031291323
1160.9505352302 -797.4587010091 425.1313959501
-779.2370750349 -814.6101518763 966.6554634923
-776.2237730756 -1663.0764416427 -1283.4187995512
112.4136600764 -1603.7191774977 -537.7814502797
-1184.1617915451 290.1341009343 40.1626496727
280.0576409268 1979.9831747247 -1036.3288650063
-735.4186929695 1903.6697430506 -443.3195053337
1085.0816494477 -648.3120953971 756.3703618983
780.3390867958 -1215.6574605246 868.6613944100
1542.3315405648 -72.8467329879 1860.9558082957
163.5427164644 1192.2205174008 677.2347892273
1624.6075437623 -1021.6436523274 -552.1469126080
-1087.6734965919 535.5656111958 1590.3721909161
-836.9342470363 -383.8959559034 1746.4830592920
689.3687349839 1113.6866691780 -522.2714338210
-252.6141322173 788.2236065277 1956.5001051122
-827.4642582328 1258.2058856265 -539.9149900893
184.4784606232 726.2067059570 -1241.6908795814
-823.5078413758 -1663.5517871330 -9.1985823077
-1705.0545539703 1418.9353895448 372.4404797317
-1407.6416142437 1549.6203038786 503.7365872619
146.4369109907 1789.4402606337 558.4947579392
-175.6226648122 -1502.0920677115 -1613.2787102165
1062.1780814368 -1215.6913916804 533.7951682956
1855.7194908282 1953.8820104359 -1940.3749624795
713.0903894335 -1180.8781808842 -796.3781632744
-919.7220728951 755.8625070174 -712.2478848043
1330.7703864582 130.3411768175 -792.7778526548
-17.6775637112 295.8704404754 1830.9928331334
-1135.2127056529 -1931.9892305058 1389.4388125908
1122.0003768658 1666.7939182558 -1459.6119054863
1122.2393222808 -1664.6273014589 1539.0090598952
294.3591638811 1763.8251730723 -1270.2011856695
-1993.0423440331 1543.6875611343 -1678.8905865504
-1536.7354072121 97.0307335871 -118.7714351761
632.2424956651 482.5359476083 858.3933923981
-1488.7493613745 703.6487422179 -555.4919336805
-305.8309625412 -1865.1010659488 -902.3371357746
-320.4426097927 -675.7858000664 138.4991015867
-1124.3635130564 -497.8718237554 -874.4931799404
-537.9482618147 759.1096239282 -826.9904152773
616.9933948479 745.3010265615 1390.1177177649
826.4493790807 1045.4799693304 -591.2519716804
-1552.5158108476 30.9838051527 335.0629394325
1893.1406867743 -324.6179422413 217.9310493883
-566.8768053087 -1165.6569062706 -826.6987949637
-1442.4565969765 -948.5903615342 669.4616058851
-216.8280396431 -1112.3847670708 1408.6598018815
1765.6316974838 -1170.4880755160 917.5308556596
1749.9388309540 733.4666175485 492.6397602557
-1431.4837506613 -763.9360299403 626.7900934815
840.4316376332 608.4076920860 -712.9372809142
1714.2178558133 -1975.6173695884 367.6109009209
-1294.6647624897 -877.7316150407 1858.4725853913
-965.3790023296 -1030.4317135610 -341.0307471702
792.2474947813 370.5728860813 -4.0434886591
646.8965574241 -881.1738182219 -1348.8674244598
-1992.1418009043 -1913.7927128075 1131.2260381278
-1367.7369040822 -697.6426537584 476.0335523426
-844.6535720373 253.3719005810 1071.0606691461
-818.2323956062 -671.8138269272 -526.6098388655
-1253.7938733485 -1053.7818654047 -618.4104432474
854.6572317570 -248.1160875133 1199.6828782231
1203.8099969479 1598.7413043092 555.6319660489
1494.3604948730 1702.8544395435 1587.3761547059
-1909.8890960702 -1154.8712253781 -433.0861420783
889.7564804346 -1896.8466470146 869.1276953588
-948.2475060939 -749.6375441306 -759.9447443075
222.5027395564 -608.6777169005 581.1786263907
110.4745648823 -1274.8635786057 676.5331866138
-1115.0834117981 -1055.0503207573 -1762.3182967014
632.8549699597 -1600.1767618408 -806.1266735931
473.1975630758 -1361.2604538020 211.4808213179
329.3896572396 -1426.3601312457 -221.7525392746
-1730.0632354564 1688.7337955636 -1289.1811363391
-1855.9253112837 935.0612384799 1707.6694912051
1888.8829657121 1846.5706872286 -1121.5495830704
116.9508548535 1174.8098123632 -733.3302364385
-1787.5770142754 525.2215127399 -1636.8517159986
-558.3887840035 -1419.3270423005 -132.8297681216
-1564.6929791174 -1665.3660826190 1163.2070920104
-1448.5431877080 1083.5953220491 802.5661962726
-599.0125860131 -247.8937286925 1606.4377011667
-1575.0229048712 46.4467995486 199.8356081878
1112.0754030159 1134.1928889103 785.5272352792
-1483.6540341804 1745.4157201908 739.8140592477
813.4331422370 985.3183942888 -1099.1371448452
-378.1466917352 -1871.1934491709 1652.5949904081
-855.0001895501 1409.1110700186 1177.5372419180
-1224.3547149817 718.8225534363 -605.5196369552
843.1237496352 1529.5115975415 -1012.3664282900
197.0049359045 789.2534596257 1118.7595450518
-1230.9074355584 1833.9757367018 925.0153998546
1574.7090819259 -742.1017481332 -1582.3541813849
1967.1973238346 909.3036577904 739.0600540341
-845.9627744891 -762.5630277249 624.2141381230
1846.2449845348 -758.8294522362 -1452.8910523992
216.4492891833 1872.2931245251 1213.6113425440
-1872.6724145834 514.7129585065 905.4369932801
867.8446631443 -782.9851175031 1685.0488799523
-1242.2612623155 1560.3961933666 -702.7284608528
1547.8837422383 434.2712536508 -1080.0475523715
1927.6830539722 -942.8833946248 622.7336152958
1685.4086373518 -1004.9804723148 265.1682198493
-247.7189216762 -445.9286915805 962.9921112778
-1277.3512096215 265.7059790725 1308.3999258532
-56.6726831096 1350.3551401096 -1428.1050343947
49.0983365081 -1225.2311313454 471.1987933301
-1524.8107020430 1161.1301789644 784.2967567374
1623.2283124883 293.0942062404 1783.9051122212
-857.5938276069 185.7877763996 584.7943177349
-1723.7556573920 -374.3557705603 -1360.0064577537
546.3107216978 306.7490075355 1563.3973987578
-1289.0315137988 -66.2377759262 -872.3651968159
1104.8719684243 -730.9106607971 1420.2246611445
-1313.7618595276 852.4596498833 1711.3166532207
1739.8017891226 711.3068746599 -261.9494232072
-1818.2995843520 156.0679120024 -73.8111026062
1410.9312241334 -1154.8053712895 -1728.7381431426
-1941.7237063664 -407.3984929856 1887.5986081776
1152.2503431307 -646.8978745163 751.7715941685
1320.6907204436 1176.0587992285 27.6736049517
1855.8430898512 -1174.7630013778 412.1700099150
29.4284942288 -693.1178101588 -269.9815985710
-636.9434766894 1749.1286660880 1365.3983442936
-1562.6502137387 1848.8370131344 292.9782313107
765.1862824037 814.5052268610 -1569.7456789795
-1281.9188395729 584.0012512592 -381.8801618442
-800.7369413792 39.7650184679 -101.6241806914
510.3444678067 605.4421813111 -775.4276149249
-1993.2562061893 -462.4423282851 -600.7613477780
-552.0869387258 -53.1420675514 -1651.0616962863
-1426.7519209612 -1014.4815223707 -865.3113348338
-178.5604234106 1982.0353896441 -1274.3253174762
-696.3153262044 -800.6904175007 -1440.2519461185
1418.7775309851 -813.5247585537 -1824.7078776899
1449.0296199285 -1472.4292039039 147.3899354950
1099.2897457580 1105.8493169284 -592.6815409599
351.5881667108 -726.3133982577 1397.2810734843
222.2462927654 870.0476725321 1620.8029416957
-1095.6271248629 -1350.1738482590 -428.0670502248
-48.3781670441 1588.0213783077 -1032.3782587255
555.6042842406 723.7588772297 -972.1489354250
-246.4716448557 -1196.2376798189 1246.8299269996
-1943.8418829199 1742.4182305102 1842.5370798681
-1988.4619651427 -1663.9445742294 -1216.6008647696
-1802.1280677437 1569.2930600695 -727.2794423690
83.4645295757 1262.4489435209 -165.0700777537
1022.3232371742 572.5514236723 -694.0322812183
-1831.3060113665 525.5707791913 -1393.6586953849
720.5049573525 1634.2977153094 1050.3633337783
1694.2540109765 -604.9524010619 -1598.2804368265
790.5117702455 -70.7529893903 543.0929224932
367.1906381395 -45.8515383943 -707.3231200158
-1991.2772778349 1975.5472431664 -1517.7919513600
-1762.1466556694 -364.6433155459 -622.3473070899
141.1156684175 25.4286287818 -1713.8662482628
-1824.2747033600 -528.9872289005 -1836.3569357934
1302.9600409960 531.5729078480 100.8830814821
-1424.6060915561 1186.5421945541 -910.8459353294
-1288.7306032267 -1214.1477009211 -1588.4043645983
1466.3916546887 1971.4111815497 992.0624790895
1746.2095083877 -1759.1889561458 -189.3603178215
1974.5002359559 1224.6726090754 -437.4287605264
510.1417707077 -996.2138407751 -1240.1463041242
-744.4317227457 1241.0457005547 -759.1435277402
-1032.2544532126 -42.7368152184 1940.1475871814
727.8250764940 -1543.4920929095 364.5773265020
-1037.2485384053 -363.4229837647 -1821.9823190717
-100.0725567671 1857.2467749095 -323.1932572127
322.2498476802 -712.3339563352 1365.9561068094
-501.0048606902 247.7760525142 -241.6596841574
424.8380093364 948.2324098594 1348.2120659380
593.8729161845 -1234.8570990695 -830.9912903086
685.3465723871 1065.7135124852 1689.2270791447
1362.8935904623 -1976.7421297317 1662.5313888937
-886.2934533958 -117.4946582500 1788.9145801930
1831.8698787668 -275.3251612951 767.9231688746
-1607.9074859861 205.2524232381 1679.7446485523
-1699.8193083299 -1040.1908538807 1589.4018768035
-1763.5302545280 -344.6528881645 -1327.6675781953
-1467.5635119430 1166.9532005400 -145.2069111480
-263.0640982026 -1321.8691244912 -1874.9636935378
1564.5479559104 -393.7893925214 -1210.9850332102
1667.3748995970 914.1089504835 -1939.7690619241
-263.8248187639 313.1716904285 -487.5285280547
189.1012389393 307.2957572442 -1154.2916276916
1804.7354209899 -88.4904843212 937.2210207491
-652.1726773352 316.5823538953 -1863.2781014340
248.9436573308 646.1763516870 -1724.9845540046
1658.9768479099 1539.5101332484 298.7018173698
45.8949158077 -1565.5093404765 -1603.1916256169
-836.1589586530 -285.2830899711 -914.1350711956
1599.3236312198 580.2466830360 1251.0996008064
-1214.2076624924 -1709.7014554685 -938.9348185352
226.6294970994 -1145.4196117942 -1850.8608662114
-1357.3737747590 -904.3893318821 309.8603927697
1270.4784214151 623.4002604618 -1274.5228385415
1573.3680438170 223.8382529225 756.4510265876
-696.9984454721 -1978.2464486950 1049.6215865709
-1084.7251704728 -1004.4152794989 -1269.9433376639
-665.8588513213 1600.8625006214 -317.1002573435
745.5666556127 -1286.0456270113 -198.2797790419
1197.7477563701 -1391.0405636319 -919.1169379825
728.9710405490 -1499.4648334054 863.1725805936
-502.8172019967 1894.8074444395 -1528.8007887808
-499.1961135044 -1473.8150440961 1057.1952242674
-1746.8565324173 585.4002015977 555.9196156099
1511.8161371941 1586.6287969981 1959.8071786000
-1822.5661405733 -304.2097759274 1685.1174086559
784.9142242094 1710.9266424077 1434.0492789613
-859.0958399203 986.0481648141 898.5665600867
-549.4778400811 1847.6168308834 1701.4484776891
895.1805382025 -1595.2222280722 -318.8963900936
455.4918090626 116.0508730213 -1733.5957821157
863.4854370078 1786.0505078266 2.0489606177
1322.2256769437 1921.7934898144 910.0863730620
-1721.1855564402 1728.0181102046 -1475.8971182300
1233.6746584145 1244.4933900677 1531.8056712669
-1262.1286662660 -1664.3062722671 -1235.4755797244
1072.8846848276 1218.9652248581 844.8067080007
-1071.9978741674 -1529.2823925660 -1409.8949415452
324.7660103379 7.4575121993 -14.4122891921
-742.2882226775 1605.3353823520 1975.6076770187
1439.0089644554 -1478.9780882883 -829.7911745018
-994.2584005192 -352.9804266884 -826.8119976225
-150.2278718739 1692.3907515800 1173.9326884984
1272.7592023569 810.7683818427 616.2065494348
-1812.4895935555 697.6049806702 -1856.1112055351
-883.3245509538 799.5038204353 1843.6560286807
592.8613064453 -1361.7457396085 500.6214262202
385.8647956079 559.3342151916 202.2406506216
-485.3273956458 -292.6086609953 1905.2394197093
-1363.5395855094 227.9366121404 1797.8335790870
856.6207411358 1982.7111379239 -1097.5630457061
-1080.1179982746 1904.7868054742 599.8723653636
919.1395681207 1674.1240328499 908.4124409030
1610.4889072567 -653.5072449291 -40.7895103720
-1464.0617242674 211.3237724692 1824.3741740171
748.3011487464 438.3259829940 -913.7786361692
395.7413701140 1757.4219492521 -1053.7521323100
90.4946964244 1772.7402770132 854.7744989844
1638.8007293468 1667.1983746272 1277.0554680909
-1769.7564348025 1466.3584187319 1164.5987944519
813.9577163704 -744.6254187466 -1102.5867046806
-169.9502336281 866.0207746056 876.4872834125
-448.4880633954 70.7137266809 1635.9347324282
-881.7549763163 -974.2946204809 -1492.0868927957
1324.4538969387 -1857.6291186768 -774.4424061621
-1570.9806776908 -349.7031255491 -1544.8673817862
1644.6196462799 -147.9924935877 1350.9252109012
17.4317921347 882.8654724672 63.9360943391
658.2063467912 -1914.3184440731 -937.6878339608
-561.1622917834 229.7318921252 -261.5559982998
1579.1070093633 -615.4623142456 1677.6284682957
-1074.9996768906 1741.0934921948 -1636.3510768467
-785.1489594825 -420.9272519579 -997.7382337381
-988.2664984953 -337.3896264888 1147.7463072147
713.8612493836 1025.9834706733 -796.3645083106
1483.3232975645 1585.1053424131 -1725.3992725359
-255.4656288280 1599.3806730456 -1761.3586294166
-1171.1925619539 -191.6155470149 -1983.7733532385
1969.5560724509 1415.0153839167 -1193.5908968422
-80.3568530482 -406.6078404230 -783.1165294130
1260.0917733822 -1735.8212962200 -851.3406414098
-1762.6759101030 1308.1603217169 884.1594968198
-1787.7947924628 -1790.9235260982 -1780.1048941364
-1672.6707035575 -845.1526002826 139.8295982280
1926.8812014288 1120.3271242670 1359.7411154887
357.2465753104 1201.8542926497 -20.6715496048
-9.9854651919 1582.7324414674 -544.4530614921
-964.2169425863 -783.7440197152 -42.4727122898
-1293.7312260939 962.3398914882 181.2356043110
-707.1158831189 415.1959990287 1277.4644915512
-369.4983833269 -1416.2670819680 223.9960292548
-16.3265677858 -743.8999503808 -1031.3400558170
-969.8066552427 -149.0504042280 1783.5506808173
-29.6256716475 1375.8585791973 468.7962746956
-602.8646972843 1063.0229544165 -954.5606917414
1941.4824389006 -1351.9202495477 860.9987195153
-323.8501973830 -1649.1114146592 1952.8256476879
1078.6677197511 1739.6951393074 659.3161996628
-1496.4388749325 292.0443547860 -268.6663705159
-871.3371015928 1710.8260892284 -1310.3072956365
638.7031529145 1979.6174144874 -1351.8795350725
1081.5091170760 -560.6376540929 -1971.3292376727
-920.6272411916 333.7752297353 -477.3183630165
1989.2173032830 -1086.4049975004 -240.1550248616
30.3124630159 1792.5378477948 -1807.3551052319
117.0887360961 862.7978017181 -590.9363466820
-1686.3908120350 542.2388667464 -421.3511417464
-1200.2757187370 -66.4229742005 1555.8077784400
-1712.5408978334 1854.5245567487 1678.9005836892
-1728.5601852966 -1643.2241809789 -1727.1640364946
1279.5767534714 1066.0949943299 -1271.1307988532
1801.9398856204 678.0614528375 -1508.3316260533
-26.6393492194 -967.5578865972 1545.4577613376
632.3749527116 -623.8397075366 -1290.5918040732
550.9813534925 1931.8481611420 872.7157838241
1925.7104019267 -366.0675750686 -379.0144914764
-314.6596943674 -1208.8174896383 -56.7580658674
739.0284158202 -1921.1175055983 1852.9171853226
-833.4143650614 844.2704214195 -589.3771007530
1128.8137526241 -315.4381228471 -1250.1829997490
1905.1127961815 1784.9978678057 255.6608553370
240.4759773301 -1522.7393147142 -672.0689438864
1812.0910696847 -572.2258675530 -1195.7076639241
-302.9528234223 1022.5336857791 -1504.0566491214
-324.9032289859 -725.0822191050 1059.6799450899
1522.0845513507 542.3634610003 -1534.1190962537
-596.9283159694 -122.0000012626 1946.0214732270
-1419.5103645405 -1650.0991025526 1007.6704488674
-1888.3188637859 -118.0727486633 820.8604533909
-1838.5780122854 199.3862088599 1501.2184867189
1162.4319456971 -4.9872454210 -1698.1909732466
-1146.3438968856 371.5836232303 -1009.8359602323
907.0577322621 1919.3464427233 1534.5515880948
-433.9507445230 -1344.1833518715 1815.8599453320
-1805.5769729494 762.6355927224 1095.9326206716
-1310.4383852827 -1990.0958577152 -178.8644345126
278.3671192084 43.2569934835 -141.8508796528
1469.3814330304 -510.6402173481 317.0485555473
95.7944902557 1462.1478742855 -858.3451184453
966.9770630561 1011.6923130045 277.2768464552
127.5423432775 -1254.2418442784 -1037.3394657777
-733.4784678274 -1674.8589659342 330.0384803979
-971.0867637130 1174.5017814460 1751.9368646284
1506.1509383671 384.6039618884 -1257.6910697468
1955.4243384760 -78.7107121721 1141.7728216409
-804.9501671554 -278.8255145601 -623.9472946462
1100.6828433394 -958.6753318400 -1940.5837931534
-59.8446166083 -546.4183973213 -1639.2147229510
-1110.4790617223 1136.1561396292 -560.8976017772
1426.8524388366 -1472.0115872380 -1846.1924994474
1077.8397925184 -118.9830610375 -1218.2167584346
-468.3866662698 -1846.3120770695 1550.5801050641
-961.3433809141 529.8996994963 -320.1518940883
-145.9232346314 301.6179229070 -1762.9799905853
-884.2520942802 -1718.7861995234 -1071.1801123815
1905.8257849953 748.7355093182 136.9042856776
1743.0142344698 784.1932996577 -1014.6747708082
-1151.5822285508 -1433.9936695020 1840.0181076254
-1022.8680661643 620.1704715649 -1305.9574853035
1646.8604445968 -1280.2454231770 -1691.1599920322
-387.7740804115 -1863.6971563137 -335.5588047881
1944.1764845173 447.9125131314 -1682.7011051232
-1191.2221381790 -988.6053240637 1849.7410328681
-546.1213233511 -1180.7158326191 1293.9855839270
-162.9401646245 1845.6388327614 -1731.6520682327
1965.5210591744 -1569.9668004956 -1859.2885716721
330.5054967284 1574.8089239273 -1124.0603086450
1695.7084811648 -688.7798243244 1576.8322803774
-152.2510102122 -766.9309068697 350.3975455509
1505.8283856653 978.1411344084 79.8133644088
994.3920353455 1184.8761208276 -1414.4718607955
-35.5510761659 -814.6420652511 -601.2166795922
1543.3929690969 -88.4028729864 -981.9696061424
-1002.9350306489 1994.8350275311 -1654.1973089709
753.9532417121 -928.6408970809 -975.0403013250
-1267.9730170915 -1734.4026621581 -110.1057539741
1796.7211053088 -947.3090908783 -1552.5609105968
-288.6730452978 312.3056124926 -385.7365024613
-1950.3066715980 1316.2970920235 1542.2647252638
225.3787504556 -458.1886321671 -34.5546907440
-941.8065363632 -1712.4604721661 -501.7199021954
-1835.3290712621 -1716.9792837605 -1438.3186426438
45.4413852489 948.4884175193 -554.5257541449
788.0133332331 1751.0181521576 1951.5393515543
-738.1153021244 -252.5616894070 1811.6112056015
1949.0342578565 -974.6026903865 -898.8476957200
-478.8132231089 1399.5074819460 71.1006053756
-881.5631488498 -1478.6409195616 -1562.6502994146
-222.8641326216 -831.8055128441 -606.2190422730
-1640.1028357349 924.5528096580 1922.7691053877
-1570.9843749917 -250.7636076308 1874.3551108799
273.9863299317 761.6902761953 -873.0206561251
1693.7821078207 -733.7248655564 1791.3316964363
1062.0432728529 -1328.4029691581 -1509.7387258861
834.1416810476 -1418.2075514544 -16.2229011216
-589.7737021001 -262.6955165665 -1036.3091144813
-1020.4533423385 1027.3057752949 35.6227011679
1235.7535708957 1284.7729682181 595.7939358477
1355.3879166522 -111.7541905787 -1297.7405778124
-617.0188023160 -776.4494699949 -1596.3507729795
-1787.5089166042 1814.5423237347 -1470.8300318513
-573.1724314741 -1251.4272101632 693.9125573678
822.4784635389 -1353.9247892538 -437.0151477827
-522.7430462188 -1621.8141238177 1937.3295972147
692.0471638699 507.1540455188 300.0840757216
-534.3611248239 1383.9306845395 693.3388204342
1995.2678809758 -1985.2947454771 199.8350450339
853.0181972108 -1877.2376943115 838.8462909826
248.3147055206 -1627.8819190908 -137.7910671288
-141.8177509628 407.4425613117 -881.8709758226
586.3733708450 1215.4890901997 275.9587039997
-545.9582859044 820.2583639052 1052.2119305479
968.5255519805 51.7030770806 -606.5301659990
-337.0335879811 299.4336259663 1746.4654060438
971.0086319494 1855.8714779379 1854.6514442758
593.7163707322 1638.6806237519 350.7688218486
1989.0486264966 -1409.6152415752 548.0222794298
835.8039376974 544.1196707424 -227.9274036793
1765.0484392212 1282.4547949747 -1427.1280370621
-97.0964833093 1261.0031249069 1524.2191990498
1234.1078965145 -536.0245623300 -1702.3697030572
-1796.9916198833 -1974.8720020303 0.5665891830
-1742.0929842447 -1725.4604992281 -1492.2155681205
-428.6523163701 837.6584213908 -1750.8375234450
1721.4297898482 426.7066632769 -511.9879046472
558.1880151186 -349.4364396550 1247.5128396776
-1142.1180512056 -733.2941699534 -1413.6010376113
1255.7335971223 1114.7267500357 -1524.2406132802
-1778.6903589684 95.9348157817 -243.6775554368
1265.5070977198 1607.2507171136 -605.3506995106
1756.2733674344 -1699.0767326039 -1880.6429047055
-1543.9374002005 -1613.5321985101 -1996.0443693736
1811.3066641838 1628.1865649280 -1331.0104997878
1789.4401079002 -494.1809417323 1842.1605717279
698.9106292278 1562.3055861247 -1396.5834477634
52.2059331188 -439.5722261499 -200.6397062821
-888.9016064697 -1134.3986320491 937.1059592428
1118.3595907082 -1350.6472676310 1580.1437561714
-1949.3473914146 -1609.7281431502 937.3136722576
-1242.3095000216 1981.0065456508 -1040.4364001434
836.2446113138 207.6640299587 1820.1319926810
1159.8350596577 1809.0751334299 1890.3175868855
-1285.9247902078 -1972.2918389909 187.3763374348
341.9787265512 -1404.5536840625 228.0417779469
-596.9288614045 -969.3900818909 -1580.8252712639
-1140.0002623601 1088.5741940332 284.4985691270
-221.7735846556 1161.3798428902 -1004.1737831757
1998.6208986600 1024.2057698027 -884.7119052956
-97.0302380701 -1819.0889411740 1984.8509515630
1776.2957851151 733.4546880785 469.3407795126
1328.3248456940 951.5060480455 225.6963807762
285.5597158121 -1146.7926209177 -1059.7228946057
1296.8795011366 1282.6972694021 -1072.2626987902
-1128.3895791489 -1295.5292394147 129.3545673366
1932.7321478597 1249.9236625979 -433.7985605142
1120.1709723115 625.1294040894 -220.1760204491
-516.8173170703 -1295.4949672736 -387.8312171952
1424.1546848230 1247.1500476264 1998.7291354711
1404.3115695933 694.3637862980 -1042.9555086028
1471.7664625274 226.2930907746 21.1520836903
43.9477862550 1857.8469689004 1507.0297651544
-1080.7378430732 -1273.5516795088 1903.9955110688
1066.9727764619 388.6721544331 429.4283277221
1452.0517403329 -126.0840197272 827.1842455500
742.0912554651 467.6828980972 252.6704275753
1910.0293066854 -1299.7778331469 -1465.0445984855
1465.1822000985 892.9522092112 -504.8193677840
670.2350866413 -1943.6430539330 1094.4861519011
-537.9509488118 -764.9325842327 -1634.4692987414
1465.3418888068 -696.5027310177 1764.6563890865
-404.3178566634 -820.1913616087 1392.9627559840
827.4118235626 799.0629276671 1863.4292758040
-54.5687538766 1524.3691996271 -1917.2699016117
-1214.7304125179 -1804.7205261257 -717.9692941829
1709.8666053891 -1265.8297376146 1240.7102011576
1923.3990115800 -1665.2911905703 199.2385920048
528.0523466980 1141.0758621112 1052.8045199162
875.4591946571 69.1053488229 1627.6509613486
-1818.6484653962 916.5983544820 706.7882630193
1036.3208670439 342.2471865052 1085.4388873004
1197.0390439360 -160.5755620447 -1292.7817023387
-1874.0462119411 696.7047250009 -1279.2105626699
-1035.0124108749 5.5158675726 118.3615396539
1594.1701956886 -276.2740141544 -647.7140246860
1683.2271442752 326.4884703981 -163.0438104213
635.0800989080 -883.9714501434 -316.1110032793
-1486.7504863439 668.5975333271 -1547.2670984377
-691.0451393539 -203.4114984628 -504.1963343059
-954.5053007708 1401.2158941160 1122.9811952955
-803.6244258579 745.3958799675 -21.0051387412
-594.3423951270 125.0081877685 -645.2820765111
646.6979225856 -1877.3220037551 476.3353111988
-874.0016072235 -889.3209871257 -1081.1354430752
-1104.6976592171 1806.2162379783 1092.3536874936
1112.1466742779 289.6402040166 1043.9984738358
61.7396469472 -1156.4096948884 -979.2605091381
-487.2498839746 0.7425059580 1376.4677208801
-146.7103513187 -1944.7449935373 1259.4404126474
391.6226631439 -1678.4550483993 537.5188917870
1864.8105967081 1911.1024844919 215.2863289627
-826.2839484307 -1963.5939849200 -1070.8143575868
-182.4463082421 -1977.7047678706 -539.3525908155
817.4677021639 417.1861533318 -231.4728886500
-1803.0183385374 -1387.1172852279 -1781.6962796698
245.3693958764 -976.9567925147 -1410.9953176100
-1840.7996737723 -745.3050713253 -1481.3999205725
1318.3667334409 -1585.0167745229 454.8963082339
-842.9018409435 34.3049859976 1916.3390458977
-292.4896043030 -30.7702280327 747.9086001301
-1986.8677029176 -1061.3710829358 -1078.3815065609
-511.1987478444 -101.6206409241 1704.7322481184
-16.2281014503 874.3353311690 263.3920688216
294.0557625036 -218.0052068700 370.1931571545
-908.0665266877 1749.4840077024 1271.1392685422
-54.1720309745 1786.8871631598 -1709.9804922856
1196.9085711922 -1152.3046052884 1783.9279502590
-1799.2178585973 1943.2736053229 -832.1166364511
-828.6123838251 996.0740668847 202.6621630307
361.5825242040 1808.5632451683 -1398.7740524684
737.6695825377 -706.1102926373 962.2120319447
-772.6197880024 1071.3880462292 1336.9556035287
397.9935635813 1132.2678297108 -1701.5454685479
-1207.1739139845 -742.8626410603 1630.3310099406
-48.5720487290 -320.2254439149 1460.1785430914
-345.6148736714 -1719.7889200788 1302.3534639813
1745.9033944008 -264.0156508766 -1290.0148255432
-1832.7978957125 1904.1075641690 397.4615701692
-1068.4455075380 -821.2843941624 725.3327502443
1543.9283510796 -736.3616482023 -433.1933177013
-1461.9399228928 -1672.3937524387 1559.8269920253
1570.5423204341 -212.4721423296 940.4563708574
-1461.4167482222 -395.9155256363 -184.9658763883
-1903.7929632498 850.1744086394 1233.9564664389
1145.2027968418 951.5436499235 654.9727734588
1896.9393774095 -1826.6256784895 268.6770936433
611.9051948981 1239.0525398699 -1040.2768896353
-1831.7523587533 -1053.5304973220 -880.4409757907
1813.1053650690 501.0463538116 -1925.2979714335
646.4263439842 -1970.6223173906 -308.8041294317
1480.3082808724 -1839.9038523014 271.3924301097
592.5125036043 564.2135730017 -1048.5040941874
307.8427838508 -919.0902692822 -678.4564114946
-186.7613774131 187.2865759465 -750.3112937508
-970.8656849081 1531.0238215048 309.3500931190
-1442.2976964586 519.5169675130 -1213.5428086179
1075.1422414912 -621.0249388233 -278.9494204476
1618.8478532273 -1498.5650884960 15.8079949010
-1669.2808244062 80.3893394961 -30.3604798439
-1738.9055096486 1508.9888588051 -697.2537526311
-69.1844034957 -1099.8936845032 436.3711754131
373.0971104565 1381.9994394776 -1292.0745821250
-1892.1938014278 -245.5883419993 -489.1345281402
238.0753207267 -1541.2513917436 -1912.3229963872
-883.0432127496 -1846.8308138163 1108.0373201179
-1632.9256877640 -1471.8948061521 1849.8936142513
456.8460413942 1775.1027060813 -30.8827968093
426.5253549936 -416.0583992805 -1566.2828504136
1234.9780122356 1805.7022459277 -92.7841445580
-1673.0451522413 -0.8109605026 13.3565409146
-836.0538541046 183.8439145280 514.0070540826
-158.6307473985 -1475.7923792143 -1915.9835247564
-1120.0432199845 1217.1271513612 -1461.5313166646
1278.7195452745 -129.7477318913 -1426.1807245591
46.9967270547 -1971.7571497945 100.7179973233
-777.9545761195 396.2419821154 1685.7327579865
550.0703804627 1225.9877397692 -1410.5195677555
665.3319924903 745.8685744317 -677.1367445404
261.8017077000 613.7412333983 -998.6606532672
337.6269863701 -1039.3893651268 -1724.3708874374
218.9769138608 -192.5001054707 75.9859927977
-1647.6012236234 -165.8701347061 278.8863683231
-1151.5720950262 -1494.7828124590 1766.1329668344
-866.5380325136 -1529.4151596636 1151.6671211900
220.2785701815 1075.2852637787 -1913.8970667561
1518.2762933946 -1538.3695485417 -1993.9891424099
-971.3899164117 277.9785583705 -589.6885421296
1349.3027417869 886.4595049945 1107.4640006260
-500.9943079778 952.6008497010 146.0843747209
-706.4792081504 -1201.7024927271 447.7846815897
-1221.6307642317 1066.6284449944 -1379.4421910033
1394.0001375315 447.5657978902 -1301.7643595314
-237.0615617679 325.2091531671 -1331.6158288733
-1244.8383600686 954.8017940183 315.1396302239
-1177.9015312118 -1216.6670711748 -730.1592219455
-238.4451655289 1407.8736073611 762.0444244865
1867.7928600039 -190.3187109682 494.6689071740
937.3413334147 -1416.0685802853 -254.1825816949
318.7787820157 -444.8758251215 1125.1126268621
-1797.3494422408 763.4294223483 -1151.8327582435
1795.8382413549 87.9970717957 -1677.7743248825
1808.9645577804 -1659.8509820644 1073.3713013061
-42.0645598934 -1757.5672774954 826.8337996889
1816.1540745291 -1028.4567540537 902.6803561541
-564.9053212844 -354.3352601958 -386.9470012530
-1432.0032800508 -1232.8873076834 1167.9642691853
1970.8762495252 980.0924190898 1229.6411867499
-930.3067508659 -1979.3732546796 -840.0642129756
-1103.3925667275 -1157.2362522916 912.4557347580
-619.6782005469 391.5735001497 579.9810402163
-1369.1654742808 1861.7162930965 165.9485153425
-897.8088717699 -1779.9578762635 -617.8754312593
-1152.7069588556 648.1532501251 -1788.4474687895
1549.9056970085 -430.5901217184 -828.7485739845
-1867.1125293237 1309.5600544029 699.6476393854
-1089.6156299555 -241.6261965935 -1070.9599598625
-1015.3703825736 -572.6132483185 1031.8408434871
-590.8756951746 263.1093509676 1854.7021784672
382.3606804695 -1184.9164078809 -1594.2480218581
1584.9961057468 1231.2031293891 1335.2532580364
1066.4354717189 76.8287648952 37.8388158421
1140.6794108411 -1255.8737556748 1827.1266282247
-1395.5043053615 933.5147175025 1653.9216173999
-932.5175349232 977.5767919591 1454.7673915881
1014.8097378112 558.0268259153 -1560.2777364977
-1683.1065909281 -1678.9503224221 -1343.0897386356
1358.1501688747 -1843.9497588692 -856.4383885603
810.2506448354 1532.1469837425 1071.1919656672
433.1150182995 1438.2830900335 560.2798580657
-1844.6020704543 791.7331971501 -1341.3503546783
-413.8694585190 -1349.7309263535 -1764.5922350218
-15.4628097328 278.3569946833 -1631.3737583422
600.7920421183 -1055.1191383544 -1090.3404758936
32.1839656783 1079.7904927258 591.7466808234
-1744.4806540865 -1189.7193574518 35.2650435724
-426.9065469958 -1501.0796314097 -992.4133269382
-1544.8036509165 -664.0585476600 1445.8751305663
-1560.7332776387 -982.0482144294 -622.4799287644
1656.1838259355 1258.5192956303 -369.5683398502
-1047.0203882099 -1837.5236180914 881.2004823941
-1236.6975152707 384.1125081136 -649.0885895793
-710.4959354247 1568.3469934803 833.9730140182
562.6258116955 -825.7080856368 1818.8545641937
-372.6495427011 155.0956376374 1389.8705436412
-1099.6471946471 815.8977448871 822.1607147956
1359.9530324167 -505.8995596357 -84.1980770800
748.2435968939 -322.5272741538 1439.9250684179
-741.4168860809 -569.8302372215 -402.1967038210
-864.1342515668 1902.3798007140 252.7153715970
276.9371264675 -22.8693941417 957.0291256837
836.6829233132 -1174.0331976433 828.0712696013
-739.1534343191 -864.1145780847 564.9738719468
323.4426329966 661.7320359023 251.2347048431
1452.0997064621 129.3889021245 661.7910229929
302.0968349341 92.1445105884 1067.9465972976
-755.4673244541 -1636.8529777946 -686.1508553682
-156.4213574616 1954.8779255197 -1787.1497575580
-1564.4605331160 1967.8142535580 686.4810981116
354.2275313887 1847.5684858485 1087.9550049990
985.9136247156 -375.9120804484 -832.1380502874
637.9731550037 1953.5296124923 486.9061722872
-1816.1645792790 -720.0464618663 -1656.6757193493
79.5910755377 -426.6631220688 1007.2848119600
302.8384367111 -1615.4798043238 -815.4144697184
-960.2296279216 126.2288485979 1142.9978059027
-1955.0896628997 1731.5348487212 1694.5728786062
671.7387705359 604.7910245375 -375.7655181229
-1884.9944817384 -1409.7236167270 935.0578358670
-730.4452449021 99.3214792193 1756.9824303508
549.8163981951 1512.1219771653 1482.6877060223
1770.5645816315 927.8147010229 -6.9378132376
-161.5103270312 -1428.5342490600 1656.6264993524
-1880.1995092293 -220.9465914051 -1742.7870987509
397.2585177101 -883.7844914845 -960.6407504163
481.2783080632 1730.0822873184 -1180.8081778486
442.6696717618 -1031.1620896338 -834.3060185646
-1163.2656741545 -1199.1526551293 -570.7876107067
798.5345225486 -1336.0492774248 717.3884934142
1736.4678431570 1813.3810548817 -1603.2788639053
