516.5009993831 -450.4124383388 1262.9044805816
1526.7413462865 -983.5007104010 1292.0006771597
-1509.0016337153 -359.8517126648 -516.6172758584
-1298.2655446051 -447.6028080939 1403.6970717697
-89.3542861982 204.2688998547 -995.8367590994
-1896.8027220733 -1174.9495405664 -731.5783749634
-1106.0967664378 -48.1505967473 -1168.7915298126
810.6574442271 -499.2509384171 -649.8198506161
74.3622267157 -312.8328022092 559.9811562259
1993.3960332009 1506.4928625022 -1348.0450003817
1090.9677657695 -1845.8851125857 -1539.2806964817
-1823.8968768191 -1210.3892376661 838.4488450537
-1563.7435498211 1649.8325086559 807.0309065599
1349.6825853609 614.1366659664 -1394.2384702820
1956.9379073572 -544.5561609944 -1903.1305984850
-123.5555760012 -1114.0406478447 -1936.9589888913
-1201.2357003365 -935.7965121513 -1087.3758252682
1280.1842479170 278.7403076426 -1069.7924225157
1849.4746872508 1422.4972335793 124.3518251801
415.9807324094 -1925.0000902316 1370.5327457654
343.7199856358 -1396.7090554157 1640.7969536131
-1746.0349775439 -168.9454106359 99.1862260306
-262.4469103372 1496.6675646819 1959.0680965380
-1386.7338786322 1928.8360997180 942.5814598369
-1798.8518938369 51.8997188156 694.0702965676
-1638.9964973111 -439.2875779615 -1926.3095532824
-1879.5084237654 -33.1903996729 398.1592193739
-1551.8900727517 608.0060516404 -357.2240121895
-1349.4073477385 -110.5559265371 -930.5093280954
482.8332862698 1467.3037367607 1029.6946746510
-37.0533063385 32.8265447594 -1683.5675290254
-1353.3261875965 -1382.6768307502 847.8783682245
-1021.0208109261 9.9640557752 657.9253333563
1180.2754615152 774.5912219881 1012.2549523574
136.6201125467 -1101.0140550575 -461.9521853539
-1298.7427515712 1077.0834593630 1348.9844912675
684.0332331668 -627.5984336854 384.3907469658
1425.5525948309 -605.3364799823 915.0757036322
1693.4865387241 674.8442190672 1554.4000311828
1291.7097107314 1981.7213150373 -285.0000804521
-1806.5397912717 248.4482120370 605.1757267746
-1775.3080975503 1855.3035835215 -1994.5755064145
-1413.8470696756 -359.1266045260 1095.1968666508
601.2318231023 1030.9338283194 1969.9412601549
327.3280944162 -7.5126730096 1365.9751307822
1794.5799129744 1314.3492018107 1272.6798659391
-965.5262423523 33.9808024768 -1673.1916574578
-1445.8047467910 8.1338016595 -1981.5908489798
11.1573439003 391.0149442379 466.8785910676
94.8038992691 1460.8010244658 1576.0554548158
-1594.2812709258 -1188.2062762287 -1773.5781627210
1666.2438970601 -1414.3769916792 -594.9220761435
-983.5037596414 1188.0161169517 589.4956639666
-1150.9733344254 1588.2859489840 31.0380066684
-1530.8208138287 1570.1886127040 -1895.6425797887
524.3768974943 994.7307504049 -193.2690057610
-1198.6575944543 163.2430147856 -326.7403783858
958.4242328125 -503.7993896313 -1447.9069248056
1057.7260478408 -1743.5398200499 524.3974497249
1800.3078025698 -993.1901074980 1764.2023793739
1731.9447142561 710.0206159156 -952.4296791715
-1988.1111402268 457.2144832322 -98.2982889193
1973.8540071221 -469.3081630315 -101.1116836426
277.4635505845 -362.5901863006 574.8867739133
1307.4800569923 1957.0200134500 -858.8082823999
1886.3412921837 -1444.6703172031 1422.0684354786
282.5404221854 -1924.7949555388 -1458.7148151144
634.8791034447 -672.8528030600 -521.4125554568
-1987.0623619103 964.0254783325 879.0762662466
234.5292196798 863.9995584556 -1710.4038733766
-929.0036057824 1038.1751678414 -642.3531750292
1110.7584438409 -416.3492954789 -464.1542482023
-1919.6815028872 -635.9782899021 1453.1055769732
-1936.1688504132 -530.6568316570 1986.0373744451
1063.1086134014 5.3033874350 586.2579946442
293.0490899809 -1255.8644355041 -6.6505687470
1800.7454272921 1319.4440036670 194.7992759375
-375.6808001304 -1569.4459537082 -1856.3676222521
1951.0862823502 -582.5136675592 1536.5925215183
199.4371797768 -1848.3574017468 -355.9166168301
949.7018579394 347.2775407573 -1347.1895381162
1578.9779020266 1074.8707007353 -768.9217057219
-1660.5716019051 -751.4532619977 555.1967609447
1715.5106121955 -1905.9221245740 1889.0402034774
-1725.0572191641 -985.3611276741 791.6570375283
289.6540250185 -1839.2784085889 -638.3477116226
-1147.0980565514 161.8291699877 -1886.8927277101
-810.7975550797 -1319.6786155675 1477.4759807727
-1624.6071960826 1925.7141177482 1831.7083948054
1963.7962022374 1658.1638630038 570.3454568362
-1144.5733896994 529.6635118237 -69.2620893152
1253.8897771728 -1433.8913442684 -496.4244114164
862.4612273980 -368.1884072571 1198.9155898084
1587.3589304081 -503.4600115272 1755.6919421102
138.3624166090 -1564.4912231710 1679.2671737900
235.1037476768 679.3576896963 -1607.1526136199
1206.8421356709 112.3854104581 1429.1500574924
-960.9642627585 1839.9192611205 1350.0852398464
-520.0529028397 -536.7357223976 1664.5928765841
-1893.6646513940 843.3278080844 813.7277989641
-815.3924275562 -1786.8221961616 -149.8274397432
-1846.1833923614 -1565.1360178292 -242.5968787887
452.1528920720 1136.8366690660 848.6394929758
-570.5412336558 -547.9491293283 1180.5730188835
81.1031126553 1634.1843865901 -464.5033768437
1455.7891797693 -1668.3866131424 -1812.8195602084
433.3524628503 1598.5052878965 146.7563111618
433.8619685016 -1801.1823633936 1692.3706637967
743.0526112909 169.2659381598 -383.1952967482
-1324.4266894631 1487.6944372678 -1218.6320018474
-1543.0808768685 -945.2518810463 -1363.4739977132
-536.4012488381 886.0510705676 115.1488745376
1370.7631971318 -692.7621110870 -1151.4319008034
-1872.1234568264 216.3364596752 -1682.9849690244
371.8516411820 934.1592118694 -1535.2923279318
-667.8501658039 1059.9829130801 -1620.5219114225
1254.6657501712 -1821.5346615137 -156.4377739264
-1813.2997081414 805.7350282999 775.6129069360
769.8354407517 1030.4026551966 832.0451937208
-986.4146632484 965.2561951528 -575.3740435787
-122.0793069059 -523.2281305543 -1950.9755646303
-92.9483533976 -578.8196793642 -985.5083686187
191.5521681556 -332.4291292264 1062.8064847571
1513.6608072905 1397.5191043107 -1671.8012005029
700.0653428043 1320.4252051774 -649.6507856426
1792.6561585639 -1620.2223104093 1298.6847292411
-1454.9449774644 -689.9877349725 360.3983690097
1043.3789955234 -511.0507217773 -311.2022494321
-1773.8897105853 216.1580295250 1535.4809566558
171.6183751147 1403.0957124640 1035.6574047488
1367.1246331454 1287.8404063720 -1717.3528808383
-1109.3558043384 894.6824824245 -201.4581616577
730.6057249834 -1246.7002680725 1603.6633525929
917.7705542508 -1289.9836868883 -598.1626110013
-1888.9453450657 -1307.0399686548 1431.6158631981
1190.3868631270 1479.5982949345 110.1730680588
-1415.7310736003 1185.2273534820 -608.6400084587
39.4679730929 1763.6372223948 -1146.3935797421
-1360.5546814114 665.3212490117 -1613.0405897275
1151.8028984552 1977.5912540643 -400.1171939057
-105.6591933781 1798.8036072742 -1441.7117782876
-1585.3675447694 -494.6841443723 -1311.4058932338
-1456.4722731358 -1489.7742808267 -906.5721446148
-1871.7751892430 -739.7770389622 1142.2064679347
1231.4336550082 1220.2917576567 1972.3432191598
84.9485098874 -1082.1183642028 1549.0889811016
-5.7113932403 -796.8459084117 649.0506918981
-954.5891958366 -1076.2820210963 -672.2804306176
18.5394684051 378.1926350877 -1426.2945952800
-1695.8398721496 1970.1107054818 1444.7647811274
865.6977407558 782.2836516475 1540.0453545288
105.3555569581 -1659.0729850274 261.1250026622
978.2553121581 723.9223316029 1238.4802866704
-1543.1622037522 -696.3149576610 1584.8312489746
444.3440794242 -1008.5833624063 -511.2086312539
-70.3589888672 -1873.5847048193 -1409.9424197552
-363.5857416895 676.6367155995 1045.4343002840
-569.2499419318 -1076.6549729425 141.4541829845
1349.9427519082 -189.6071942918 -1155.3338183960
1418.6064930583 707.3818178676 -607.9802631692
1642.0508106234 1504.0247907614 -303.8559463258
-716.6923824608 1224.9469061264 -1230.7493575849
262.0799510011 -1224.4925800728 -564.9943402659
-1764.0805775733 1753.0104180381 1161.4053210149
-500.4838070585 -1609.3701572239 538.9946232452
359.9560948596 -737.4950752330 853.1685131796
508.4229681706 -1749.9247389615 -1591.9857023427
-1118.9001136100 975.7423383947 -1460.0332869305
-87.6756303190 1205.9880708099 -1340.0193980663
-383.4219131679 -599.5980034739 -517.6379822154
-147.4413028675 1297.9516661350 1179.4099226778
1769.7420357847 -1767.8562153506 -234.8802610643
554.0015648115 1000.9165156351 -1272.0455038310
-1158.5152916763 1929.8590145896 1860.2649690208
268.7983599360 1143.9932979798 -100.8661549730
1730.2032694639 217.5993452587 1570.4243452418
-1001.9213902512 -1127.7184164540 706.6375495428
377.1133022674 -1912.9326631486 -1838.7633933754
1847.7742016922 739.3011432968 989.0529312714
-128.0499415373 -1572.3446834911 227.3947567168
970.3945163321 736.8947688663 650.8289970970
1610.0868017718 10.0338033476 -468.3398876578
-394.5180814946 384.4498689650 -1267.1247873226
-1725.7961754196 1664.1418743527 1232.8890924014
1842.4635415957 -1348.8652889899 -1869.0900693655
-560.3374949896 80.3685526357 223.9366200317
1284.6217389002 874.3234739490 1042.6816247050
-653.0698085316 1809.5744657894 -1194.4329227034
1794.6896380319 1563.1475503757 -541.0903838691
-1457.3895143306 1043.0968290517 1308.6725832077
-966.9144948544 630.3858668532 1797.1086400097
-1450.8168201558 -323.6532367058 -1023.4843574178
-1554.1044095089 845.6631463205 1056.7887865796
-1217.4656727721 1149.5826958442 1766.3470796659
-913.1495458038 1955.9089867647 1500.6271951245
407.3722148530 245.8596795479 -1775.1737956961
-348.5602190794 1446.1812162785 268.7403520659
-797.6983627068 -298.1778192621 78.4260460355
-734.6017064667 1512.2683790130 615.8556962468
-1977.3809967860 -843.5702990177 863.7637519350
1996.9598209905 -340.9364752901 -646.5927767540
-1793.8948829103 852.8125850265 261.8849759869
-591.5558347419 -1095.2891055738 1037.8070427651
161.9648160379 157.2186193323 153.6939437113
-1633.3668344478 1628.0012363973 -1594.8099526339
-926.8545699404 60.7261588823 -607.4910193087
-267.1650056304 1752.5268006286 -985.5482731587
526.3028662874 -1542.2865697691 -119.2619986641
-1657.5715974862 1621.3025609554 -475.4534295995
852.1750286799 1186.6503771345 564.4121328026
-1979.3436345780 1945.2809304989 1215.9003171793
-1951.4302475161 -834.1835755510 868.8551214247
-358.1477192264 -1885.4156166563 -1826.5912725953
-1002.2135559245 -1322.5516773581 -656.0626449034
-1912.5390163886 -1464.7600916061 1103.2752810001
-1973.3800630276 -396.1383840989 -1783.5461901312
276.2261380572 104.3025164501 853.5619494060
931.1042780573 773.2474134056 1382.6661506790
722.1523547335 -684.2196649199 728.3585809972
360.7019444652 821.3780932638 -312.1609398157
1437.9983107045 -1375.1906009323 1159.7035297439
1469.3743993142 -474.8629728221 -1363.9437817870
-48.7304736479 1227.1757907412 -178.1486363381
926.3272577188 566.0141766890 -298.1368958307
1891.7172711307 -1421.4266456801 -631.4404833808
-344.5879422741 727.1807695998 -947.7995510685
1255.5959081408 1279.1918673131 1879.3020796171
-854.9440171109 296.5986370281 432.9092096817
1219.4821779691 -1743.7405700190 1208.6195939993
1643.3284139122 1464.5952249790 -509.5660399173
489.2706669622 -1636.0859464983 1327.9963875096
437.9178413163 -971.0327367036 1824.6765221586
1400.5137155067 -605.3387654277 -722.2227965148
1389.1488576453 731.0835216285 551.0976923779
663.6391683583 -789.8179096168 -390.9971743623
-1271.5459185935 -583.5547393950 -61.9411781604
988.3773918319 -395.2253985440 445.2041619552
-1372.6359819920 -1715.5577124855 1242.6514586763
962.7920601181 -6.1681545011 -1003.1258435169
413.3631274005 1026.4291448565 -1874.9001121167
788.9654771297 820.9163165677 -287.4069449935
-1180.3879251505 -461.2669462417 -312.7773067975
-1566.1546979291 104.7862110304 415.4816083711
-36.0250311647 1064.9315359973 1749.2622025433
1672.3112680647 289.8747992323 -144.8154381949
-228.9490637260 881.8276016596 -499.1227508477
-30.0632180488 1281.2309541773 644.4077226952
-1001.4604786194 946.4856766254 -81.2336422785
1884.1652012094 1473.1433837556 98.8521679770
535.5112006647 247.2347327741 330.9551883247
261.3653412401 -733.2406970143 1164.9968413360
171.9982205726 601.2508519650 1899.0487437049
-1811.3792960127 1084.5664765031 1258.1382195574
379.0110178076 1980.1148240014 -356.3703976003
159.3839066031 1322.1838046510 -943.8080218182
-1299.6712103931 1955.8467041456 -1209.9922823864
1825.6254365571 -827.2377433052 -47.4052494022
-1419.8817313028 1786.4284901024 1041.5070996553
977.1736591943 337.4870548503 -1792.5631327048
-511.9627167175 -1302.2669806263 -572.5940188254
-1391.4196075321 -893.8588749400 923.7100401717
-463.2934007496 -1703.0498513332 -1298.6144248276
-1524.0237205705 -1852.8427732806 -1720.3485650142
-272.3688097809 -1594.7458313800 -621.7132588772
-876.6728939636 -1020.9108496763 1824.9964353884
-1410.0614138931 -1558.4108440208 -753.1905952229
-853.9916757840 -410.8966933068 753.3241213973
342.8825606000 -591.6287538961 -142.2813526617
-1297.3256663787 978.0073695120 -339.8021324243
-1067.1277108410 -1141.5149051594 1064.3703204388
-1104.3526875192 1044.8799635090 -1373.6308608464
-414.5041524273 -1376.4853962713 1446.6540683245
-283.9097976232 -248.2790707681 1390.6265780280
-745.8910789281 330.1165720296 994.9131180352
-1389.6494190127 71.6190752320 -787.8463679985
-1281.2021561141 468.6718050113 239.1834214586
-1231.7396054734 -1224.3586861454 778.0923162407
-361.8999402220 -1954.3365657747 -1276.9077524969
-731.4113100419 1986.0590048646 1110.1132928975
-1109.7055859003 1790.6042263919 848.7794711815
-312.6932259574 -963.4228277374 -1151.6403636269
-1934.9212955640 1674.4382814511 696.2761443303
-260.3351800053 -211.1895732290 1604.3342481948
-414.0431950080 -36.6135024623 77.4227471828
1307.1929530659 -97.3140850786 759.7035766256
454.6691906822 -1442.0064117850 -1362.0420548414
-602.4599828689 1103.5146036920 1884.8014664498
1070.7807341868 602.3945316153 -581.1312719110
-755.7128921106 1184.1410636689 -201.9342662410
535.7870357540 617.4688106626 -589.0088024371
-1619.9427593849 750.4486796503 301.0993100783
1338.7519914197 -1893.1146506449 -1670.9006519714
-1545.2642083744 -143.0604745898 -1405.8114130510
1624.0633634078 -1134.0952336100 904.9752530500
50.1307087379 185.4077582371 -762.9591180922
-683.5568057235 353.0643991142 -560.3932932340
-102.0151776740 -709.8008009502 -1237.7032851243
-421.3406534842 -248.1686881413 -1681.1510419619
-617.1914941141 -1352.1628609784 1229.3461697160
-1446.6900552336 -1653.9482666887 1810.3531039624
-1579.9757774393 -1561.7270035106 164.6252699691
-482.8632205764 -696.3142695618 -110.3537548028
1017.4012410027 -1726.4219213385 170.6707731824
-1602.4549384073 785.2359013748 1693.9748463034
611.9227229948 -1520.2638195135 -1697.7816848087
-928.5097723390 -300.4221483274 1537.5030982352
842.6493847118 663.1317989136 1662.8740888476
-1653.6496376681 -1803.9158896482 -853.2042169143
-1622.2035530300 32.5439737166 -120.4737199717
1695.9164226308 124.0784201196 270.1183030223
1025.5048166189 947.0288789528 302.8480457078
309.7023360337 -902.9835921635 133.6606557900
1722.0789059584 635.0608835334 1479.2102668917
763.5150833223 -1294.4572688967 -1049.3596446673
199.2770695035 -444.0079414266 488.0576086332
-1115.2252768540 -1730.0671194066 1404.0479539926
-843.9117355565 1286.5659956889 -557.0387006584
1054.3517993410 -1709.0718348537 1690.4081885779
573.5432027110 1837.5079162458 999.4230862062
85.8205032955 1541.6453981233 -554.4448150461
1995.2316628765 1354.2684425749 389.0443314404
1889.1820453870 1952.5614591119 -287.7686584997
-1854.3221528484 -353.7209905428 1127.5544347794
-607.5165456893 1232.7113525776 41.5005960576
-751.1639435760 -492.0885902291 -84.7246419463
1506.8457128602 387.0938239612 -1557.1054379964
1449.5952098734 -1064.9760933850 1978.6964098098
-1688.6142097330 -957.3556388286 106.7409492642
-575.1241015976 -1646.0936280199 1334.2428882335
735.9637922400 8.0730985066 -1732.2257831995
1997.1744666243 -1866.2442005994 945.5862051199
-1135.4827749581 1975.9523247318 -813.2098572896
52.5731492255 144.1612436009 490.2594438639
189.9012984374 1076.9311657318 613.8056262342
841.2431521292 -1904.7987258860 1406.1314008482
877.4191666124 -887.6920444680 851.3775323410
-1972.5678729522 1998.5814310840 1980.5989314756
-482.2445966388 -1011.0274485169 -153.7163538477
-1692.1237648678 -307.4799136610 -1149.0899428156
1917.4654085409 434.4421571425 1003.4303181419
-220.5840637109 60.0109329904 150.5194878620
-1099.8634304628 578.0421199828 -1671.2755537565
1431.5319103276 1199.9729245681 -1802.1458739521
-440.3409498068 514.2009911576 -1885.6841132523
-373.0502818104 -816.3017017940 976.5601978858
905.6468155658 708.2201155165 1.9076772926
1092.2818765524 -303.2496278221 393.1658512399
1678.3222542134 -1879.1958008717 -160.2730849755
1559.5239811200 -1861.4194526394 1966.4295264004
-609.1751520122 -1392.3230014777 1203.6352248330
-232.3326804111 -1826.3349210983 105.1383777827
-1958.5677986899 31.1732642147 -452.9807638411
-334.7250408354 676.6918514185 385.9189024888
-821.7752518990 1927.4018648036 -1741.8938518945
-403.7629955773 1587.1337402886 1665.6456230532
-1856.1105183492 -1337.6550267480 -1431.1101658829
-279.1864302846 1933.8603408437 -1537.8279853432
571.1813828859 -856.4672450786 -1300.7447988886
-182.8196122709 -1471.0188385637 1988.1108426156
1577.3781192814 658.2594939130 42.2451332428
-772.3390988496 67.3973090008 -675.2122086320
-703.8373823144 -36.8367904728 1590.3565666080
626.8239610459 -1036.3385037596 -127.8627915442
-1894.5091686361 -616.1452284355 1184.9271260424
-1407.2648590633 103.0064331358 -1098.2733989557
1592.7793527973 1734.6479575237 -1098.4280544057
-942.3221562102 -744.7165535835 -484.2098831393
470.4365060162 1649.9258773062 1003.7710558068
390.4945193289 -1186.5062548613 -766.8458486263
1391.6278920248 -1549.5525817144 461.6050161908
-1501.2729604094 286.3664966079 1770.3992852837
-1495.5926745399 1471.5806926635 91.9439843814
-180.5700484712 1509.5334957740 -1612.1255101793
-1880.9226097499 1302.1362017553 1067.9021043688
1731.8481058061 1786.3442555244 -99.3881312846
1957.3155287378 1911.9255234460 -1366.0049802737
1546.8522197362 -979.7149612430 -344.2192178224
-142.4851244716 -1433.8229253594 1869.6364238686
115.4833001861 40.4700411465 -150.8485488152
-671.1277641959 -781.4475476564 -342.8509846658
-720.1733275357 -1895.6054419167 -68.5578130676
1735.7016845961 579.5816354784 1594.5794323176
-1884.6324860813 -1630.0537958284 152.6828965198
1484.3940934747 686.9847491058 -303.0565263907
-1368.0868119719 547.1734668273 1036.8099282222
-1552.4366914220 1271.6510190393 231.1223352111
-1305.7233156266 -827.8581456554 -1198.5710200225
360.4141460800 1992.6605596302 845.2723139363
200.2737835914 303.2008767043 -101.9458366196
321.9987872464 1608.6179320996 -1936.5828108767
-482.8512636150 24.8604157958 -440.0319888668
-1980.9719215970 541.3381734419 -1633.2900023508
1993.3366128032 -1052.9778898899 -1498.7944126748
-1807.8382398518 -1191.4572793145 -494.9623919242
-235.3880481144 -1844.0762580091 -444.1725920577
616.9197806831 -399.7718013333 360.6845901931
-1779.2167330479 1906.2885605961 506.0929677296
-1863.8644000490 -1521.5361451443 -1529.5373237213
-755.0058989914 832.1467625986 1947.7973333968
857.9643104735 246.4135791490 1579.1313244007
-374.4907442213 -1394.1883117393 -1222.3027592781
1606.9533145963 1100.6761826803 360.5226547419
366.8908919885 1673.0170898513 1148.2575802841
-1656.7731905302 1161.0814935473 -792.5624650041
-619.6314309903 -586.5593184475 -249.7253288940
479.0762730646 -1898.0509766699 26.3151676516
403.4742657655 1580.7293867350 978.8688030108
1303.5730529362 1978.8421772819 -1837.9862021119
-213.7859939777 259.3312228420 -237.1811421597
-637.2318197168 -997.5875626688 -1650.4727096052
-1697.2566281950 289.5728367907 1736.5266802066
254.9906459112 -71.3944068552 1830.7881556956
-378.7303949074 680.5310082838 -1260.5806779601
1890.9617783807 -1672.9650119235 1237.9704104544
-1335.7876889279 1397.0066477470 -1625.6353995073
-1843.6880108346 1593.8074081034 -1268.2498909189
-1384.1632904802 75.1105339263 -1358.4135701038
1968.7765209139 -1775.3100091625 493.4995872933
-1252.5636469688 353.3063808366 52.3186928587
-954.2567999004 -1632.1316358253 627.8080673268
-1515.2906826977 -935.0402945478 622.5266948663
-908.9014280536 178.2436369233 -739.6602674601
1868.7866055710 1416.3607656356 377.7427074147
1704.1531050737 -354.9171951824 -1533.6638916062
1834.8290928141 -1288.7287619817 -1204.7220578485
-1040.5520387248 -476.7541881393 -1604.8689824213
1235.5712769253 -1346.1378735595 1220.2492814024
1936.7648472854 1101.0354751503 1696.5714113550
890.5211066151 1502.3677354392 294.9012596363
410.5652228605 -383.6786977402 904.7489312209
81.2990993115 -1764.8126917124 1846.9066597874
-1458.0235139633 1044.4797466143 -287.6149089798
-765.8693808821 1243.6422253263 -1768.5648732420
927.4504741463 -790.3130328920 -646.3618582161
-1282.5008086666 1707.1973440172 -945.4776888715
1753.1082366401 -49.9445135082 460.2282682973
-1020.6667457902 -1429.3668244931 -1490.0310994664
19.3476341171 -710.4932370175 -22.1239602066
-1296.7868709450 261.3880977820 1367.9262796442
-504.2162361507 341.1521321300 1445.1988182483
1197.7212985796 768.2046343637 -1654.4935106502
1871.5302912694 -1007.7461789878 -237.3706150593
-657.0770721710 607.1251615732 -361.0401663617
105.9411207295 1200.7795904785 -1399.2901379393
1504.2276878845 1237.1886978095 1796.0690966585
-1617.8649911910 1317.8871339077 1971.8205627190
-1590.6011917478 -478.6291218587 1383.8426008211
-410.2878146351 1422.9640241077 1179.3017742649
750.3697755302 -538.2690963683 -480.2800453067
-389.8210661411 1989.6698066089 1218.3259007723
-101.2606798561 -1985.0399028900 -327.0748341629
595.8885757046 281.0282587962 -1147.8047114545
215.8302190151 505.2930384925 156.4510306733
895.5790960192 -1424.7329540819 -15.5824108845
1110.5443547990 -711.9228210232 1505.4172239649
709.3439970612 1330.7852081797 986.3598480940
1472.2242710098 951.0729763951 993.1372313673
-1874.4939262987 -932.6669953712 -1212.7263098232
-1647.8718296814 841.6927029415 -605.3788491662
-1144.8005451391 -422.7618680059 -1730.0802025634
-1541.6760904284 556.5099700012 1288.4193082094
-1939.7518056262 797.3425197900 1201.6735574397
1021.2918879104 -781.6050093328 -1225.6525992254
1105.5412434783 -1729.8079701869 1434.3283818237
216.3863042217 831.0768774633 -115.8961426822
206.4498403208 -1546.9611934963 1643.9383931380
1129.1824788257 -1050.5689512741 996.3678570594
-466.9324240725 -531.0040311653 755.6393546177
1849.6177213192 -192.7747031955 -1012.4090683330
1827.8657488742 -696.4170199362 1679.5990350267
-611.4109376724 571.7090643964 1043.0226532879
-888.1497096114 666.8745559836 -476.7058483515
-1505.8998683094 -1892.6360521776 484.8313988746
-917.2632128813 -1427.3718473315 558.5520472684
-1484.8237947874 285.4699826259 -1663.7017132654
-1754.9901012631 988.2098901091 -997.7888265830
-808.3239692326 -801.8364124069 1823.1550338729
551.6946114959 -148.4668701714 878.1562590835
871.8063985698 196.0372886703 934.6111568879
175.6154137023 -71.6550959092 -1217.6274454639
-1025.3121772818 1314.7527230859 -103.5133939312
-1140.3977077122 1847.0825893373 -1976.8607543042
394.4343060108 -782.8350179189 -1056.2328226362
-1391.5227815127 -724.4050501830 -123.8074267243
-1539.7421002441 -31.3249901242 -417.4824064437
731.4987764152 -574.9693773074 594.2310721518
354.6573222378 -254.8863219805 582.9424355469
-1393.8137452219 -996.6257574028 -1375.0547001634
-926.6421535486 -1404.6618946170 -265.3520323615
1451.7484159487 -783.1756851851 -1098.4916321602
1076.9326280256 66.6760212166 -0.4072774055
1587.0001097334 -1283.6509988642 1113.3538794696
-595.4675381163 1008.3676415229 -375.8517621425
-185.2347888443 -792.1716494282 -1316.8371052793
87.6401039426 103.9458737813 1571.0116280867
479.1410933023 -1851.1605632437 563.8906351424
-1815.0507106138 -436.8613419908 -772.0575041321
1376.7688024242 691.1457296321 630.8757901799
661.2086823102 -947.3851674132 1817.1739601512
195.3223826116 1181.3918113762 1419.8497500607
-919.4405026197 -1916.3653012213 896.1052039835
-1762.3793183575 -4.2400818534 -1334.7979784700
92.2522162018 628.0606643071 -1169.0725243426
131.4381623769 1518.0250929269 203.2548391586
1947.1061896162 964.8249066866 642.2953376799
-1281.6915777294 156.9920351839 1959.6484722632
369.8503572324 1075.2741654026 -815.7504003341
-270.6078236477 -32.6984072197 380.4248695482
-1291.9701307435 -781.1986136982 -538.6145916513
1300.4935627772 -796.0567602389 -1489.1949286532
-1971.3094327824 1431.7704952316 -270.6531530307
-1277.8516408656 1730.4799512673 -1606.1239209034
1307.4833022687 466.5886238986 1734.4921186958
1668.2950529811 -870.2488961924 -999.1692435948
787.2284158246 1142.7121907762 -1921.8109224703
-1618.1845786925 -112.0993372382 1325.8079070174
1169.9071271793 295.8772888165 1199.2262709165
432.4951902975 1281.5174468340 -800.4252486210
409.6611373954 -1255.2283930812 1285.9495834750
295.7598351178 1278.9327831560 -1242.9734624675
-922.8748075102 -1829.5004188923 -1158.4197996939
-303.1692542785 -627.0320770301 -206.1333008928
-1934.8763902112 -1885.9024647702 1006.2079368956
815.3628884425 -1223.6835359478 -908.0118318859
449.4347762764 355.9352249158 1863.9871437679
582.9283616340 -1837.4014769956 336.8791154358
619.2195216315 -288.3272773381 1348.3179700123
1528.2142892058 1291.9662523584 627.6300021480
-593.3340535694 835.1921997809 940.2764504016
-20.1847423099 157.6147885829 1325.7789763538
-1430.4207347206 -1461.2093436303 1840.8936704127
1809.1517764857 687.7736610254 942.9667344840
-1209.3221156356 1435.3177285569 -677.6398043622
317.1881838143 1750.8884950281 -529.6157240488
-1578.3561494101 22.4427885821 68.1824217345
1280.3759094384 933.5805763236 361.7909421525
-881.1051305751 1469.6934495161 161.2974218220
1126.2495834046 372.5862872452 -1092.2679485721
1086.4937120244 23.1242288264 -599.6080555198
-1734.9328608714 -1636.9530146013 -198.3860696692
-410.2922774097 -1511.7807417904 -617.9741151307
-351.7698236849 -1337.4778055496 1962.6749181135
-1557.7058159622 -577.9222726369 258.6975664605
639.1236508287 500.1284633226 -1119.6132414120
-120.9144205342 76.0042581342 1989.6189761979
-183.9825254490 1358.7428108544 1268.4398218874
460.8912515731 -1711.2386584070 -588.9024169804
-147.0887360348 -678.5287282809 -81.5316662576
-753.7808418089 -1854.7340098365 1215.2925021847
211.2550961234 1612.8365968415 146.6120506809
1619.6407906904 -45.3900553260 1091.9393033983
-1160.3232302021 1069.0728999609 -594.2805116611
-689.7272071320 1890.8077768197 1210.9484477127
-109.7096567825 185.1330219509 935.3192261587
-871.7173157085 -615.9247531813 -1036.2236289122
-1796.0605884419 223.6649702510 1225.8254760754
1179.1688138182 1198.4453351678 421.5282110958
1407.8678750102 961.0439814569 1473.1264721997
-89.5362232395 -1437.9567234412 1494.7213866506
1921.6955922659 498.1339939740 -940.0368538400
1711.0758687175 1779.9517812852 -1772.3169463506
-1600.7319258295 -1590.5823872466 1629.9164336630
-1747.1905368828 1227.0402394004 -388.1345616779
-974.1395062764 -334.6615997012 -593.8196669294
-1289.2996969238 -1631.4879320141 1741.3289088319
-825.4223111660 375.9498903030 -1455.3246702470
-1418.2141794979 -1662.9265104024 1799.7610865484
488.7057092849 -673.2122023972 -996.3146824451
-716.2340749111 -1709.6691668169 -1346.3101653474
-1031.3648920536 1133.2899020181 1942.8757918262
1368.2496963524 1130.9757978905 710.9776643986
-246.3507917706 902.5247733110 1087.4953235830
-1010.1406898028 -1352.5901281683 955.8502041750
557.7663649813 -1954.1363337002 261.7690523522
654.5433416659 -1162.9151485122 400.4699485798
1728.5273167438 -840.3553655491 407.9222201525
429.4704268948 1779.4454233375 -1513.8763093601
892.2215829846 -937.2348420172 -1777.3880689287
-1076.8283257166 713.0919626907 -1749.8429156560
952.3996258909 -1240.9197878344 227.3769855516
-1352.6239427449 -1121.4389294995 1927.5704241295
-786.1417871784 465.5310980967 -1835.2245788273
-1208.8688081882 1648.4048731427 -1605.9121200209
-1453.0376285767 -50.6846394801 1794.3304500289
227.0157818453 1975.7627718660 -1018.3970939107
-8.1241897821 1644.1585786202 270.7296593373
609.3279146052 1687.3137540841 -1734.0095901058
1311.8795295187 354.6175790866 -1665.5812800157
-392.1973412071 1557.5164650929 1863.8148630027
1426.9007507050 1896.7287742495 -1119.3968497804
-1798.5021618518 236.1768093131 -137.2863890950
-1893.4634526220 740.1070796756 -244.2961765191
-1575.3373919829 1918.3504148323 1066.1886704595
1152.2241215755 1682.5009271152 -1114.7112349689
-1423.9949762811 -546.5431776142 1361.9058934767
-1156.0003327809 -1108.3129578940 -903.5902200844
-199.4584789599 -726.0679400476 -1196.7067049632
659.7117206034 -1159.3508513274 566.1550248608
258.3859817161 579.1084623327 -1591.8336372268
-292.9082789933 -381.9899282788 1499.8752293270
1215.1731128545 -583.0310150082 -1655.9221263264
1987.7150488756 1048.1120243468 1738.8073354235
375.4646157256 227.3235967390 -1481.2907946528
608.4756028142 -484.5792722507 933.8933100336
-1321.0560651807 -1165.4730185624 1842.5584436533
-1775.5775844561 601.3796436853 -1149.2764502529
1384.3559452051 433.1401823368 -1412.1598955581
-1473.3842164576 -1494.2681863928 -830.9804068622
-620.7450670269 558.1413785111 -451.2687558810
1582.3088332485 1136.0480641397 -159.8098257758
-1432.5324731535 150.7758207626 97.0848010310
1434.6016588589 -289.0704327223 -1568.3099933741
-1879.0628983517 -1550.0856161963 -1017.8364043422
-823.8950117648 -781.9509822327 1327.1130514225
-1508.3743753264 -1913.1685396396 802.6640589970
-113.6982276525 1444.7029498634 -1698.4684881146
1411.4199719437 -1063.5166113664 349.9316726627
1674.6247827502 1094.3186460601 -1436.1679567319
-680.3376777509 1581.7599683831 713.0928232015
-1916.8885333480 -1022.6476876535 -1371.5455094876
-1090.0073852836 -1618.3042367081 -716.6062164491
-1986.4296815226 1353.7227263525 -681.8989168328
1337.7280179887 1433.9688401590 -1400.6192579505
-803.4318471363 -547.4498210267 458.3800091061
1228.7053042857 1919.6621195864 -1483.7728989489
1219.4453111065 1664.3573846411 1676.4574241328
108.3752387876 1235.7225341434 1448.0676066320
-161.1432419782 -748.1496145219 -858.5296570180
1277.1531951175 1452.6767948687 1547.8372932382
1180.7083749147 1950.2429120557 757.0485231574
582.1316118983 -1290.6508747414 -667.8841389315
-372.1384339507 1214.6296208263 -261.2719655526
-1496.4505763531 -1877.7457753681 -875.2250985792
-1981.5721286620 552.7210808004 -420.1716826316
737.8247084322 -901.3029789583 -1776.9255777134
1374.9339336878 768.5230858564 -1386.5883923563
-374.1218263817 1771.7603076439 13.6466322536
139.5241547480 1005.7227394163 -1283.2917565777
-480.6263230857 304.6180107930 567.9011061202
-1084.6493850711 -1643.2688923872 1991.3702821360
439.7366902236 -1704.8072171692 1712.4324227310
-724.9404467648 50.7413405568 1669.5526006516
1254.0897593882 -838.0739660207 -1439.3835146478
1319.5673661030 -1652.7588030469 494.4927846001
-763.9456753637 -50.4728267195 -1367.9574574929
275.2556962359 1861.1532482118 750.1203319755
-410.3564833326 -546.8679336774 3.1166124118
-253.7798050193 -877.7489395502 -1105.8155169881
1941.3062782744 -397.2334979643 1309.2747744751
87.4654180463 -1831.3527616638 -1449.6211917943
1342.3443676597 698.7144859220 -1225.1173601086
-1749.9259528324 -455.1815670278 1321.3601586402
-45.8505051483 -891.0669071293 1913.8984509027
582.8956425048 97.0694065977 -855.9239157627
-1949.1939336111 -702.7301494544 146.9831766296
-491.0029463204 -1325.6329627954 -805.4484878331
949.1609755933 478.8399082461 -1239.4215199716
-1495.9841683729 -620.8871970117 1732.6345487597
-1047.8033781068 482.6110608749 -1339.5393119503
77.6350304025 861.6225996642 1014.9484716492
79.2857553461 65.2603993676 304.4451027774
941.7525762682 1171.1654549789 -25.2617434790
969.7303148177 -1937.5592773473 -1229.8421476272
1412.4403132638 1624.7887110733 415.9374030578
-644.7604688313 172.7520219196 319.1560809730
486.8222717415 -251.5636161155 -1189.5222791298
1438.2366934772 -384.9407445954 -251.9801622218
1106.5760914889 1504.9801115623 -1933.8424554842
8.4367579879 -1630.9029536359 1163.6409395339
706.5061121350 1536.4066392494 400.7489402404
-286.8827742581 1567.5556179269 1549.7672558759
-1399.8100784988 -174.9550563848 1951.5374908511
-986.7653239194 911.0327517385 -334.5308842992
-628.8698470315 138.1808913180 1291.1379723754
-1035.4039710499 874.1947053920 -1486.1853977602
-733.4933956117 364.8761756569 750.9149347852
1759.8732364126 -1010.8408140665 -329.4106592327
-1707.0409863554 1342.1592752379 1310.2980597086
1350.0392444069 -1753.6079241619 1916.4680480291
1997.4245517753 771.5464263807 -1882.7638189575
-538.0426762396 -839.9499044744 -1964.7787686185
1348.3508527850 726.2701473141 1120.4983988555
-613.6188707547 -565.6969768202 -1701.7317562295
-354.1039047426 -1529.5007110236 -1660.5855200203
977.5059322752 -1813.0028957761 1227.1975206901
-986.5550560848 305.9690550906 -295.3910379986
1443.8745223389 1500.7227159970 -1855.5619155889
479.4253965402 105.7732083077 -206.3924495303
-929.7924209427 58.1951831794 -1485.5083241374
381.4115322919 -1260.3891103618 157.7758760218
-1108.3600510668 1247.3222698547 1299.8830770750
1650.2757876241 1412.3762918966 1278.1880714208
-173.2671807058 -520.8538289184 1865.7063820515
-848.2007492727 -1053.2385856245 1879.3089696025
-1871.2857735356 -271.5844107001 626.6733492317
-1081.7465647265 -1778.5457173620 860.0774737678
1401.5223050188 -1118.4675297564 -912.4537295780
-103.9832939163 1708.6426274179 -1414.8171010984
-528.5763480918 967.9854890994 -19.2523989606
-1097.4032931122 1776.2512065036 -316.3566980080
926.9961844439 -1660.9032796654 -1229.8547004445
246.4616355276 -537.1831592160 1523.5556700122
-1254.7524614011 -1476.3145725932 -1235.4851444791
268.7404384607 250.4945264439 1124.1602668209
1611.0020517071 -1678.7685198716 -535.2699859321
1085.5667013559 -65.3514704123 -868.4784124066
-1294.3014805264 1003.6425461609 910.7261688746
237.7354407260 -739.2481695499 922.3273605184
-1846.7054706455 1756.6710712107 -139.9580420466
-982.3451544967 -1219.7846116692 -1016.5583043462
-574.7804840851 1054.8597167176 1916.4814164890
1985.0554555524 1376.6031325873 -1584.1065500645
-1017.1132580293 1725.7454367009 1570.8536460099
-1261.4305949061 1662.3580196264 -682.6004729239
-910.4964174921 -1009.5855820447 1420.0129307883
-1651.7984603885 1495.9405122853 -504.0557702360
-1270.4255543037 373.5015317735 -1524.5503862183
-1556.1228815334 -1207.4693217243 1547.0015104216
-309.0853645991 -1066.1878681066 -1134.2107130519
-907.2335633895 66.2607906278 -806.7372516051
374.7765304107 841.1344620569 646.2881229142
1505.1622823125 -1260.3788728303 1193.1911381847
1761.3049267150 -1603.1214723979 -135.3962476245
-1201.0815648577 -1710.0779079609 -1861.5864756896
-1786.4330795977 -682.7787679260 982.6080381471
1184.0443795395 899.1179040919 557.2971736865
-110.7764768959 1519.5263967600 1901.5771732583
1988.9166035357 1451.1395972163 1887.7609791607
1505.2924863713 1691.6408446618 1678.2754319320
-637.1965483704 1664.0850938022 -119.5363411978
1527.8808412161 -457.1302230083 824.9315769420
-893.6448216195 770.4609845014 -539.8364033039
1463.0079506035 1003.8156916064 635.1805847620
48.6331562384 -1910.9190218322 1771.2482684109
-1061.4494844786 -843.5594239453 -336.0116895469
-1979.7053206509 1510.7406057404 -596.9184734069
-969.4373307952 1094.4258607199 1902.1266009007
-1037.4023775162 -1829.5959630062 1719.6618608239
-1022.4517724462 1490.8389892186 -1016.1849925597
-407.6082045716 -838.9762356672 681.4312210416
385.2726854493 -1382.7318000031 757.4762248855
-824.3090927535 -103.0012862253 627.4418424383
1402.4351727338 -1797.3727312379 934.0252904760
714.1516592311 -38.9331166184 422.9599408371
1786.2809479910 1479.5968100784 1865.9316522321
489.2203652322 -615.3016098320 266.7849420762
-989.2389828312 -1382.0585204552 698.8712798083
1935.3257750724 467.8995775687 522.4508285250
1313.8388764170 -995.1745478107 -213.7177246987
1444.2919509673 1982.6821763436 216.4250410367
-1143.3161913261 1925.5542253230 -819.8611662920
1716.5467738251 188.2306531052 -1205.6690353947
-1955.6441770374 1988.1438156512 -560.6897737321
-810.7513746570 455.3513362329 -1772.1934957982
573.4290405475 690.0318614240 -1116.8733030194
714.1986540210 103.3456973186 235.7798827336
-1531.9025137794 1606.2310759820 -330.3820971054
-1718.8186439767 335.2813505457 1161.1039940537
1287.1817088126 908.3482859593 -1067.9318227589
1724.0274991853 1180.3349445424 286.4875405811
-1190.0670005055 -1589.3183965783 1667.3165532476
1957.4714534285 -519.1153752958 1819.4632173372
828.5484983922 -389.3576737153 158.9950189997
312.9040560259 768.1574660098 72.2111299702
370.4527028115 -999.8811593128 811.8675351698
1379.2134925890 -41.2359771484 -990.7577351752
1066.1018283572 1969.3837312660 -99.3368232505
-302.0394517466 -719.9311143247 -1779.1017105621
1102.3299894110 448.8971020441 -1640.4633726297
-1880.8427602445 638.2885539740 1175.1339695202
-1536.1250854963 436.5155440743 1534.5870084345
968.5238029840 1307.0337427233 55.8829663219
-88.8898538390 -325.1698018143 -1564.9561215432
913.2759225949 -1206.7503219504 -454.1981926774
401.9013116485 1564.8898899692 411.1101944621
-551.6100551480 -1353.4693196748 237.3888392861
465.0795255892 -1957.8523532273 332.7833651458
-250.8907879647 52.6073642986 -1419.0086004442
-1247.8689549078 1742.5387812775 446.5760507747
-1893.0490491819 -1051.8536073847 -1033.5545889434
1741.1581818162 701.3362317025 -1268.3039747357
-1822.8112093250 1802.0240560173 -621.2515953508
-2.1566002292 1926.5315008437 1634.7685205718
889.3837000849 829.7689707396 1319.3481826880
1412.3093228016 -701.0461689734 -18.6306969131
-759.9587167468 -897.6972207385 -154.7661691781
-1645.4671332295 -612.8003218708 -1098.4162523352
-404.6416482343 1258.2114045893 220.1540042814
-887.5500652741 -393.4683459287 -1355.3426879056
286.7440628542 916.4922838804 -1136.1526952823
6.5216726043 -775.0264433831 1368.4456678692
-1346.9864069241 -1575.4191277033 -1669.6156665080
-1213.2442546336 -816.5150607258 1283.6285527302
-857.4875307592 -1962.8531350495 -278.3249208294
1661.6855550324 1226.3061585020 -685.0545053649
289.0187673439 189.3328189921 1524.2970793024
-1789.7467580147 -1813.6847585074 -215.1342481601
-1153.1114463380 199.6077350692 719.3069666976
-93.5933218006 1336.7719417732 -1053.5643121124
1001.0547615383 453.6699186935 1370.1516227513
1874.7213197249 784.9309489010 -1250.9867567875
-1576.5008627560 -1870.3577363124 1088.4533568611
-1509.5325068166 -1562.6930780444 23.5689964339
-402.9633241385 -403.7318210651 417.0347593179
1850.6180229905 537.1773106677 -578.3948575574
1254.6275211119 305.8502996221 1077.0625333558
1167.8486394954 491.2377529235 802.2357205494
72.1721404132 -231.7382843456 1366.3311119016
150.4140430742 65.7067883612 -612.2405427922
-583.6616891156 -1039.8453345140 -1940.5027167982
-983.3806768352 839.4537544862 -695.6274984767
944.1273017472 1206.5178717163 -1287.6872712469
-473.2026672588 1699.3094216250 -6.2981053955
1580.8750098715 1997.2962465886 -614.0164588068
-1656.3918943974 -176.1733976409 -304.0051590591
-1677.0877752797 154.1511589086 -137.4340492572
-194.0068357184 -1029.5402369516 -424.4101457269
-1321.9066739123 594.5515470750 -1972.6037051909
-1122.0485454515 587.3999872396 1795.3655167869
1502.1096213214 -580.4398532063 -255.4613182480
1196.3923325189 -559.6027175937 -1265.2253010399
1803.4816828338 244.4380709653 -343.2329126082
-818.6217246246 1445.3265030018 -37.1035965029
-578.3859066363 -1198.5516376954 -1685.8067370140
1426.4981883796 924.4749784239 -525.5160172118
-538.9923367064 -262.7875900379 -1780.4788584581
485.0150439502 -1495.6374641203 1326.8761135221
140.6120670734 1983.6440760457 -921.5904252983
-1483.8474525526 -1619.6760526260 202.1843242708
-1808.1338539644 -1876.9469259346 817.9848373202
1075.7389636944 -706.7302806683 -1005.9268451011
-1519.0023814272 1949.1184906255 1008.1326517467
350.5918104528 -401.3246342287 -424.2467669549
-183.1866998937 -330.4040270738 -325.1366268589
-221.4604041707 1276.5190049030 1943.9906494959
290.6081752528 1868.1762272308 -1205.1668414260
-1790.1942807699 -225.4412476685 -1443.9260283743
1893.9711792724 1222.0799260766 893.2523138249
1898.3065435024 -166.1170102377 980.6621446378
-1617.9585825996 1808.8409672574 -632.2896616785
-1305.6546780595 -1124.2775548523 1190.3969201529
-122.7689073306 78.7631613013 -1250.9445667656
-870.9367975247 404.8726436535 1904.8245995687
-1125.3666748344 88.1555540934 -1190.3839929996
-1792.4986356109 901.4118269331 477.8807863774
839.9687448543 567.5551277962 -290.3466602345
-1593.0750196045 1297.7429861006 1408.6308258498
-1859.8676242593 -92.0959821993 1651.0916642541
477.9836254965 459.0292432123 -1464.3958706532
-752.5735572675 -678.1005495751 -464.4934396133
245.2110902514 -523.9648960448 -777.5831567282
1116.3136928747 567.3242732680 1883.4670629555
1366.0069802548 -1381.4600388009 -1701.0140151864
-1369.8712827242 841.2720459042 -470.8035021330
-244.6505569048 -472.4847184345 559.0950524599
-9.7486384615 1189.9464869005 -674.9415758566
352.1149282932 -1683.1649805585 -1929.4970300060
-1099.1263814294 89.5559797643 -1293.9443744363
1230.4008928403 1638.5460277372 221.3678829029
-69.1183677366 -1050.3631075828 1788.0847837637
-33.7572977815 -1921.2899306549 -536.9806189952
1170.8995098740 -1079.2154341866 -648.8264317902
-3.5008114668 689.4312414207 300.8076907249
957.9591134172 -1137.8132000555 799.2607858845
-1788.0883432038 -588.3282234599 1925.5797262676
518.9548382299 -862.5903200493 -1158.8370262905
-1823.2943582414 511.8556726276 -10.7725483734
778.2325214962 -1727.7073179963 646.8817158809
-1101.9812706290 -1481.8061141817 1387.2674175987
917.0170535100 -218.1253254356 1945.9890652717
363.9860519556 -684.2338571393 11.3381124926
-1926.6893287881 -1165.2913322706 925.2582651779
1482.6612358100 139.2840665408 -1914.3390719139
1320.9136934896 -1611.7873643287 -1477.0908970435
-1761.3810137753 -1114.5931349847 928.0101114186
1470.1420649002 -1602.7613485184 -392.6811789879
-205.3900688985 1034.6310553017 -1804.2280726532
-510.3738348150 1824.9372744716 -1317.1708368625
1936.1026009603 -932.3572924396 -1399.7095787692
1284.6699179225 79.7646238601 788.2336757552
-625.9204314971 -379.8203539155 1897.6671461522
1309.8546325131 1556.9926423534 973.1697883855
1498.1877506290 -1730.0779824926 -205.4675490688
1568.5124406380 1155.9465901211 -1933.1823041194
1080.6612261033 505.4688556252 -1408.4545609570
-1752.3636585114 1340.7018676620 229.3020164959
-1796.2273634905 196.6225991044 -856.1658650609
1627.2158955573 -220.1560682522 180.6202877784
-1060.0267262088 1148.2358016694 -826.7270292187
513.5153502053 1779.5430992635 1355.2136627598
240.5123292221 -313.8973999165 -1874.6284701265
745.7696063996 946.2758606649 -1566.9769292306
-640.2029670653 1740.6008624575 1490.6785702733
-541.7225867075 632.9338710739 1425.0744914902
-1598.3287736608 122.0410913910 966.1796733313
547.4157205130 -1634.3227779288 -79.0970921131
1124.3922289347 -920.9377712106 -1476.5106771278
-1732.1856960526 1761.0924997442 532.8047039223
1001.6926383551 1251.9212152665 -354.4971781882
603.6852447020 1595.0144518461 -1123.2602473154
-702.0727851682 1416.3018691841 1624.1924253591
-956.7556804409 601.5732788501 -385.5770525598
780.5227452833 219.1529804672 879.0418024920
196.8866968841 -591.6421071135 -1948.2844972698
-839.4669241813 1466.6452836443 55.3851843109
339.4714104700 -3.9143689926 1935.5796266086
959.0941678142 864.8021785692 -1994.0705215601
645.0418421576 -1393.0542085506 1198.4806086519
1959.2374462913 -1117.4958097259 617.7709855190
39.4836458564 1734.9936908122 445.2208169108
-179.1039617121 -1974.1967767424 512.7001815350
1688.3957683278 1881.1779899810 1076.6256695790
664.4686256198 -1912.3597623241 -1183.0378963627
1887.4576497921 733.3770256388 -1893.1627273137
160.8458527511 -1683.5922558299 -1354.2017457467
1830.4909426164 1487.2852733316 -1070.4581282632
1021.7567119060 1218.5695084452 156.5343722637
904.4273979757 1887.2089816856 -1057.6551170332
494.4370795979 -796.9128294699 750.7629997546
-683.1118933582 -398.6304602766 -173.3234871057
-364.7465058909 -1230.9343874480 1712.9292216442
-871.8454370234 1544.7701880872 -1375.1501781326
-631.3817788336 -920.3357951843 -467.9712057996
147.7498068347 370.6082644942 838.9192769417
-734.4199682095 18.0564842560 -1656.0188258129
-908.1791385982 972.9771409264 -1357.4034426997
-1809.7417403406 -610.3745737916 381.2580941635
570.5671153030 -597.3914321787 -946.9742311562
1115.7140810670 -1748.9237976931 -1181.8239265998
-512.3319012298 -136.8821582652 -1029.5887632754
995.3546804819 -757.0211349109 1638.3307227493
565.4473316515 -606.1911978849 1948.3376340815
1458.8108034408 1399.1045531533 -1006.8729610490
-465.9631551798 -820.1185071111 -238.9791465321
-524.4632887779 1657.6669954836 1459.0871025907
-143.1829670662 600.7682485660 -983.0431254039
-1827.5778894338 32.1388432499 940.7549931195
1237.5663590941 1285.8064710763 898.0553752298
-536.6782556981 -494.9554590594 -71.5521989079
1833.6127778126 1529.9540156608 -1226.6169796143
961.9301392502 275.1809378802 -910.3487728793
-1368.5000262915 1506.7578075043 1626.2378199313
1334.2094073022 -1421.0377071444 136.7022950098
-1053.7246569824 536.8200375550 1143.7913257219
1908.1965080360 525.9349797615 -542.9186773129
1814.7269246564 -545.4400468706 -304.4021209668
-1906.6507924920 -1353.5542287484 -1228.0132895405
-1770.1205906620 32.7501503795 -1420.3462295456
1204.4067962956 -525.5605505618 -1153.6367668892
-520.9835268206 -691.3449784606 -1748.6250901745
1470.9015817267 -1423.1914356278 131.5569668516
-818.8882867928 805.9902832119 1458.6657949870
-1122.2712065369 1848.6009762181 -1488.0508299829
-1594.6898559177 1884.0254223060 1236.3922429560
-972.0555143893 1443.5789695201 800.9807887964
-1122.1771417489 -981.5219884174 458.0031543402
222.9544216193 -1172.8138068142 527.3080384811
-908.8015706899 879.8268414292 -1927.6214563969
1461.3081029364 -1641.1249308378 633.3402297394
598.0955888265 -42.5329482431 -1504.7709338974
-1803.6778253531 1904.7628082562 -2.5528447627
1524.3234046373 1928.2985836139 424.8456213336
447.7502567141 1180.1603567801 -421.3876267762
-178.9095847176 -428.3944992840 1498.4879757154
-1083.6290480331 311.6050693415 -314.2760926804
-353.6836434111 1423.8382082114 -1683.7934046161
-1421.8437257604 -769.9880309324 197.7078701004
-519.0669864262 -1174.9845407510 -783.1678705206
1144.7865696461 -4.4122890441 1431.8284758257
728.6128182864 918.1187815713 -339.5219074705
636.7323521954 1785.5142579993 750.1517033796
50.3654959023 688.7176153890 54.0836040724
-489.5987688264 931.8306564511 114.2093046205
-1305.0178578293 796.5200945517 -788.1870006193
628.6554584511 -782.1834593684 -1768.5610512325
984.9449066317 771.8438015553 1221.0358673623
441.4388670544 -1298.1235197280 -1785.4413337982
-1389.4550911849 267.2294790336 1221.6546233791
70.3121340028 929.2010310058 -1056.3972598710
-2.9403394256 1202.8530219343 -1848.4759335991
970.7678068834 376.4838810288 -827.0699792282
690.0642430916 -417.7613032694 -1381.4528092927
-880.6563138149 -462.3187987146 1924.7437492047
-773.6607506290 880.3553929274 1316.0315545492
714.2322326955 136.4014628538 1889.2920977933
1215.3378879897 376.9594041151 693.3653144494
1788.8643229486 -631.0269355044 -554.4878896039
135.9508990309 -386.7932525792 293.0585020705
-1406.0317555575 -469.7241463615 -1006.8361971273
-1035.4247677931 -678.5614130382 -1316.6464076384
-383.6294455157 -96.8572857720 -1162.5194563828
1413.5310745553 0.5749546698 1935.0826307794
504.3233375676 245.7451852927 -1292.2389064301
1640.9759751269 -1396.0168257407 1142.6790303779
-47.6920062119 -948.1176631563 -1279.0409733315
1540.2222033970 -435.3155074385 361.2681607542
1834.1821548105 -608.2289564842 -649.8886281773
-314.5085992002 923.7604653328 294.8389410892
-1120.2933548340 1035.2360874017 -1639.2228025119
1150.6843981909 -1089.4648359355 -1634.7583385262
-330.1901084133 -480.0605259970 -858.3372176115
-28.7113800084 1289.2665213415 1222.3362613124
471.6051397800 -655.0928722792 -317.0775774877
1891.5377944902 -1069.4704854616 -1832.6096625850
-567.8510332927 -1484.1372024772 134.8786278501
-996.4996416334 1694.3118635265 -639.2723039515
283.0293022473 191.4161062672 -660.7825911575
545.5561916176 -134.1791336645 -640.7603074148
-1679.4412681346 -1183.1622629037 514.4296956517
1333.5307837975 1436.0022298469 -1986.8427458186
1157.4448801992 -242.3538519445 -1336.2029999554
615.9007795158 1520.7690252255 -896.1564672863
-901.1561873103 -706.9542416680 -1863.9168007221
-1946.8654872054 650.2275107783 1723.3362581535
746.1275716115 -1014.1425074423 1739.1743036276
1790.7115387457 -1603.0603914979 667.1497054517
-1645.0892253575 -892.7133460095 -788.3057368165
-1561.9763431019 1320.9828645266 -896.1261340604
924.7584370805 -1621.8428038942 653.5492922514
1093.7038168377 158.9824732495 266.9815752737
-1307.9955781288 -1006.6868957576 1961.3597585422
-1305.9146070811 1062.1758024118 -1286.2851269144
1868.3798585591 -1209.8428567613 -522.0068519956
599.2857355923 -1995.3292579532 736.3811386291
1420.4899232356 1345.4887637950 -1531.5480969017
1494.7897826758 -1053.9469143355 -1617.7269952792
969.5578100348 1126.1585214850 -463.6252277693
579.8075972259 -1451.5673682800 1129.5285625728
1231.9929338301 -1116.3675290051 5.3341302996
1407.5591670648 -318.7292189886 -486.0714277960
-1450.0489866022 -1139.1633762271 -1341.1340151907
451.3367913762 1435.6560497654 457.5212027488
-873.1401046831 1339.0534661478 -353.0650472564
-1354.1631221902 -263.8599421185 -1761.1436848827
-268.0309931428 124.3772805376 696.7788403952
-1485.8772508772 1858.3834676792 554.2003236295
666.6236084436 1821.0581470707 1378.1366267499
987.0249412007 -137.6716999005 -1862.8739224808
-1976.6904953893 1408.5073552140 -464.7631054780
-367.8154906582 -290.3594219757 1022.9783569650
1206.3409747876 -393.5854879796 867.1061935438
-1192.4904342781 -324.5522486400 -180.3503217882
1435.4946994612 -718.5646073344 -224.9699536816
-711.3900808699 915.2882404138 92.9218878855
-905.2285748119 1306.8951026546 1184.9169763685
-1319.8455093794 535.4869220872 989.9929311027
-1949.8807722016 1658.7641762610 -874.8255432297
1152.9992932879 -555.9633323467 1992.7846726571
1423.3337300649 1308.9541618186 -1022.5698689544
-1679.8636826188 330.4344722884 -382.5118326523
1092.3959079829 297.8180973390 1586.0537994091
-590.0856690314 1549.1951461014 -1843.3926756840
667.9295948439 -1086.0971665882 -619.8937827979
-1921.3948519495 1471.7252330988 412.7184258624
-826.9576047721 9.5719858656 -1266.6171127255
-1798.4018621221 -441.5218892908 -526.9356370236
1793.6042506409 1223.4280274437 232.9054872407
644.2489244594 -1909.9001258610 -619.6929355594
-997.9220912493 -1178.5435476353 1764.3809166453
-1848.9221384110 1076.7166176775 178.7935443956
617.1604416840 1418.4136120156 889.8936524100
1632.1323179752 53.3200153136 1588.3275161200
1307.1165222474 688.5164424021 -852.9907987366
764.9829252098 376.4096847100 935.4396311759
-1448.0693385950 1207.3848717770 -757.5539325187
40.6261722196 -1718.7627900698 912.5077458523
1803.0118252595 566.3771701107 957.6110740734
271.1238763430 -1404.7927217339 1948.1650502928
-699.0291588837 -1432.1971502883 -363.2073376373
-1887.6099702279 1292.9565215078 -89.3455468577
165.2590789213 -1446.2653153406 -1645.6803147792
-1284.9257232145 -1990.0223067785 6.3650849446
-1773.5640487098 513.5752063102 1227.4631932448
-293.9144916948 -1722.3432431283 -260.7721924932
-1642.8130675578 -1012.3380684916 1271.5453980618
1288.7425039460 1705.3399286937 -715.5628403882
-1522.6747604798 -1884.7064342991 1167.2179105129
-451.7093042511 140.9767834679 -484.4348590083
-1228.5573905240 605.6589811432 -1176.6174141621
113.5583954300 827.5277469328 1935.9351159042
-1439.1964777605 -744.2385778627 -116.4879003261
-201.6190041362 -1785.1600268305 105.0602294672
1908.0713246465 -391.6717369944 -128.4678869437
-433.0266818737 663.9665348698 -707.1232039009
-86.4677868906 -1435.0499205843 1107.1088886304
-456.6506232517 1481.4887761669 366.9594039482
-579.2687382402 1968.8724989703 -1613.3399546347
-652.9968640257 815.6232385656 656.8448260687
-556.6030421470 723.0980738721 446.5667491292
-95.0774604063 -647.5033904997 -1257.6816575665
997.7082276346 442.8479118229 -962.1721732451
436.0399711304 -1070.3661751496 -1521.0463263783
-1175.4376390650 1235.6413992366 1402.6293154388
-950.5754505913 -1121.8901943891 -1110.7554877353
832.7646686719 626.5646417794 -985.6671611540
704.4453071298 -1776.8994461007 470.3523652548
797.1618650358 1344.8379369491 -761.8122527181
-247.5511049624 394.8830370218 1301.9556833297
661.4601686021 533.6623497219 -350.4972898466
1364.4760410248 -36.8768024741 1050.3651617247
-155.9264146753 1739.6848571218 1473.4947488716
1533.5162420077 -1962.1304661972 -773.0106205382
-297.3859552884 -382.7806119772 1626.6107794022
400.5539240873 361.8282585081 -816.6895058568
-1152.4559399987 1537.6600564550 545.1113256249
-969.0947475019 -1835.4656114820 843.4381228883
-1908.5565495118 -898.3936599213 946.3050600602
-1452.4011825221 -1771.5419403408 1880.1755407755
-957.3317112404 1684.8540218482 -508.3270615464
590.8563264445 -1599.8309053028 -522.6892019047
-207.3470063404 -1391.4354558736 1112.2694021416
-148.0818759000 1322.1808817922 -1675.8520415858
-466.0545835521 -1091.9637059015 1290.7915783301
-336.0543585916 123.3808015894 766.4480973202
-1580.7986241094 168.9590102821 1636.8938927397
-293.2891009128 430.1789343075 1522.7153464749
-1579.2066975361 1630.2395240689 67.0906746195
473.5201064728 -1533.0546844187 1666.3561290172
431.6143362827 -949.1851579784 966.1147889004
1707.6787075802 1310.4637002207 232.1150646224
1444.4009567353 670.8803056824 -1958.4860654269
595.5825307106 -945.1614837713 1019.3530463188
217.1718358623 -1122.0444547877 -484.2731893332
-1831.6839324562 -706.9234751621 1603.5848394444
1102.4144769103 -699.6609487930 1714.2160844172
-1803.9297638654 -955.6475144743 -745.7355055788
1931.3483705439 -562.2020745902 -692.4782210060
-1337.5820119726 1217.8768163208 1842.9391637609
1443.8360350122 -1779.1232469033 732.1661090350
-1961.3088679409 1511.8424493266 -382.4163489447
585.1455738009 -227.9639820492 -143.1371007562
-685.9367590880 1437.4846279187 -1132.1252958882
529.0865763397 -1530.7480363220 1962.2071425158
1612.5992280033 -107.0259399355 -1000.1923417040
-928.0973043558 -1173.5031048323 1094.5978910071
-376.7509651633 832.9727295709 -812.4991369879
1176.3276078162 257.7298539792 -166.0143053563
-1705.9397088339 -1642.8795172522 -441.9536228164
-1191.1696388854 960.3692612859 334.3906060917
235.9078041365 853.3666869271 -191.7400433273
1540.1585596062 504.7617801981 -1228.4679113175
613.0947741722 -630.7487074587 644.3057706507
-1504.4255839669 -1335.7397911633 474.4449576144
1092.4944317401 -907.0326873216 -935.1517832782
463.6975250225 -1725.7102306368 370.2310322633
1462.9147267268 1027.4173762639 -1107.9446828926
424.8939415851 -1392.7233920485 -269.9196045752
268.6597851467 -300.0194395382 689.4724572675
-183.9199147562 1429.7415417443 -1889.3663320941
-240.6857850498 -244.0612838045 -1849.0248739710
-1264.6971202654 1558.7982887635 1373.5042323387
-466.6496440515 -581.1003886069 90.7826066269
523.2365742970 -319.2292054900 -1225.7242959430
-1172.7558139827 -105.7448112257 -857.1464280121
879.2276113882 -1950.6159190468 -1223.9382927772
-1720.7192901377 1923.5581453869 -1552.7508401017
-1482.8697207808 -1167.9354782580 -490.7911546171
-1987.6145024200 -1377.1949329161 719.9880377541
-54.4106352678 -0.9186460027 -756.4318610582
-1033.0907047494 -1717.1915533842 -822.1657514925
1288.1086733859 -1559.2750279570 306.8380936645
-1847.2775792537 1678.2390976033 -75.4314574521
1686.3084842126 1875.7886799417 1088.4701800892
1275.1779002717 -7.6341495985 -209.2656160454
-1619.5396579006 1559.6775718670 -1924.4987751344
1926.2845658858 1057.6901777682 -1196.6344326802
-431.0081325701 1612.8295802377 -250.7674845544
1071.4223968369 1640.9553797950 636.3676998469
1463.1969582664 707.0254626185 -624.0458013297
1097.3558526837 -1052.5447133317 1232.0689757301
1541.7068793798 -1109.0899199060 705.4793315645
-922.9120253144 147.5389849843 660.7563640419
1490.3724881441 -1050.2266381653 -1837.3039297986
1393.3926000561 534.5063298248 -845.1357393395
-685.0563923239 964.5748054327 -427.8953880527
73.0402651871 -1317.4757074891 -425.7622759441
1629.6084150901 -1634.9617273546 806.4478639538
-1627.8132332369 1862.1998528369 -1272.9841939375
848.8187150236 1918.6482226087 -1794.2809217884
660.3872275935 -401.7619908946 -1621.5412654168
574.0359075322 -911.9903009970 408.0884264221
1923.6645477992 -1546.6714644062 -449.0463191503
-109.9629274142 1522.4228688010 -1337.5827387147
-1886.9233268090 1779.4985668168 977.4516229137
-1848.9898407437 -1415.9190573905 407.3982661147
441.1743982850 -1689.9152271575 -385.5024084359
-126.3283543679 -713.7774914824 215.6294263829
347.0565415569 357.0782587742 1509.1714404939
-1942.5460500284 -919.9559513236 -1066.1146592799
-1608.6696505430 -1513.2525096335 425.5435913264
286.8936481597 -1413.2583215389 1245.6778339858
1832.4275390824 217.3225899770 -359.6663898211
905.6199543962 -127.1942548070 1309.8401248847
-920.7622721947 -1173.1289512473 -605.2632275502
-859.7863135050 -1495.5163829516 804.0337720954
-98.2730936995 -24.3044333478 -692.2549305838
1189.0220365315 1040.2948918001 898.3712075891
-576.1775159119 -940.4509473318 -942.9042257744
753.0674160120 -1710.9993326652 -1667.9744926374
324.4750816416 1463.3303953390 881.0121651260
14.8610055985 -1509.1746826750 -100.2182068450
1614.1154096896 -1906.1473925878 -1673.9881346754
-1323.4267707357 767.4718087323 -1855.8474601919
-1329.1528724285 1257.1798314084 -1072.8828935125
1457.2809654437 363.3294702977 -1915.4876904814
-668.9293751435 513.8510217053 867.8967813128
-1140.5595513603 -1632.9961490958 1895.0350163784
1.9163483749 1665.3850110600 784.1690676384
-1996.0630594334 -423.5273339974 -1691.0643154382
786.8046671942 -584.8759743191 974.8422241766
1080.9943865909 -1561.7215322079 520.8025284606
841.4497741207 400.5920815413 921.9483174962
-556.8111235387 -1318.6688902709 559.7100561003
-1320.5571738306 319.9145726803 -1252.1106039942
218.6377937709 62.5070712030 -1515.3077171448
-703.0605418602 1821.7660098054 -1335.0967679983
650.4974863395 1798.0795540050 -1906.6192255716
-1350.0141369720 590.4837423764 -254.1331012462
-1560.8828938074 1951.3343665096 1610.9529209964
1740.0267825246 -1789.4454574660 691.9786705293
1113.6328983269 -1346.7496645757 211.5350445854
1433.9069668082 -1207.9801883026 -1558.4566116670
-1634.5664215727 -351.4336206679 -913.8149569001
150.4863331087 1926.9094977797 -1198.1657509259
-841.2845661164 -156.4474055575 -304.2929398600
212.3720832101 625.2155475240 1651.5365640102
-1636.2869302003 1790.3037837985 -61.2221225317
-358.7057183604 -506.6351939331 -732.1360332984
1528.9945806454 1235.0720767713 -608.1609191542
-321.2722574956 -380.5290883743 -237.4700045562
341.2949238861 518.3011434323 -797.2810520321
677.2552019714 -1434.2270489288 -1666.9350220810
1850.4429243705 -1668.0823423827 964.7927528830
1811.2011346615 -210.4975415405 -834.9296928636
-326.5217131857 810.3386798213 467.8111592978
1159.6416180942 825.8380596578 511.6671158824
368.2058365989 840.6306746503 1469.6823902903
-1134.2448482434 -1366.0942923085 1184.8288471867
1995.1200860087 -853.4249945068 632.8404298687
331.6138786966 -1034.8206577534 -562.9304614544
65.7689346788 334.6078775563 1472.4234954070
-950.6273124035 -400.1263026546 420.8886507544
664.7276700809 1059.8200098358 1026.2734067219
-231.8014185425 723.1094640954 -88.8209680832
-976.6221548371 -1274.7861320603 -1616.1095655507
734.3376556351 -1491.2876786343 -710.6907042794
-1796.4474412698 -319.1285933887 1978.5791344900
-420.1286190468 -721.2232498278 547.9275260217
1858.2558800531 -1189.2703070731 74.9514988404
1194.8799493208 -1781.8692084312 -435.2509921344
1602.3580671233 -130.4470731585 582.0654127124
-1181.1435027814 1545.1598287106 -856.7143859757
-1761.1518891406 1900.8747341419 1551.5084706750
792.4237896534 -1547.2473077699 -190.0545716696
376.4027776485 -798.7869351673 -1782.3886306300
-996.0479116663 -1195.6927334255 -1704.0052339118
1653.8041883683 298.0876060717 159.6603381255
-1680.0415693488 -1193.5039033768 1448.7506625677
233.4118427552 566.4255423183 -1843.5129369891
-185.7069974636 -1195.6285804802 -8.0921789465
782.8971292472 384.6688490600 -1474.2615051714
1428.4148295876 -1957.8500951128 -276.0799828383
853.3422011793 -433.2719345745 776.9173621425
-531.8184977549 -1314.2376297041 -432.5370179374
1381.4390717679 -1868.6084170520 -1791.5291208261
-650.6439180247 -456.5050070369 -207.9751573570
1011.4567101207 1938.1628744462 608.3908302200
148.9983941066 -1133.8959469995 -9.2641975814
695.9227102578 -1774.1038092863 1834.2245746224
433.3342949444 1476.4670955011 813.0555220077
-1438.2412468829 -1150.7492474557 1051.9578506911
689.4313422923 -1830.5489817681 28.8920038617
1308.0060684048 1316.8921101158 950.8199940680
-1857.4965104603 339.1217024774 -2.2101402658
-1547.3880810532 1090.3512625431 -1594.3577680976
1082.2313571875 1867.6860812286 1025.3569547112
-25.6802181501 980.9414209556 995.5567966018
1775.8766075626 1795.1711881265 1755.3840781905
883.9924727117 525.5088869635 1279.9521752878
-1683.7108583352 -897.8583520644 1855.3586783558
-1635.0423285706 -1310.7591252134 -623.7947945341
1277.5349027810 -294.0011570852 -613.7637426121
-145.6564638876 290.2007926470 1571.3835810295
428.5579632805 -1758.4241719120 913.3117292402
1024.1078388893 -1096.6553854246 -1537.2842820240
382.5350972075 231.7102079320 274.4189364729
799.1589008623 1896.1344213772 843.0161408045
-195.1190396049 -767.7855885442 -501.5150667810
907.2330661861 137.7775113642 -1988.6567266850
-928.0278606631 859.6251450251 -1899.0078899333
-658.2183455209 231.5682227052 1699.2264060175
-1200.3082764816 990.5967311021 -1188.8485992968
-745.3111627269 -1211.0221581722 -585.1122826889
-1065.0832861134 -141.7993929550 350.3765742145
1598.1433989017 -1168.4891028328 -795.2183035244
-318.2079390626 -344.0010858511 474.1445744287
543.6338888816 227.0174409184 1390.0730509233
-1212.9521119982 1204.2746057568 -1616.2864580362
652.5117961926 -272.2228412189 -1065.8606718693
-1922.6489951340 -872.4030946663 -775.9654492114
-1333.1819384289 -329.8167248386 -35.2591119637
-911.7548264955 -451.4775240417 560.1002103154
-960.7387391234 -919.2765366940 1044.9929593224
-1183.4192293757 -582.2619674692 9.7924974367
932.4705902911 -1198.3983696882 -898.7831699390
1484.1862163405 -413.8424773845 -1287.2799955348
263.6407168144 1106.9460630236 1846.6524077316
1931.5197342892 453.5081271420 -1540.0823407068
1949.0759070231 1035.8617163859 1205.2549691811
-1863.4199140045 89.9073247555 -895.4391441795
-220.5452510608 -89.8287411542 -1472.3181250524
1755.2685240219 778.5154135229 -1272.0877637566
-840.8289748255 -165.8672506310 -123.3188933514
1857.5558172236 998.2310620681 -1283.5408186629
-1560.2664456306 -320.7827484432 -940.5580596574
55.9153539155 957.5278825419 295.9790988022
1730.4691132295 1640.4906091810 426.5985164292
1932.6932865126 633.2602212180 470.2795599762
-675.0869837803 -1710.3821035273 -152.8441111511
975.3143965542 -598.4962735682 522.0588010982
-818.7754756239 194.4885947498 1162.6664293518
-1140.5868017948 1011.1961206376 1951.4737309229
163.4828526808 1425.7175094437 1894.2449509401
1990.9980222458 426.8173946547 -1326.3848796582
-147.2727859364 1763.9166025454 -677.0263877737
737.8948066945 -874.7889462392 352.4097802489
1090.3487843395 -85.5075873049 1022.6069067296
1978.1056364319 -358.7849337437 748.3030816458
-1822.5582867322 1574.8402855746 -2.4262276938
-1023.7653366597 -1282.3649006531 1425.5035798513
1481.7117143613 324.5719554089 -324.3110184869
375.5391452167 439.0046778581 -1232.2880098971
292.7239982755 -1205.2745385537 1350.9583682333
896.8020551935 1098.3557195414 -728.8049727607
1320.9319368214 1570.2084897161 408.1578280684
624.6997718737 1808.4654420342 1948.2312633105
-696.7968805780 -790.9347923036 1366.9174003672
1316.9391003164 -1104.6932147800 -1572.6553275153
1651.0298522663 738.0021658822 55.0159640519
937.9478015151 -1014.1844793319 -1615.6056727813
-116.7211202754 -182.2249468309 171.7442337431
-1329.4772738825 -1987.6579009089 278.7446662645
153.6311457093 -1410.0816212595 -1146.2386873637
1314.4289452194 -1920.1225124076 290.4263245969
-997.3756125037 -1788.8456406733 899.9534216467
1911.5397472205 150.5353253727 683.0909232200
510.7295382322 -802.3813323812 -517.9385774624
1701.5387425108 -1254.8197632558 1725.7949401248
-1240.9498696034 -647.0403900381 1193.4387913339
403.0367932539 786.3236877198 1373.1037985005
957.6756594377 -1156.2445296838 -1491.8574898461
453.0885637621 1829.4770362086 -1118.0674660133
1849.0794003774 -1252.5693227131 -1189.3440417537
-1787.6651721415 688.9174414764 -1249.6502917474
1286.1349779612 1519.2328719246 237.0488576479
987.2775166753 -950.5260471563 -1749.4754759568
-915.3142532087 -1533.8677273167 1035.0665316572
179.3951746871 -1399.4609255266 -402.7202087035
-594.5216107645 1339.2381401546 -1299.0814328904
690.9952275269 1814.5997291140 1111.2836975499
765.6206886114 -695.3255371410 808.5843603381
-1203.9411049174 1900.4665558165 -1300.2593167699
-1310.7632121007 1825.0177328866 -1886.4257231236
-1850.9244398834 1892.9684227619 540.3732600904
-1331.9683855743 146.3971643929 -1.3230845661
1513.2649303975 1524.1591888656 1255.9398499521
1327.5377247331 1213.3226121313 459.0744175998
-1647.0525730138 543.2569090357 1690.8385707932
-521.1083157827 -1455.1019499318 -1511.9940875015
-1579.5545638354 -550.5264781142 -355.0218589157
1604.4392802477 1672.9930280786 -1501.7166993618
772.7047119873 -620.8313052137 -1777.8730800850
1355.9305421649 -609.5576100017 -886.6163109353
-1059.3472444643 1426.8442455404 -1477.5579942801
-74.0281209152 -340.1656605163 1554.2734206374
1753.9814547187 1833.0175537001 1158.7752967167
-1064.8996794350 491.9962828243 -1262.5811250050
1058.7016069587 1261.2243264230 -370.3392889972
1055.9299847909 1928.4683769720 1198.7538862456
-1882.3896166095 234.5636620473 845.0648541668
-257.4808510133 595.4811554300 -704.6744751995
-1389.3548851037 1072.8945871785 -1593.6699999534
1380.1294708390 -1981.1570986755 -491.2386821899
1759.8323260040 765.9890083398 -1281.1483431826
-1775.9643346661 -651.8613439097 972.0743550266
-19.0950122090 830.7050228757 -368.2659916289
-1706.5471406842 1395.6819368223 1883.8135896422
214.6463257916 690.4664616261 1822.3107175214
1584.0265399126 -615.6127375950 -1998.9866942864
-1656.6235372607 721.0512084406 -545.7853663572
523.3236901882 892.5787290932 -721.3126582279
-499.4917160849 -1671.1664176182 -776.4177017400
-1947.4170449646 1540.9856206208 -714.5060205757
-1440.0981757775 -1953.7498564700 -1856.6071609817
492.0939736917 614.6894100066 1784.7029939709
1305.0751987839 -136.8708270381 39.1585604770
-1981.7374896999 -338.1064671468 1915.8325068876
453.1924052891 -1519.1763157394 1604.4622688028
-508.8026127212 -464.1336756926 435.0758010513
-159.4106948154 1806.4967647415 -1539.3084559154
-1101.1522169574 233.7021511901 -1889.8458275185
-1477.9851087420 640.1968632579 413.3022100388
121.2561498650 1250.1636819901 272.7593722262
297.0237361045 990.9191215542 -1948.3634655496
488.0169747599 -1154.4020337079 -134.1953598392
746.9316551392 -884.6993854191 288.6200705829
-1334.8174251716 -1232.3281234534 -526.8595478796
-1559.3372394009 232.4805529944 -185.5728466518
-404.8230358281 -1071.2288106186 -148.3957817758
1771.5986922894 1152.8138432930 790.9459337795
1314.8518375421 -871.1982980661 -749.9403068935
-610.4465868693 -281.3206446574 -797.0350094430
1296.2805513477 -922.6945504817 1068.5418680555
-1155.9713581700 42.5929704008 737.6387148174
1772.1118792902 594.9173019777 1900.8695093936
1526.3744102346 1386.8647390253 1858.6373496972
-1291.5574109228 1226.2681077818 -1119.3508833831
293.3263441893 199.0222421597 1105.8362495599
1126.6724322231 -1573.3803413586 868.1097539445
480.8829351731 -1855.4911382594 1524.0800740658
-824.3464436811 377.4911748072 981.3246744266
-1477.0230358195 -1651.0666699054 -608.0190845764
-1028.9888088482 1691.3533449377 -277.1490642458
581.1947525074 286.1662469603 1564.5766121827
-1840.0419705940 36.7417286442 1429.0971564665
-1710.5486942708 -1246.5000870363 -1408.5282671239
1647.2636559285 -794.3711045276 1339.1792451304
91.0832054761 -598.6607519546 1731.2416862743
-635.0245576068 1526.0535827938 1356.3569061363
1557.6283795068 -987.4268289200 1926.1346324319
-604.2539425851 -912.9054168068 -359.2931472911
1592.9244776434 1131.4793259476 1344.5201570744
-1090.9130348589 750.0370932991 -749.3347752491
-884.7890178051 -1082.5715571790 -117.5194462416
-1364.1375049709 1370.5193502628 129.3263764469
181.3590995629 -679.9620930800 -1204.7728748656
515.5320888598 152.6791558486 -1682.9866910450
1615.5213309684 506.7680867890 -1574.8439441341
-481.0759396436 -198.8770884062 1091.9258432498
321.2010078461 -1160.5989602653 -787.7544482474
450.5947974644 -283.7369364426 -1539.9299884868
-1236.4220493735 1903.7562432794 858.0614873771
-1314.6805955384 -1023.0742557377 1280.3133369896
-372.7789850963 1395.3194645265 -1319.5638687314
1425.2187985164 -1890.5081884270 -1653.9968298716
69.1612666946 -1689.7423702241 -691.8634032725
187.1661254293 165.3372246520 639.2802550102
-57.3082683958 1190.6793046201 460.2625751671
-677.4273790172 -632.6032535670 -1830.8046972384
-412.4083638844 -840.4947674997 499.4260965315
-1938.8894875669 -835.8727010593 809.7041290970
-98.2004374365 1004.7149277278 1446.9951956172
-491.1286566477 1076.9961896948 1581.8825426843
-949.0985700191 -1177.8076368533 1514.7140210493
1898.1984332948 585.7221098045 746.6682161874
593.1469732608 -397.8293407865 93.8819299050
-390.1493898663 -726.4705381160 -392.7972704851
1747.6136278706 1653.7681173084 1989.0602991466
1271.7058961982 1326.0376611381 -232.4587118436
-697.7738005368 951.9632632620 -1579.0042132283
-569.8834935216 -360.9171320349 303.7030669622
1781.4313389071 -1869.7932563728 -12.6796704198
919.3526495251 1351.7380613587 -568.5844724245
560.5278722077 361.7410636579 -1858.7650867614
1037.9994009043 -1919.9430377825 1597.0631851440
268.2069734993 -478.4492721297 -983.2289869713
-497.2259330945 821.9787313124 -833.4129068322
1158.5098512722 -828.3892303185 -1460.0871055214
1803.9604182188 -755.2103845042 -1729.1261625617
-276.4165908288 -1396.2582272814 781.0913379877
-978.4139329632 673.6815040966 -117.8103562281
514.2095750945 1005.3146165681 -247.6389978466
1268.1687317689 -1136.4190721100 -368.3467583472
1645.7126044825 562.0709213911 -406.9267259213
-544.8404972384 95.5135326686 -1275.7629236165
-1871.5297553863 46.7580698280 1810.5708429269
1335.9985065682 38.3648638535 1180.7541000324
-771.8588512444 -42.6515147381 87.7599820552
-187.6156326722 -127.5562935448 -1782.9959178713
-530.4087810470 -1413.3268700695 -1497.1700364075
-211.0810580190 1652.5254312806 187.5660097318
1460.0780346533 -1954.6919265556 171.3748149175
1994.0749236543 324.1143448901 435.2094208332
826.5351116648 1921.8831829902 -1477.7102405201
-1866.6333679246 1822.1201940168 -1298.3184503370
108.2851018157 1075.1506652683 -1465.6127106076
591.5753679337 1076.7050820380 594.7746138786
1986.3223414224 -1093.5122229047 -1660.5551000533
1258.6860450284 -1809.4795905195 -1561.3511020657
1741.4559133258 1330.7289365859 -122.0936518187
-1282.4782245479 -1150.3832616023 -1378.9136201357
1036.7457735046 -1508.6085303612 936.8448878276
1553.7564157362 1037.5937324992 1020.3907673300
-441.2259009915 -813.2180093463 1891.4623633996
175.7125299975 620.4458476449 -1264.2242149194
768.1093949806 1954.2753339114 1593.5981347223
-1703.4316593776 -1200.0569460113 -52.5211130303
647.6140553857 -1615.6095145955 226.8681637870
-1187.3552229460 -1553.3652474366 1913.7881432433
1575.1634674757 744.5913100480 -1111.3927161045
1280.0795977456 1818.3684916206 1299.9185965907
-1036.0634107600 -1385.0499370691 590.3103631123
-1905.9577419849 451.8593097916 848.0739825230
-1979.8597741329 -29.1522182432 380.8188855374
-342.1832179178 894.4514353901 -108.0672315174
-1356.1695712074 145.4257746497 693.9065087180
-1869.7965427190 -1886.0217288698 -634.8200163904
-668.8692820691 -1149.7733240932 1768.2554649666
-1575.3843873580 1577.4846591947 632.8289259512
-1944.3138551452 64.2710498765 -52.7971160545
-674.7888029264 147.1400824328 788.4979815711
-108.8858446447 -1764.3527578289 804.7066361206
-1192.5749659684 789.7533565983 1403.3366412821
-1018.9391878896 -1800.0414649635 682.4611163669
415.9980530853 1364.7389495990 -947.6178952683
327.2253777757 1130.0376010545 -891.0335100301
-504.6865285557 -349.8269653496 680.0634219500
31.6001949693 -200.4218019670 -83.0418530458
-797.6989759191 1767.6121679584 898.2093596010
750.8167132949 66.9632098636 -1359.8622340049
1546.0694815133 -821.8931206139 492.2148776530
731.6541152016 1818.3882083058 -1371.3797604495
-733.2421364450 484.5164944193 1568.6288527038
751.6644960807 276.3051773084 1625.7744445814
1459.6705739300 779.8456969169 731.8663409910
201.3330243293 -698.3709674159 49.1670808627
724.7737839927 -1731.9374328381 -1044.3183137991
1284.1123816333 -709.7191542782 73.3470839667
1803.3544832093 192.0533134027 -34.9990557192
-738.8710945639 -460.8394902741 1974.4078365720
1020.8000599187 -1940.4529977278 -790.0227733959
1336.7851585739 91.3614803134 1526.6539044960
-268.5817530182 1477.2739249098 414.9025309528
677.2533247001 -30.9858830467 -645.8720215375
1596.0705064132 -1746.1300791267 -61.2206301382
-926.9922185472 964.8549584495 1001.0460916565
-1233.9361677789 717.6263239549 -125.7814791692
597.4318407733 651.3941625830 1484.1263010917
-1482.1066396990 -1381.5593027145 -1530.5983101130
600.1090247387 -1322.3752287063 1539.4132327588
159.8946468729 -1527.1353474494 -1199.5252871337
1897.4904352723 -475.1072650019 -1181.0530208441
-828.9212333862 1056.2373935872 155.6551268607
-1578.0563605707 1870.1907831619 -1870.6471015811
-1170.8260556338 1302.2605967832 501.3539946850
-1465.7710823461 -259.7418713129 -1933.9911141880
1833.0272547130 405.4089496548 -25.1527762540
-1885.9224881691 -942.8676697933 1238.4867256259
-1432.2700327605 1334.9634147525 1402.6923656827
-847.1614792373 -1652.4191995571 885.1155194742
-1367.9168413855 -656.7859865935 1801.6414038506
507.0138468239 1311.2638393313 -90.8068017875
1130.9287228325 -447.9242588018 -341.1310899419
-1553.9562036630 853.7989620733 -1206.3503077195
-599.3115276485 -1044.0271147510 570.9675914725
-1924.7214204894 1471.0618418629 1067.2519121041
-1526.7553991696 -1851.4617269567 -1247.9187912565
996.9885045262 -540.0024839909 1182.1668862848
-1701.0725620220 548.0307894804 301.1109485361
-384.1042726084 431.8349872198 141.9455509663
-53.5878970096 49.7161578396 -970.5064552198
711.5792585672 858.2741668593 -1449.9702212458
-848.7487708057 -1081.7252374173 881.6850099990
918.5572862381 519.3777157531 -483.5890922689
-1413.1657621161 -1750.5355029226 1344.5479643795
54.4886671152 1474.5501620212 1938.3402725633
888.1206200587 -723.7934138970 1489.5682936619
1070.1504957874 -1867.4973491624 -1882.7737186803
1221.6831585878 323.5900318764 -37.1092713055
974.6909921094 1409.9009919897 -1926.4413542003
35.8261416775 -427.2081524721 1553.0330009939
-1282.2763290800 -239.2739004781 -1685.3554347208
1278.7237979545 -772.3552191727 432.1472714141
1713.6246339867 -248.3707369159 1388.0706378244
1299.6241538127 1545.4021683880 300.9058932277
-159.4606208365 -1637.4784095777 -1517.9482652149
71.8580911182 -1093.0499668682 -1450.6221178287
1744.2869971161 -1868.8632999619 -1354.6274988061
1880.5238269489 -1401.5585502440 213.7739511684
-1369.0877821692 -960.1909891875 1549.6601204453
1818.7955086594 -840.3864675227 -1875.1879693591
755.2729819713 -1665.3792194944 -1773.1167781065
-577.8320735782 1110.2240863117 237.4185954680
-1898.9038843855 144.0145661578 1460.8865528139
900.5687122065 493.8452778201 1205.8333418141
-346.7185594644 -1246.5689579961 279.2507265409
-1508.2195446395 1040.6080748005 1098.8683254567
411.9560428999 1389.0980625420 -1341.0899287021
-1639.2268901870 1943.1260287925 1365.2775709176
-1097.4702104378 881.2804158231 -1249.6169328021
-1128.9995750695 -1394.5243249357 -1516.3022654710
-440.0720614204 -586.6718989552 1449.0290533311
-1861.6591714532 -1777.5845157665 407.1128554240
1565.6208295143 293.5231249971 934.6747733388
532.0850630697 -1117.0219512192 -45.4742898689
-1294.0735741223 -321.7945036109 -16.5205152090
-1815.6591085870 1351.4577294362 -1078.4014478761
-180.5609925404 1595.8268272500 -486.1412194281
-1458.3597948411 -1080.8866591058 -1225.7430170798
-272.3579814207 253.8717086903 -1048.6962987439
124.8550080905 1878.8154406545 700.2560713590
1588.6379530946 663.2860567083 459.6548400097
1763.1275303010 -626.6893085011 1578.8508759412
-1970.4213312144 -71.3074668205 1427.4099903334
398.3072013747 1763.8460561441 -1182.4610570061
1596.3348203234 299.9892444380 1897.3933998902
247.0425323409 606.3965455132 -1745.0713074092
423.5068135871 -1648.6725878083 -1789.4611253403
300.7664702080 -217.0209909427 1843.5180142904
1022.3464790117 1714.7738185049 1378.3054192463
1875.0083234200 1995.3851742657 1686.8055910473
-1466.0594957743 1262.8475800340 -1566.8908872397
361.7595305230 -606.4060921289 -1900.3562581195
-167.6013005201 852.2041587567 -855.3018153089
1827.0460040154 1422.6968621695 1407.5029390065
947.1981113812 1804.0040875693 880.9963783857
-832.8031754059 582.8851508028 809.6383723056
900.9298332161 -1730.6205381627 1419.8449068526
-900.5866317177 293.6825805482 -1982.7879584561
-1719.9741167558 1538.8568281954 -908.9118188434
222.9535964833 -289.0361749796 1834.9343178877
-1108.6705025089 1480.3507241036 466.4797025826
837.0665395108 789.9865219401 851.0418662520
1346.0505075955 -1991.4851157332 -1285.9062522760
-1933.9062167530 369.6765978859 -1752.9463833212
-1575.7064780389 1057.9464327239 -224.2686001964
1257.2916812683 -1152.9436945488 947.6683383459
-1555.0588941575 211.6938176564 524.7202106409
-97.0269755090 -1413.8848923168 -1578.6905266635
778.0377827815 1295.8126894167 276.1241856220
762.3952007133 -103.4213224680 -1752.7142986237
851.1824068054 248.4769047593 -315.8692431592
-938.0276874718 -1551.4024179294 -1683.9287606526
738.7644852729 1376.3070272337 -939.5581165463
30.8820126617 -1200.6943378337 -1511.8240204167
-87.3472321726 1030.8079958406 -1649.5262166347
-1858.9622039936 167.7343131264 -446.4746428381
367.4944127819 197.0302658490 -228.9154107010
796.2224079959 -1848.3164928634 -277.9488250364
475.2634186355 1386.3918200710 -1301.8661957006
827.7562727244 -809.4774558413 1370.8514304868
1717.3824141769 -1934.5936361848 540.5792231519
-1694.9470066542 -1021.5279261443 -189.7307827868
128.1126428794 -1509.3692839817 -95.4177162231
959.7303397995 740.9130109674 -1572.9662731445
-932.2623443783 433.8206799608 -145.3655922922
615.0668023956 304.8651690391 1686.1501805484
-1996.1846476375 -1588.1556660384 -1739.2561376757
-335.0126970833 1904.5356689584 -995.4137734419
-1169.2815824421 -1545.9740814246 634.9681914398
1860.7124541953 -1594.4928316284 -1850.8812674347
1457.7526000719 324.1290341180 -1980.7224976375
173.9462231566 1669.1609077112 -1040.8860624932
-1687.6148084872 -509.3723784983 489.8623179112
-1893.5707430308 -1654.2693086739 -761.7307178199
773.5297734075 1067.0357468259 -561.3670323662
752.7571407874 -64.3360968439 -204.8458842583
-37.7198536937 -1808.2446955319 839.2309283276
181.2859984424 1009.1597302986 858.3788276859
1345.7819364355 -1578.2071514833 615.7926952025
884.5578472027 1698.3129444279 358.5849849581
1378.8859542810 113.6116476225 -1589.2416965767
-617.7131464256 1888.6124561462 1325.2948848163
1667.1453552352 -44.3669294025 273.7834768651
670.9768560052 -1921.8984295457 605.6541457541
1606.0576133649 -848.8668533269 -333.7076339053
-390.0513292316 -1331.7428300473 1717.6569431519
1050.5167124962 380.2059286119 640.5435607870
-87.0706846048 -885.0593271079 -134.6198989470
-856.2985369805 536.2643934107 755.6014536825
-1770.7977109919 -646.2020846514 -1113.5360689318
571.9146699798 212.4066545505 -1496.6257827794
-1969.0827949415 -1750.9980494282 -705.2023763326
1784.6435395137 -1815.0798207632 -173.9212696711
-1612.8817043156 -1782.1509734874 388.6279122556
-1102.6645200885 -1814.5403551550 1098.3607017492
-1698.6357563400 -116.0809316728 560.4245708382
-646.9371125952 384.4836555453 1256.9550148297
347.6133740395 1890.9051200404 1257.0694526880
236.3785420092 -505.3572460587 214.0958675541
744.5356078842 -477.7787322725 -73.5843377264
-1553.4773193980 -1876.9230943420 -1114.7636835469
-434.6350167173 -403.7532440649 -927.3427621637
396.5016081006 -1864.8555900060 246.9302568233
-402.4239130336 -426.1249054805 1954.1457942725
963.2920505486 743.5008037161 94.5428866177
17.0823597186 -322.2865045286 1391.6791000285
345.9914395065 767.3735409414 -1021.2700312123
-1266.7494775086 -884.7441770526 1392.1515859294
493.4460854409 1194.3351367507 -1757.2734747281
-1095.2876331548 880.1280672429 -1248.6602269893
1470.3558602198 -1448.6082422525 553.6162825913
-270.6816850852 1798.8468834459 -1261.4748775990
-481.0271517275 -248.4536466988 -1351.9844831738
1999.5622062684 -1086.6893327776 -959.1049903694
-1483.4934082081 -1285.0066984447 1868.5981392988
-833.6205942654 444.4366706651 1310.8639357402
-1871.3175875120 -648.5070376025 -1464.0826159469
-1463.2662002070 -777.4249911461 1128.1569221529
220.1870366037 1184.2102531134 123.2076036773
1252.1039244273 875.0810582774 1956.8896478049
-1404.3073603319 -590.8725277046 1770.7985963376
1903.5669919027 869.6252493032 1012.7800729735
-1958.3486527017 -630.0323550954 -95.0478249462
-1463.0295705418 -1994.2851355853 1001.9024694947
-423.6396110379 -1512.1333733038 116.4857897533
-821.4428713975 307.8211447177 1462.2560915307
-717.7746448991 975.6841963331 1627.2906040698
-446.0585102647 50.3002245391 -1691.2046061943
567.7290205938 1557.2565717816 1158.4348740715
194.5276358357 1874.9759099880 -1877.4400334008
-1679.0956579528 -29.4228325085 1766.3307581990
-61.6970870190 236.4393023917 -94.9814528311
-1241.5067586865 925.2140501317 -1810.4712084771
524.2684239217 -280.1964515589 1672.3130852185
-1674.6041210093 -1392.0441892849 -449.2810890056
1159.0466491553 570.5115480082 421.9125257814
1704.9791168226 -1554.9007951635 -1935.2445246121
590.2124900714 -1150.0495495808 759.2094563721
-1145.1198939805 -873.7954452610 -602.3605925604
-601.9477670757 694.5119931477 1673.5433519883
1467.4059860242 -1163.4784568289 -181.6695394068
574.4972472900 443.9828513976 -881.1312389339
450.5109052618 1262.8306385887 899.0515202071
1572.4452836731 -1029.0999153800 411.6912214287
854.0006500893 1487.7501540550 211.7391826029
-120.4694741188 -48.8613841534 -629.9484118059
-1139.1974177323 1828.6536128897 -1504.7980943875
-1535.9694263247 -1432.2965169481 1386.1794029420
1140.1237075107 -809.6572685972 108.0737352278
-403.7234008480 724.8670236705 -824.1331935640
-623.6418020221 856.5085155049 -1074.4140550266
1550.8042130890 1353.0329542024 -1983.8831533817
-1726.6177013835 1223.3313658709 944.1838656521
805.6876080633 -1936.2808785994 1401.7759915138
913.2165010690 1632.5119891722 -1648.8963082976
1484.1787253626 -1510.2934089517 584.7727350575
100.6036489599 1812.5332426622 -1841.9624549798
-1601.9432559271 1046.6250384744 -18.0794790276
-479.0664173254 -965.0729930832 468.7783703470
-367.0091049377 401.9613437255 -1221.6466712704
1653.8924924984 1788.2795301395 1239.1723473451
-1314.2436272532 -260.2627571094 1418.4710199508
255.0674873256 -621.7327611631 -589.8928908393
1039.8527752567 1713.4603427023 -703.6957020209
-762.5080309967 1879.7588877281 -1941.0224422326
-1522.7745155828 1611.7435592598 -508.0534994570
531.0855556894 -929.1723809865 -759.5083652152
-1116.9939723070 995.1473573045 -7.8161988345
-794.3820423328 1116.1314170535 1360.6448322028
336.8383849901 1281.3570604486 -1736.7586300169
-1830.0310959950 903.6719014110 819.4227394803
-1109.9396220939 1033.5659729850 422.9740333074
-170.3909786368 -808.5715505222 1153.7533081824
920.7970746872 -1306.8071096939 -1941.6253511206
1800.7696289200 352.2423308658 -1210.0381548382
-158.1977152303 473.0939336532 55.5544645961
163.1916307732 1260.2779569403 -810.4412225949
480.2574893625 79.1364275962 1760.2209643348
1690.3053732117 305.3119256795 1315.7116705647
275.7110099161 -699.3431171416 1508.9851310639
-1001.8251489584 -77.6498417441 386.9200669197
1806.5893802304 118.2233280101 300.8810540449
396.9012887791 -831.9551736361 -1723.6066537424
869.6197430110 1563.9083687837 -1631.5588352888
-1005.4038625694 530.5511763182 -870.5764139837
367.0648750063 1103.1846758924 1974.6357677205
190.4397060626 1511.8459060446 -134.6494838808
-549.7736983966 -265.2042351283 -968.1713414760
-977.6195483191 1575.8126021877 -71.1733532206
943.6389437478 1468.2945810729 -841.4260929581
-399.5991472693 474.1353849154 611.5856776343
409.3167252744 797.2860047864 -1573.0331690181
321.4088908668 -898.8761820790 1488.2227025301
1228.0887198320 307.1870338284 149.9523978661
197.9665852313 -1371.3251725894 -1232.4162649600
46.2483428078 1612.8037919238 -960.9209954325
-556.2567982037 903.0183297447 -338.1444051125
670.2307823061 62.6997062183 -176.4076188897
-462.9394110745 -1567.8111111029 1402.8604103669
-1122.8411140870 -764.7968094809 1125.1670099274
-1361.2192520321 -238.3595664722 1009.3693688668
1165.3676643564 220.4942004650 503.3321371565
144.1600432301 -921.9922362375 -785.1058526088
-1475.9265752546 1770.6383113695 -683.1185262552
309.2187430495 -906.2013663028 -20.6827104470
178.7535886962 -194.2843358794 -1487.0893600996
1041.6154220682 -1307.6929774186 1799.6726376285
-1264.9762776124 -211.2304558289 1300.1763902911
-863.8440919446 629.2291314562 1896.0671339743
-1053.1349264410 1591.1023459981 -1003.2299941740
1996.0156349213 684.4227768424 1192.4823290895
1876.1492659367 -1027.3143584682 -459.5446709068
-418.3483643684 -1580.6928132731 -111.7000266310
1660.0752561672 -1073.2948875613 590.9113999039
1837.9170775331 932.4616982791 1847.9084293588
610.4682735825 -826.5002655231 -1254.6675287723
-984.6400246682 -1259.9285810965 836.9208091637
-562.7102161598 -1441.6709940725 -998.6186115650
-312.2022643552 897.3925780771 -962.5451453965
1099.4120739271 1995.5082699468 -83.1124904893
-478.4920025960 586.3989764740 1064.5117582349
-1362.7619403298 986.9038481530 1892.5727212607
1987.0610378689 -1083.4216805650 -1689.2166029224
819.6365691527 -1020.7155397966 1564.2031579035
-491.7245969890 -521.2239624698 -1676.2920810391
-265.9066031930 -899.8413660694 -1932.4966149496
-1572.0829693020 238.3212226403 -1350.3114058298
-178.7801021059 875.4934929698 -434.6759336813
1867.9715536713 1203.1547988745 -1401.8948364154
-1447.7872499371 -187.5321635089 1813.3914003192
1233.0114830239 -387.6735408145 1155.4502254233
-881.0469965097 -179.7819992180 921.3942042524
-997.3154696202 -1591.4786859134 -1495.3207539996
425.5045471344 -994.0987954372 1439.4938932978
-1288.2412787344 446.0753821914 -1633.5734639012
368.7089551531 1276.0310575642 -345.8295066913
-1636.1724807918 465.1045538226 -1531.8365012296
-1486.9662218251 1809.5003580559 -1395.6676452274
-1092.0072018520 -1146.0626976387 675.1188753683
-18.5808535327 -803.9810829585 1479.4127696179
-395.6979687557 854.1108505924 219.8410433285
1645.6769673102 1468.2341377634 825.0198676693
-1639.5407128211 483.9821009999 1773.3498151027
-961.1558629416 746.5582983370 -1064.5208990297
427.7212972053 713.1652661503 -592.4817475314
-1781.2583843978 -479.2648556150 988.4696684000
1883.1010341363 784.3272625548 -184.9046630054
-1896.5713894716 242.4270642926 1889.9854031501
1465.5419984481 -1293.0239009464 -348.4994568366
1975.3969914011 -1941.2720263771 432.4301834519
-200.9200404315 -1843.0157525346 1603.5486332649
879.5810913235 -706.4371614309 -163.8833895118
1800.8658487660 1570.6907411208 -1033.2388856758
-723.9301177037 936.4517562017 -1568.2741456479
-1721.9676147769 1178.7605960802 100.6119923719
956.3989200085 1998.6592139386 1099.9586716322
-681.9518351947 -1001.0690797949 1289.8227855731
-533.7725977749 -1208.8656339360 -1669.3870664618
-168.1281932009 -1179.2588006871 -604.0092810574
-1963.6191201345 -440.2482413075 386.6992357237
843.1718646387 -1353.5015852627 -1322.2234520040
92.2326597791 1124.3689743224 -1703.8778713730
-427.3308170066 421.3617629343 1063.2541187870
-468.8297290933 -141.1558597426 -1559.2840366398
-201.3901633692 1558.2918857514 1243.7160136153
1002.4277248065 1731.8562002949 -1232.0996911638
604.4808073917 1051.8330507122 -965.1087321237
-1371.8001908501 -1878.2709646752 1273.7180025142
1959.7352483476 1585.0204628697 -1256.0720308393
-391.0908494738 -859.2549375117 847.3838159260
1092.0939395839 146.6982886831 1039.8083255078
105.5121303225 -600.5598115103 -1046.0557210938
1050.2452220979 1267.1761928925 -2.2912846421
-1964.0040303676 -231.6365437153 1610.4824496393
-1656.4409534061 1570.2948906413 -1638.4065336618
-1589.9716969363 -256.8916812688 1352.1205575804
565.5969358441 -1549.0327890304 1085.2100075457
1444.7322175956 441.9570710847 1334.6581815164
-1245.0583770648 -946.0912330707 244.0764086838
-1714.6223945816 1692.3650021118 1008.6340685251
1324.8264719001 251.0680449025 1295.4602303029
-1711.3026811932 -515.0520969864 -928.1736602973
588.9570821160 1543.2249593847 -1968.5248344186
-518.4915590714 -1231.8385910927 -829.3815676694
56.5603792799 930.4381384119 848.0082235730
-160.6659503999 1024.1157092594 1063.1801783456
1475.3866081565 1195.8450081313 1035.1188395044
-1834.7224001374 -424.5604311014 629.3377023771
-309.4815815660 -1411.6498960102 438.9117215815
1218.6655682062 1357.3627198626 1998.5539418477
871.7586356995 -399.6032797735 -367.8864299611
655.5852455805 -28.7106652934 258.5071753520
373.3143325120 314.9201727773 -436.2135472736
-167.2189058366 1615.7691901686 620.6947768076
-570.0802481667 -445.5197515245 -1843.9979136622
-52.8659235823 -1615.6002326086 1344.1633759216
854.9526969082 798.5574389109 -1594.7847452241
-1311.7723942286 -412.6201108295 201.0408487015
503.7855312027 1377.8896835907 31.1765952496
1240.5455517012 1412.3097536571 1069.8758263463
-1230.5607794221 -210.3949014714 -1876.1106592871
-1929.6611688564 -1406.9875004738 241.7565761563
234.6561809868 -773.8481004266 1330.5082443303
-1502.1885550285 1017.1086891288 -1697.2141305023
-1861.0917767996 1548.8943656623 -957.6883993850
756.7522211680 775.4814191446 -327.1980211934
-1561.9606669842 -1853.8569569255 -1301.3620810065
1810.6097212765 1353.3073634810 -706.1451648586
115.1771230274 -1278.4351620749 837.6965474207
-1721.5253672002 -988.3079036039 1112.6436035362
-461.7583939095 -701.8175346276 1051.6213333109
1959.1950451701 -1290.4034559445 1819.7261927830
863.2915552734 289.1379577897 -1008.8197296961
85.4339138878 -1100.0239676450 -452.4083755202
-342.9086927845 370.2925668231 -49.6235352634
1232.9823696092 453.2452410522 -1786.0251656060
996.0568670825 623.8446452895 399.1789814139
-1762.7622535611 -7.0841017729 -1773.0342086114
1069.7519481229 -749.7586686473 1616.1820100132
360.0957035036 -385.6888499871 127.3650426471
247.6646497026 -1025.2930132788 1457.0355330841
1222.3314790548 -339.4985169700 1634.6725273549
1936.5639842042 757.7024693875 -1011.6016301524
-177.8931284879 1469.9768692667 -1796.7811661607
917.3028159737 511.3530652825 1208.5944328112
-235.3638319337 -1246.3109530287 -756.7121118990
1160.8219547334 -805.6434609285 359.1219013041
-1988.5001378794 -1298.3539270188 1726.7624277549
-147.9485654260 -1886.8345127219 -1098.8349990953
545.5004380128 -1851.2294281151 -1628.1814592631
-1675.7455830230 594.1528464329 -1148.8536666334
1112.8223747493 712.3107534135 802.8127949773
339.4496411306 -460.9226821794 -1037.2681686355
898.3058830541 -940.4652827025 -244.9429356620
1533.1900192202 95.3034840759 450.4089593568
850.9398254481 1185.1501400899 857.9041342766
889.7608251127 932.4738765906 945.2165027042
590.6436951730 -189.9018014114 266.2079590348
868.9654033384 -349.2068600757 -1202.1999125981
-542.6249328717 -99.4535467955 1925.7213081192
1577.0868924667 869.3115708108 -1404.5090504054
-1561.7809374716 -308.2515487652 -35.7080696512
-1271.8533049560 1365.8070770839 -1421.8230516099
595.0018810603 -565.1521282908 1390.1239023353
-896.5462720180 834.2611104199 -247.6491726711
1795.7578005467 142.5739898856 -147.2078150672
-690.1222680432 -1031.9998518924 254.7505892982
-376.9913100932 1680.6693744623 -1529.2820442056
1757.9203611752 -1077.8148022551 -852.8168034924
1429.3482942988 -319.8568514269 1519.2494828810
215.3401846631 -110.7768217176 259.4834767779
1904.2353544193 -626.5545209962 682.8777714441
837.9845387249 -1253.4987212259 1251.0055882068
-64.5194060643 -1225.6415556407 -1590.7200396617
-1274.3063939382 694.9574620611 149.8491095697
214.0321693181 876.4927343278 -1400.1227012706
-1215.3060647454 -619.3015695315 1447.2347693304
1646.4579784337 424.3405514346 -53.8327685030
-1941.8298086261 475.2042664340 1380.8867781429
-1358.3927903065 -1038.1640403200 -1856.6103328948
-1926.1212987172 318.3378112554 226.2307856986
-1371.3499171676 1619.5894286361 1186.7461477970
78.6520578737 -691.6016031459 943.2173514474
-1757.4556562684 -1431.2438151168 -74.3742212865
-701.7532490479 -1867.6418995135 1385.7847310991
-1046.6415342711 901.5039704343 -346.9728221126
-102.3156243212 -8.4368743217 1845.0285729630
-428.5912194955 135.3193036149 -1740.3070508154
-355.3116698357 775.2133391980 937.6042458150
-360.7318602243 -1201.8725906694 1892.9861072570
1009.1916548136 -1632.6935488621 789.6174510029
1012.9381595415 -972.3302510099 -961.5674045130
-276.1931771894 -1232.6025231403 -1424.2684003332
-1840.5409694519 1545.8245121672 1793.5982716296
-1009.6783649479 -1345.5218088904 -1645.7270165186
1204.1524492083 -905.4532930765 1615.0654332360
-1453.0452221357 -1938.5383190596 598.1846617521
1439.9060126346 1979.7286667333 1100.8125281538
1552.2189896682 -107.2003364616 -103.3406789336
1843.7298874439 -448.7907374341 -54.9546421513
-124.0097704453 -1829.1389531789 619.0322018196
-1607.0480970769 1575.5032593511 773.5347225600
1330.7810106864 -1789.0556839309 -736.6866925602
-1612.3513610973 687.1482880234 1097.1610546938
-1965.4329916441 305.7807943548 -1316.3192384392
-542.9575743597 343.8438703182 -235.3534173983
-1530.8999390781 -1608.0922604399 -826.0599434904
38.7301606463 -74.2324265487 -662.9590012454
-404.6494162071 -87.2261976310 -640.0415635733
-1220.6077696651 1584.0093627433 -1875.6480437310
578.0036048232 642.4597630359 1096.0740513770
-101.8300729709 -1359.8336174384 1331.1754134662
-705.5625606317 1501.8882310345 1760.7553107956
1651.0546288495 192.6394717683 1758.7959020083
-64.0881033371 -676.0193573004 376.4126650488
947.1777531257 79.2839105974 121.7845241800
-1612.1304160634 82.9449007974 -1915.0142559087
-1587.1521046019 -99.8184489205 1503.5865782076
1886.9315534675 -775.4259323504 -156.6327543381
-304.4821763023 -1508.9715063469 -1080.9887972207
-1284.7279775848 -429.2160399162 -1610.0556581682
1013.5728958409 -1782.1715812420 1302.6857522741
751.7639615836 -1891.8377573474 67.5340472460
-510.1764721941 1652.3602880226 -989.8520941526
517.6321920425 -301.4805474299 1515.2272264610
63.8484183713 1839.0076615069 -0.9996205258
1769.6953084539 -794.7304561943 1607.6317184890
834.9340437108 1167.6870339417 -576.6102845882
-93.5192866282 1801.3083421734 -1222.1088287290
1850.1095815951 1142.2474275192 -1465.8158545627
-1379.1755808429 -1938.5166335310 68.5911839872
-145.1107931338 -1435.1359541966 1031.3725734653
-571.4010077229 1242.6144706715 -33.8878572176
-12.5578898297 -1116.8646361958 790.2990225448
-258.0906245976 1808.0984616587 -1655.4100655911
-626.9500810131 -1334.3395064640 -500.0343186827
768.7257881153 255.8679288139 155.2816199003
1466.0519624732 -144.6434831496 -1244.3836596595
-125.2955470008 -1131.9905531260 1223.7173161221
