1682.4740905369 38.9832478904 -565.4243923292
1767.5752913867 -1516.1577499338 -1276.1740920090
97.7503338937 -636.8068779605 1288.8672921656
-1449.8350661387 974.4946433723 1876.5407551429
1019.1113521315 1315.5710453414 -115.1731175817
-713.6952706473 -848.0770480683 -1990.7347809342
1208.1908954032 1327.8424371693 1043.0587110026
-1486.3554206849 -1231.6918556241 99.9075393877
1762.8358910756 -1294.5279147777 -1214.6364570656
-554.1698083496 -1252.9094546260 1777.2803841022
-324.9549486936 -1370.8316127978 244.3624754574
-1650.9623518456 -1178.7819800737 -323.9159714353
55.0661862304 -1432.7502741016 -430.5492935949
-132.6652673569 108.7674858385 354.3689400805
1911.5865354958 1275.5176947240 505.2257946924
-1093.3044972373 269.7519670514 255.9839650066
334.5155767610 1462.1347265835 -1461.4611323921
694.3613117627 1758.9367606143 224.0675098210
653.6828484767 1223.9511589989 -853.1964700917
729.1423422569 -1514.3586773825 1912.5545606905
-1672.1203978977 -1332.4308045194 -184.6216144832
672.7578655472 1846.8798713668 -1374.5418213367
1860.4092268496 579.1606195654 801.4265442219
-1503.8415099613 -125.9084830123 1734.4925990145
-1857.5187502994 528.9990183378 -1306.4489975642
1704.0414819951 1473.8266716890 -210.2155416596
443.3506073930 -258.8495235005 898.1431772268
-1095.1082202976 -531.1675513977 -1162.4012750278
-477.8531351508 1433.1237236670 -712.6089649611
1934.4512082429 -1520.1374567843 -1763.8525643899
1199.8957765830 -456.3092856808 -1306.1467066467
38.4301519213 1784.5437955654 -1647.1227627335
613.2074537609 -804.7265458802 -291.8380263569
520.7712017942 -1918.7268982585 -1437.1413883941
357.9153406687 337.9474738922 831.8096345505
-713.5483583444 1365.8828872676 1398.4446583593
470.9410869312 1818.2697585170 1761.0686778817
-1790.8270097292 -331.6287814229 1689.1583036171
-1560.4600119041 -671.0834307850 1860.7159193646
70.7295942837 -371.7039439138 29.7519995338
1572.8704089371 -1383.4139449028 909.7519023180
-821.1499724505 1746.1208159331 650.3466086220
-82.1075993418 1332.3016094845 -776.8542709996
-1896.0333264024 1489.5512852103 1401.3249531501
-72.3543779203 -959.7288305498 -165.0055786908
761.8557358765 -1883.9636222654 -368.9903534375
251.5700033552 1662.7283875986 1304.5213276193
432.7316377724 -1395.5062257520 -1214.3466305748
-266.3718466414 1455.8600036591 302.9723933064
1228.3488471729 -88.9380455729 310.1778469315
1642.9549093029 -933.9870760534 -1988.8726131607
-401.1326889545 761.1202506057 -1408.1282349572
1601.1964420786 1982.2265264765 480.5001455646
-231.9307025205 1098.8804727868 782.7595821774
1186.1071632110 804.1478074780 -797.2712727776
1328.8246054958 -1828.3732493317 -373.1710430245
-859.5630781275 292.4662514371 -223.6329048913
475.4169558757 -1613.8099836982 -1128.5550445333
-1279.3949147347 1234.5826178693 -401.3569331527
-659.4040109439 -1345.9346098545 -999.5228805028
-261.1096217954 510.7527478484 -697.5443244298
-598.2938576800 1392.7974818180 1045.6591289635
335.8736291502 1380.8922605151 895.2906150321
221.5266830332 905.7017956383 -202.6587758474
-42.6910739846 433.4213342979 -1165.3669238893
792.8699159708 254.3596203740 -928.2853972103
590.6828977729 598.6838084414 -1119.1882001782
124.9998536732 1284.3462907452 1989.8816626722
-1432.7332388998 -383.5101493629 1767.4745613588
430.5518066324 -89.0545781548 1140.7344789286
-1752.7695650441 -495.6830955287 -1557.3113886116
197.2628649174 1023.4200530685 -511.3007001571
893.3694293988 1356.5598341653 205.6772615679
-1188.2631774265 -1682.6069887492 -1880.6434767928
-277.7757683716 1534.9807133809 69.4410111606
1618.5009745454 261.0131552128 375.7215853886
175.7861784173 1800.7573272911 333.7936935217
-833.3282837188 -815.8258144287 1210.4873909571
208.9008020214 510.3352277894 550.8415951146
-961.9604992118 -1434.3103502677 1788.6517380538
1848.4544482296 -1007.1912096873 -1791.4956653662
-647.7801643479 1832.1024799093 73.9847847672
-171.9505961312 1564.5398338972 -470.1536304819
1850.9150205582 -1094.0747736151 -1965.7169511554
-1131.2493174159 -1752.4790837540 -1243.0561445816
-1927.4845336905 1184.9051995914 245.7167939517
1149.9202223727 -1834.5687918831 231.6566739002
1269.8319878933 -1662.2117638938 1146.3360631278
-1864.6663486872 -158.6829530049 -495.9572695920
-1526.1591837826 584.2234010218 -591.5871440883
1870.7992981205 -1645.2740595532 1096.8754001877
459.2649003868 -563.6667918505 -216.7914845637
677.8801619613 1591.4764994191 -1236.8262409958
-613.7483131095 -543.6201497592 -1164.8678388061
-976.4483270021 1859.5563796345 957.5638194000
696.2917290390 -1664.5048191750 1876.4418431694
-518.8165022522 533.3164578694 183.4190213225
-1396.3720674186 258.7711859697 1390.0400884245
-922.2648871320 856.9025696997 279.9037614643
1882.4607049497 575.0174197079 -1468.4479490874
83.9134411512 -1649.7560784149 -661.4846211515
-1190.1973655948 -1930.3130245848 -1174.3680624212
1676.7158964366 -1914.8259900797 -853.7817985306
1893.8737583805 1415.3464268369 703.4978923785
56.1289990242 -706.9301341827 447.2987313174
721.9158417902 1319.8238313691 1657.9054860096
1121.4594162523 826.8582792059 -1071.0157352461
-1633.7683478252 -767.8402224208 -162.0862912409
-359.2769456228 1708.0264022450 -1236.2473066315
645.0039429454 1345.3354814167 -1159.8331342022
391.9053386299 1742.7740819684 1485.0493214081
-735.0458317026 1471.0635961913 796.1404224286
-974.4981912778 823.7670610455 -145.0788263331
1325.9445159355 -1981.7531100760 -1573.2132489138
-902.0108414034 -1794.0523696672 -246.2141385383
-406.7033486892 -1856.6111054795 -1948.9620432731
1373.9059964839 1544.7445339259 632.6964773717
-1550.7737636157 -1973.4831832604 -1626.3161531515
-1657.9516018419 -55.7468514708 -31.2568055676
1715.3920955772 1525.8887561991 -441.4816579114
-1854.5614070388 -611.1631204144 14.8378896719
-1063.1599498537 691.8268358514 -1333.3721014908
1257.9757296786 -1738.2066421634 -1540.6153671855
-603.2212197260 1662.1881211678 -989.8193995813
-378.3054332394 880.3735009190 448.5501626499
531.1365415132 155.5861477117 1437.8704166456
-390.9142213153 143.1051068374 -1142.9584861971
1499.1418870388 1954.2318913670 783.6581741129
1968.7285569273 -1254.4732796781 -1444.8357507989
-1122.8762134927 -581.4783359619 822.8430646648
-1791.2459906883 -880.6587230856 -1432.3190317405
-1035.1581106988 -158.6168037009 1464.7878435769
1073.6425082277 -603.5439367413 1905.4402517550
1526.4039856870 -752.5767306036 1455.5526211725
172.5637978074 -1238.7897339745 1611.3522777362
1846.5397299525 367.2571500506 -80.3278466921
-1941.7420044235 382.7377946308 1482.1296930232
-1271.9506858269 -1270.3569990542 -1289.4189040822
-1505.9992718636 -1975.7406250994 723.1900545707
1024.9948351243 -1960.2590322901 689.0086834973
-1527.4863022589 -1023.2474728144 -1154.8755872825
-277.5682559129 368.2772122850 -1674.1967357792
-1848.4085258799 -1596.0997129165 76.6706687340
-1414.5962733195 -1284.6501685493 -238.9321382464
341.9712461469 134.0942569095 -1464.3468702647
224.3032693693 -542.5880064220 -1668.4720302312
128.4663700214 1514.3183224698 191.3111279142
516.2453374078 847.5259934447 1101.3113601134
-73.2893497724 -1822.3164505874 1041.6218924724
771.6223156959 715.4655236600 1721.9310646277
-1569.8591411486 -487.4568009791 -224.5962196505
972.2035837960 -499.2711865243 1451.0986757438
1966.2771379925 -10.0340369645 -1281.5846984092
-1761.2109404022 401.4040732483 -675.4857267375
-700.1700651947 948.1214494470 -768.6235858023
1569.3290959257 -768.6006342081 32.6280341932
-563.6039473882 -961.9630251084 1170.5012058764
-481.1895927112 -935.0468471693 -827.4348635640
-1235.0369760674 -984.5173975191 -634.6632510908
-1436.8774986651 -837.0091806530 305.5586637098
-714.1242882334 -907.0025302771 857.4980740020
-786.3586169696 -461.7609448819 94.1792643582
-712.2879895873 1561.9087712404 -603.7718877105
1152.8289960795 442.6892490272 -915.8308576166
-7.2469361192 150.8628104962 1756.8425030260
-939.0402414733 -4.8950185726 1499.1588035075
1855.7474507000 34.2005838121 248.3487779813
1004.0062887503 1230.6475406499 -79.3971082417
-741.5766506833 -1497.6601993093 -214.6868500256
-49.2934500499 -1188.1617560608 -562.8883362454
1794.4263379326 -1348.3263496309 -22.8233348078
-1579.6456385940 77.6253602633 -971.5675844375
736.2581291395 -258.4916282125 915.6840139291
-898.5483134573 808.4059675455 -143.9080797153
1004.9506198418 652.9105138625 -1611.0122849428
622.3501505559 59.2069124115 -198.0291613680
1681.3116691400 -1566.7290085980 -687.1377920559
-1194.6587093373 118.7744186566 -468.1983737250
-1870.2847777030 -1924.7334430487 210.2219079586
-1244.4514002455 611.8481732591 1257.1332930869
1752.7773534740 692.6473780663 358.2312791966
-1595.4091642241 506.9261910637 -1830.6803557264
1166.1347628433 1903.2138821099 844.7684868028
204.0295135314 300.1092021827 615.2875841460
-82.6011812149 -915.6612205348 -778.9434805629
1934.1636326171 930.0979440262 134.2486520739
868.6820268025 -353.4662643248 -1235.2168198674
1987.1561636606 -148.6191679077 1763.0969797064
-1082.2471554102 -1250.2900068921 -1907.1912505308
1359.9489913852 51.4329556598 1680.5408424692
1821.9608124198 -1971.7025890607 1148.6663447710
1911.3311386354 317.8407071357 -763.9862512951
-827.6110186707 -1160.0611852554 1966.6693617747
-126.0575762760 -1858.3071283295 1741.0500786768
1190.5229130801 -1597.4579454654 -1265.2381824665
-51.6028774047 1358.4632144556 -703.0861580632
1636.0812656252 -120.6027666255 -1802.1707607622
-299.5342276055 409.1825821504 -922.6916449201
368.1371343871 -1326.4505760946 1006.4776117949
-1724.8574611955 -977.7883219038 1156.5975792746
1619.0929615664 28.3059803928 1925.3849419601
-1610.9696866812 1174.3279919201 -1570.0325670241
17.0787079610 -1392.5357200598 1557.2005917547
1307.5464246074 -330.6606976720 -965.5067209349
1553.9086725529 -649.6660690847 1870.3858316765
1549.8987776924 -1756.7776080633 -1584.9792452543
1909.8385931438 -1105.6211722617 870.1956727668
-1714.8557053851 -980.2437255616 -1255.9161900690
1211.9610470922 -1458.8003753682 -1320.5714014755
-1932.7167493201 -106.2628592985 -98.7050687791
-228.9253443340 1685.0768179313 806.6121210926
1443.9961810278 1034.3188460926 -961.8580619896
-849.8690717090 616.5545471200 1948.3091458294
1006.3814726513 1411.3859043273 -1067.1184142757
-1305.2244688778 583.1529948023 -925.0001303585
947.6475357310 14.3466379123 1585.5127945459
-569.0102243514 -165.4814011003 628.3653303060
307.5615190085 1661.5219592842 -1125.7731734160
1724.7119196060 -1844.6417884947 -1377.9043191334
684.7256626379 -1946.4471070206 -1638.1102925620
-1277.3396597067 -1585.9311250714 1959.3297275887
-395.3264668687 401.3575514873 -1013.5407544871
-304.9687036756 364.4772684352 -240.2490115583
805.9941185184 1393.0036353315 1128.9975923063
-212.3546632432 751.8890725493 -501.3485443181
-1360.0719192017 661.4845413589 -1369.4761402849
1754.4401095030 1100.1610776067 276.5821125005
900.2172018369 868.1660581598 1316.7431802360
1755.5811637702 -802.2877680865 1885.8779458887
-405.1523418104 646.6685688638 -557.3726094861
266.1261100138 591.9506096132 527.7704370029
-636.5095887531 -909.4967216665 -44.5274130980
1560.4309948869 1076.4273933846 687.4577536643
-159.9284068811 518.4198836477 -1311.9591816833
830.3999379066 -1219.4286622895 1154.7667301766
-964.9548145659 5.7408059711 -980.5025239007
1426.6831663936 -384.5552482753 1442.7305259348
-1434.5186481244 -588.3488376958 -324.5972170330
-921.4460703982 -370.4790637128 -1457.0647094168
-1670.2874306639 1987.8276186361 -617.8920135114
-1915.0353611772 -350.1978705485 -810.4330936784
-392.8598529482 207.1436866930 -1336.5073271006
-812.4176677684 -157.4068552111 533.4721804224
587.4707201187 -385.1808432255 423.4620769228
1697.6635473979 -802.6108875327 -704.3044659343
-1138.4114252991 1538.9903874844 -1070.2597095415
1105.5797606640 -1641.7898730994 -435.7070745719
1769.8100479854 -1176.7259813674 -1683.8177085037
-1505.3484559393 -929.7081631878 1894.7302901471
678.9072296768 64.1857590075 -1784.0411003064
887.0609816984 -1331.8940828677 -1197.6370625770
909.8043324465 -967.6682285054 -1928.4333090862
621.6267204950 -1548.3364537114 771.3543713505
1682.0565888419 1227.5192393889 827.3634572248
-1981.9098243535 1674.8206523467 46.3085739387
1782.6154262118 1630.3011009347 -201.3484691204
-1227.7828788783 549.2794352220 -1526.6664946141
-1123.7559134683 -216.5056267939 1762.3675919975
-1674.4667400326 -1461.2529931102 1768.2137741354
-750.8792423297 -1465.0470352140 -1899.0651484109
1991.0457973832 432.0898047536 1551.4272350973
821.3914186854 -109.0503841696 841.2005873233
1558.6654217826 531.1407589280 83.9426013476
-484.4405667961 -1286.1167749165 1371.2713041850
415.1240101565 -592.2745503693 -172.8647720399
651.4280731652 117.6949040893 638.5859692609
1905.5772404987 -1283.3945233285 1845.7296968939
-1226.3857858691 -1525.6806800181 -392.2983927319
731.3200640804 -413.6188686801 -1065.1641290607
1326.7797018513 1736.9262497544 1596.0927362153
-267.5591118585 -115.8717828150 -389.7396190191
-237.6019448887 540.4175471673 1358.5659384714
635.2777567252 -485.8359385043 682.2257220394
-1684.8807983512 -1748.4284849089 -1982.4465882419
-885.2929374086 -566.3688008125 -1713.6478324395
-1552.8216740896 -1836.1503484813 -37.8082013200
-940.1811408382 1445.5012080337 -1639.5557750047
1492.0723261252 -360.6149246782 304.6506699573
112.8201524245 -1216.4705601511 -624.0030860836
206.1881710700 -414.6671121722 -1752.7778475777
-323.2153771116 -1949.9853876412 -655.7053727381
-1045.4766575489 918.4403699897 1195.8288089698
-1855.2375011310 663.0395099328 -1083.9902547304
-1485.6286162693 -818.4985661595 -882.2376333822
597.1907334974 995.3214588646 1600.4841949889
-1541.5618704378 91.5854159586 -290.5907795925
953.8751113450 -1012.3676780309 942.0865660812
-1053.6399144295 -697.1188247957 46.1775930851
948.4840882707 1139.7262678418 -966.0893037043
-129.6797378503 1671.1554679317 1898.7116773450
-1732.1406604047 1303.7646387699 -153.9213142056
452.1412303537 957.0914432248 -782.8242894774
787.2764047743 294.0441435451 726.1821368176
-1601.9892831715 -595.3072883075 54.0887619520
-964.6156800432 -255.6347756942 -1204.3243429067
-1704.2584548952 -533.2322743147 375.4691122012
1623.2753149273 -869.7759586888 -1290.3046709992
721.9695723461 1459.6410041144 1874.7482278679
-700.1623078683 713.2854632140 1751.6211769007
-263.4008238451 -665.3289295807 810.2844989588
305.0701348441 -1733.6363398714 -1510.3688475657
-126.1357896003 -1243.1259060464 -195.0390039976
-83.3092385514 -1752.8313353761 -1469.4965972052
1732.9700348107 -1934.3260196643 -735.1231414242
-283.9967033098 -754.3882321038 1058.6026181188
1937.9252253048 1058.8378252779 -1693.0872922825
796.1778978170 1607.8222464740 1046.3910736294
-1056.5319338853 1525.7682633076 -647.2461666947
1508.2941726079 76.5445628300 -1434.1237698699
-1266.0312455114 1423.2585546784 1833.1818678160
153.1844553747 -1042.8325820526 1989.5788393172
-124.1665897601 1991.8241017171 174.6334672707
1284.0545734565 938.8788598869 -359.8506887355
62.5594470873 -402.7849208210 -597.7838261616
-0.3952074854 270.1907031126 -1839.4142921081
-873.9623443512 1693.8184289028 -1570.5165034572
-1744.1956054461 -819.1361925084 960.9190289061
1225.4461043105 1980.4743831062 -1459.0834148643
-867.0062763072 803.6478491694 -1253.3583821860
1469.1860041052 54.0916288475 -391.2193006601
621.7542196137 -1780.7190659669 1358.2891546494
-1117.1075902173 -261.1202367352 1398.3160313646
355.8700172501 314.6702413654 494.5495050938
-486.5516562024 -1404.4128514532 -1001.7076561300
-1675.1421009332 1855.6984263599 -1334.7767680874
-674.5369064861 -181.0604012869 -391.3789558641
1834.1768781374 384.6537249777 -516.7397437572
-1000.9172845292 -179.2173687465 -1572.6358884532
1620.1485484026 -1441.8229338203 -745.6435194338
-352.3883854815 -939.1550387625 -1094.3252000490
-933.3854573426 -1433.9806942697 1758.9529935066
205.1716593570 -1721.0559238815 -1883.2277918753
901.0463326280 884.9002240682 -174.0878432673
632.4581589743 -828.1331805491 1396.3855104289
658.8141753030 1621.0494556924 117.2239230822
-1960.5619647546 1818.8517928563 572.3246304279
-1216.6881579371 -1969.3736265585 -1136.3281779234
180.5693440422 -474.0137940474 -1106.1491663022
1918.4860328447 -1678.9391252705 440.9763422748
692.2605044089 -1499.2502871864 1373.4924540780
96.4902632485 1050.4348933084 1804.1900810126
-1055.3826454648 -1497.4347798141 123.1990523318
-360.8732349686 -1888.7413120164 -292.4608231258
873.5097168540 -1301.8839040769 1644.9123928216
-670.9476187743 -1760.4944093582 -777.0363023800
456.3054357477 383.2539856501 -462.8916351593
-1949.1569546611 1926.6236910468 -565.0870955040
-1600.6726480161 -1946.4917630740 996.1715102134
1298.1495486975 -510.5058990848 -341.7103728308
-56.0729912290 1612.3977095667 -843.0045463701
-1569.5388973423 484.5256912786 432.3964263322
496.7028255609 821.8010279610 1828.0688376617
197.7734895581 -1576.6874081913 1989.9979082455
-775.0113584657 -973.0694487127 -1451.9421018137
1643.2237468030 -1059.3864832641 443.3708259589
1008.5051454445 -186.7163692481 1841.4171080501
-1833.2586820673 -946.7610305373 -763.5718575049
-436.8538172258 1126.4129059320 -757.2108799161
603.9278387454 1099.3393686450 -343.2449124252
1685.6942435910 547.2678665952 -1310.5937690457
1899.0570808173 848.8753698768 1847.6952427105
-1129.3108511159 1095.1985873875 -1577.5823513360
1217.4651503480 -227.0087064430 -1595.3621383366
1240.2203482918 -572.2027005571 1354.3880232599
-1262.6665260709 -1448.6362856389 1419.1887798498
434.9659720203 -1748.1004788386 366.4650827172
1980.7916304182 -718.4745771499 1700.6190357206
-1013.5486055260 -870.1195649461 319.2346317178
1593.6556056283 -1410.8908838917 -464.7328833764
1367.3633469022 -1067.6977855224 926.8615483824
-80.6794058723 -1762.1986409996 -1032.1775458457
-768.5536739335 1055.7198117468 242.3948077733
-324.3628524276 901.6431943369 -96.1186258246
-1861.3529488141 -1020.6934673058 648.2870512486
1484.5107665973 -1541.0127400600 1566.0783638756
772.3236591098 1032.2237120023 -194.8164187073
-571.7593357284 -348.7896140495 -1438.4658508208
1245.3510253976 -867.8705711712 -398.3815405541
889.5046489599 -176.9501334802 -412.3310846103
980.8849030269 735.1633449924 -284.5397057856
-746.8736345389 -636.7363471213 329.7860740658
-21.4100655720 209.0661663943 1861.2577991320
-1505.6060708774 835.6337874836 -1433.4121437779
-708.6108349997 -891.7188329935 -317.9339746308
1791.9860420145 589.2388624882 -1244.2385534587
1739.9427996562 -943.1766464853 -1309.8332322960
419.9278621054 -250.5044586569 1032.2227970943
-224.8809883405 740.2991105208 823.3834889127
156.8649039548 584.6728234799 -1956.1181976709
-1208.9060279467 1352.0098514648 -950.9457306476
1329.9616374364 -169.7428525955 -1367.8790932134
1390.7721323211 -1603.1641524678 1950.8093644671
-688.8924126359 -1556.8618379050 1071.0878548121
995.1583596548 1429.7591027195 -1756.3942410016
-1075.5353888837 1310.6091520520 -378.4377861904
871.5040148937 -1446.7948293829 -195.6192977226
429.1845238562 -785.9978624910 -1526.6195315738
-1318.3145220212 514.7178705955 -837.8816841569
1070.4489480714 -1225.0075278620 1090.7889121547
-1515.5079482758 302.4615751468 -1856.2184448776
-1162.7581312014 -521.4407212536 1619.5485686334
602.2490213496 1444.4602614319 -661.9280298210
1925.7199850471 1851.8119560444 -246.6120076365
417.4718880289 1987.3588841803 -1434.6901800516
487.7039445367 236.0137716679 -1894.6294197909
-177.0814719960 1076.7430495871 142.4678185066
1165.3915464083 1900.9350863802 -1577.5091292223
-172.7529679645 825.8299287412 221.8728742844
292.4221722717 -352.0474597569 -1694.3563359239
-1454.4328590244 297.2448051055 1789.0617553503
404.0148024020 -1766.8673362514 -1728.1750051818
1227.2987887393 -1240.2315415567 -459.7398876345
-435.6451863301 1631.8129925964 1970.5841194646
-260.3025487516 -1557.5615446706 -61.2543044941
73.7622564591 -1319.5738971204 1327.2320717380
-830.2667905732 -1753.8665239859 -1852.4039547273
-832.7998914658 329.0499350172 1428.7261477654
-1403.2927544684 1336.9353845270 960.8165336270
735.5470015383 -1267.7207887650 -1277.6084065388
246.9542447896 -540.7176855171 -1355.5535551523
-759.3130948795 587.9020563435 1846.2910053539
1158.6150341632 -78.2825083994 -178.6889152648
-17.9474893535 -1718.5991133037 826.3361333348
407.7977723045 -277.5301564086 -501.5994980541
-555.9699892912 -373.9076548740 849.4563809142
-1502.6113144088 -759.8293690606 -572.5823177561
1511.0570958213 340.5389170793 1727.8169455670
-1005.6559439957 -1600.8215550876 -57.5315896657
1649.9595447513 513.1118852904 -485.7008082715
-471.1392029025 630.4493043581 -11.7645334265
915.5631578099 328.4936977120 629.8080234134
-495.3488944602 -482.4437815543 -409.5703083682
131.2319294219 -1757.3547198694 790.4837054401
975.3449967379 -787.7089493673 715.2529995512
-1533.1940076952 -1623.0042598599 -1566.4464080132
-1573.3871775619 1090.8178929686 1520.3949409172
-255.5038553302 -257.3682787480 -446.8238689749
-301.5680563308 -1829.6973555017 1181.6698794217
-697.0353365966 -1568.8213464957 -937.2888991873
811.6324113816 1943.5579956755 1614.5358723055
-1053.4343953469 166.2389892371 1381.4273765775
1980.4099444910 -1399.7197259703 591.9845037128
501.7254101260 1080.4648360307 -1503.0329112572
1658.6486970907 378.8759995883 -1174.7772697885
-807.3158650070 -1428.7284392834 -1158.4190077295
1219.2178604114 715.5644290857 1747.9169648091
-42.1208257188 -641.3680543232 243.3300773922
47.4434597585 -614.5708842514 863.5465169759
1848.6501035410 1004.4937401549 135.6197419732
1282.6929178964 -352.5522218478 -1648.8614668144
1661.4670503792 -1708.9020318393 -1703.7053585275
-298.3058356885 -311.0216656622 919.4052263108
937.5333748698 1922.6657883236 91.3094144494
63.8167620113 820.2483758463 473.1051775467
1488.0590977462 1675.7490664982 1158.1878283073
-146.2298505828 -152.7837876892 -790.6502287852
1451.7903614523 -745.5695203098 37.4793451827
-556.4668211393 -333.6680505466 -128.3404156985
514.1354654777 1496.2399390396 333.2816038922
1543.0211627337 -1111.2022417940 -513.4772742460
-1777.3040415967 667.5105784208 -319.7214458589
911.7860134840 -1060.7870292252 -42.8811381443
196.2328799424 88.5939286898 706.5714317500
722.4554818269 1781.3627810521 -62.7939334350
1151.1894119211 -96.2721100259 1420.2675050948
1672.5593867567 -546.3653190168 -1471.2300298074
556.0278155633 1261.0782476414 1396.9900289348
-414.0239720936 241.8973040789 852.7600652696
-1504.6086928380 1881.7025358401 -668.3375758365
954.1566510496 -1933.7379109646 427.4502992258
-383.2716916761 1332.8473948978 788.2127394613
-1481.4349220738 -520.9033464819 1035.8043390503
1236.3179944213 -365.3726993590 801.3895851268
1701.5951782479 -1803.0338384659 1721.1958347370
-1222.0257672951 730.5239110220 1561.1551957157
854.7517473998 -764.8729584244 603.5188434533
727.8057320588 -1967.4472067062 -919.7399282933
402.4907023677 -1233.3399423530 -901.1344528250
1116.8758646319 -1876.8811635502 -1680.3139479021
-388.8360937727 -330.5884480983 -1581.1197570646
-825.5666320442 -0.9302918118 -1371.2850823013
-32.0707893593 935.5018357621 349.6888982046
530.7793920678 -374.6056185287 -1042.0123410005
-1259.0510843448 1275.0906902120 -166.4771592019
334.5290730814 1762.0210409050 -171.8537673515
-1219.4948598205 -154.3424065922 -948.8770285815
1460.3450726128 -1275.5665933335 939.9416889772
-141.1738713630 1222.6967386330 -59.2861225829
-1399.2823209792 -1891.7354173546 1652.7854230922
-1713.5737322380 -785.4079270061 -953.6270980183
-738.1282251853 -575.1321797384 -1097.5712113921
635.4473696650 -431.2166445083 -1214.9663092132
-1892.7107325881 -1552.4746432690 1367.0685587757
-976.7148197234 -853.0224737091 1772.9643580534
-1930.3758291928 1687.7961139435 -63.4483379065
-1723.3448644129 -1948.5942278027 -1082.2845089862
1646.4827652841 -1392.1384088804 1574.9350690399
-812.1677267394 468.1228094846 -981.6709712605
-1584.4721676291 975.0010114890 537.1350999664
-1209.8678044849 -625.4371348525 -1858.2097555387
382.7962139325 -1204.6967930316 1255.8774524541
-570.8619530829 -1262.6891022540 -1142.6307931904
859.2851668410 -1329.4560581155 -132.9638991250
-1282.2833487470 -1142.0862401114 -1092.8365254776
-623.0419533504 -1483.3427454314 1454.8994996470
-637.8758786554 -1304.5782148514 659.6508486830
988.8358553078 495.5531238919 172.4273643099
1290.4378916937 -1131.3662323738 -1377.7162568743
-1736.5059260133 1507.3140296851 947.0533960670
-1490.4911184650 405.9125224657 -1406.0710393509
-1992.7497509518 1164.8023730547 1584.7519437990
-0.8027494697 -1481.4945215167 -1092.4991602168
1374.7066401705 -701.1593120133 -1236.6215537430
-1608.6663026107 1453.6854675917 -552.2795154997
-1463.0231110238 381.8434702412 -214.0278296848
-1209.9619155454 1910.8357122298 -1530.3084337379
705.2085821926 659.3948915829 348.8630191415
408.0630725980 130.8853479498 1176.0952635803
-900.9776547051 1150.1432668869 1468.5621955305
-282.2300728273 1034.4892165346 774.1173490382
-1447.3390463641 1097.9345994397 585.8638854086
1545.8799710740 -204.3847458208 -1836.2096087970
-345.5253988676 -1464.6740813052 -1142.1674178872
-22.1722339429 1122.0052633684 1188.1411736797
264.2292699797 1529.8927949402 -1726.5957686913
165.6632952010 1371.6854667791 1950.3856076774
-476.5632410266 1672.9076612378 -265.2999587800
-123.5695383625 1656.4798819440 -1504.4059141743
-887.5043922178 1872.4864158442 -1816.9626393971
1173.3249167632 -1670.7221850665 1570.5364244797
-458.6676272239 -945.1340084955 -1172.6719547852
-896.1591141076 88.8070396679 -1618.7554647183
1794.2561234312 1290.5124670182 804.5595568100
1594.3245693810 -1498.6115335274 663.0599146640
1387.4913084726 1786.5656700274 1709.7721813918
-804.9634721209 30.6800684585 1336.2825193671
1881.3562103773 -1152.8534166573 1858.6566098172
1791.7051297467 -1311.2110182751 -610.7794598707
77.3697012025 722.8261708375 714.3781005541
1214.4381879293 -1857.4589056567 1968.7468650969
-174.6120508144 -838.2448657808 801.1931406903
238.8501279887 -356.4851797864 -1785.5346697372
1600.5573453695 366.2344042121 -306.7988833824
1484.5414425825 -1935.4813751964 1688.4756541784
147.4400661674 -806.9513991474 -1241.8289331331
1882.4870480779 -124.8464853535 826.4229529292
122.0581542101 1479.3641317540 -369.1805228166
1470.4546855987 911.5612121088 1698.7538174761
-1535.2380020107 1530.4116099950 -1626.0240491662
670.0539064806 756.8830434155 -729.1349094382
-125.0183090061 -472.9846931550 -1502.1295153191
1515.9308388905 -1040.9904160174 636.0627773036
1959.1617857081 431.3221248402 -684.1399977548
530.3810280739 173.6785860780 -1798.7821760421
447.3392898568 200.0200815926 483.3685442274
-1623.3458742149 -756.3370399045 97.1455807239
-1914.0487282141 -874.6766519885 -652.8734447877
-1137.0391212169 -1580.3885117984 375.4255124842
1691.9437303929 -618.1820834692 -1664.7133773393
1735.9054648433 1443.1680925563 -1369.2430917234
268.1166307842 1546.4438131438 -1980.5448031141
-54.1057454424 1683.8830233974 236.5369852487
611.1233881016 -38.7187236015 124.9075428776
-1997.3757304782 719.1901756929 1819.7928775497
-208.3264227904 -770.9674117205 1324.3603729177
884.0852377145 618.5917651299 296.8305692761
-1725.9862921161 -750.2920984822 -613.5216302953
-902.5632001245 -483.7528474426 1520.4598596290
-61.1128330975 -1216.0294556049 1687.2035566762
-662.3288071079 1833.5596242441 -1463.6013850697
236.0325377716 1235.3944704804 769.1330679358
1866.0312940967 194.6802758390 -1156.9021046365
-1813.5459479731 -429.2320113096 -1416.1224979767
-1823.0889212844 1273.8125626757 430.1118114070
895.1935733516 187.5163649689 -1224.5416539872
441.4592481975 1529.8870047858 335.0829915782
-922.1327874331 -869.1333488222 775.5277911933
-1020.9255712166 -411.5071262698 1028.0160253637
1959.4785130346 -10.1803974908 -1116.7732159543
-775.9144853552 203.2037315116 1981.6205298233
1673.0131403997 1798.4845679792 546.8794904570
-1735.4324952439 -1633.0022658055 1992.8483727528
-489.3339551179 -1460.0953247434 549.3880961476
1075.8021686407 1747.3055797546 -591.3038757918
739.8682505341 -1176.5299446707 577.3050548827
1393.7756392175 -772.7941374052 -743.5199112472
202.7076722822 69.8124639448 1223.2739254654
-1744.8824003672 -164.1585620648 -849.0893990240
-801.4155431271 -1713.5678073955 804.7482682403
207.5139130766 1423.3824960383 -1351.2652196173
-321.4317316158 -1160.9803445172 -1130.7995164473
-678.6886884874 -128.8603874102 -1391.9446006700
1310.1872672594 -6.2915787584 -1903.0723243457
-275.2603637120 -834.4022394106 -1505.6476740646
-1579.9877685494 -276.0527325236 1483.5957373353
-907.6453763005 149.2090953017 375.3176592614
816.1082575537 -465.7857783679 -1418.3492079757
-814.6183066161 719.8819415312 -1005.2512941392
1812.3202343303 -1689.4775362758 1948.9320660475
-1404.2698814574 -1584.1392629912 -293.4390079677
-1968.5232181690 778.8791073412 -794.1802495791
1460.2155822648 381.9300831828 -1588.4871658041
-1500.8177470758 -743.3079162743 -1302.4586849889
1082.4086561652 1934.3427329980 -701.6682771522
1622.2148101895 236.0467243663 -284.5543497698
-1369.1631944145 -247.6139946373 1692.5732738328
-1385.3003324251 703.3551886708 28.0318936315
1262.2643835280 -740.8960269119 1178.7777554605
363.2308834679 -61.0875373715 1205.4849055576
-1944.0656788355 1095.3773122662 -629.9942719434
-956.5765081509 -1891.9716199699 1574.4302606218
-582.3676205049 -1122.9542002236 -1620.8678449367
103.2827165959 -60.4545625422 -1436.4101447931
-293.5606376939 794.4239009281 -1610.9630971236
-303.4791082756 1371.2781030019 139.2364165296
1782.3681012729 572.4582413040 1988.8356194173
-1037.0031798374 417.3902326656 123.3193196396
-1776.6960465876 -1722.9329546115 -652.2568580819
221.6245807371 1599.9896062423 928.5062248933
-1916.7611875336 -229.5560312188 -1915.6943415687
807.7632866252 -1556.0240702899 1304.4373111329
-575.4706280018 -1674.7181843148 -516.2949477143
1749.3574954777 497.6289887843 -31.2695835603
-915.7384191999 -1149.9139791149 731.6031310036
509.4650653280 1980.3071283489 -1500.5761469350
-794.4687797408 -635.8875380290 -987.4464000575
-27.9909412725 1034.5163026978 -373.6337255241
920.2244097168 -1660.7340736489 79.6753820772
-1162.6630974694 -944.9018627841 703.9621624182
292.0431777147 706.4165580780 -468.7103402761
-695.3872909008 560.6028051828 -1641.8436303124
-930.2977858897 -725.0077141321 1128.4726161391
1906.2360440906 -1204.4501772036 -1114.6478963268
464.1206906517 -22.7063279389 -234.0251517361
-1805.9571287218 704.8241056298 -611.3162848634
1704.2882300316 -56.2068853986 1241.0975086754
-232.3478914715 1727.9290429283 1902.0880922294
-250.8227992428 -1716.3172905959 904.0377796695
-148.8958282884 -1838.7654393745 -171.9260630658
-1934.8174275070 -655.5338732738 1661.6141884487
-658.3177232345 1274.5583083051 -1864.9787689482
554.0801207851 1638.2997589357 -76.7438317271
722.5468096224 963.9110741144 307.6255069670
-1683.1595685373 1109.2811107775 -1272.9419143171
-1684.4903463110 593.5942200687 232.3162889293
693.6410561551 -1422.5136463736 -1311.3928423710
638.0156792314 -1023.1575271749 349.5161439103
-984.6633682726 -677.6328135326 1163.3049128116
1037.3927845922 -1575.4589537013 686.2632386761
1926.5301227276 374.0073330012 1512.3910652670
-1728.5626179009 1903.6053041166 561.1300805301
1570.8218809970 -972.4665766298 1088.9343210418
1894.2119825000 1908.3067095916 -491.1926053206
-925.9255759813 -1893.2270942609 -1273.5093543203
-1702.3750148637 -569.5259908774 1960.3303333560
-1307.9605439928 825.9657639109 1650.8012891563
-488.7827361924 1478.1298239852 -571.0597931031
-531.9760217690 -767.4157854502 918.1314407944
-824.3095263494 1845.7453142552 -239.8856381398
-184.4096831018 879.9037758884 -1877.8180490466
-1995.1606595299 -1593.2643708258 -132.4608183684
1893.7856734403 -772.4207983314 1925.0419226109
1483.8019613210 -980.6326554042 1876.7827801152
-405.5259193178 1973.0095959028 -850.5053159679
-1643.0952240131 -1336.5437145706 -1412.4910786303
1160.2127256686 1528.1205082009 1681.3500656602
-633.1690069562 -306.6418865332 -1720.3564070053
-438.1082865238 1305.1512590166 1467.6023384968
-1672.1220794595 11.8629362320 324.6879571300
481.0672714124 1295.2626023667 399.0993498603
-98.4786650750 -152.4034536229 -101.0243551613
-1942.9047073557 -1027.7087763225 -808.2950979296
1738.2425066897 1331.0745891765 -335.4609385789
679.6466934453 -1652.0292435016 1642.3034087433
-624.6650307740 245.1660118636 -1802.7279043365
-376.3908099916 -146.8425516131 -1655.8555827669
-1785.9404024063 -1321.5263450480 -1479.0203590285
-1775.8469704655 -1431.4888223693 -1759.0004587609
-1712.5317681484 -910.0020856425 646.7536548299
79.3905966113 290.6961486116 389.2929617480
341.6294564570 214.2054018816 -1507.2476205504
1210.6928612752 965.4877912057 872.0606952794
1468.5659494359 1696.2404382686 -1068.2807172276
423.9984546108 -1522.8337785097 865.7214402820
1645.5139473793 1302.0688305607 -546.4512264871
-1698.4143604216 481.6518150756 1621.9720558962
-1997.1649203272 838.2112246444 1786.2293300298
118.0008294387 -1823.9254682706 504.9441510475
231.9353298002 -1140.4939348433 -1116.2267586854
24.0665197629 329.3615326464 -1998.6106606168
-1859.0906489045 -1999.8846956900 -1704.3570627850
-22.1039801948 -545.0140940464 905.2100145498
1643.0201308163 422.0720064815 752.2437209353
119.6363081044 -1968.0113410877 -345.6622404339
-393.1204560111 -1322.6763083428 -1596.2451644345
925.4291055947 1994.4010395330 -415.2520175766
1507.4033977839 -1939.2379597606 -992.8716457322
-837.8851467303 1363.3342405794 -227.6042383865
1169.0481647264 -1942.2204848968 1833.0351631255
620.5008639372 1926.5848480857 -1261.6720105372
-806.8914047534 -1795.3724587131 -1345.1069676580
-295.7874580286 -1032.5993519745 1556.8163047810
576.4851304077 1007.7103426138 914.1287085949
1422.8289742554 -1959.9767944319 -977.6095128380
-726.8886742696 191.1388415988 -1688.3772478876
413.2737562994 -237.8403881432 755.5639286884
-185.5892939581 959.6550813784 1828.5065251987
-475.5815174186 -395.5157838194 543.3033702374
1481.2104599748 540.5403987587 1846.0713367021
-1246.0091943399 -1734.6407891236 107.6281579635
1904.8158942680 -1675.3515124812 -808.3676345605
-1025.7195583548 -1352.2198054401 332.0928441605
-368.9281101814 -328.9512462793 -1330.5028656717
-1143.3892902803 -635.4932814680 1801.2919838029
1394.2288186718 629.0285837227 198.5595316982
484.6598038423 181.8340595432 -1231.1824864455
1553.2193482102 -1865.8235844551 1039.6393803364
1035.2608108816 290.7093696292 206.4260574033
-103.5881448042 718.0522987748 1147.2689970368
-1801.7200169360 814.9207840949 -525.0015841734
281.1714620324 -131.7606739949 983.0569353831
1265.1911875892 -1053.4110689514 1699.3916393341
1259.5934905091 177.2589117159 -397.6346511047
-372.1796830895 -1498.0209924589 -1644.6521568007
-106.2581303622 -682.1452548595 -657.0054204514
-254.2253150231 35.9417523274 1779.0853269132
-982.0600301484 -674.9551954070 -1135.1873813303
-566.9048766214 -1297.3489993790 -1040.1416873964
10.8082391266 148.3618425984 268.3084790223
-241.9264566592 348.0757684208 -160.6473522990
-1472.6250062843 1849.0407456476 -1518.0863241951
-1969.4051118696 -757.5138299005 -1524.9722377865
982.9433089503 1732.0498810938 -1995.4048239892
129.8046062790 -1721.9225245384 -1910.9990562650
110.4345219196 1559.6163951297 -1275.3966125299
1436.4744737423 482.4997679439 -1550.9154171631
1431.6373035004 481.8028335604 520.2624327983
-539.9289414989 -892.8107625532 -631.3824110708
1841.6754224301 -482.4902289635 17.9063722244
604.8465867705 -1143.7062122984 925.2740863796
1373.5115276297 243.7987957721 702.5430237794
597.5510619170 609.2584964293 -1858.8503255671
670.4006240177 1110.8351918207 1327.2656179602
23.9982354684 -1652.5913635397 1524.2233115376
-1455.4983046967 -556.1324051143 -596.4248412209
-1827.7895683748 715.1919435202 395.8457739225
772.2521995819 -1464.6568673224 -1502.0646127927
-628.8900374030 -1495.2184691620 518.6773291785
1430.3334948212 -732.1198905945 -615.7575555731
15.1107497150 665.8364066611 -428.8106588996
-1051.3207483847 218.7441676076 -1093.7593684207
-1843.1870168350 1790.4610463208 -1702.9716541891
503.6195054749 -823.1141199130 -1396.5349398212
1215.2688384923 -1091.9627581026 -628.8255416231
-903.8576707183 -340.2541601484 -994.7272606269
-1634.7394105286 1598.0652198333 -1763.1464961406
-374.8846786628 1130.9622836553 270.8984812661
1712.7644041274 1220.3647590238 -121.0356981924
-1690.4636468523 510.8731939164 252.2300671258
-1267.8585553765 -1603.2029347028 1412.2849890700
-1418.7135968077 188.3599936348 563.7438550169
832.3395239396 1316.5967167617 1183.1736138192
1183.2498316005 -1306.4247976298 -22.2070226744
-1081.3413655457 226.7246560064 -1364.1379688397
578.5101262980 -699.5431776605 -1375.8488392109
1317.4257054830 1585.8464711342 63.3685712145
-236.1139476568 -1293.5919120369 1315.7157893145
-1466.2728408990 -384.0787278433 276.8934498833
-838.7191902107 -1132.7933356813 -1717.4198874403
-1705.9527306706 1127.1373359514 -271.9165721955
893.1325706620 1073.0557554750 -386.3726587544
-204.8670883440 343.0466083927 -1367.3529724899
-1376.5252068674 -1107.2965212228 952.1853509498
1356.8573700685 1970.5863073664 130.6742644891
-484.7893758422 -804.3456719706 -1156.9244257567
-147.5159365725 367.4281745024 331.5723333188
-1733.2764390617 -1152.2952120469 1450.8774358668
485.8770132515 470.7940272399 45.2570610810
-916.6388448605 -706.1961315356 1995.8647007014
832.1314328824 -745.0790967045 -577.9066328253
225.3137969501 -1448.9785266564 1962.1518965717
-65.4044606623 -449.7557621565 -423.6672990476
379.0574020642 -629.3105951725 331.4682789167
438.0382472674 -1176.8545028603 -382.9555181543
-1748.7734834687 67.9086993240 -1183.9964353270
-1107.9941732342 1196.4061487111 -307.2526124235
-449.7945747898 1926.7984417463 -134.4126232862
-497.7628123594 -218.8051235203 1739.7103735890
1142.7072345188 -1054.3468212105 -698.1439299535
-280.9654979087 1199.6887063948 -1695.4949690280
1865.6562130346 85.6427535324 492.7401089765
-679.0653135232 1148.9652159687 -573.2979840585
769.0181295209 540.4557017728 1747.3786164395
-1540.5790405799 588.6403484408 1689.1575000034
-752.6528354811 953.1621932294 931.0012732230
-1548.6429243366 526.6951193543 1800.4063049427
-948.2412404275 649.5212851123 522.8041628381
101.8036518780 1727.8884472803 1468.6010226649
-221.3408398247 1550.3987119418 -765.0645469143
1853.0964628696 276.3032209787 1403.9763196851
917.4450734615 1327.2226055085 976.7100583019
1927.1143646581 -377.3531547862 1525.6535437288
-321.8217898547 -1022.7760338841 1692.7779478099
169.0492628908 -1933.7718836946 -1026.3107635670
947.7528713773 1914.2470649957 -1907.5281621182
244.6384998230 1033.3400755481 276.3784405614
-1137.3637595875 1507.5840548430 -1974.1455521911
1197.8814455439 828.1501702666 1707.7936376773
-1030.5562570800 187.2346922212 -576.0455864881
1574.7701997186 597.5708297225 1348.7038440335
1562.2361878029 -736.4135666876 418.9389200938
-1511.8450296039 1759.8155544642 469.2341925427
-1418.9946182766 -229.2669709112 451.9396709063
1051.1056663826 -1421.7117654470 88.4258634330
-1088.7551386646 942.8362707888 808.0830153064
-462.2604995632 -1758.0681906430 -1413.7590432451
-1538.7662809446 -417.6506169263 -930.5791468318
866.6766454887 1451.8266755088 -1067.6730893563
331.9887902642 178.9231901378 -1386.7166074144
907.8475481738 -958.4652137271 1540.2909575690
-1708.5728666777 1620.7861896409 1649.4914541921
718.3914136136 1039.9463037963 -1120.5587499720
-611.5085977481 -45.8423408450 397.4105729802
-174.0716319714 -517.6260378517 -764.5541315047
-909.9562922074 -328.9960866337 -1255.3081965643
1791.9499472397 567.2573651295 1227.7835795479
-690.0006216647 638.9657795584 653.2676219672
-787.9232191024 353.9094790347 -22.1613006287
-832.2574342346 1707.7156007854 548.0784701939
-59.5549411861 966.6526058847 813.9230098377
72.5811149698 535.4693080716 -1947.1078016750
-5.5452571961 -1239.9162328994 33.8496819670
-103.6463649975 780.5668486339 -1181.2716627019
-4.8285307834 605.0870048965 -556.5393959591
-864.5689539225 1001.6237261133 711.8328364124
779.0585235490 -69.6206694439 876.3735259112
-328.0461076754 -1424.9475971033 -905.5902022329
-65.8397624385 -744.2562391478 -633.9353814295
214.5715176020 845.9630815288 -1821.3003217585
-110.7294934157 -905.7432281708 -1497.0200498953
-361.8928566725 -758.0632473176 -930.5825295497
222.6089032403 -620.6574949084 462.2785863355
-141.4054467596 -595.1036958720 1955.2448314692
1678.2790954209 -150.4127246921 794.8458076767
1924.5737648217 -1640.4161032404 -354.4600586185
634.8522857709 5.7468027599 726.3663793230
1548.8964306686 -1689.7323720991 -1820.9039890516
1781.1474005565 -1234.6512062308 -285.3219285010
-1662.7159022894 1767.6114209766 -1537.6756791690
975.5671713976 -446.0473227503 -1942.6025713958
1230.3207998241 1446.1287933400 -1436.9799068609
71.1606166987 470.2845628350 -1852.8448885660
554.2555547514 -655.7403519876 -1209.3485705340
1105.6684941352 1610.7002146595 154.2903246089
1432.3058270906 1524.2568469573 976.2975197294
-1648.4720976597 496.8915496015 -536.4653852309
-895.6273496156 1424.0151112642 -373.0219775807
1799.8454600539 48.5084011098 -7.1207722284
651.7597814861 -1957.0146825595 -6.0338027433
-1433.0945980465 1133.2743754240 -834.7079304701
1100.2767152584 -363.4696838385 -807.5019066420
-663.4316299434 344.7874582228 1715.6039153545
-1712.2358251689 -879.0409444578 1833.1667303959
-1024.0937849631 1278.7850757044 1525.4495061636
-794.0082656643 225.2360413322 -1906.4187029678
-597.2027816876 -948.6916529576 -1723.8022729365
-1104.0561547265 162.0409492835 -1872.8773069048
746.0610578181 1193.6350716016 -15.3056252194
-1748.5440984592 579.4673771394 93.8516228178
-1649.4677577339 -895.1129024861 -1454.5973722957
-1550.3890386528 -1977.4840987055 1448.6434604133
915.4958889985 1144.9604775751 -1928.6072888794
-1674.5331369199 -657.5564374619 704.3790821752
1122.1049722176 783.0208090364 976.7860096328
582.0841630501 1116.3024717085 -1662.0106631860
1108.3535092592 623.1163958412 -611.4679745499
1494.1495095087 -1982.5470984165 -1702.4017245507
-55.7377489459 90.0054148310 1070.5487950219
981.6739040716 1124.9147673026 -886.0913269349
1964.6266969631 637.8741698032 204.2499226206
357.0296393794 -1907.1086340641 245.9677327790
1113.8283173368 1834.9090477851 195.3339366589
-1164.8677618598 -802.8353894321 899.5822432808
566.3432408401 314.1422226175 183.6225131380
872.1697525592 -1487.7698646812 -1543.1025066823
-572.8617716815 -63.8929446538 957.1719725566
-1264.8031786664 -1355.9813188502 99.6939986362
-15.8037557888 -1738.5503324568 -1151.7207381927
643.0622958211 -603.1110481285 -1948.5757469606
-1617.0787913161 907.1636210005 308.8560869608
-937.6180196445 1382.1986206229 -106.0685934633
657.8853992819 433.6218761237 279.4612704321
1421.6043195183 1054.3662264083 1182.2481538378
383.6348330787 495.1541960532 -1908.5874353052
253.2754891973 989.1835207490 1882.3657041432
739.7476353495 -1733.5002079214 -548.8471751220
-1315.2565683520 -570.0461581835 1619.9711255229
241.8758870255 -491.0484438760 392.2439935298
-1762.5573702687 1551.9132452677 1936.6828044138
-1250.0209502046 672.0924385313 -552.7003562233
-519.9440037023 -1586.0171252612 1265.7541772227
1795.4824641472 -1707.7428138933 -938.8704162272
1828.8306613244 879.2046533394 -1409.0603685959
-485.2858529774 536.3702562950 941.7674196397
-137.1465165936 217.1827008400 -1623.4233776328
-791.1072166819 945.0817030637 421.2052837771
1423.8195243948 1201.1978626690 -1194.8562170454
1396.5317450646 -1844.7496467943 -997.8519078570
-236.9934284008 1207.3540382159 1284.8135672938
1230.3966417585 -1990.1999724256 -1328.4506285169
-1116.8097904084 1041.1828738810 -232.6903621247
-554.2608464112 -444.9569386751 -1114.4595416141
504.0068078219 -857.7025958817 875.6951865179
-1074.8827682840 -453.7295004730 -1622.9746699352
1408.3546938754 -1450.3253795058 1009.7770432720
156.8807495325 -646.4028273851 -789.2304039448
837.4245770222 1584.8026719179 -1562.0836880577
-1377.5461748174 -715.8606830260 -1848.6258943108
-1329.4065744896 1443.5307396755 1049.2765000871
-1403.7697609828 -1335.3927079446 1456.0638899652
-5.7265753332 -1441.7357950966 -662.0047833108
1085.0972388334 1216.8348864062 -178.8648652824
568.9260799572 493.2071870782 1631.6054233311
517.1227084211 624.7661170568 468.5825337553
-1844.2850349769 -1698.9197049965 1139.4655148889
1034.4231324833 -1674.8114546395 -631.7130712240
160.0465103488 -34.0885232646 1098.4968545129
1737.0665480341 1690.0337559035 -1522.8155225360
1558.2391966714 1092.0807695882 -604.0008373004
533.9886005037 517.5542090343 -1465.2687030272
-455.0249663188 -1015.2512226288 403.7032078483
1026.0813599423 985.3320509353 1678.0016465123
1232.5559034271 -1436.3197231423 1221.6823669493
1929.7264314251 -497.9408931147 -1252.8844432862
-112.0178381336 725.5103042291 1828.6386223319
-814.5789352630 428.6828638494 -1016.2923354246
-1890.0897778317 -305.6014657211 -1256.9228105686
-319.6414690237 55.3012825922 1554.6357626397
264.4812979006 -1574.0191114145 921.4692275986
-353.4848115849 -1233.4967193046 -1386.4118205537
-1491.2511564336 -1246.7116475897 1410.3666993855
-1667.6246155150 107.4851071123 1915.6692651260
-1029.0225012162 -1632.2960602087 -991.7090262299
-548.5554799698 934.5081148393 1368.8232564628
-1197.9552454635 -23.4087837308 283.2228174109
1320.2873695974 960.7545683545 -1406.0403247545
1409.8486626860 -834.1095857568 -191.7946773263
1173.1042864024 -1545.8200704411 945.9935364924
393.8579756966 552.5262436954 539.4209566593
1126.7262761086 1505.4839848102 -1675.9179320125
-404.6067386321 -1252.6710622450 -235.7100532688
-535.3558510918 390.7470165212 -1460.8440018606
-1203.3405622997 698.7723179592 30.6942872982
190.1452530165 927.1384187300 -1263.0046615061
-693.1611534046 1620.0100559735 -699.1725413343
-1559.7482282871 -106.9897531738 1965.5999637733
1792.7543407614 204.4917205091 1601.6150858790
1995.0709515922 190.6766446864 -1202.1613314649
860.1233552376 -719.4921830464 -979.0919849942
1935.2596597120 1606.5580646878 -365.6431321683
1427.1896684805 608.7895771360 1555.5847989214
4.6893659758 -1077.5182799407 -546.3891304607
-1268.8687471666 -151.9417074624 -138.5473573864
106.1322657509 -983.7608500972 -907.6083230532
-168.3442785753 521.9213970626 448.7499448835
-1998.7006661068 1409.0848506014 1246.3950089598
1688.4123736765 1241.7238722427 -18.9725240746
213.7718144322 1434.6805568097 -806.0075427455
1924.5551169858 -931.6394511395 -1063.4412295496
979.9713344104 760.9600210129 1494.4277294473
348.2778098789 -1569.9713900880 1359.1687049896
773.6534267753 1604.6553003620 -1879.5396482781
-1075.9583478096 -738.3323164413 301.0282957894
-1353.8146875684 894.3376309548 -994.9051580980
679.2875525723 -180.6735455207 1554.2539742017
-1800.9806432912 281.1902286469 559.5414168107
1924.1095104806 1905.6511056377 -632.0050724822
862.4108105129 1209.0521416695 -114.7506782518
-877.2902611407 1521.4948572583 1462.3960553395
-269.3764355697 7.8859447448 -1714.1324811275
-88.2767617202 1505.3114006767 1241.7280493362
-36.2042999336 -1472.1195897188 -512.7930694961
794.8026480833 1674.2036935522 404.0251484882
918.8714975869 -41.5714655518 -1926.5918920421
-382.7503627128 -564.4055987485 -1987.7768304649
-1185.3627364752 -893.5605442802 -1386.8651879406
1432.9582897308 1334.3324656781 1956.7984074566
159.5069651136 -736.5097448584 326.2970809265
703.7905434332 -369.8646096497 1223.2753039120
1361.4905599260 -1737.8175288713 627.6343344023
-378.4627255794 819.2454628325 -280.3480001773
1492.8103121545 796.0615973738 -1627.6428849477
1303.2399787692 -1639.7963537262 892.2443236469
1893.8517832104 1292.3352542932 -470.4162335126
1233.4582814132 1143.1408269641 1505.5486569450
1495.9485345246 1777.0986161109 335.3434876233
1826.6647400170 -655.6343261210 1610.0324160749
-633.6300438482 -1989.2913075141 -1125.7292220563
531.9036320804 522.8396821489 300.1771269494
-511.5212267161 373.1543812684 1721.0960267655
-1292.6124991645 67.0484486004 -296.6234799266
-735.0804597018 -434.9498865282 1973.8338307346
1823.9737878553 -1383.0534274367 802.6951934371
1898.0761276874 -1363.4270827696 800.0597171505
-246.8919961742 292.4978904705 -728.4232267836
275.9353747207 -1089.6467525033 -1583.6694135350
-1917.1636158303 1473.7461590463 -822.2068046884
546.0067605467 400.4389566613 -553.0961366400
166.6354298049 -567.7081848674 -897.8754591261
-1505.7295772215 1726.7789512368 87.5885317873
1942.4426397109 1006.9538291537 297.8047901608
-1521.3634669633 -418.3837269172 83.5617614701
-1662.3322274848 1816.3423205780 1436.2866822121
-979.5433921375 406.6748024094 -1326.0219595147
1237.6390212981 682.6867952784 -1195.9922484283
-1156.4232967896 -56.5886549994 313.9423066106
-998.4063725748 -937.6670691763 -1687.7303406546
904.9940064929 -530.0476790981 739.6032107658
-1319.0426619704 1353.8519618301 -331.0969165474
-1351.7817730439 831.3440845214 -1065.1156169992
-1229.7300684353 636.2428172613 -358.6494925933
941.8739610830 -1588.1740579234 -934.5584184646
-1467.6583784434 -371.2700541520 -27.1699801046
1485.7801571287 852.4172024660 -1681.1388743205
1113.9087198633 1128.3422518952 -135.6743544272
-1677.7610130365 -1902.2474775571 -1312.4696818272
1241.9326302147 -1976.7671511320 1723.5625382631
-536.6393385877 282.9093101543 -1602.8582987685
-345.6798978977 -1937.4691975220 -1186.8916125543
1076.2270582042 -919.7009930834 -1268.0879887839
185.9194633300 1669.6709944301 -1054.8524145270
-1895.4563406220 -437.6093980781 -1624.8157769465
164.4811473097 -1546.0583481627 1129.8906554076
1225.1059537806 -799.7534005937 -1140.1112809579
-1469.7742321823 -1935.5425214136 -937.0194530381
-1359.3323117907 -1530.7017257785 -1055.1332276076
64.4761116677 -1784.7330692949 308.0184361110
-537.9169807160 -1268.5414663292 575.6942906928
-1667.9987222868 -1504.2159894535 -1802.3891402028
904.3978862833 1495.5427763836 -1799.5650319736
843.5726178201 -1341.2678266876 1460.1594770268
-1088.0449649632 1885.2129626082 -1644.7943652876
-1708.7140182332 -661.3584282767 -1575.1419927165
-420.4762140687 -468.1275025739 915.2667726747
-1465.0129027505 -1809.2207345738 1260.7475803444
976.6583168778 -321.4891404265 -1943.1073620361
342.5888110755 1353.4086624094 1238.7779332626
872.2056235041 -1279.8201982533 1090.7835611820
1906.4448066708 -923.3756143922 -90.1874267696
-62.5956839167 -880.9347503240 -1618.6950945483
-1755.9248877200 -1143.9215486972 -221.2295833014
521.9672698472 1406.3520982939 -546.9407029123
1991.5307943416 1009.6545515033 -392.2978228275
566.0572146220 -1482.0246465284 1797.1202230302
-1029.3967822754 -215.8480886946 1771.9381429935
833.8877129240 -1974.6469281015 1603.5920479033
1768.3978508244 -809.5313014821 -1462.5097380052
-141.3272073380 -963.8537994943 -1325.5700354766
-1581.2344608819 969.3421762840 1998.5322781413
23.6876871635 -1219.5408467474 -1453.2064407436
1746.3769274979 1647.3957316175 -45.2680853860
-1664.3501118352 -1614.3834971155 1023.8125727073
1719.6292122706 -964.9839364591 -1275.8555616204
-199.4467651238 -1108.2254210262 1391.6014640016
-1146.2103491339 -1316.4634987788 1487.2746613465
1885.7476465028 -1265.8481007434 201.3077258214
1838.6401033120 522.0449341276 1789.5637044507
-1238.3122984511 1732.9472853616 1846.4792690241
-144.7949479656 -1112.2275730760 808.6745637507
635.7397527973 847.2796438543 -10.1539587157
1647.1447548376 1997.5199756530 -1807.8035173143
1030.7197859684 -1970.3038074193 1008.6614478654
-1978.2802105567 194.9808497990 -1482.8582581056
1869.2754961396 -858.6709628414 -166.3653095387
-77.5051777746 -839.5816613464 -1194.9816036369
-863.6472130243 -758.2697361864 -422.8275423851
-1744.2924900246 1987.2183865675 -715.3241267413
-592.4814315603 141.0206938349 -220.7138477281
1339.6781595357 561.7193065938 -209.2786698340
-803.5965947150 288.1023023198 1784.3981986797
-1011.3311026855 1605.4256310648 -1893.5622755074
-848.4061792014 -1457.0293284675 1036.5696684170
-85.9397089234 -1490.3488172099 233.2503654129
204.4274382856 1663.9410829069 -1076.1711943978
936.1043635109 960.6140274129 1014.2810407174
-292.3356272268 -1730.7718555069 -1625.5988678038
-322.0101684270 -268.3675017353 1084.5992398791
-29.9332532826 -1321.5031934134 -1228.8698978622
949.3440190518 -1368.3916556101 -613.4417902891
-19.7103145285 -261.1586513194 799.9940467484
1921.2582985901 -338.6586859194 952.9973337667
1036.5364954469 1178.7040713812 270.1793235575
-1437.0517820285 -989.1025990561 179.9910975465
-1197.7434534377 536.2391676460 -1724.7703287311
813.7005266679 1653.2391348303 1337.2092816972
-97.1681055982 1691.8055899381 -596.7717181020
-767.7311379305 723.5961973466 -48.5695432123
1352.5566649993 -1315.9851257308 802.1870670346
-1340.7646044027 1544.9475477767 581.2201822223
904.2560749402 -530.1050986898 -1506.7843629288
1243.2392488507 1812.0884173964 -1367.0031698509
-1756.1704462611 1151.1989673650 -1049.1450724247
-1768.4708327419 1161.3130642219 -1518.4636714458
-1614.3006993593 -1780.6555220251 -524.0888354028
-908.0628775281 -1487.1310133141 -677.1273968007
-1620.3816180075 1355.7862021729 1934.4229496755
-536.3231871063 -516.6507277542 580.9236706254
-1241.8030848726 870.9301662779 -1090.9425902445
1199.4004428439 -424.9969782666 1630.7360967543
885.7999485903 966.4295407887 -978.9696538083
158.4690418096 307.6982865216 -1708.2070869465
1953.0735244707 870.3691686341 -1261.0372343500
1453.7548763658 168.4804406700 1714.7313349194
-1887.4731370195 -1017.0537273485 -977.1315474412
-1338.5840781095 991.7045090874 593.4774322091
1582.7526833195 -1411.7763240785 -1822.5422369162
-613.1792422191 -237.9184142146 -1752.6806325792
-451.9953915093 1064.9035943410 -1864.8535908493
1560.6742107422 -854.9376175426 1020.7955308283
600.6584384279 798.2182056807 -280.2689034569
1247.3298370941 31.8779050548 -858.3584831446
783.8440344300 -1208.6236499615 211.9583381843
897.5695141476 1790.5675614030 -1985.2894307735
-1642.1084659652 829.0043213055 1471.7527137081
1934.4710999261 1948.7496979027 1457.2478873754
1284.5278331041 883.7575249122 1459.0460820069
907.7107072595 -1422.0839200732 -1284.3850353414
1196.3997611455 -1661.5820766239 441.9500278392
1934.7704916958 -336.4776082708 -647.2823885020
-1975.6644985205 323.5363690576 1551.9380244805
1114.0504300209 -311.6381570691 1869.4656814205
-523.5468957674 -1367.3253565759 1241.8142433158
-385.9635643420 933.1054924488 213.7870962759
1618.6928728608 1074.0651800491 243.0396423600
-1334.9408353287 -1627.3365604143 -204.0887411913
917.1676041262 933.7800494334 1072.8092826457
1790.8938143518 304.9458399970 712.7999696486
-1084.8356784142 434.1857271523 -1089.8966732837
-194.4155887558 270.0959607100 1100.5967775299
516.7705233965 1352.4898189417 -1972.5551216016
1744.7966028048 1457.5047904372 -85.1722254886
255.8469205759 -140.3353700976 1316.1258082368
1380.9069742489 -503.1696785585 -1083.1711989667
1610.9858965344 -141.1105929731 -1362.6488584847
331.2815587993 -1375.9750058865 -1297.5994830609
-1721.3057389421 1145.1611294758 875.2002474587
-783.5151250197 1728.0587524147 -1698.2566374445
1662.9575105054 -787.1071351037 -792.3813890412
-853.3732819084 -1087.5822711016 235.5196879990
-1608.7746649584 913.9793856823 -590.1549100959
-601.0267209841 1720.5309938440 -1245.3574457538
678.0307476411 -61.7934554484 -1848.4351816667
1359.8202159021 -1154.3432681067 -195.2822097583
-724.0074703171 687.0373063571 984.6018211141
635.2138662061 -1850.1053312411 -1671.6121713070
829.7011918029 -1460.9245737512 776.5811674523
-198.7400407587 -1811.6104930755 -671.4649582865
-1766.6647710441 -1061.6002477168 -151.2223007731
-936.9179682898 -230.3950086741 16.0972308250
-572.6873704132 1913.3037474297 1534.1483685999
-1040.7158000129 1000.6729984441 -1699.7817686851
1462.8083676287 -162.0456639567 786.7776913224
627.7272501072 1892.1607769738 -681.4959348495
-1838.4930016418 1516.3952170722 191.3464240055
-38.9249637937 759.0349266423 356.5669016527
1447.4047158889 1987.7913985722 -540.6582759671
1004.2517653659 -1977.6021994024 1425.2636440010
-1302.7718701414 1416.1105794298 -1415.9536105364
-100.1983536906 -399.7356546193 -1965.7284160113
1059.3772544703 -575.3198257959 -392.2461615050
-1754.4156034896 -1657.8443239749 -908.8257139130
1418.3836532134 383.4990835224 -1561.8837424939
-591.8972307838 1093.5112354648 -1284.9790000549
-721.2732216183 -1699.2950136164 1612.3135319480
-1704.2537674407 237.3622967415 -1547.4102537111
1247.2902269750 -84.3948528944 -546.6513059783
1347.2188548077 1412.0374997364 -1554.0591796657
-1019.9911324463 1698.3692566567 -326.7506792330
1367.9965059929 1164.0428940121 -1286.0136525948
190.7125643221 1237.4579279799 -1568.0372978128
-583.2496636139 -1171.0528311591 1413.3041074320
149.1442434018 -166.4016095091 -1737.5088064117
741.8970557059 1360.5462758814 -960.2695793325
-1875.3070672722 1030.1199170509 -829.0911191752
20.8419088435 -468.7278097083 751.8620897849
152.2488782061 -645.6041072046 527.0734804405
-1919.0383010084 -1173.5173535037 -124.0702032583
-1889.5833398517 1763.2835214885 -1752.5624327744
991.3288464912 1497.7191449483 1644.4951595244
-1293.4919176459 -357.3958989643 1782.9918276693
381.8212303875 138.9262831107 -164.5904709151
-52.6261981239 -495.5384045700 1569.2142511359
-196.8158322573 -1165.4190343460 992.0156779244
-841.8155260322 1371.4866121340 1718.2867018149
-188.3211342875 1103.7749565967 453.8703412180
103.4468081125 -1195.0629479744 -1240.6586603410
-56.6148552306 -1103.6412893120 917.9170571649
1641.7521287286 -1794.4741789785 -1509.7219622677
-908.1431815339 -541.5093166202 -1192.8450523864
-66.1233708247 1924.8818636134 -1620.5180970172
208.0939541693 -595.9855988731 -495.9609050020
-1246.4602710724 -378.4155430428 1727.6960069328
1192.3061491033 -1047.8293099737 369.1848859004
-1860.5740950260 -1162.4702600625 -528.9372440078
-1456.3468740629 -655.3149242079 1919.4917046144
-1622.3776703797 -890.2386661739 -664.6698420073
59.2883099488 -116.1561462155 -938.5116658124
-1258.6189599256 227.4729093171 -1932.0714480313
1826.4424188139 1238.1733012571 557.9328560726
-919.7261477386 1789.3477723726 -1811.5712687905
-466.6657302189 -1493.9125554322 -751.7142098498
1307.4138737764 1579.5875066540 -76.1985231408
-897.6586078127 -1096.6484163241 -1695.2097431739
-167.4886451684 -828.4014935606 905.8381333900
1326.3041926491 1782.3233139961 270.4406813807
390.2649555805 878.8070331822 -1306.5154785339
300.1647173017 -286.6645753790 -1018.7273852631
195.8418382015 988.3093972743 1568.3980157222
1769.3358351635 251.9193619468 -794.7740591219
1203.1070354181 110.9094551228 -56.4519354832
495.7307383210 -1043.7849389288 1601.1575040798
1731.3974054892 1204.1822191647 1494.0955175581
610.7960683277 477.1734307734 59.4469389355
-615.9095728995 1081.6981342284 -1982.5874119414
1629.6339574526 -1409.4913472008 284.0052255012
1681.3982792603 480.6930847456 -601.5648676897
725.9409025969 -201.4869128211 -1721.8700358968
1272.0989501089 -983.2830393081 1370.8243603180
1365.6369551146 1666.2257017575 -1760.9001244731
1572.6605921742 -1408.7917919801 1865.5353926136
-1377.0388696445 1389.3033729242 1028.7383533028
769.3376970260 -1372.4401924984 -744.1067304100
1131.0591901823 -1358.6425856475 -398.6646889291
-1486.9371583302 -112.2278904354 1387.9138151589
-1641.6152061781 -261.6280184827 138.0491167218
1873.6587172325 1217.9025322107 -1834.4191341676
-1677.3507045633 1438.5451412338 1072.3164317227
1017.6713410810 -495.1723751311 650.7985615437
1106.9564163988 1912.2133153998 -1287.7948764552
436.1921944155 466.5734082103 -276.4300422058
362.9661319586 400.7542322444 -1372.3789130436
-1460.1444626115 -1999.4761087235 -1172.1799609081
336.8734733389 359.9795422996 -1887.4804511231
1348.8154050588 -1525.3505555784 -1147.5315720785
171.1378111929 -1484.6807439687 258.3089120209
1110.2215682771 -202.0128274750 -1851.8207335930
1473.7943154365 358.8758878629 1421.7362986977
1435.9611499242 -1820.0254461054 -1877.7738674003
976.2044904469 -1654.9450840866 -336.0944309303
399.7728676301 1455.7714542595 -141.8142593127
551.4484649629 968.1239403590 1951.8076179585
1889.5952572050 -1785.4244060776 551.5642062917
1923.7338752857 -1695.5711373177 168.8373478744
-162.5927520734 -97.9144223922 -845.9553272359
-90.1608593693 -1432.7716678781 1517.4968146601
1733.1110256139 -508.9564618207 -1965.8489130300
-176.8687326407 1943.7331732562 -1367.8660114068
-560.2248797588 144.0287615087 -1033.6178441696
90.4117641848 -893.3608500846 -1035.2128179325
-1221.9419620035 392.0548880938 1731.8228707300
1523.5063089672 1088.5612460554 1792.5065305676
-748.7174185272 1614.1968741942 609.3159457318
-511.0531185724 1098.1800317236 1097.7013654515
124.7858284138 -127.6781998501 -613.0474245226
807.0100845886 -1622.3594324691 926.1193292210
1934.5616187541 -1008.7069760516 -796.5768310299
1853.9298749868 1942.8721254854 1888.7888865394
-1429.7474913651 -242.5230218225 1980.9150091555
63.9688168239 1339.4588314404 -1785.6783326784
-1560.6299068418 -1121.8195094825 363.3066386307
1208.3488342022 460.1417484960 1695.1031947906
1286.7591150954 -178.3916073162 -194.6163851156
-162.4309170724 -974.3676791494 -642.9374753718
1991.6484094377 141.0727859911 996.4936054745
-1290.0740084407 -1144.7477077765 1109.9160969687
-853.2186032739 -1960.8697404805 300.2224102073
394.9824713272 -1280.8255170233 106.1034195335
1011.6437344481 454.0815734821 352.3432665030
1067.7321102172 -940.6951507562 381.1311673347
-1333.7313399647 1552.6826009479 -1750.4386522296
1702.4090052048 -1455.7656246832 -761.9062206477
-141.7899312214 -1954.9220996438 -698.0994003805
1997.6369300465 -1176.0315235182 18.2462880590
-486.9699717787 -1919.8221096370 -73.2292038646
1099.5803538685 -139.0533036489 80.8377986563
194.9396985145 1832.7611664889 -419.7557120804
533.1788831466 1165.4549289526 -232.2902702732
-1268.6083379376 -1221.3016859519 -1008.8337072553
-1024.8089758035 1391.7340584821 1797.0584366007
-1782.4155926318 -159.3854944650 -325.2905396337
321.1385437233 181.4631217744 1423.5136258911
355.3958518557 -1942.8085852698 1295.4338133142
1403.8296552566 350.6589788285 -869.4392587886
241.1759982102 -441.2023385778 -84.2814901307
1461.9225327176 1847.1680414957 1160.3607950381
256.0712985641 -1484.2223666765 -1304.0673601554
-238.3159247009 -1174.5168297505 -714.4012165768
872.6259555995 610.9230316405 1677.4266684728
-338.3343998703 593.5108011155 233.6082059567
-633.7520497808 -1552.6135946895 1190.7617016984
-382.3808053584 795.0169645361 -446.2451820305
1588.2769837560 1898.0475462061 -1683.6538193840
899.9179596392 1691.0502024574 -1796.0332498622
-572.6267829103 28.6713909230 -1893.7397610496
1833.0069410040 1238.1818208799 968.5205089591
1336.1552856672 -1556.6235327158 -819.0070798010
-1873.7407331285 -250.6658747358 1296.9283174437
-267.3425740289 358.2682952711 574.1036047522
-1911.8195051681 1134.0900348945 788.2267118685
-500.6363007516 515.6025573170 -1340.4319344726
-1678.1450327359 1751.9723325943 -1492.1276577214
-129.9728081015 187.2730537036 208.7633043702
-979.3082982572 391.7168738779 688.4996612885
6.1940930503 -317.3109047669 -112.6960655221
261.3608595743 494.8489719746 -1621.5408272988
1943.9917530886 688.7487455789 39.0446381245
210.7760416703 -1989.5736086976 -1237.0910360145
576.0370071314 389.2826370713 672.9197155136
281.4134804862 -758.9030646825 -58.7451636141
-271.9591112959 129.4523352212 -177.1373667737
-1147.1459407092 -859.3249988806 -1252.8677134927
1887.9179846226 -1188.8280295502 -1150.7611318398
1252.4573768621 -469.1683475573 641.9812154015
758.3350698736 998.9715135106 599.7177872890
572.8081650264 -1396.3486948372 1616.7357373395
-1192.1393400366 1729.6596344906 1740.4916362568
774.1244402361 1985.1269719179 1896.4184221816
367.1682574806 1366.6129343344 904.0485960783
1902.9826488032 788.4429159669 24.1860667794
-1219.2728161578 1016.5864076696 69.5410692507
507.2425026291 1292.2205865906 947.8388944012
-1904.0300297495 -182.9466046705 97.6281315981
303.6832030388 -429.6833340836 -867.1283729764
-341.2661029388 -1078.1321667805 1393.2288445674
-1285.4267886644 -540.4683230929 1755.9038021324
770.2229398766 -1718.0066209338 751.1409302975
314.3858130945 -174.5204010255 1269.2137625695
-216.6718284927 -742.0029358884 816.2466292381
89.7226969266 -1383.2383129047 -647.1649392648
-12.4106933903 870.9773071074 721.6557225673
859.5706181680 -1374.1126044596 495.9835527151
-720.4393535779 1366.6196686385 441.9899323230
649.9580829613 -1165.1597679351 -382.1317387320
1474.0683476730 -511.1502099942 -1809.2076134537
1683.7438086301 304.6076648861 -102.5922505399
799.7815762966 -1372.3540631312 1587.4002119603
-1449.0612482296 -1020.3009302584 431.2126628537
-875.8864183568 -975.8249561924 -1454.3574897986
16.5840355165 1464.2794159349 537.4489150422
-1820.3255679443 13.2178327939 916.5606915078
1267.5658100386 1550.7238290018 1123.9745309193
713.7726246828 -1489.8844704730 113.2215368196
1803.3476803485 -194.3025825873 1926.3004225501
-1971.6721986472 1406.9878640171 -1389.4385373587
81.4626854119 397.1408193070 834.1654437548
-1065.8510218428 -1146.4116769452 623.9538204993
547.7015219325 144.0400816449 -557.4151824538
-1253.0580892679 1354.6486691875 -39.7480193370
777.5331869698 30.4690213073 -227.8848393606
1735.2738038596 49.2625501434 975.2209154381
-264.4489513492 -1656.6127181161 -254.5486014361
557.7080652634 -802.4994917622 -1949.0373497688
-147.8076145366 -1021.7619694455 779.7104340696
-563.0681315103 -497.5500638748 -1260.5944006104
-1303.6503650535 1988.0793671126 -1852.7037633683
-1896.8924003467 460.9142852811 -1245.7663078945
-248.9346013558 -604.4724330800 -859.0721709671
-1715.6726032601 -262.9531616038 -1620.4822543504
-1163.0705859581 -419.2089547762 1538.7464721206
-1672.6678505573 1373.0132067488 -314.1043507903
-785.5691512374 -1278.7665826108 1934.8594101158
429.8597194154 -1151.3574891960 -39.9362394450
-1090.2464814431 -393.9863517688 843.0948515956
1376.5559659735 -1599.9923784071 210.7188013632
-139.3564374578 -1690.9335662312 783.3332604219
-1104.9303386469 104.5661342157 -1148.8462005124
-1024.4428330645 -1699.8402847409 275.5529599456
-1669.5988210114 702.8760257663 -403.4991019024
35.6211693979 1719.4282510116 -689.0263860684
-1261.6144269942 946.7327646662 -905.7127462150
-1892.5208521636 1522.4685093462 -458.4308329868
-1967.2598982042 449.4210990764 779.7347786321
1078.2333943832 -1793.0790838503 315.5671458275
1634.8578571701 -1142.7428164303 -1271.8606474773
1082.8452356249 1977.1788540718 1164.2707068430
-1819.2869559319 1835.0591196523 -1109.3244808250
1208.2297373284 1089.6693036825 -1200.5049670411
1090.6449684577 -1569.2697780173 1709.1605981897
-1089.3396349628 1968.4310272435 1055.1978049575
-1357.0070598286 133.5455384878 1749.3868079809
-1536.7141123557 1827.0377300983 1233.1496500283
1995.2080184502 998.3344477599 -850.0553978504
-1498.1207639652 245.6740528413 -260.9934438868
-998.5994802259 -1567.6832655190 -1525.7066239882
582.0661202429 -1511.2269573207 -574.4385954649
-328.8011466724 1249.2185792286 1208.9662380712
1899.3081776644 -1020.7325941559 1894.8604696802
-488.4971156144 1653.7276688278 1832.2383867300
1735.0226608194 -288.9197117136 -951.2623486535
1411.2639180781 81.7614017342 -277.1401776200
954.0027843454 -1756.2329456662 -1903.1613973745
1037.4126865327 1130.3805615086 1197.7665638580
-1929.7347575299 276.1312657725 1377.4480782016
-167.4848866356 -1392.6059172774 526.1333035617
-179.4428502482 427.7542092761 768.0217468341
181.0983507781 1866.8626828103 -556.0629246056
1910.5709307914 1060.9561710720 -879.0169304264
-1375.0232896775 -1302.0242646594 -1984.2272000407
-604.4715435483 366.0646062574 37.6570529974
377.4022933267 1903.5226861313 -1859.7586684693
-688.8928153706 -1181.1393080154 1623.6780919742
-561.6467990962 1228.8689291334 -714.5655252004
-1075.2108599845 252.1315435875 -371.4315919888
1035.9488496672 -1796.5624779811 1513.1260096754
-1951.1294485123 -73.6809074006 -1036.7051213683
-1925.8250825260 -1192.2576480272 -779.2952009838
-319.7754412739 -1850.7810587455 99.9440271722
-1224.0060738665 -1013.5216899467 -122.4646888922
-1631.6400833057 989.4182015453 -1632.4793514009
923.5716151783 -1371.0568227049 1221.6532519966
-533.8789735284 1099.3297288039 526.9711123174
304.1521957924 1966.4866006455 -309.3383185681
-1492.2603597902 1096.3291958942 1540.0865857794
-731.1830376052 1600.6128251508 973.9885244052
-1918.7801021157 -1329.4569542615 390.2318797948
1502.8895509588 824.6834709016 -1507.8978339576
501.3600500829 -1037.5953568084 -1304.6143284681
-1051.4558399649 225.9693843036 -183.2155417973
1844.1223283957 -576.9199799104 -183.4208217948
1011.5372330126 -811.5703105865 861.9672343606
154.5625679665 -1101.7370434065 662.9195526926
-305.2171645673 397.9036481986 416.3909287732
182.1058449798 -830.6561858853 791.5400470692
-1370.7849470930 840.7019875814 -1775.1755143352
235.4957006228 -475.6965073951 734.5260115465
-1933.3951868705 1673.9477979439 -126.3933527088
-1886.5144529152 -1476.2754804658 -1866.1779969868
964.5323162226 853.3917774487 -1705.2622390431
388.2352023377 578.6870456037 -1020.7366644345
-1305.7089110332 -1462.0767159391 857.7894511292
-1885.2386584668 704.3755481806 359.7948305779
-34.9327711334 637.9439801781 1646.5995864503
-1511.4989989104 1955.3607691496 -1722.1736601866
101.2378979334 1264.6671503869 -1924.7725327751
-1108.2188808623 -1629.8029933040 -1377.0013767611
-1320.9655845951 1675.1181915587 389.9608579280
-617.7940439386 -1236.7606413193 257.3698968733
-858.8868906705 1618.6797734543 1258.0343984830
1773.9047232939 -1787.3380835227 -1959.0624514847
-1893.9312607077 1534.4190367201 257.1642235171
1958.9829941335 640.2811246904 -1308.2007746261
573.9173276823 1491.2171306556 526.6584010452
1847.8914804763 -1086.4531737332 919.7901411207
1282.7083497364 -202.1701583965 -552.7583852053
679.9921456481 1886.3304506588 1916.8206964317
272.0293129336 1797.6569392453 -973.4539643587
1234.8972157045 1938.1500303050 1737.0588613245
-414.5830351916 990.7090749801 -1178.6476403693
-1620.6474126608 -405.9785082366 1035.4211661664
1707.8420511766 -1727.0844638093 -1537.0380119298
-1034.5852192631 1372.2074183326 -104.8086541694
-1882.1399666025 -406.3303463107 833.0575854557
-747.4755494603 1274.9275823298 -1848.7490066546
-426.7659074821 -1839.2830803582 -1720.1669792615
961.9029939420 -205.1677408411 1457.1488133339
1060.0524697268 106.5751604403 -835.2423780526
855.7383748235 338.2226748379 1608.7834177157
164.3491627640 1715.2270849081 1999.6465109950
-1547.2039545724 -1608.3881937637 -823.5342159549
-1694.9145187645 1240.4928004868 722.0278752248
1606.4606847741 1907.8498789308 730.0578476069
1884.8567679776 925.7371708775 233.5569596720
-1374.8099742281 -458.8525164678 -882.4145222827
-272.9916679313 1326.6157329777 -20.1556607205
-1857.8882724380 54.9976431097 -846.7399328800
1743.7556480185 1200.3410517155 390.6811203990
171.5805447473 1457.7265596906 1078.6050502397
-1447.9008350221 1052.1052910379 949.3342261275
-535.9499810023 -1371.5614335662 1258.1672482578
-1216.1995731431 52.2253808251 762.7308948711
-848.6437093619 1160.1012108506 1177.7541688108
-1744.5499055318 373.9596837769 -1049.0585551321
431.7425783930 1102.5801704204 729.2023423304
-658.2408417032 565.0298609947 -986.0784746642
1680.0338499699 -1493.7100253922 1475.1565968952
-993.8772224921 604.0615952861 113.8111186534
-869.1490010762 -830.0933878654 -1065.3432349168
446.5551025890 903.4930949673 1960.5576400026
-414.2640296639 -1809.0926884171 699.5442953134
-1187.6128560903 -1009.2957053889 -1302.6784821166
67.2500365342 1652.6355289767 -494.0783049078
643.3767889874 351.7844498410 -105.2608808264
1980.3543061423 148.3386064400 -1533.3701715680
-1519.6019760441 1858.0504966805 -986.2329375776
-1446.9761328044 -788.6885085106 540.2990635441
-321.2664959351 -559.0733723953 -780.8183688377
1833.6446838280 78.1542288023 60.3677130994
1830.0640287258 348.6752299249 937.8814942095
-1740.1455450774 -1941.9940736223 1746.1401250274
-984.8449931039 -324.5750540018 217.1987524803
1961.0303652759 1165.4559257137 1545.2497864704
-215.6879621073 1904.9915857281 -1215.4236721980
926.7417668007 -1377.3398417508 539.3730056706
711.7109475845 1771.0318628514 -1269.1406502678
-385.5246956880 -1566.7844191378 1397.5526543960
-1642.3847025025 1242.8945189654 208.0179856157
-1809.8169214782 -372.1039424266 -1814.6548750172
-1059.0602329102 -1699.3356699932 -695.0586593266
1329.6276257345 -440.1232017217 1615.3054342070
339.2446224144 955.3477112208 542.8826331249
65.9971494085 1015.2149520620 1427.3818537976
-1860.7353828807 1421.4567890237 -131.1360223541
525.8206600517 -95.5918201471 863.4798377954
748.1468814138 719.3492622936 824.9441270811
-804.4709914121 1271.2305577780 -86.4016153410
-1345.7189293784 847.1694080825 -184.4118025279
-57.4403926994 -1112.9108184304 -648.6475260634
-1802.1207018012 -63.1088371851 1909.0417585799
-1365.7937249285 666.3618443680 -1817.0978766837
415.0283798753 685.6636241004 346.3149060380
477.1437918670 1204.4113302878 1569.1984941524
368.7706039579 1176.5866948114 -391.7634334435
-528.7154391505 1148.4588428960 663.7648074528
-1891.6918866063 1716.5298018797 435.2543773765
956.3599832795 1999.3847031596 331.1180099145
-916.7900010707 -1690.9784566847 -455.0528753407
1281.8041888472 -113.2904745726 -1450.8240670107
-590.6918392506 -1198.5159275956 1983.0393933362
1469.9136209139 843.7409748974 -1430.7451559212
149.1552341752 1237.0470956615 -302.1168625365
-1662.1854143598 -1850.3247648861 -1581.7162860277
1032.5653859354 76.9132883938 -1180.6739745187
-866.1736193345 15.6444437480 1654.2633825162
524.2878121361 -1167.7326430766 -678.8939015558
-944.2014158561 -713.0356790068 1069.3486090395
-953.4398545761 -842.1478082085 -1384.3023229356
-1440.7553356976 -685.8212546291 -1982.6800106659
-475.0017910077 -1765.4335451884 -192.1734528982
194.1705943324 -442.4259577210 650.0783350725
-1481.8685209208 -1474.1379225639 -823.8936182477
499.2488336582 -1285.0195882504 -1985.9832589191
-132.0805876854 1891.2320809697 -416.7370968457
1198.5651317084 -406.0306813562 -82.5782313279
-1461.5077960567 -726.6766417724 -598.5161465040
975.5686637601 794.6396335471 -383.1620928374
251.7183125265 1387.2148853296 992.9073233304
-977.2787867466 -1466.5615460003 1243.7330675494
20.6461450456 -898.8625345189 -1121.4891125143
610.6545858404 365.4610026259 -1550.1372176705
-942.4377999692 -1673.5113883702 1451.3713688881
246.7860702955 -1636.4562480938 -121.8194200998
-541.9763279583 1148.4739866878 -1658.8434714513
-1436.4199854415 81.5178660869 621.3441702207
-177.3484870362 -1440.4639634139 131.5724132104
-1733.3918089763 1659.5849215268 -1425.7306460548
-1192.0250224889 772.1403111758 -1377.2906961260
407.5285667832 802.8249172530 -670.2776495981
-1027.6712289638 1921.9140245817 -1113.0525099313
1006.5750516058 -1866.7453795023 842.3523124361
-1327.5961057239 -1391.8081847524 -795.0521930217
-1168.1685862775 -793.0357578624 -1179.6553952480
1173.7930820942 158.5845415345 -574.7293469487
919.6757092702 -825.7381974021 821.3656324449
-1236.5185384871 -517.5459128950 620.0654724846
1019.5654815698 1248.0812006815 1031.9015679652
-1223.4435062851 1752.8804210705 1114.3551295721
1292.8829047134 1352.7640705908 -878.6417855142
-566.7655257216 -228.2885819952 -374.0763278187
-1328.3362102888 -1333.3829633352 -1443.9940289605
1566.6733695955 49.1999413611 -660.1716957848
-255.9279694195 -1684.7379344236 330.6039729251
-1447.6692263742 183.0985451321 650.2395555495
-416.5567823622 -1547.8669926656 -854.9229723289
-1696.1576347338 -367.9369228912 -597.1577942174
-347.6046680665 1633.1768761179 -196.1058450561
274.7639626558 -835.8003502200 -189.2741549956
-1638.8359567096 144.9062627314 1726.9045399082
1937.7987513707 1519.7436151590 -1219.6343691227
-1028.2694962178 709.8778019798 957.1744700169
401.5243078961 330.5630123610 -665.5836646932
-941.9717240523 936.0562852930 1031.7109386320
286.3748644042 -1456.0929291854 -192.7321256091
429.8970991223 1354.8600426288 824.1184009923
-597.2440527774 828.0945453484 220.6998782441
199.8007081005 -1720.5066641546 -1703.6873368896
1675.4515959343 -403.4025573763 -668.6828132099
1750.6871980666 1202.1506554672 -499.1250548708
-379.6653499928 -1430.2916619569 1160.1546720678
1690.4413129250 1831.2395367540 552.6386382433
362.3863686770 -645.4869898195 -1777.1934981131
-1259.2363627654 1429.6020949166 -5.7144610616
208.1756917123 1596.2134988259 815.4043476296
-1571.0409221240 203.7458782968 -781.1805747592
-1780.6454058199 -98.1940768254 1031.8518829691
-375.2232413592 780.4835629532 1753.2717386326
-465.2393206633 1781.1534633031 1220.6014239862
637.0519353307 1791.3924531028 332.1438232675
684.5509914096 -273.1676442456 -575.9377810373
-436.7564722400 -1512.5099717046 83.0462863284
1151.1378439002 -408.0085834286 453.6565754666
-1822.6312206205 1776.2586440835 399.1267564796
1750.4511238340 -250.8985698657 1784.2218131264
-615.4927329487 -1956.4884996401 542.1754127257
402.3130793287 1435.7716149515 -1713.7659407583
-115.4375985490 982.7278109295 1657.7672928750
1200.6353435779 -1582.9459144409 -459.9957934245
420.2521026254 32.8823219334 328.0964232555
950.3349038861 1044.2338674189 -1735.3461474757
-655.4390168639 -1741.5066511838 68.9274840116
-1658.1530557628 -212.2469613824 908.8022757290
965.5560081734 271.3616504739 -1882.5697650381
-1012.7750652722 315.8067303430 481.2475616023
1116.2556481140 -915.1729468498 81.8569264481
1789.3934326347 205.2200614440 -699.1569576755
907.2795545977 825.1586816046 -11.1461832402
1473.2317785876 1188.4095926067 -1326.7315060630
1800.3336929317 -1969.8613344878 1793.2028012067
1820.3987403134 -1472.9134629623 -1810.8563713863
-436.5028956222 487.2252923115 1614.4065149603
597.1610995098 1314.9220287671 1425.2348770333
-1042.2423576841 1696.4385323248 -814.1829367751
-616.7865109836 1043.2471123356 -926.1347417712
1168.3962517404 632.8560372004 -1561.8752110586
-533.2303904328 -1115.5359553893 1882.6655590151
155.8847010585 -824.2178805325 -265.0334767960
1519.2126996623 -264.3529676499 1820.1820589359
1145.1472656420 1004.2850025778 -1806.2788719449
1200.4800193853 63.9961459480 608.9002121646
304.2829948552 1451.8866351059 -993.9828667603
315.8350313284 -909.6123464564 -1033.5569113847
-477.5523607470 1040.3030684256 67.9163241070
-640.6370947101 -155.6065779522 -728.4743455591
1552.3020568857 1703.1989804364 1007.6185019892
936.7688741901 -1447.4136048743 -819.8638031950
378.8206271109 1715.7343832391 1935.0209249373
-1714.6890960568 -1701.3362068800 712.7411719255
477.6569380844 -321.3692144435 -493.3582256085
36.2629182784 1622.9157673003 -997.5075199082
-287.5927517392 417.4844374280 321.0506538729
1573.4552724479 -119.8380240233 1004.7565040766
-672.2347485270 -1928.2742092321 1898.4060391969
-1374.0963954438 1009.0009322703 -875.4297425809
-1999.1081098542 1971.3674297933 -1278.1331480099
1748.3167831125 -1299.1188365657 210.9150615927
576.6152661442 1610.9509013148 -998.1002612707
-598.9342381974 777.2323312453 -1392.0098362502
1104.7053064336 849.5708677735 -289.3446098840
-479.3847612997 1612.3680303078 -266.7869045024
-1720.3269931462 -1135.3260420519 -4.4233921900
-1839.6314621904 1832.1768197712 -1297.9288511401
-1403.6735083585 469.3212261387 503.1892043391
1509.3428899936 -972.2385253388 -521.6082156472
-1824.0632119977 -60.9466558067 -1596.4608059861
1601.2063187827 189.4609412415 1985.7562115443
1712.3886365994 -1910.3991983479 158.0329796774
-1798.0936511257 -688.5598521604 -1052.9281311312
1802.2767800709 1072.6248804426 742.7418231449
1624.4250785667 -1834.8465011783 -835.9864135912
-1572.4061349535 532.1816197477 -673.4600923212
187.9039289517 -733.0787522730 -553.2212131099
34.8153908265 1268.2362327456 -1873.8654834655
-333.7355053063 1932.4690972461 1314.0363393825
-1518.7037126650 -237.1658994210 548.7867471809
-376.1457788386 -1617.3907301768 -191.0876568734
-318.8921200034 1553.6652088268 560.7654145508
-136.3102398667 -1735.9976002595 -526.6598782405
-1345.1881183806 1929.9407380318 1460.9450648574
1997.8523607031 -440.8140790530 -1870.1875252813
686.2270904599 574.7783307342 -778.4296190737
-1170.8312074185 1687.7716755575 -1374.1452118102
-158.5629865622 1670.7006689043 -681.3528336536
1842.9537115843 657.4646625509 -330.9344415239
-190.3994704319 1970.6224662797 -544.5100754782
-1091.3884577680 -196.1328766485 -18.9553267751
-126.5190003558 -1188.6113131889 546.5455165022
-766.8523994262 1225.9804042520 1851.6145329859
-1031.9212452859 3.6035599787 369.8926182937
752.4077596247 -805.0728759832 -104.8111497392
201.2961607176 -1264.0247264186 -141.3672983334
-332.3603675363 -218.9896023559 -608.9359783150
1265.9366427096 1345.9746826383 963.8177756593
-529.9481743024 -1372.5723444329 1887.3566979255
-703.8806416606 -1778.6898141996 -1310.4810205026
1315.7950859412 -308.0940903274 -836.2069710580
-1090.7661370703 -435.4805420880 -641.1652371209
-1429.5864727623 -1360.2681970551 -1780.5689211464
447.0925620447 -832.2854869236 1478.1884168211
-347.4884374773 -302.7915069020 -1343.1855741058
-1202.2195762292 -556.6090546957 128.8589709743
273.0796905305 -272.7143415241 -1848.5517909539
-1002.1126335021 -1950.3662055941 -1555.8558500500
576.4256963621 1639.7045116527 305.0448789662
476.6069812729 1747.0835586541 -1407.5417505032
1130.0061880940 136.0733587192 -512.7570102527
-697.6671842572 -204.4352960365 1408.7965188357
-1602.8459824032 -887.4151495420 1404.2348556051
599.6253627654 1556.7814309337 1185.5405234894
-1022.8708786755 -1086.8030421157 296.6407992738
1037.9513846747 1057.0532408072 -1744.4747784115
-348.4812875863 -1697.4999993513 -416.0492672888
-284.5252843679 374.2382169898 -188.1196907512
-1498.3335431109 -400.6319325261 224.5171040946
483.5637132683 -1285.8924802318 -389.2651234053
-1513.0469601218 715.4776467412 969.8364940525
-494.6863162105 1413.8331605834 -45.2314522002
1913.6186374280 548.1916750588 468.4243457249
1552.1705388289 1037.7218029963 1156.3663864516
-522.5778784249 789.1067122705 -165.8033441508
1768.6180618718 -1905.7046296854 -465.6712289532
1894.4669059428 735.8974344166 -780.5154535669
330.8367987657 -1265.4055230436 1868.1653403685
-252.3235643313 -887.3464855676 -970.9484784527
-969.3694038719 -1514.3914872381 -1137.6419713810
1443.5512417970 247.5706937091 132.4017358921
1141.5475432180 1644.1612896629 198.6963089884
1820.5242442429 1932.8140360896 -1398.8667711426
1588.3978882133 -248.7787159903 988.3239967499
-1803.4616879067 -1200.6505540248 637.9992578434
676.7517364748 256.4510709038 1919.9719881495
-342.2001859770 -1402.7212718579 -1501.3174664583
-1384.7581646691 -1660.1452388628 -1783.9378993342
-1593.9658802906 -691.4842485030 -986.7569051346
304.4052883152 -1520.6038749793 -609.4126416058
-1734.2839601105 468.3195954314 36.7888006332
1039.9161626808 -1045.7966098225 -1278.7841263578
-377.4228855241 -1985.8233269393 -792.7045226260
-533.7809215762 -620.9075823392 1091.3945298890
1217.6434377383 -520.0857259874 -277.2555676789
-1151.8158584839 -843.2655848783 447.6380863867
-918.3282284419 -1200.1588900509 1517.6502222139
1024.7276862541 -351.0843255349 1362.8584770573
327.4340792073 -968.5808193425 610.0226224050
1595.2646190729 -7.3155646318 -1784.9031107499
-1497.9950440252 -27.0701733313 -1438.6013638579
1327.9557941205 853.2573718382 1559.8031664416
-165.8289923402 -1375.6235895679 1438.2158814572
1937.6017252453 1224.7162403723 1133.4596915011
1057.6742399968 -1275.9041575375 99.4623360526
-1321.6516557641 -1996.4326893817 1454.2165696440
-348.2556205010 1290.2619276086 1716.2042102973
-29.5731454457 -412.7571389002 1030.4493355303
-1720.7319314853 -879.5341464622 -56.6167960461
-1016.8773566916 899.0978632426 -1403.4061122438
-86.1829397367 334.6770253131 -1545.6570722537
559.5297939464 -1689.8428864435 1838.8232923552
1610.9546369890 -834.5629892788 -102.9173485974
22.4465853662 -1375.3301243896 -220.6394878233
125.6446564240 -1070.6205681612 -713.4505622503
1845.2714906204 -724.9266088651 -452.6959651585
-439.2879974300 -517.7924761509 -663.3690740107
-1086.9782334065 -1524.1906136220 332.8187256511
-1076.4272361106 1202.5907209852 837.6512039511
-1505.9572948656 -1085.9139312712 1451.0031459040
-322.5169413902 470.0794127547 219.6264375685
-232.9373086833 -599.1188209012 -589.8523872444
1897.0929726429 -102.3859375602 -87.8736647253
523.6984210705 1130.9365504707 403.9250084680
-1516.7369573836 825.4823164830 633.4781484191
-333.2989172078 -313.1518338389 -176.2478279833
1819.8964244780 -820.7411992811 1366.9423753969
1245.4567078267 -1977.7576281479 -228.8588976232
-1218.8398884189 561.7197761598 380.2414796187
1784.6537073467 -186.2542035080 1545.0715656808
215.5359178551 68.8520525624 1952.3689543301
-1295.5419919514 1307.6100298623 663.8665219805
-1731.9250726927 1088.9742934365 -1258.3550521217
-1684.7391591046 1925.2002682789 1137.2888130368
998.8001089085 1134.5029120237 373.4799039779
1143.7120751718 1180.1607436101 972.0314774164
-1016.4415476749 -1213.0869801830 1557.0492384068
-508.7397213574 -1570.8751960224 -1163.4816398360
263.2004758943 -784.3402839938 -1716.5927684491
939.3135024151 1328.8921327108 -1022.2718038092
372.8416921200 969.2247637863 -1482.3549517195
775.9236345057 658.3515560515 323.0298136151
-1703.1040065061 1419.8021707695 488.1207252660
57.5486502020 -252.7027589710 74.5182122565
189.5089074080 604.0999844790 1435.8738725061
-1223.8377856485 986.9242565617 -1065.0855388943
1151.2496627705 -858.7918972510 -948.2705006406
840.7791106771 -1108.1061421947 -626.7799458222
1167.0463912444 935.0234399633 338.4816853147
1379.4802368462 1259.7755465126 -1430.4700408378
-1645.6090051911 1014.8888307071 -1131.7194018088
1586.6749798523 -139.7225662353 -1648.6512709833
1796.0027020076 1993.1679476875 -1422.2438696874
600.0569540018 146.2015639709 -1068.7508455366
-427.8794183914 -1222.8609854915 1007.6825111414
856.6164835635 1271.0890299972 -1010.9743457547
1771.3596870816 -1566.0168638546 1050.1586487256
-473.9968871682 -300.5210248296 1560.6867014344
294.0132470982 1279.1413387373 -634.4711211599
-810.4487296174 1125.9228712403 -1380.8913288810
-1687.5956046081 562.9407353125 1195.2187323160
-405.4669073267 -1933.5070331351 1190.2877218016
-1653.7897626048 1094.7698278370 -1377.2967983841
-1316.2868398246 54.5878123955 247.9145646273
901.0944655311 -282.9906949561 1566.5773082617
-1883.6604504596 -1135.3812496888 -1557.4265296082
1248.3791150893 196.4026615500 -1270.3182914997
-1768.1892315361 1321.6605651297 -1682.4680454363
-1372.7403066374 585.6981435280 1063.8697032845
1572.3805306545 -1045.0927534623 -1896.2970751092
-862.6928457153 -346.7564847519 -1231.1739480844
39.2304050880 1331.4643068668 611.8632564415
-547.5447290617 1134.5890172018 -1575.1001157792
1093.4901782856 713.5580279250 -364.3723174380
-1228.8664003657 903.9298212098 -1816.3658342938
-1475.7539618398 1858.4965598216 51.8154530382
-138.1552261930 1786.2807102190 1427.8932742174
-639.4275749392 -1946.6287677268 -842.6663358279
34.5500292077 1551.9572560810 1938.8751847235
-824.5393655469 767.8677150229 -1896.7422487381
1231.5499018871 921.7846970581 207.3489409225
524.7769900247 -1055.3042627920 -1404.9108019675
-1563.6669794341 -504.5847851331 -1661.2623599211
-136.9032430648 -825.6340032158 355.3082045292
1628.1261368103 -1412.0263585403 942.8025260938
-789.0284546110 -10.3183779515 -1796.1081870708
1634.6609313370 -442.8383692089 -138.5159093863
179.7826038365 235.8099896371 -33.5370257491
-283.6416121265 -1534.3455442396 329.1249565795
-1380.5927459133 -1596.8570397686 695.6252674671
961.9287592815 684.5762017123 -948.6422522256
-1269.5182726092 -875.0636615327 36.7129363888
-528.7108818161 -1155.4159106744 686.8919825981
-1885.9940966751 879.8783534991 -1215.1819790898
680.9725133309 -1194.2633635068 1228.8300492231
1730.4302219043 335.9772104558 511.9594981917
-131.8625662639 -1151.2173307640 1120.2963207048
19.6566033122 -1519.5744963855 -288.1541692100
-1763.1335057289 549.4902720974 -27.9866707673
402.9097434399 -1066.0742175651 355.7590795854
-223.7602738142 -1649.6479788276 1874.1366023929
1434.5948665856 -1660.9522640016 1058.3534832373
1968.3684928252 1732.1463284939 1605.8983953372
-869.8377173939 -1923.8722443637 1696.2751488338
492.3106537154 -38.0957196538 -648.1265686579
1156.3795659438 -1167.2225176564 1929.8552811261
905.1745078761 915.7999642244 -280.9790473055
-454.0799599293 1062.9389207135 -1046.0217681428
-1279.8293048531 -1545.7603472126 132.6874346743
1583.0129827906 -920.9362337026 1058.2833979447
1167.3815819944 -1972.8541236140 1220.2269648038
-966.1498876033 -1440.1803682423 1562.5099980744
-942.4303359054 1557.2968314876 -1819.4115207487
663.9397075335 -1838.3442047276 1364.0916713567
-1408.0050595286 1493.7972747511 358.3670312991
-1762.3468974752 1333.8617165444 -256.5991488290
1156.5008524142 -419.8918080065 692.8255617678
-1880.5086355933 1253.7559049490 189.7399281736
1366.8991168031 675.6994310868 478.6828370045
-1013.6681760700 704.3840660486 304.4251269888
-1170.3364801290 1745.5149085632 1630.6029577092
-1913.5175282895 -1362.7364239853 -896.0195518912
1134.2573929951 -18.9568176387 322.4668443084
1596.9891459817 -1986.8200462781 1688.5959867799
1308.4953653237 -471.0139231107 472.2553038366
-1861.4292336871 -1671.0538463790 -184.3098311888
1042.9113521318 810.4498121330 -693.3279090233
1719.4780699347 1492.6271334257 -905.6676023530
-64.6824834118 931.0589354497 957.3652112671
-1909.7172071940 -1848.2029831136 1937.9987847822
-191.7217001262 -855.9983969635 1680.9165351521
599.0069635902 -185.5357969459 -844.4824426649
-1736.7796784470 -12.7135798231 1888.3210603829
1956.9488108489 440.5588366692 843.1077659652
1672.6341024027 1104.4430776754 -1540.5554759023
-1849.2557330074 1075.2683848771 -650.3500179304
-1585.7095623146 -1134.5772461571 446.3395408716
46.2259258939 342.7381030816 1253.6757154080
1897.3712310589 -749.3982262191 -1797.5621964507
11.7390845298 835.3713074512 -1187.4175696735
-319.6302781017 -1963.8826837263 1814.6445522240
-254.5667466728 -365.9958490522 57.3793122375
-872.9229940864 -1537.6292575746 573.8269316136
-1923.5398112462 1467.5159449845 175.6557879640
-72.9726731004 -1930.8876355713 -1093.4874044416
1044.1688291384 -241.5210754590 -661.3551626536
834.3338671484 1306.9244535728 1568.0448781342
535.8132965095 1480.3251131876 1496.8287504344
-1295.9419996089 -953.5023493254 761.8031549792
-649.9504244692 1880.0057046631 1168.8390751303
-724.4062198190 1250.6682641295 -1650.5894674882
179.7390489985 -721.4624965861 -1146.5334349278
-1796.5428771922 -1450.9872814454 -1136.9413124497
-1810.4294033308 -345.5517148694 1743.4200516214
-780.0306389711 -1411.3333615910 -220.6155716015
1223.6876377646 1481.5197265632 1380.6432568590
-1.8289634254 -702.7242845761 -1478.9646199349
-365.7369888049 -892.2347377031 -984.5872198825
-921.9870601263 704.3434717570 -1358.3975988680
-1543.5143066296 1503.5600943279 -370.3213748199
711.8787235003 -239.5119334268 1300.6127700269
-1527.6272000470 534.2435174720 -1094.9339103163
-991.0833373929 -1081.1387024845 -604.2934291051
1728.2988467145 -517.8146582762 1350.2952687489
1836.3088493895 -536.2688525930 600.7377452538
1930.0521006896 -1429.9153262387 -1677.7897940130
-156.7023107669 609.5251372468 -1595.4427524038
-1039.9382664384 1301.1709954494 -701.1972718116
-1308.9954107842 1006.5254006897 697.1989377084
-529.4806030142 1179.7940143667 -1037.6683024657
-122.5064384870 -1333.6380649378 1055.8680027185
437.8744915286 1078.7826889706 -375.3312224978
-628.5798148485 1643.3657755929 1889.7988136436
-840.5163411459 131.3301446188 -584.6543350789
-1859.5593375662 -229.4026142873 749.2983205212
496.7191984877 -1583.9769782310 -115.1628054880
-1592.8869565710 -1183.9790184800 1568.3960796576
1857.9861950561 -1443.2885955616 -1358.1514785383
-1922.0849683040 -372.8619954890 -755.2311698406
1166.8844162042 1850.0025390150 1139.7397359213
-1039.1092001698 326.7070051866 -733.4218732755
1305.2582869898 -1721.3031635431 501.7975953684
-1265.1087629074 236.1340197239 1074.6249008636
1392.0471682060 1472.6321993466 1382.9414951573
592.8498314272 -316.4623581542 -825.7611965083
-1236.5845281177 917.0357426965 -1553.8791236775
748.4499903476 -389.6817523632 -946.5033470295
1603.2966277144 973.1008938203 -13.7334065454
-220.6287676196 -1302.1017789408 851.6990277107
-894.6111074729 -1512.6409793187 1892.9753310757
-1459.6110175785 978.7060033594 -1727.0887200608
231.8534320543 748.1366877612 1591.0718130354
-618.5865933568 -1482.8611237208 825.4785007683
158.3973822105 354.3602256626 115.5445807134
-927.7504558626 534.7898928290 1188.5515336893
915.4650057606 1156.3474407953 -1575.9146392134
-122.0509707817 -239.4036269710 -615.5001582498
-148.5056374849 1254.8774602406 1256.2057483322
-240.5066625421 -652.3064180906 -786.5222830330
-1384.4897497961 -1355.1286879106 -171.8373835009
-1627.9180561569 -1326.4144358055 1643.7417342226
-954.4743775310 -1662.2238335939 1083.0357030805
-503.3456063365 83.4614737318 -96.1343953641
802.4301299033 -6.3403789683 -1058.8117675430
1476.6433722626 429.6495839913 -864.2004227606
-222.7071071511 1932.2962503559 -654.5897077197
903.6777228379 1180.4116825278 -1962.1035063731
1877.3395579194 15.8279388679 441.2413666611
497.1232329117 -1032.7405675909 -378.3415939585
554.3634472242 1882.3407605657 -1396.0264430038
38.5048049510 -1404.7702646552 -1570.4093725317
1296.7724404660 -1202.2820826908 -1184.1827519535
1494.6159092076 240.0749249377 48.9242102262
-1147.7193117922 969.1220181663 -1165.8095309243
-456.6983627956 1618.4898887776 1843.5708373480
-1423.4870090701 1854.2799274109 270.5793192707
-297.5884880651 -278.8025259669 738.6053102355
-530.6726773625 1945.3555408962 -1793.4901251611
-661.4559923838 1492.5372859024 1961.7620321030
-1660.5760575180 -159.1724727643 1533.0025208484
-138.3991082413 1138.0167350825 -1451.6651686719
1528.9546006361 -889.5819457103 1409.3214506786
1862.3833206658 -1133.3697393842 1190.2748615593
-1057.2691967653 1344.5008568553 1623.4599884714
1969.0702889974 -1419.7187146872 -1979.2465399251
871.8239360627 -339.5689903714 129.5222829317
962.7636810929 427.2834204842 647.0409049025
-1817.3059743284 -235.1553032719 1966.6871853095
1854.0083176497 -304.6675787461 962.1398608247
792.1772577072 1425.4356022777 916.0698937495
1415.0165539740 933.9168003836 695.5057361173
1604.1965405072 -722.2501276003 649.2799597083
-46.5909480104 -1846.4334409660 -13.0738355880
164.2211855129 -1186.8977471711 1278.1080729955
728.1959057596 1035.5267722970 -775.6408283948
1393.4696601761 -1504.5929635194 -453.0710705626
-352.6553820078 -1248.4811787150 -1947.8480231439
-1894.4432512296 859.4910220669 -998.8333036566
-1877.6536138103 1719.5608810181 1851.3796016470
-567.2509686096 1765.3105422116 -152.1029110771
-1818.0277357748 -517.8459295127 -1353.4647261271
-472.5479452957 -1739.1596669981 -1816.5403381628
-1690.4464848784 -1056.3440327194 -1049.7994475758
-86.8847659813 328.2664550499 567.9279405123
-1066.0558754000 -1516.8966876509 54.7727629829
1534.4254659415 1414.6579511695 670.4821872861
-1821.5038206366 1668.2016532873 -1747.9104713789
-1653.8336815123 850.0297609776 1319.0213408911
993.3343390177 618.8324045556 1017.2697261522
-402.1900054708 -1028.2459763515 -66.5191561257
1636.9237915232 -1493.5967545277 -1418.1085299816
-779.9236903421 1980.6786732556 914.5922777933
203.0131819352 -495.4855687958 518.8330886766
1090.9083925685 -275.2900090609 135.4485183187
782.2608413969 -577.8235582056 433.5136968635
1641.2242302533 1145.9864923146 1254.6639294820
-428.5316445593 -1313.0380614270 532.1515496924
-786.1549886086 -1336.2059411840 1031.2071426192
-258.2653881279 -412.3854630826 779.1764347461
-587.0485240806 920.6394776352 -1338.1338418307
1074.1810331321 -335.9680151848 460.0813348492
-744.0170026171 -1438.9739133413 1940.4560887578
897.4114540533 1076.2475931476 -1417.1923425878
-709.9125536236 971.0597224388 -895.4290177611
-1753.4125728809 735.8423187412 1458.9244655849
1457.0330323930 -726.5346955567 957.5234264381
1374.0603037110 1276.7418127431 1029.4108906211
