-1185.7551383011 -1078.8159911617 918.0699574879
726.1752405490 -1825.5138352994 -630.2826168306
-1216.2017996999 -382.5520709317 -269.0633650066
-1874.4701822171 -261.3510412497 -37.0831485234
170.4720284796 1530.7549817980 856.7704681606
1758.8926051563 398.6759961563 -670.7332971060
-1538.1969583097 1339.9454785125 -468.8068448875
402.1315077138 917.2466755756 -1414.0214620107
529.1404565041 -1217.8456337683 -995.9016356703
-1900.7226884047 -1887.8096164029 -1693.9621099679
-551.1163339179 -739.2090946318 -536.7728501993
-163.5936822846 1872.5784354542 -1980.9412562426
710.5736489898 829.7552319866 678.4542061860
-685.0989399765 1074.7626069593 422.1002604288
-1752.5540273842 -1092.6061200200 -1809.9870865022
837.9964314412 -1962.3654085648 720.4191265044
-355.2036715487 848.5383074042 -650.5630718276
-460.7970410057 -1582.7802339961 -1881.6250479667
-1791.5875992579 1525.7766208110 1618.2631821652
-1745.4556905225 1915.0178989091 -1656.5995436919
-453.3755045308 -769.3507753841 -710.9940891522
1638.9082934364 -1110.2464196370 -1114.9042467908
1268.1229973278 -1446.1514667788 1832.2091584850
-659.0843124214 -629.2231615236 1872.8701246052
12.3706656799 1298.3854439952 1650.7375949947
905.6370882071 -340.3592818954 -253.4458214225
35.4172921482 -330.5031979485 -1684.5163593874
-574.7586007456 -1873.7177266370 -359.2437184234
-664.3281152935 -1078.8026709724 64.4215548165
966.4934156788 -1238.6172224381 1067.3810935875
1538.6790616042 -1364.7384140788 533.6613097338
452.2073466728 375.8988847417 861.0456255391
-1049.2523890497 66.9517514377 -465.3366793665
523.0483579640 -909.1874178066 -1594.1319965946
-1212.5599348093 1508.3689733299 1276.9299436542
866.7345630652 1498.9083961976 1583.4023870369
-644.9260165657 -497.0164765820 -187.6658388031
-1524.3026032236 -964.6676746157 -1399.2160261098
1993.1827677363 781.4808588606 182.1643956492
-433.3918460539 -465.9677283633 -1062.6507205267
1555.7607172837 501.7507226650 254.1338706147
-758.0249351762 1886.3100058685 -120.9572295955
-188.6780341688 1506.0787162883 803.9542493470
-1908.8746138416 783.0237558711 -1720.9281814608
1468.0950893179 1765.4499231345 -753.5088910226
798.9618299068 1413.0251665868 -1361.8523672876
-1983.2267037852 330.9342846786 508.4681428676
-1830.4657228834 -663.8367482268 1441.5654263325
615.1276109343 1315.6118842615 -311.2845522898
-1913.3874903395 513.4796220096 -1067.5964239679
75.2336279793 -659.4282045499 -842.6224657213
1585.0721900356 -1466.6737693640 1179.5916639009
-309.7441555606 -1324.5534337003 1592.8222474898
240.1548530109 -0.6104018439 1136.0903533044
-1205.5645591662 -31.2486878417 -968.1309424938
-751.3802921286 -1184.8464927311 -1243.8210606792
1687.2431689531 -91.5312716778 -1925.0840408026
-1677.4553234664 973.9367246569 235.5690321132
-1810.6045862300 -157.3728353278 -251.9087803223
1538.6305979789 -1664.6839301064 591.1560129330
500.0332984288 -1722.6877323106 455.1348371875
-1091.4151602605 -1647.8861007571 -1862.9835086049
547.8294464401 -46.0529866418 -1949.7909641204
1659.7474160640 1612.1196031627 -1798.9541223350
1223.8102652923 585.3954749749 1513.0656968328
-892.8608671439 1074.8045138593 -213.1521975920
-522.2469019241 -1111.8353956046 -270.1062244931
-1216.1262522450 823.4387852186 -1175.4378789687
-1552.1292085519 -415.1166701691 353.8327094586
567.8528210622 -594.8611625572 797.1038542956
1064.9541593413 -1796.7065752555 -547.1065934448
1743.5877598281 206.0292457978 464.7149983246
1291.1898073101 1612.7785638047 28.9944217491
1713.0708675012 -325.3090552935 1576.3965834011
43.4176110245 -1500.0652970759 -441.3624497354
1865.2030148298 -745.4477298560 -44.0139658632
-1012.2144777997 272.4669259718 508.0765417188
-1692.6701217427 -1491.6058616365 464.3288952372
1206.6316571863 127.4608724880 654.0161427329
656.7303915571 1542.0331556839 966.9049698644
-795.4627964088 1642.2342570677 -458.2457370668
1901.2926343440 772.0531346571 -1812.9480308582
345.4308988346 1460.9644974416 -844.1941508030
-250.1218144944 -788.1262697845 874.8517526439
64.9631660206 86.1898533219 1008.3904133673
977.6825996582 -999.3285959372 -1410.1147973468
939.3049238400 1961.2566886627 -347.1317962814
-819.9309296601 -1971.8520203435 -142.7107970320
1520.8910010837 1176.0604152068 1567.9311962494
1442.9976563925 821.1364503842 -1773.4854282114
-1496.2691455979 666.5057519442 1226.2197601036
774.0347424558 1317.0574419674 58.5374525106
-513.7955899553 313.1583014986 1932.8240531083
579.6357624225 -401.5682406170 1950.8328947583
-1802.7249401173 -224.3080702446 1653.5301653860
-1161.3944689144 -1419.6133728712 -315.5034917048
496.8632964742 311.9604585273 917.2854258602
117.8878208229 -1884.4415292614 -766.8642341125
1879.4438661884 -1155.4418796087 -1143.4557378417
810.6543209089 1906.1315240820 -855.4918746064
1795.3268578538 1361.6236282413 276.8690783195
-689.9767528196 -591.4736684904 -1739.4172632036
660.2720556326 -1155.8189470417 155.6901440805
-1081.3801575187 796.1299744021 1643.5765052926
299.7026639183 1368.5744927833 -1379.5323731629
-1049.8183223347 -366.9564610282 -1082.3827264992
-580.6317389610 -952.7319669597 -205.3705178656
-739.4244833379 -1862.8247901506 -1742.4337347866
547.1279248774 1899.1970946671 1360.3391909746
-1269.8580425010 985.2242923470 -1985.4861859402
-1200.3893600692 -1222.5674425421 -258.7720186284
-1674.9046090324 992.8208088129 -806.3151792132
-393.0027749484 -1738.1642565504 -1069.2251313908
-182.6015245378 1747.3978794294 -582.4566362812
1064.7547125740 -1522.6616131893 430.6644652738
-304.2554715824 1260.8648543476 -819.8413949014
1841.4102482769 -575.2489254938 -613.9327238907
-1705.6570867263 1758.2982914520 -608.9670769094
1940.2374951143 952.3739086314 674.0390569280
598.0285432551 1953.2420885091 1250.9335449208
-643.9920214196 -223.0482800721 120.2816970765
-1957.5928809206 -842.4971839552 804.4691060306
-1084.4888545157 -653.2100529686 1125.1705372385
1977.9019046189 361.1987241685 -457.7967155537
-1599.5641576574 -1018.4806190472 103.2057855604
-1642.2130957915 -1957.6446442228 1324.6042353459
-36.3157727056 -1413.2412833766 1200.8650886134
1902.7491462714 -330.2843269476 -1834.8289797788
1903.0424664947 626.8154648456 -1860.9280522766
1406.7894138219 1925.8846036105 -1135.0166162314
313.9079294734 1195.9021163737 258.4063284803
1524.5105955459 1645.7532452098 1388.0883138090
-1597.9729001201 -1590.8525491904 -138.5629243109
1534.3038285797 93.6398785849 315.3070392810
80.3225919953 755.2393394673 -298.1113436031
-139.7466644920 1418.2152693207 629.4184773687
1349.2819645269 1986.8298279468 1644.3886102699
-676.6992426079 1625.3158991780 -1957.3133560237
-1128.9752249506 -608.7505518570 1690.0139399385
-1080.2529905357 -1328.3521207122 -810.0954829686
-299.2940660484 584.2113828910 -703.4852672376
808.1075287736 1543.8997001114 1819.3120282457
1960.4842076385 148.0646527848 -943.1317019016
-1885.3684816389 1841.1517197843 -1733.8301216913
-882.8339790182 786.2535786393 172.4931147044
1177.9146164337 -1329.0934529899 118.3440235162
-952.3200518792 -259.8605610156 520.5124094244
1114.6233469513 -558.6735757769 -1506.9282171482
-846.9103822896 -1227.2702743150 -906.7998766775
-1903.5599447346 1612.9429996379 658.2477181708
1434.4181682348 -587.3652152850 -294.1443564574
-1940.1499327400 -593.2680893028 -1527.8685731194
720.4991585435 -1396.6584457076 844.1967186066
-483.8642848922 -733.8202834903 -457.5863163133
409.9126420434 542.6603651240 -47.2417274759
-452.8493728816 -1962.8770232600 817.9710888957
339.6260006681 187.2534426613 51.5660278584
1959.2793863343 -1969.7013500588 -207.0622891022
-1529.6549409492 -845.7549608744 250.4792588620
-1282.4317262602 -442.4267328791 -216.3308924576
-201.8060262690 -656.5858101008 473.4536741907
1369.4893915799 -1091.4419465480 -410.7732104767
-569.5301012458 -1124.8720192105 324.5512103142
-1395.0764888072 1901.0145085054 605.9392364890
648.9568197277 -568.5746959636 835.8530617497
1195.3555495198 -1985.8575045079 660.1091792794
499.6021195221 444.7255782791 1322.0447001144
636.2007205307 484.1208924689 890.0831925197
-1897.0337654461 629.0819805881 -115.3726368159
-996.7391240714 313.4947131414 572.7428853707
-1289.7565418773 -1352.8444775253 1655.7409189503
-355.2371836503 -477.6736264018 -1136.4774179122
-1498.1902846666 -144.5592321398 1796.4953559296
-1640.4395427347 -549.0663628585 1775.0215836315
-1991.1604588760 188.3107473218 358.5150513902
1718.3846802486 -1732.3781539196 -1512.1164025316
-693.3432436795 159.9938993514 -925.3738436639
-1996.0481279175 33.2343955137 -79.3556158706
1001.7757085772 -265.6299080172 746.6359142200
566.4558613750 -666.4149083857 -193.2386503267
773.8555806607 1523.6494795409 -829.9501796108
-30.7536298291 -1455.4690589050 -740.4144441415
-96.3895215570 -1610.8375415687 -1807.1602343607
694.8185054406 633.9942459127 -304.0255865709
-1467.4646039283 730.7698941904 616.6468330985
-1447.7822989594 1578.4686588564 -709.5922598868
1208.1287060484 1266.9489628669 -1055.2757091099
-1289.9380371021 1800.4233041561 457.0628609915
1690.0324294032 -1556.6447035683 -586.8229955223
1139.2601800396 1880.3880593632 -264.8677472449
-202.4090859395 1930.5303892635 -749.3534453122
733.6675853504 -1543.0873892724 -978.8858879764
1029.5986048207 1514.7745658164 162.9573380163
-388.7087159002 1484.0635728854 -1294.7593114540
-99.1222869263 901.1358062682 1353.2793496377
788.8096856741 -1897.6997985563 -1370.4714934761
1988.3437124080 1947.5221912835 1299.2151040142
620.8168767491 649.9029195812 1771.7064965002
174.9591376805 -122.5152506102 -542.5893296878
1134.2903677526 -1886.3101526137 971.6169835340
-1716.9161174390 1642.1190134009 -390.5182154711
267.8982743981 1816.4473131660 -1870.8182357758
1744.9588413377 -1365.2290278959 -1523.7366733156
-677.5140230871 1322.1123322807 339.0529919033
1855.2143731194 -872.9383141822 835.0563236470
-814.7547622894 1141.3742218256 -1261.5233195195
-1579.2654011455 -459.3309835289 841.3842708892
524.0954996763 -495.6882167287 -356.6142058322
673.3032962044 879.2877810550 -797.1764641451
978.6409018955 -1393.7208336343 -1345.5336812152
-1931.0017071086 1036.0554891355 -1573.1658028784
-1764.3455792503 1155.9555176652 -387.4621811202
-241.5965890782 1093.3636091615 -183.5587790132
839.7842979125 -35.0896549653 -1674.1471740302
-1389.3249217617 155.5570554072 -1121.3516134162
1176.4616004385 1663.8001982180 49.8325097328
936.2348096051 655.0896432501 -589.6385076794
-156.0997793621 -1367.9964383810 -1332.1630656395
491.2448562105 -775.9208569002 1749.0564631980
923.6140230947 -357.7442956468 1266.5422697671
1424.8074057173 -1433.5212182242 597.3797864745
344.5416082776 728.6096408922 78.4316256003
904.9522636024 275.1531179143 387.8693631471
1570.6558973417 -380.7742618100 -1461.9171958628
1663.5483254294 1738.6938475400 -1639.0931043239
1546.4842516951 -1142.8014671261 924.1757567671
-1424.8323707122 -1150.0541056645 -746.3638461183
-889.7526349707 -649.8005096839 -469.3970251522
-690.3028300544 -286.1240203172 -1738.7894842733
-511.2635403987 -340.8105187302 -330.5641642588
-1050.8958009055 -1312.3247576010 -873.1406985180
912.0138750353 1894.1298911951 963.6914471860
-824.3306870390 -370.6589339689 -1367.2912085678
896.0865850006 -1863.5548482457 1345.9513873155
740.9552598929 -655.8967445505 286.4874061994
1894.0233996830 30.8729734686 1339.1329528124
-1471.7253192267 751.4549143269 1556.4065184741
-147.7026126331 -1164.7946371300 -358.0324832242
-1538.0350254682 -1120.2728257335 -1759.3556483860
342.9147574847 -1512.8736742785 -1488.2675767041
1165.8437810972 1074.5494314364 383.9474306345
-1724.3799856582 1025.9552525198 558.2077185509
-1162.2401706462 -711.6482080085 396.8611973066
-901.7341466368 -1300.7049748555 -688.4401438135
-1592.4429506290 1300.4360278292 758.9812495711
548.8076244597 300.6328978827 552.2350665289
594.7235657198 667.3925631735 -530.0580932085
124.4671354859 122.2618861094 1052.9763397525
945.1449099353 -608.7881229649 1262.6229018524
1290.3084781579 -1262.6600537592 -249.1307559040
733.4841348104 1479.9966097271 1340.7221972374
1229.2199842005 -1027.6987737072 -411.5436629528
1840.9911914590 -1673.0608551212 1634.9858153352
-987.4630598900 434.6134104018 858.7738742058
-1783.3902447923 997.5899066709 -1087.9335571996
883.2090387460 -657.4490473167 1314.0161536082
-1355.8392340770 -326.1915795779 -843.4035129564
-117.8030340297 -644.2741623046 -1326.7081218046
199.6787602522 572.7873725761 -847.1891498979
-286.7764908078 -1440.2285060774 -482.3586529978
988.2552905203 -343.8163852212 -118.4122360086
-1676.1176609867 894.7769233110 -219.2317277562
-1775.9395975911 -1188.5517987875 216.6609073928
1634.3946667338 -1615.9393586988 -94.6410814903
168.3870019485 1694.8711089224 -1610.7825397117
46.4922591443 1104.5359048339 -1480.0027837124
1975.8259706856 -1120.6407609444 914.6166476325
-268.0419156058 -1628.1713906524 971.6663932492
-1313.9095351198 1248.9972378770 -734.0002527825
1469.9336554732 666.1783056855 1111.4282562602
-334.0693996632 -274.7198460655 1285.9207621049
-323.4560562369 -353.1486012502 -748.9422623705
1454.8485467471 -1692.1405454403 1274.4893774431
-1648.2061433797 -695.8176127340 -574.4730648337
-1535.6597374628 -1053.0517301559 -739.1842867881
-424.5632508498 256.7649637837 -971.2532667140
-532.8072039434 -355.9894671312 1947.5592852873
1590.6719229122 -84.8274908634 1484.5085563739
1223.2276298048 660.0796733930 -1066.2612883356
-544.4851633093 -1036.9524118385 467.6349132026
448.7159919330 -572.1148215194 448.1375571390
637.8646918305 1246.0130168845 1605.4039734519
292.0872483853 -1334.8602904117 835.4103753570
-1813.1692025259 1156.0446818302 -385.4872395031
-44.0883371146 -1974.8625809519 -1323.5396361985
707.1401366721 1755.5151205830 -878.3487103772
119.7436691223 -387.2018631855 -1841.0574761469
1453.4303485484 506.2777096151 1584.8097949131
478.1155628251 822.1120269834 -437.0111990448
-970.6500009034 1046.4209440231 155.1874690376
313.4246370468 -1231.9076124760 1533.4568749787
-1813.3644062249 -1061.1749401119 972.8551936538
1370.6941687747 1613.0142823087 199.8299948058
1966.6474828376 -1616.2174125923 -1651.2082263271
894.8186189281 1912.5203973147 -165.6274944528
1431.6169913843 -60.5118254542 1449.4071853685
1236.1530790894 1239.7019952575 -193.1435517305
1421.0361844171 -609.4575274390 -852.0950291489
977.5448947409 -1095.8254489334 1399.1273828032
1775.9210402320 -1469.8397661289 -599.6512420258
-406.7331301715 -1229.6420789274 -1510.4042812299
464.5547860717 -1737.9438377958 64.4983172788
-1646.6256864133 -1749.3723909901 -1309.8653313526
1146.5149782804 -1065.0774157788 -965.0318292394
1346.1177467060 1630.7648418784 -95.6942426573
265.8121692767 860.2514227486 211.2122681809
580.4863742854 -888.7138097637 -1024.7237136419
-801.8916571560 715.0498327851 432.2740844570
-524.8326644316 -1328.3358075886 386.2291461772
-1772.0617406630 350.3115974586 1344.0963137471
-1918.6227952188 -1602.7301733091 -1522.7052844083
913.5738345049 1336.2128614154 -1694.7161386550
274.5324417701 -708.8528065762 -125.1115701598
-1074.4057422915 -1994.6185586162 -1262.1816605681
-716.8033350379 1880.4023453414 -377.0929116164
-1851.0549998580 277.7556636970 1461.6848318721
-1711.5124723461 563.2580475806 1222.7044689075
36.4056426059 -64.1360821254 1069.3233916440
-1941.1288113280 1006.5261991251 1119.3890960903
175.0708139352 191.4519304356 1654.6369137289
1692.0861801524 1880.7381561223 -1964.3246942344
150.1925846039 364.7919246312 435.1397868396
1729.7604950835 5.8874959404 -1599.6161783003
-355.3282184274 -521.5953211518 -987.1643539484
713.6190592847 -649.5080160903 201.4629077167
-1732.8809865051 -504.7753375332 872.4720849708
355.2980940653 -523.1752811102 -1820.5435171420
-827.7390284732 289.6522164990 -803.8763929574
-652.4062788556 790.7836522633 667.4154007777
-1993.5778019660 415.0793553601 1846.7986077352
570.8280593156 -787.1278077436 1999.6990659397
-726.3799905196 1108.2174741578 -627.9431474283
-658.6525058364 -1255.5973830697 1456.0693705935
1368.0658997172 -1068.8837469385 1562.9945389400
1372.9314152070 -755.8282614084 -1577.1145753715
1247.6388791216 -303.3229281966 -327.9436722441
-1040.6032834420 856.9790621096 1416.4710961233
-1380.6543668821 -1244.0650423663 -706.6903503265
1990.0129749627 418.9571323695 1093.0185115035
-1384.9035050423 1739.8395229953 1135.5717738061
830.6741304567 -500.2743002823 33.6844489533
1300.5761063700 1043.7240971819 -584.3760641312
-975.9302097481 1886.3028605886 327.2135386212
-370.0961993482 -33.3744165556 1780.3760333430
1348.1297303568 414.3149029485 -570.7145672581
893.6123739155 -1227.7661767914 729.1756247073
1139.0398504413 1888.8445082029 -480.2317158896
-1515.8167861242 116.8814200064 -1674.0860862056
-805.1683918912 -1930.5201169239 -203.2434405161
869.5903483854 -1696.2763845693 -1975.2086461430
-578.8458529350 -497.0352863602 58.5065237730
-598.8473115518 -1007.4870649962 -143.2737257040
24.6382336546 1932.1932656839 -478.1597737836
877.9147488145 -1788.7605775456 688.2020266713
-1990.6765274899 140.6097480364 918.5441264818
-391.4963385615 -1468.9568857606 -1212.8308624194
1304.9214263329 742.8586318835 543.2164045876
879.5000116629 -437.4416619427 -891.5341248081
1825.0222555041 -911.1404475818 539.7664350801
-1642.2779869339 311.6044826657 1185.2386345948
1566.8792438427 -1096.4535536703 -324.8812724362
-1349.5230845566 650.5581997061 1275.5834021235
-369.5745879574 296.8965575248 1541.4676645353
-676.9141758182 790.6154120290 -1161.4027283858
217.0418317495 718.1579132910 -1881.4129574167
575.2615009766 -1811.0523071186 -1303.1552845039
275.5453370622 -790.0267322160 352.6037679243
-1083.3759954816 -971.9472712074 -1334.7634985707
-430.2511519930 -1148.7133191978 1557.3419261309
-1535.5211573509 -1621.5276015268 -973.4212908062
-105.8128632515 1897.6571065208 -284.3960759656
-980.2065905978 -1661.7060133073 1994.9385174108
733.8730903888 282.3224051318 -1258.3140934268
1783.3820701667 -920.6847159716 1181.1874376335
-1989.4786381147 1581.1464661087 -1693.9415821046
179.3662299589 536.6927282412 -1032.2449984634
-214.9402478809 -1943.7618372886 26.1115586172
1531.3251516114 -1503.1791326284 1525.9962222543
-676.0614122426 659.4533898440 586.2511660971
558.1394895117 -836.0089313206 -1697.5842296357
-1387.2746424426 -493.8005329815 -1766.0595062778
1609.6225133353 -1801.5371291122 -1070.7924113098
-375.4853316656 881.2705602246 592.5834405109
-701.6144600605 463.2818174562 1343.2171920445
1647.5334737088 -1905.6253298682 452.3824023957
-973.7806533534 -625.3086492888 747.0672288995
1580.4515614792 1021.8895175542 1912.9972429930
-1186.6650143846 -1454.0609420468 -974.3575828013
1779.1006636094 -56.5510574403 67.5103741860
-1684.9959283542 1064.5801124684 -1803.6761734577
-1570.4565571027 -213.2000802597 -188.8767732539
-1524.7003428819 1130.8055946826 -592.2367074668
1723.4387436200 -820.5784087686 -186.8750507329
-1706.6923080508 225.7400813547 -1259.8628260838
304.9782957150 564.0133482753 1205.5304593467
1303.4794817328 -833.6458750492 -566.8414400270
376.5191504656 822.3867363801 -1332.9734968201
1153.8251310910 60.5012936094 -1405.0905946604
-560.5044064726 1076.8563457706 -1284.1151487256
-753.9881419770 -1501.5870769149 216.8481779889
503.2811643906 -1127.1455693405 1964.0064284703
-1604.2514889606 976.1932660591 -63.1789750744
1096.2771202700 460.8203977695 1708.2385116758
1563.2417821216 311.0773767427 86.8539263268
-126.2175708082 -1946.6842607976 -744.5420929573
-1959.2826515922 -1173.1298201683 -1927.1273234745
-587.2119182897 -1991.9281216432 -1464.0085804916
1481.5654954439 -1525.1202674837 -1965.3036255418
-369.8869460451 328.0257558777 1512.2605887952
-1168.0545758635 -1121.3471862674 1906.2418527979
324.7951525711 -909.6942644375 1663.1762252589
-1769.7577466444 -1606.4938552338 -262.1963482618
-520.7070125378 607.9598435505 -177.1623333418
449.0886800337 -1740.2454378199 1477.9865634962
-1945.5673608349 -143.7409445165 702.7535929478
-1106.9601120225 -1184.9768077712 883.1218653557
947.8380125820 -880.7473778951 506.1757725342
996.3030672913 1218.9673355826 497.7036536474
-433.2326989491 680.3494071597 1980.4436442495
56.9315161350 -415.2243482769 1158.9020970099
1916.2186843689 -898.5393352506 -593.1234745357
-308.2657726102 -1640.9450631515 -1214.3584958740
-1370.5995000020 887.0689139060 685.4242601923
-1194.7377873479 1292.6469505314 967.7257122096
1804.8269775058 -874.5376807257 -1139.3798383395
628.5536481152 818.6470111556 21.9349130824
-1927.7646772122 1888.0109993196 979.6371021136
772.2037739560 -1216.9936892436 288.4793089890
-1226.0135073288 1362.3157199838 1738.7062741230
-1415.1290782358 -377.1097876081 -272.4362443573
-1886.5836038383 152.3783482041 1317.1474595244
1106.0141849897 1119.0479400795 658.4307812702
1952.2451003902 1192.7361256532 201.1305424619
1069.4345171162 -773.8527396216 1375.3363359266
1616.5531394865 -1261.8244451001 706.8098327534
-790.2363883410 149.2300409978 -442.8796214970
-1786.4577064886 -305.3100510765 -1920.8879101720
138.1362107292 786.8182859577 -392.6899479621
-205.5048239676 -1710.3054021549 -850.6383633403
1619.6104712290 191.9642724440 542.0879906924
1538.5964154129 648.1173052113 399.6156796369
-1303.1728955101 728.1428078211 -1459.6338248616
863.3836056533 -1184.4928793310 1322.9209640180
-111.8333232145 -1661.6244462807 615.9036914696
134.0892854273 517.1454706203 -144.8633118526
1505.0255709100 62.7432724217 1673.7124640625
1176.1009128275 1127.7918011649 -1044.9906213514
189.4485882892 1092.4692624499 218.3856811673
385.6398627161 766.0418265271 787.2655522275
1920.0737666717 922.7891738620 -331.8431361914
-116.8742055718 1668.8605697939 1198.7158338594
-396.1107782715 1111.1257243743 564.1977030202
1048.5898753759 1503.7389412452 774.4647502301
1599.5284870628 1901.0470153675 82.8805507114
-1934.2698105685 357.7952620965 1281.0382854761
-1677.5814478154 -1422.6880808527 1376.8359300092
410.0680499206 1638.6388490330 -1301.1223180141
-178.1464849968 528.3567056417 21.8316911894
1614.8307684500 466.2558290312 1437.6780642368
88.7137301545 415.9445270022 1393.2852997216
-919.8139341027 -1505.6595770384 1171.4409133204
-1515.4705212397 704.6631531966 1853.7247774355
1192.0342470479 -834.5223692320 1028.5530908718
1691.4989182695 -1462.7987327377 1190.7797912043
-134.7008045612 -1936.0929197172 169.9869167355
-1675.5400761842 978.8606648341 -746.0016596341
-1828.5208617349 31.9650579904 -919.2438963321
-1331.4247226260 -1199.8255440151 1935.0818428120
1945.8759407133 -947.4605111153 -1403.4689706971
-1288.5745412914 48.5131652720 -153.3368952241
653.3741448176 -137.6704326063 182.3634095845
-1228.6512931344 782.6004278509 1084.0830372899
-810.1881023109 -419.8161656280 -456.6473670152
396.6765307297 1218.1076648585 -783.8068081740
-1936.0763632961 488.4139636013 1567.9818738466
-468.8290828674 1663.4347586763 -846.0510967863
758.8218755701 1341.8631733200 1396.3981404090
-1116.2445781927 1067.3215479762 -1624.4056589975
-1286.7376541306 1002.7605844536 1629.0836658065
-831.2474847463 350.0109137268 -1604.0585833343
-852.3304816460 -1664.7699029454 -1064.2317987538
619.5364919227 1099.9388981190 -683.6615944707
721.4150444318 1090.5065759157 656.8338585993
-438.0919562279 -1843.0112808318 1002.2876203129
-170.9503041959 207.2933378001 -307.2057948500
-992.6580739088 -1194.8896433294 -18.2295354975
-1611.2229403927 1266.9327060490 1676.9204573140
377.9542494669 1045.8937664451 -494.7041813587
-1897.8005668677 -1056.7470638293 -1967.3253281533
-1139.5448986269 -1875.7103999186 1990.3001595878
-1290.2220278631 1753.3835759800 -449.9034830369
1028.1556448334 384.2172519780 605.5947066275
-1593.9527587987 1761.1685308872 -262.6381637140
-1383.9334323074 -669.2790085965 1853.5884420216
245.2765991606 -919.8216328281 1702.7478324964
124.2770127943 429.6436768690 1286.8534969318
-221.9189501376 -1810.6920218839 -395.1426067619
52.3082571563 -281.4285668232 1461.4652850815
1058.9399681275 1406.5036266309 303.1879330875
559.2214421769 616.0984408198 -650.0920227125
1088.6753827593 508.9920984361 -875.1842861630
-495.8824013269 -312.7348300183 1547.5018115917
1833.1760401906 -1536.4105836788 1564.4964224975
1878.8788189189 144.8057423505 -1421.4237264752
601.2248835507 -332.0959674108 1535.3481295945
-375.6037297058 1358.2374324542 375.4447835100
-470.6232590991 1277.9669170643 629.6757878827
-43.4984670724 -1269.1910990330 141.3188610581
-1360.8832567322 116.0525360399 377.2929901926
-1128.4752459501 -1486.4900939865 711.1340970293
773.7266245377 -984.7733493264 1116.8390445335
960.8621076720 1103.7609834701 1517.2696122504
-282.7901257783 -1373.4436259981 -1892.1293938718
1987.6358586849 -1331.8311040139 -1529.7761462776
938.6984850966 688.8393365566 1303.4988522955
1266.1696749389 166.5513072898 922.7931814011
1548.3854889812 1453.1211985457 1225.7552014742
578.9342072894 347.0031023648 1718.5333457037
1248.3098821396 1480.0117107512 -973.5564019468
-389.7824153591 1993.3207463542 1543.4886621448
1837.7038827339 190.6280230248 1194.7413688891
82.4569061769 -908.5296169882 1352.9224962988
-458.5445265615 -1685.5669833940 -353.9393545098
186.9595492225 1653.4621963362 -248.6874277846
-395.2489538718 407.3896626718 598.8124983524
-715.9508254875 -1902.4229852192 -79.4189385219
-778.6649502625 -1739.6549515153 -756.4807455892
740.7144326393 354.1371258572 -1559.2552561290
-703.0049395857 -321.7263089903 -1868.7967155015
511.0861365723 -531.5338564588 1908.0398261694
41.4180049005 13.5133384837 -347.5118782134
1170.1085822783 -409.2935152169 228.9842344617
-270.3089072292 490.1515779125 1300.0383338839
1010.8615611232 223.2733820380 634.8239463404
-1021.5745934918 625.6338167193 1300.9262411818
618.0961445916 1760.8810666099 -895.8894034352
-1886.2737762164 1081.2701303959 -1406.3219746952
834.4608067014 1701.2699437810 -1570.4563485569
1401.7466620435 1526.2320131823 -1508.8773780591
1970.3510316450 -1316.5956914257 128.4800249552
-1165.7950525305 -1347.0327398100 -1296.9238532717
460.8230725706 879.6184775093 -1475.9206968329
-1138.4919581066 -1613.7130492683 -201.9213061643
1514.4135048252 224.6122262608 -1726.0037268880
-1777.8345014359 -638.5928467059 -737.8720251794
650.1020096770 -1413.5683365799 -237.0570538211
65.5379754686 1786.5791546518 1952.4261664875
695.2285362493 1848.1795366605 -1463.9838414285
1954.1249307293 1786.0888189325 -320.1607206238
-1655.7432852508 1913.8642728057 1573.7288550315
721.9635762003 1077.8873543254 242.0067808952
-457.6040067556 -412.3097861770 600.6868795318
1118.0311610203 -1337.9740527882 -380.0038058169
-1727.2733326256 743.2059741414 1646.6365108558
1716.9966387307 694.5361493265 379.2942606170
-1836.3926655547 1551.5782880762 -145.6806681538
1697.2859505548 -472.4171431467 -1877.1944905943
1820.8863150132 -879.5492713888 1398.4470657774
36.7842366592 -507.2749564515 -1478.7735352069
-478.0828322692 -263.3548306396 -149.6357185086
-701.0838927906 -969.4197453374 -1747.3025461089
-1082.9091064070 -881.5834071207 -166.8633060277
58.3220494793 -1573.9111275915 -949.7545019567
1524.8269132283 1178.9011116020 1762.5670962329
-1402.7460574820 637.7241734200 -1516.1871121952
-641.6524269799 994.2814381583 946.4035138624
1368.7957372277 252.0169203247 -102.4619570676
197.1644425712 -1543.1668152182 1748.9924852607
750.2504016038 -1261.6175122481 -1914.4792748521
-859.3143995914 -1076.4389183384 1697.7056376873
-363.3912405813 -333.9288433059 1187.5289586539
-1449.6160128237 857.7372057291 1737.4403406694
1001.2492768992 -437.9834601963 -45.0005135697
-1700.7777560761 -545.3121599613 1324.9848523362
331.3259309016 1299.5232735550 1893.0588804479
-621.4763703353 -1033.1789688181 1720.9412865628
1815.0514025861 -704.5007271047 1277.3900903777
574.6392649593 -1221.9579939265 -407.9938120280
-518.3891088915 1868.8627294375 -880.0823030604
-473.1822333764 85.1328336987 130.4665601838
-1311.1062720012 816.0284005022 -1268.1027048046
-1018.4904614931 819.3478676930 -1352.4614301618
-1601.0895042204 209.7533234954 1371.5101717042
997.5875317618 1796.9942974836 1252.2067050738
-471.7083207407 988.5380392113 1845.2142447432
-1319.5112006363 -1239.7496507735 -720.3641864148
1380.1448999863 1795.0145452858 366.7736319593
1405.7703498743 1327.5207968610 1767.5838175799
-1357.0940030858 813.4213374899 -1093.3950972023
1952.0632762457 108.8277521262 -404.3993441308
200.1820214456 788.3580730556 607.8857354568
-1018.6482241863 668.6873938278 871.7613468797
499.8252873959 -555.2798461169 1301.0832762106
1571.8944127778 -1883.2554942844 -967.9935970660
-556.8652003227 1289.6144010712 -1164.7496523526
-258.8629795239 -1598.5488469004 -1138.0372920078
1643.4901264072 -1945.0068464850 1533.3666312301
-1792.1354359687 70.2627503511 1321.2425053064
-907.9711601887 262.9967349797 1206.7101792611
-1177.4489104729 -310.0776116458 438.9789748669
-1282.2127224654 981.7954340655 -685.1683094972
-778.4685822228 533.4305168674 87.3639267058
-1280.3755495901 1875.9885498101 -1817.4636075264
280.1407945967 -305.4581846312 425.5344363345
245.1843371159 -1737.6792939776 -438.2872962006
456.5823440655 724.8793981035 841.8071155318
780.4667065122 -10.5381565526 666.1517574803
-1899.9715712967 573.6696971066 -318.2396575744
-846.9604404130 1743.4300818349 -928.0277488168
-626.2595638077 -175.3089341097 1317.3153812244
595.1620433964 -563.5533325692 435.8025470248
-1492.8989941145 -522.0694083823 -1817.8521769666
-775.2661075716 1410.1984452356 -1121.5826443218
19.8742151169 -1726.5287497135 876.7079125593
1637.7638400343 1667.5421087469 -1027.9397999532
-1082.1879000638 647.5904865724 1855.4566574828
-1581.6353177744 -160.6119781865 784.6124891213
816.6421927345 213.8099885626 1961.9816850797
1783.5009505447 1452.7485733847 -1642.4641194054
286.7022043295 -1457.8580939468 -1995.9702447808
-1229.1788465582 447.7567981036 121.3071385370
-1066.4571527364 1073.8965239762 -562.0860437558
-1291.7000490304 -792.2473097136 -1924.5741125649
-30.5638954775 -583.6748485822 89.6436214468
438.9025473820 -1436.6012039127 89.1496728175
-1890.3337325018 -79.3399679526 -1930.1971080262
880.0155636690 1955.7157612368 823.6612476909
-403.9399569980 -1011.4669890414 617.1125453628
921.6921451599 1524.1358888976 -265.7288241384
508.6379014176 499.4373620823 977.6515688351
-1879.1782930285 -630.6430726876 625.1963211116
1121.7441747135 -1859.2119601335 -960.7279221919
-1149.5653382004 -1620.0677340138 792.4594530968
1115.6413098337 -654.6600350665 619.0666997714
1525.5985661843 -1058.6937861935 -24.7040474693
-1254.7895778313 -1306.8779276800 -711.7104266237
748.8940626517 -1618.6642155676 971.0708133500
249.0757869877 -1386.3159106066 3.8940618450
-414.9244068728 885.1048831884 -57.9198021573
-917.1791993580 -337.4088715220 1283.8432820662
-214.7217476981 -1412.0126975869 -380.7371890055
-505.4173554579 1299.5352590478 1537.9431207581
695.7905985398 -1275.2456870600 -698.5899717422
474.5226476201 90.3990705249 -1791.7740037428
-785.9012381850 -697.6949983999 986.7136935384
1568.1263811910 1991.8817420772 959.2947998306
1948.1238911112 725.5529685584 -1754.1771351309
-1481.7620473984 -1324.1913635419 1235.9141563353
607.7586198948 761.7505599017 -1614.6954877242
-1151.1233540682 1898.9725771800 359.6816898518
-1077.9713773135 753.2082309041 45.9997631170
728.8610371518 -128.0100938765 1493.4376084849
-965.5272545762 -1546.8381820679 1930.0035533776
1659.3775123731 396.9027642584 83.9998823852
-131.2471018752 -1217.1452172721 1142.5922020835
-120.2309596905 -1109.8503139328 367.8580709472
1801.4639240984 1463.2808352625 1069.5483528687
1035.2025789697 1792.0330531465 1793.0317033399
-409.4622257181 997.4172140600 1610.8199909139
-1968.0950815511 -1127.5194055519 -1643.7790383316
-1921.5934470240 1318.7741906082 1110.0428601698
-1494.9173102583 -113.9094789530 1931.1447413921
-188.9240157431 -1346.9863799771 -97.9635795853
1063.1951384305 529.5892507319 240.7249826052
-1065.9086957848 -1061.3236193833 -1369.3137221272
-1797.0200118826 -1131.7919131672 706.1774616873
-709.3317116632 -1462.0816032711 1077.8827798516
1472.7115245837 -241.5346871652 956.5757786583
-1285.2301181339 143.6530755519 -1209.1985742224
1840.2596072720 -897.1892168479 -1126.7033492842
-1739.4484336614 -1674.5750728738 726.1357766809
-270.7650725568 454.6440263547 -1941.2781141971
291.6224480008 541.7721556389 -1784.4940007416
1386.4317190822 -1595.7218349709 956.6067391160
-465.0333528063 -1185.3426989195 -1943.9785510530
1397.5397659690 -300.3347644815 -1110.5551476606
1774.3444141222 1168.4717127583 1551.0445510948
1722.3210398892 -832.4260068862 1285.2245404969
-435.5910808207 441.5721088407 1333.1845665831
-278.3896553708 1421.8653316047 -1268.0509977590
-98.8812337339 674.9664756381 1247.7821679931
-1170.6034476986 1276.0110313857 -1354.5190621498
-1022.2909658650 -319.2144716005 1813.8757275474
-1558.8807094859 -242.4674500722 1485.7586795595
-371.2521546379 289.0550090838 28.5144756442
890.6188830701 772.4009934264 113.6399453667
-1040.9446776802 -606.3257878832 902.9424853597
1494.0487974123 1278.9713350020 1016.7164228542
-702.1473765820 354.5220704320 1081.1464771960
240.2137793765 -1997.2897734943 1331.8781463342
537.5616325015 591.5493325010 -1031.2215951461
-1545.6865044325 -1681.9491231844 1156.1458299246
-579.5532968361 1991.3896777729 1220.3573103330
265.9279700084 1124.3917338931 793.0172782920
939.3497555148 -525.0606004863 548.8176290773
-1284.4825677450 1542.3473071965 691.8501961950
816.7455933959 157.2417975813 59.9148539129
94.9793733952 814.4946223594 862.8365557429
1830.3772655150 117.9086840886 1947.8967462836
1807.7647419063 291.3909787649 -154.2417031786
-469.0666284404 -149.7522699611 1156.8062875096
-736.8536741322 -76.7996408603 1865.2564236455
1852.8636249938 172.8814481992 -107.9486630314
1077.1743925821 1652.8112095179 -1494.6172373939
177.0177767581 1316.3816116925 816.6056632311
1511.4902766640 -82.4231675803 -1702.0604360496
1840.4176158577 -1866.9538342376 -201.3843374172
1239.8883506862 697.2595358388 326.2083557398
1994.2883172984 -507.7544871501 133.3594148871
1756.8146013516 -458.2279174898 666.3069495897
141.8743462541 1409.7270049224 757.7826938919
656.2037099003 -1039.4737813434 -1799.5894488851
-528.0357568134 1832.7647829136 -1713.2625380478
-1009.7887082232 -433.7476915190 -1864.2012700356
-1134.9859340128 1640.1268715566 -849.2648524412
899.7474223843 1750.4679426137 -110.4934265532
-787.2701116356 577.0186032975 -1741.5080058645
-148.7429465479 -8.8179310215 -357.9495021759
1241.0703693987 -1723.9224589391 560.3717042957
1626.0124592566 -375.6628240515 -843.7257559090
35.4375966458 -1587.6640127120 769.6971405328
-166.0887473648 -904.7744736663 37.4842376512
1588.2638634238 758.1487140786 1793.5952639935
1286.7419891974 -599.3341184231 1253.5175890378
-45.3874536377 675.9358755447 318.4517146070
757.7366351576 1631.5841106652 -619.0484618870
649.3366165193 -1488.2916293033 500.0498661389
-594.8119760597 662.3256705613 -567.2651665907
-1219.3399931301 -1235.3403776840 -1151.4188120017
-488.8238860199 1565.2512278311 -1935.3491005030
1213.3254320532 340.7840770778 -540.4869496059
-1697.3780749535 633.4586469800 -383.0671249301
566.2447108063 -1862.1405746482 446.3449179986
482.8213862860 -1587.0469182631 1834.6555136235
-679.5279465920 1782.7969561674 181.8812921379
-800.0217243146 -369.6418923675 -679.2940419732
583.2925021037 1893.8957733104 -598.2541775268
1752.0159979720 1503.4909389340 -108.0451551586
-124.5911918031 -1558.0175048498 -1369.3172291826
1114.9644017861 1492.6876708028 1224.2021922964
1175.3726975083 1495.6793976298 1647.4611533325
1436.4383772873 -819.9277036755 -1933.2142701091
-699.9451042624 160.5231958231 423.8045086409
-694.2139420446 1495.3262465874 -1606.4243648721
-1966.7181485069 477.6892724276 -670.3787094016
1318.4599605327 -317.1117686855 1810.6266848061
-1113.4824000229 1677.2759903762 -1580.3188884630
-790.0418330937 -946.9600161288 -1957.0668332847
-513.4271602324 1107.5689623025 913.4435196072
996.6872838485 1294.9058828396 824.5374275176
1032.1528940892 -348.2569658431 -1266.6782438949
-1624.7363392270 664.3262090764 407.2993181621
-1201.3364738727 -437.1742719628 -61.5288747845
-763.4095201346 -1110.6335064090 1885.5492997441
1053.3276651178 -1462.2054306542 292.9739710887
722.8173248820 -1841.3792174563 -818.7933695164
-1450.0819974217 571.7125522291 -381.4073733750
-1281.0731291395 -1369.6033076304 703.5071762472
525.7280951767 -1069.8910125001 -808.0163732107
266.3532479064 -1527.1633060996 -1787.5656567067
274.0340101486 400.2943092790 86.4985257489
-461.5254816610 1738.7540377598 1147.4831702214
1684.3160693819 -1113.2049995599 1441.3956861569
-462.1724848158 -1617.3640793566 453.0442170065
-159.9906351045 522.8476286386 -1925.8096523267
-1694.7186742864 -1800.1796355825 -752.6400062650
-1959.1104815676 -696.9123628967 -1375.6883066363
1736.3049090166 418.3870364014 -792.9357353096
-1100.5550917987 710.7749858676 1276.6636270602
1217.4597736072 1943.8083830570 1366.0977530359
-1118.8558456121 1823.4286687428 1685.2891064063
1731.4303938323 -902.0008214023 1246.3249938038
-1724.7555970606 -796.6338043399 -1030.5711532886
-89.5006454360 -1268.1650272033 527.5571128532
-482.0904524875 1446.9951581708 1755.2571964341
-1547.5077482672 -1309.7852808298 142.3417427914
1261.5027902625 212.9991783456 -1305.7224218137
1872.5398938975 -246.6435403594 869.2038543249
-1271.3015303934 262.3987117085 -1926.7680974293
-1868.1294407173 865.5397221448 527.3594856121
1991.4426102654 788.5269607693 -1393.4952886344
987.9986392305 241.0721863549 -1572.7817393160
1688.3222889073 -1551.5643067056 1584.5777655394
-435.9282833115 840.9525686721 1301.1396776262
-120.3047345398 -1321.9318573102 -461.8379779839
583.5429771606 886.4007185793 1647.9231350076
136.8224210431 -290.8764306811 581.5839784128
1413.4289286169 -1778.1525602380 230.6635038053
-666.4667830183 41.0950113178 1400.8735804294
714.2036864912 -820.2129026528 -699.4321915435
-1349.6690081470 1566.3126870942 -1001.0477729210
338.8681371585 -267.0669105143 587.5000440626
746.4609035929 -298.5166895243 802.8455736359
37.9555484462 -1300.9684495185 -533.2019249869
-469.3636324209 1775.1125161267 -990.1597264488
436.5139912813 741.5208864472 1120.8702665566
-466.7722595493 -1259.6647803336 -1936.9096330691
845.0670477735 1026.5349370737 -510.1599686784
-1262.9581456047 844.8326268266 -919.9061836547
1130.1160967096 -1696.7041285508 -1650.3581362976
-976.7812392823 -96.2938452369 1160.0441602942
-1805.7941018456 -1368.5601832018 565.9580635658
-469.0531311462 1982.7080927691 -1005.9246337881
583.9765039205 -1366.7051700135 -669.3148026028
-1215.2112496346 182.3537947260 -1426.1370373303
-779.9395565553 1941.3667154818 812.0557964976
1567.3713372171 -902.7499414609 -1521.6913324042
-1862.2582922573 -955.1080394686 1508.2316206978
-1558.2403279319 88.4848433670 -1511.2747933037
308.9330769450 -1504.5315065664 503.2028438338
240.1442713704 -183.7674531304 1387.3254067599
767.5454918335 -1931.2699082270 1183.8172262071
1404.2626471205 159.0946499505 -24.3179913911
155.8961929943 -267.2115956229 1452.2301272070
1698.3863915148 -1197.9972657779 -1995.1171287855
-409.6165999677 -464.8722372224 563.2217805893
148.8754362515 559.2805274172 -86.9518926171
-1935.3650421053 -1787.5669184775 1799.6608742464
101.4097517867 -1143.6468030272 -363.6692464096
-1556.6828588287 -799.2023564346 1488.1419407470
-1247.7784660964 958.3142280093 -650.1523264715
139.8764105985 -1653.1673480952 690.0331609834
-877.4966254539 -1796.4280643268 -224.0974250597
1203.2307288344 -220.3647925139 973.3400261207
515.2946000764 -1794.8923145194 1545.3839345368
-272.6858468483 1751.8547919530 1345.1923625611
-225.9337704080 933.8790923455 914.2142772934
-932.6345243517 1344.5519356337 1749.7950735606
467.8607542182 370.1653141093 -1429.5005509224
-1007.0431178783 751.6566452943 -851.4774049813
-1407.7872227853 -1404.1118724848 226.2697820670
-914.2899462496 231.4531390142 -261.5058080576
-1774.2328471387 1622.3648832703 -15.6246227578
108.4597963134 -1769.1185518197 -217.7587246087
-1340.0484083571 720.0114443385 761.1441900179
1880.1294370809 -472.9212197457 1560.4625107861
-1530.3914517544 -1280.7096780419 -1308.6908647626
496.9088757916 -89.3241941438 -1613.2156055195
571.8680552253 -536.9177037852 -600.2118197916
-790.0285768225 64.6622703831 489.0369310359
374.6887691543 -1008.0873939983 -317.3672227736
1751.2773385394 -1969.7209503527 -165.6245163002
160.3343873438 252.1984741097 -1242.9640888538
1392.5027722431 -912.4399666974 152.4221282742
-695.1534920015 -1059.0725434247 494.5355648447
-1635.9078411629 -1304.9022058158 1098.3544511466
-1363.7377197774 571.8423008491 763.1681426910
1910.1720605846 -961.2591479885 82.4755147497
-917.0788272106 1813.0791082807 -1554.2111345584
-1419.7522497624 -1020.9249715303 -837.2889905008
75.8528544580 680.1713689318 -1533.9623233678
-1316.2400357769 -1838.4604544925 -927.7346488330
-89.2638272242 1741.3876944100 890.5581756503
-1814.7969713661 -1922.1545049963 1307.5562119251
-1638.8062721405 1006.6387116729 -286.7500080195
-1238.9990516546 325.0478442066 -105.3261266923
551.0435121020 -996.3786388391 1600.5938841412
-758.5007782917 892.5467178255 90.3678889287
-1455.9586161118 1667.6090087951 574.8670532717
1167.3939399331 -504.5210503028 951.5531894128
802.0250450793 465.9896213492 1344.6996153689
762.3430716107 1027.5941562053 848.3928102484
49.0524368671 943.9181575003 -87.2083092237
-1976.8071509508 1505.6331831954 -1441.2329919470
-456.3637580688 -1587.0793776053 -1650.1599737740
363.3973624074 1473.8436832666 813.7768817464
348.1764171612 1917.4852448400 480.8580992561
1448.8608388534 -1761.0680182029 1042.6177525391
1808.1718174955 407.5281528019 -1079.8844759649
910.2756451216 -299.0789028503 -218.4398960451
1180.8786284330 -670.8056157073 -1113.1934123611
1162.6544464960 -1707.5051846213 -1748.6150985630
188.8928015540 -1377.3356936532 353.0865220924
1078.4216852954 1775.3537435048 174.1550442823
1682.7168919062 1569.1193543495 -468.1358780079
-842.8466480527 -900.8526712350 -1052.8341541937
989.2579986480 -1918.8219785313 1857.4553111704
319.6705609379 1332.7607923193 -1017.2935064818
-763.3073496998 1095.4347639423 -812.6479155201
-939.9965735232 -180.8015875847 -1678.0199643391
-1683.3600167238 -947.8745894311 -1239.3975412291
-1646.0414201747 500.9232240522 1186.0124678858
-489.4666937590 -60.8849541596 -1876.1272323575
531.6560185817 1034.8504504740 1378.4549934646
-991.6228583387 -1621.4095802298 -560.1332316866
-1051.5612761073 -719.3706979828 298.7519914452
37.1029415273 1637.6721577433 150.0622650831
1580.7209227349 -1241.4664959798 -550.4466340840
-1867.4283745754 607.5440265798 -800.6289067886
-658.2568947966 -13.3447259223 -1339.2288105986
1144.0318392387 70.5724514919 1336.6345393335
1702.7872371346 -1564.9834223624 1363.5524007497
-536.0376366360 -1030.4721989718 1987.1902818944
17.2846517448 -1208.3652440974 -149.8400203443
-1380.8529436330 1064.3850909948 1188.4869890967
-981.9836897532 527.7415529151 1254.3843481955
1599.6715530451 -1704.6782183277 1727.7871280213
-763.2089155394 -1812.2604775639 -452.8444699401
-96.4548718252 1209.7940714755 -1823.9738236675
1586.0304220518 -596.9078352762 -536.4461048071
-651.3774145025 -694.8091935090 1354.8326313495
-1721.2672458162 -96.3196872419 1364.8954344844
1957.4357770662 173.1014861785 -1508.9433399194
-656.5105627671 -387.1130068237 -296.4034713219
1375.3078141659 -367.9985800400 12.7061030745
-886.1568156051 1960.0204213976 253.8955717406
-1803.6405208800 -513.1779599814 -747.0797721296
1847.8640905767 -1262.1132532779 -577.2497337610
1591.7986893755 -1271.1444959925 1244.9954683021
964.4363766124 -1568.4417669744 1713.3062760081
-1128.8145455271 -1357.5202430776 -1340.1063808249
1914.0572472872 1643.5571491868 -1418.3174460891
1231.0710779583 -967.1690743409 -283.3576086090
1231.6619615975 893.3052775095 1894.1490086923
-1083.1723967027 1627.0992592065 479.6474960978
403.1124627862 -1633.5795893097 -1752.5933202370
1910.0942032044 -250.6022511615 -1401.9195768970
-868.1485415775 -1775.3261772966 731.4123431158
-1486.1753809299 -834.2926768712 -1225.3329934082
952.8583607106 -1947.3404974235 1865.6176833720
1756.8515072534 1292.2741754076 -685.6724534202
937.9291843148 1302.7546675664 1682.2012028191
-112.1911090314 -1846.7437910513 99.7664047371
-958.6011056815 9.4904839225 355.5694888830
-658.3461277287 -1203.7502247334 1782.5802032278
343.9583036781 -576.6112366055 362.7912194324
251.5097544920 1783.0614581289 1679.6252709050
1858.6940399115 -966.7979676531 273.3218735572
45.5545247521 -1271.2761406458 -300.0525882827
379.0640167659 -1214.7896967732 1591.8843104595
-154.6288738487 1596.5595560214 -1381.5723645625
1270.3818194135 1900.9627894958 -27.3028992227
-1147.4624030631 1093.2342105674 1508.8602307830
-900.8958471428 -1035.8407422347 -1386.3600391050
505.1056055399 -1713.8670908920 139.9322221251
675.8855720393 242.4836684955 222.0893797618
-1042.6535240853 -574.0661918750 -1936.4004329200
-556.0782859909 1925.2808556952 -846.6302061128
1219.6040573359 -166.2081994451 877.2163087128
756.5851762775 -62.1371006836 545.9778192627
-1199.9531520342 1886.3432369275 541.7225893801
-970.2061041474 -1214.5716370435 1541.6397238837
-1862.4456935440 -981.3155692424 -582.0922500155
-1355.4931409391 -284.4695279119 734.3092906268
1482.7601883691 16.7152948063 1017.6189969190
-149.2993243450 -1562.0005739625 -1369.0006782603
-1949.5947425371 1789.9214832152 -1906.7276337729
722.6879070458 1325.4610158031 1332.1996888785
473.4679505037 -773.6300823726 -1387.9948879006
1610.7003835837 162.6335986936 1017.7731828740
863.4138615190 -859.9396870935 -1191.8949675408
355.4112481327 -574.6289428684 -1626.2683111337
1354.5345586110 389.6599292734 838.9012919446
948.2234038035 -567.0358715048 1102.0944510912
728.4718565263 418.9850870680 -1893.2865860369
944.5210240847 -1890.9557442525 1578.9417821250
-487.0874409683 -243.0361168267 -1036.4571698278
-1977.7592317421 -533.6860698763 960.5716955207
-185.9200700693 -1455.2381778581 380.4560822426
-1726.2674133847 1495.3787731785 71.3625707267
738.9299764494 1190.9830416829 -1871.1440527596
1712.4452726048 1913.6330059966 622.8078930701
1039.4624170156 -1931.5085113609 782.3884773678
215.9282259855 -1120.7508836982 -686.1794277894
-554.5150300466 -45.1273957689 -1159.4289366753
-175.3954889760 1097.6709887027 242.2481185957
-1908.2147537001 1442.8855963229 1950.4246669439
-1186.8970212902 1096.0725771101 1024.3569486890
-1662.2370432235 1225.3666905378 1440.6510509301
-606.7183416887 -525.5993269852 -975.1754583728
1737.8325497700 -1407.6591056232 -1802.7147552134
-454.4380666828 -1906.1551562593 776.8513478181
-307.9193234836 275.6456918401 1174.7652134343
389.0345347315 1857.8240435954 1598.0170135648
-817.3964778385 -1521.9937455669 548.3806330023
-418.2034906308 1949.5257475144 742.2818153088
-1536.6067166173 -1821.6533117037 1489.1382581335
-1239.0759453077 620.6936169222 1724.5825123390
-1174.5672851998 -1776.0101622347 1336.8327767547
1363.1912646332 127.6671769678 868.3443835363
539.7795811510 1117.5308879578 -1398.5742912952
1255.3674378353 -307.2585420807 1240.9585712698
1036.4228832776 -618.4211784407 822.5730045923
1184.1877616553 199.7654489793 -1468.2221589968
-1629.2756765344 -1805.2574675283 1682.4128253821
-168.0379869318 103.8536542365 1805.8385158108
803.5927545947 -345.9771586216 -204.6527931056
1437.9779391986 367.6879423461 1838.7586832511
1256.7977603879 -103.0522938881 1786.5824307568
-508.9900143487 1958.7875217360 -553.5814203221
-223.1271889742 -1056.3304525658 -1938.7466739475
1609.8549271545 -82.0923943289 695.4697382804
113.0716298413 -1629.2283441803 -553.9149819692
965.8539240865 876.5160044462 -1035.9521885712
-162.2671780186 1517.7704800759 -336.5813273056
298.4804569196 -1611.4366946326 -1651.1534256311
550.0402162554 77.1731919599 1239.8477867550
-313.2261044004 1308.0485919838 938.4132585965
-1493.2006885183 625.7125578418 950.2076152092
88.7257849765 -1761.4150840539 -1464.2700857409
-997.2516187327 -1180.7212696663 782.1118585917
-321.5704614053 1540.0820355571 39.8720331714
-1411.4207398194 921.8135303629 -1777.1692522968
919.6645090563 612.4449400638 -453.2235495935
795.2848604979 307.9169046400 -584.5924751558
-397.7047956608 -1730.0607902237 -1718.0961815239
-715.7234601212 -1906.8139790195 -968.0335789477
-1782.4444356029 496.4546448444 527.4354317146
419.7917226077 1075.2405240555 530.4371258674
105.0944546668 -687.7416006084 -1324.4716502320
-1394.4871929766 1554.6762190768 -25.8232399862
165.6760066965 -1523.8853649682 -1097.7166146691
928.0056416104 -1216.1853356030 666.2005295681
846.8492355030 259.6021669323 -1938.8766355544
1409.0712483077 59.9637816263 262.5039102166
-611.0339129353 -535.6378235318 -884.7755297700
-140.2871086125 -1316.7909827169 1332.3315019916
-1471.7205997862 220.7475574145 -798.2759761501
563.1569768537 -303.0152698363 -1858.4263678791
-1594.9488514230 -1130.4849680511 -1154.5577727702
1767.2204907981 1780.5800585016 -1318.0749057236
1644.0277649475 595.5904411081 -1640.2850156262
1717.6107906015 1183.7326984220 1475.6568201743
920.9224921554 715.3912171766 -1412.5893610132
-406.3799546329 637.3254226747 1328.0983838213
1786.8928398658 -366.8373976453 -184.8272265458
-1451.5426056016 -1957.0145473000 -551.8817171523
1194.9683478110 -712.7187286357 1396.3469167051
-1614.9746395651 1246.2144907585 721.3762545455
193.1996576851 -1420.0047956270 -1458.3438703235
910.0466220551 421.1133399016 1489.3004143806
-1605.8215206934 -1405.0867921312 -49.7946396126
-566.2487159959 1088.7437154210 476.9612018623
1030.6975478932 -932.8118002715 -1349.8300310495
-1512.2773139093 -463.8617718182 -1545.5994614142
828.4607687183 -648.1665738126 -1900.6802459677
169.6911951813 422.1715893902 -1164.3406395251
-1719.3249296476 1189.5313387641 -288.4052752470
1346.6843826450 616.6685646169 1621.9520942404
718.9283740693 252.8603219391 461.2134083397
1264.9012365161 -763.4944045999 468.4865619720
-1948.8120682954 572.3876499129 1716.3558065242
1752.9803754533 -707.8235493410 1017.0181980428
1315.8505088276 427.7456992650 1089.4373727506
-708.2394142699 -140.6334435395 1205.9750610666
1013.4157150244 1736.8064831949 -1575.4237668961
-724.4759685411 -112.3592218137 -1700.2906927220
-401.8484959355 -1429.7909293040 1699.6484324445
-1118.6365436208 0.8127385499 -670.9057295832
-1234.2700834512 1953.5062552790 129.5333077771
779.9421233876 -1147.9295732008 -55.8453229086
-1664.2890899462 1967.5818318089 1148.9820401584
-758.1136116376 1251.0451397263 -839.4543811470
1898.4025553193 1268.3631133444 1655.6961155562
986.7360637312 1398.6362054442 1645.5113527206
404.4519104512 1585.2313312603 1708.6948692116
611.0179880914 -1329.6819824046 -710.8638514149
-1763.1567024321 -1404.5496138492 -518.6118557295
227.9391030212 235.8039050191 -1326.5695652131
-1020.6360698131 712.5027588845 624.0056928937
1972.7127389389 -310.8224922174 1058.3466833512
-1840.6278701753 -1577.1988476331 1958.9794743213
-1295.6887469356 691.9643114219 1354.2181577666
1091.8589085616 1596.8430163197 -1377.5509452898
-1519.3621714440 1138.3265244245 1981.1053300220
-1228.6853762765 -1997.6808470703 1695.2741281105
640.5929536830 399.3869866826 822.7802212282
-1039.7938393550 -436.6199755019 -567.2224250149
664.2131660683 1304.4835759193 1422.4768797768
-177.0367214681 1182.0717483489 573.4706694285
-1259.2285646080 -203.6177869925 -1238.4794645695
-530.5831081328 -1640.3852627482 -1619.7189673032
1766.9830253084 508.6393995896 -470.3734284188
-1641.3150263404 -1165.2888854371 -1043.7907878545
649.4592976508 -1187.0537784758 1405.5935687562
-879.6809842095 1739.3498194288 -896.9370716219
70.7283955238 215.3691413388 1121.2564186555
-1547.2483076211 5.4503607597 -1413.7790175896
1899.6913348433 47.2377258108 -1890.3334968711
1882.8944245104 -562.3414823235 832.8408247319
-1621.5726478671 -1475.9440984928 -712.3288046880
1682.4662366677 1196.4186663687 1903.4627628366
121.1087950860 -740.8942902549 -1248.4070347064
-1546.0173995867 -604.4957756655 -1776.9672462599
99.5595557062 -694.9498883606 69.8442353605
-1808.1374828884 1652.4811441060 834.3656265501
-877.5565656396 1155.3770743278 -1563.3680206462
-531.0470606757 530.2273041742 850.7249291607
-443.0478847256 -20.0793312344 1104.6009097157
-1121.4305385879 -380.3803770894 1016.4076358400
1348.5404274779 -1568.4163143970 -995.9301273147
-1105.9579850379 146.6128344785 -1642.3111974524
-226.3779992228 -663.2724684368 -1794.3836290492
881.5784216719 -1518.9212035032 -1061.1568148325
1707.8542293691 -1083.3744250216 -1419.7153821187
-30.3731082826 -1903.1140456702 -1918.0686131127
-1096.3658074524 -556.6295333682 -1795.0635766184
1567.2693327161 -292.7661093723 -1111.1540137962
176.6388847873 -1689.2365030522 1473.0333980685
-984.5537800244 -732.4264640036 160.7550906737
-1161.1369193610 -718.2798173003 1503.6723259749
-1245.5764423064 1209.5477365011 -241.3536441280
-606.2838647782 -1591.2340609914 -1072.3796711107
11.1703423893 -512.0289060970 462.7970835479
1081.6552799609 9.9831248666 -1336.1870997359
-1842.9059905066 -679.7124070273 -1945.6662476290
-1764.3315014957 1130.7482327521 1211.8512572090
404.7504824455 35.9339671098 471.0287850498
1549.7238834979 -1631.8152369334 -1207.1691978200
215.4144745732 318.7580708035 -1979.1881126226
-315.8816142552 -403.3517384547 276.2251811633
-67.6833822523 66.5633403836 -1851.7424760891
-1521.8156482878 406.4183685206 -1552.4979433525
1302.8512335062 674.6101840777 -1112.5985350117
-272.5981251854 123.7933660346 -1017.7599691154
-1587.0777096652 -1368.3361135590 -1394.4549477356
-972.3914613974 1300.8084603647 -977.4375880233
1287.3554080269 197.4771068486 -473.8134228284
-775.9798700258 -238.0802793809 1482.4142148956
545.2837954933 1673.7420457579 -814.7971964195
-270.8331225948 -611.4161937673 1850.8590893986
1632.6685881368 1506.2751951479 1071.3380248178
-1252.4349358971 1528.0261358028 1303.2402104004
12.9056738961 275.2184527108 476.1099952064
-66.2886534059 -358.7141104631 -441.1190070980
173.8422093722 586.6734094558 -1387.4145904927
115.2811151256 -813.0734755684 1886.1580993200
-854.7620148002 -880.5178680371 631.4955597909
1114.6798319700 1304.6822887900 -59.6881677613
-1182.6175901475 -408.3481332864 1272.2512483108
-1439.8184789125 -502.6550045803 -1197.9234930885
662.7925557643 -1665.6273933060 -861.0995819886
450.7527995531 89.6849973968 1161.0459654654
-511.4799653181 948.0145175574 -45.3748197210
-1251.9281670058 1841.2418844567 690.7891960322
-869.7545622707 -615.3851599849 -1141.3668765919
-416.9796941724 1419.5927338573 1638.1193389563
731.6113519394 517.5595924293 251.6291351051
-694.5737539292 1800.4037105340 663.8332161751
-1330.5008109790 -199.1665928495 1843.9331148073
-1758.5733261930 -884.5342496130 -226.6510062479
364.2881367564 294.1564253531 1083.6081996266
-9.2050655566 -452.7173483869 -1513.5396116698
1513.7319151583 -1861.8916507846 -392.2419392071
-1610.5127790038 -1330.0371130372 -1142.0924984966
1572.9637263023 -1996.3757556135 -1317.8309108508
-573.0125022506 -1039.7593727083 -165.7858778922
-148.8182021480 753.7674860153 -1984.1059982621
-677.7627997868 -1670.1306075763 1802.4460256417
1845.0207665237 -1031.1722592211 -1245.9334947940
-1406.0194238913 1773.5542974481 -893.8937530660
1552.1611538831 -20.4504746394 -775.5073898988
1720.9870806348 717.8808285571 1362.5617324448
1982.8707454881 1827.5487250813 840.4009187770
-1174.7072605749 -1070.8433614158 -920.9826658875
-1383.6507762934 -1793.0101195066 -1400.0279642822
752.2257528592 1864.9662741617 -1626.2157186498
-348.1699269438 1848.2266788638 -1570.2508293948
-1658.3538044018 -142.0179442933 -1021.0993285667
-1614.3839066092 -751.1014761382 1819.8283927066
-779.4854673850 -834.1646787403 1386.1326349866
410.1861234408 -1289.8477636733 1440.8851931210
-525.4284787622 -1399.5349168434 -1750.3303437591
1407.5843848646 1878.0853248803 -509.7512853526
1916.2410119348 -424.8326980339 884.3294693441
-5.9040355906 -195.7106467242 7.0221820417
-872.6186637955 1804.9231919073 -1590.5262861729
-581.8848976610 -1824.9928636328 1860.8773788671
601.6888359714 -1465.1928014265 1822.3696322623
487.8213676124 -657.1806611772 -579.9734898555
118.4606022499 -52.3164028090 1228.9760584356
-778.1613896957 979.3927838827 1336.7388477978
1396.1777090773 1257.1952353406 -1125.3913107957
1340.8505507846 877.8751653223 1587.3656378245
-862.1795727364 956.7277565996 1896.4401197540
1071.3821723172 1658.6014028045 159.3100024828
-1779.5116050598 -339.5914883302 -1934.6606742046
-1260.8819540093 1089.9181658119 -368.4790624009
-1144.4071271888 611.4724822015 1491.3946448075
1171.0940680729 925.9070390360 268.2689939505
1367.5404752001 -825.0489263124 -1255.2948365949
-340.7808404374 -1770.2725465547 885.9067933703
-189.2302695786 1747.9114545666 53.1550705821
639.2601931455 -1762.4480984591 69.2124799860
1684.2494215294 1540.3331473277 -778.1620713545
1817.7816809360 364.0435613624 590.3211723300
1706.3534167947 -1476.4771760561 -213.0790437764
1494.0936059477 71.4620806159 -108.4973327223
-1796.5814546051 1366.0353623972 -1719.9889503471
1482.1422918471 -1065.4420642004 -583.7714295143
1273.5444526896 1940.2585942655 109.1521954609
-1059.6271846474 -843.4501680746 -372.0270671847
-233.4960724269 -1504.4095831896 774.7935745807
-1201.9197257531 1780.4419697439 951.1963429826
-149.2228808694 -91.1050097314 1539.5987667429
-1353.9167720467 1992.3826727481 -1319.4132328310
-685.7007261772 1832.4117120802 1324.4963874233
1833.8725660545 -1505.6500652523 -703.3674293660
-983.2707621586 1378.8836007204 -901.5853486675
1964.4218355969 -1618.4381462921 58.4202254072
-1441.9297240717 -522.0489013406 -1712.8625544199
-1227.5053371055 1438.9374909767 1391.5892277886
936.3691345335 -947.5757195618 1526.5007775710
218.5003479798 1939.6551721308 -1655.3063919848
-1503.8833686831 476.9899489807 559.9718094226
-505.5177003186 -432.3656433034 1405.3160749564
-1188.0991948173 -161.5463985614 859.0429899397
-330.6491607061 -1487.6866226434 1256.4345317346
-1667.3051042504 -1039.5401975460 -1387.7321843314
-1664.0255023324 161.5599880533 -539.9678135020
-1605.5051796153 1347.8435723489 -1849.4255550512
755.2136114605 -1756.1722104925 -1641.9332926981
-1000.1297509392 -317.0404782282 -1723.2959676140
1872.5589933112 372.7136136008 -1597.7073750479
93.6275037147 165.3970122058 -1977.6243450545
116.0647314064 1935.7423131106 817.1593127932
-1663.9864858658 -2.3537153420 -1698.0630525071
46.3952245911 1072.7371605137 -1260.6016127217
-591.0914384429 -1190.7483267257 489.5765407189
-665.6567291823 197.9636886547 -1246.0283127241
57.0086059879 -532.9743323576 694.1106011831
-689.5784022639 -461.2585765161 1181.4978365661
-1246.0580541423 1694.4488621273 1197.9533375573
19.1782163698 1863.9009515169 1186.8360813886
-1762.4090478167 -12.9828910958 949.1941493489
-1237.0014187338 -708.2280282484 307.7106577775
1765.2701950959 1397.6876997049 -1914.1739111232
-509.2191985517 1722.7549246524 -1871.6427569818
1753.6651620385 66.7764592750 206.7085426878
1200.9920496954 -971.6868055221 975.7221489511
328.5052215417 -1330.3338852246 -1362.0750464303
475.5254493469 -1908.6199146024 -1030.9049811589
1883.9983659872 -35.6605362690 -1733.2122824628
699.5483952859 1958.3953888550 1803.6692593877
-1382.0392100061 -959.3053640611 54.0539491385
-1957.7433031777 1359.3402283210 -642.1538502140
-1348.0452855650 922.2084251362 1542.2768242315
109.0686504589 -290.9627984031 -581.7015939643
-310.8267206289 871.5424779155 1929.3520221075
1457.3690516226 -1762.6401565525 -1411.1182849087
922.8522834010 557.3537977359 -1785.8484967433
-131.5559176621 1826.5731119503 -1755.5413101397
-1420.3694635867 1460.2842852611 704.2174432593
-351.7285019500 -737.2900365961 139.9711892757
-482.8082657406 -1698.0238470888 -1388.2177693816
-802.1363145611 -1438.9316536972 -319.6110669799
196.6953242786 200.4621992436 127.9144319344
-1579.1888903378 153.8584316171 -1156.1666704145
777.1167991629 -589.7696000028 -32.2266652887
899.8085121648 1013.9183620431 1329.9576668504
1072.4971620253 1270.1552271458 -1095.6725216856
1050.5831005049 -980.0834506504 -1838.0788509205
1799.4464566696 1359.4399538493 -1690.1223334944
-716.8487230366 1022.5152433296 1766.2889501685
-744.7729454383 -1265.7623645863 372.9539373813
1281.3286148001 544.0407129985 -1314.4125942452
-396.2153708269 1229.4090557745 366.9843757340
-333.3383602095 1695.3075289821 -1353.0380720802
776.7197994932 1060.1439314434 -156.6420573660
1870.1394672068 1332.3115342920 1001.6159586803
-641.4959133054 351.8927406457 756.4289244553
-1310.9893833248 1616.3258943073 -1077.5042325598
-1153.7478160704 -315.1164100426 -252.0178928201
-1958.5333391647 1981.8465302099 1088.4099266376
-331.2600682937 777.9874144569 1651.7475273856
1090.2628594766 -1364.5337603092 -161.6971187815
1248.2837790293 417.9084846476 -157.3970551899
-1121.1182501781 -354.7489654823 883.5862776352
746.6561418443 -1355.0461230333 -730.5827095529
-1688.4059629771 893.9233279959 -694.9346766569
-1019.8020214427 1466.0586941568 -731.8582495059
-112.0168366500 -154.2552952716 -1353.1341388769
-1200.3100757697 -218.9031214120 -197.0501837689
1589.7046923671 1555.4166561501 -371.1368502285
1578.7229286988 -718.7678022639 916.6890982692
76.7657380560 353.3182061582 -188.5237091998
734.0907157773 -1115.8891578185 -849.6674008979
871.5126970933 -1887.8412152158 1454.8994550237
-1136.4577489544 400.0723814023 100.3925036462
-1847.0286970400 1222.0750288065 613.2959310173
-859.8590384083 -317.2072524017 -729.3420995705
-1016.2662630629 -813.6615637800 950.2046764988
-1721.0267100947 366.7616994973 -1596.0409412152
-569.6404485980 834.8905224023 564.5194740623
-1518.5061414546 1904.2348143118 -1688.7842120762
1078.4408364467 -673.9037967149 -215.8128068679
-1976.1642621445 -299.9621870741 -466.6277157786
-1342.7443921216 513.2257478633 -1260.3257523358
-335.0653267671 -14.9528794764 -281.5053954515
1916.5712042402 1141.3344650380 -775.2211432153
805.5601966536 503.7061720350 510.4104385281
-1113.2371856467 -1704.3192613589 -1188.9210181608
1814.4978608762 1244.2498986044 -1511.2573846613
885.5566503478 1678.7042444427 -22.7329298252
-379.9487386797 673.7130665263 -1673.4968122738
260.3104796550 -943.6918266860 -965.2124520807
-111.5320697446 1443.3980553905 -685.1364651552
-1369.3348598112 -385.7432179951 -464.6382409528
1518.0525680263 -516.9460434130 1523.5926905577
-1171.3043062570 -1359.4366156703 -1492.3585371543
-1939.9764742093 -1876.4794780200 578.9147423742
-626.3218323542 1625.9827036278 -318.7653507426
-425.9066139965 1395.6209597257 -1582.7697983696
-587.4940074680 1725.7952590309 -190.9389075560
958.4725547915 178.8377186260 -859.0728662419
1016.6697799236 612.9168656086 -1895.9446086422
-394.2109774843 128.2735052481 158.3298861058
-246.2845248591 -1223.4791608560 217.1651038814
1754.6667290517 -1531.6753612680 750.9089094672
1529.9268861837 -89.3487564727 -204.4332266955
-998.5400734963 -1799.7053172111 -1786.5434354799
1478.8246174675 314.8254664658 1755.8677701998
-1410.7090624316 -777.4062124007 1461.4323072420
253.2844451820 400.7724763011 -1076.7059527623
783.7294874629 737.9420516252 -333.4393797067
-460.1532275197 -1463.5082450573 1250.9884888548
577.0862859650 -908.7668471065 -563.7787617263
-1602.0750821814 1498.5316436096 574.6092608567
1947.5472031884 688.5543914991 1968.9564925953
338.9207852419 159.3397969025 833.7535901393
1374.2271621388 356.3934364846 374.3447533823
1181.9521949975 -1580.8625972094 44.6186877316
-1403.8760649541 -1728.1404113688 1469.6028188737
1170.7484542765 79.6927423320 781.2043286663
1764.7098458813 -1821.9419799305 -336.7252045342
-132.5281200472 -1045.4120030583 365.8143481514
-951.2719458484 1024.6044619994 728.1308128369
199.5111112243 1109.7756919015 215.0003366399
110.3047563228 975.8755924116 153.8375565179
71.2324087843 556.6883858580 1873.2667668242
-1314.2563956286 1575.6967431020 1643.9991181508
-364.6314526005 1318.0194254763 146.9851970750
-1545.4009163053 -604.3925743013 1772.7009740350
794.0663878196 -1000.9649645985 1170.8025481999
-1478.7934330216 309.0376672008 1893.2894990553
1601.9565063217 60.7839494912 1.5703349887
-1813.2975811905 -1101.4267124410 -201.4769072277
-35.6506781872 304.1652021921 738.3014916935
-1274.3652521964 864.6103981131 443.4057846969
1377.9970170657 -284.0693951265 -1062.3949163337
-1208.6346964400 291.5094205568 -754.7293023623
-1799.6064430277 -870.6861187324 308.7694132703
-1050.1699179600 477.3808371762 1386.0934680241
-1089.3426144968 1541.7207652746 1854.0648238555
1717.6473314084 1566.6960099053 1824.2630285571
1464.9431429286 239.8181785384 -1972.2873246586
-1501.0115009653 -1905.1736850349 1742.2243010830
-1193.9493606712 647.6088750795 -523.5352114599
-1410.4544882362 -453.1286382472 -1467.0242073387
-28.0096252085 1626.6549306573 -1513.6427207675
-698.5595362135 1201.7223754283 -1298.3474331576
1569.5180148963 -1078.0151577166 -1809.0399420887
1299.8707197182 -1620.8650169618 1176.0584438808
-745.6640339221 215.0811404510 1963.9160442262
-1140.7447104323 1278.9696652560 1403.3673301536
-1144.5951447485 121.9440791887 1452.5518800716
1976.1004365253 1959.9660225273 -1724.9244586921
537.7970521234 -862.5828609682 -1565.0450028470
651.6686555450 -1252.7055176137 1636.2166359194
1257.4908961205 972.4042913122 -420.1403026499
784.4405821186 558.7496978646 -810.3173334964
437.3484642750 479.7968283214 -1507.6447834264
-734.3618882522 -495.2276613854 1682.0713725098
-736.9779151439 1634.9203849974 1155.4036778874
895.8744944246 993.6176952461 -145.6443130148
-218.3691847694 881.0718940289 1714.4151946622
-85.9476980606 -290.2988275274 -1683.6021481969
243.8137734029 -191.4227966257 -1578.4489145587
-1423.9116345816 -108.9730117964 -1821.9556310090
-514.6104339287 1209.1052583493 192.6022606212
-1375.3112277617 1908.0650554543 274.4037267865
543.3567198747 501.0540033133 -19.3743325137
-249.1951483675 -1759.1025436425 1157.0552938346
-618.2749601785 379.9076550191 1195.1152407231
1035.4532739603 1793.6223557452 720.6040904852
-230.2158133945 -61.0038997936 1027.4421716039
965.8200684071 1138.9332977932 1084.3775611340
-1823.2373190612 1317.2523973692 -1383.6808811527
-42.5840386985 -409.6490388452 1263.1781140688
1957.5930189448 -1358.3267226279 1645.6380599887
832.8515249465 -1479.9648775364 -798.2246412554
-1405.2951001349 1440.3792495768 -1380.6813761355
1473.2923239237 487.9501425113 1910.5268816905
-1361.5943132683 641.0428573081 1107.4776034115
886.8823500548 1538.0572662438 799.8167456538
-40.2040527410 -961.2897453929 -4.2017952353
1861.0285461724 929.8200097965 215.2128018777
-1451.5535690990 656.1229479122 -288.8566968824
1679.0514828818 -941.0737014623 -626.5338883048
-1150.5564937378 -1129.3118206040 1550.0579795477
396.5336626474 -1140.8360391540 -532.5033750745
1211.7357306608 1622.8705639274 -1566.3169317117
-1893.9261078025 -1480.8717921270 1607.4088998165
426.1125873119 -719.6716088945 1307.2921436417
868.6116798384 -1857.7136068940 -408.4556915814
-1565.1961257762 -489.2716935986 1486.8584125554
1249.0834401464 -274.5029980938 1314.2413239037
219.5216244378 440.0990247475 508.1761192387
1992.7844468198 -372.6328799769 -1004.2883102093
133.2620480698 350.4440709266 309.5265439141
977.1771051811 -1127.0582083668 -1720.9557019195
-538.6000984666 -1887.4128887697 -1812.9064709009
333.9893450163 1321.7941406077 950.6911601614
1618.2757268946 1860.2223708766 1141.6744677725
-1033.0479225413 -569.1857577932 1634.9037554954
1182.6552688509 1421.0821768535 922.6554801180
333.6366635334 925.0977855878 -277.9604085145
-1319.9514954946 -1856.5969531557 -1778.6479562752
838.1473938617 -1358.7632857984 177.4051862689
1588.5103033013 1191.8840067670 1299.3782011169
1907.4055570055 1714.3354907878 -649.7704076610
-32.8612099992 -1982.7959628289 728.1505177223
475.4394657553 43.9368307084 532.0691258121
19.5578791939 1528.3915733235 394.5414675298
-10.0403149150 1198.4066352076 -812.1295007090
374.3477247980 583.0276733043 -102.0937875768
-459.5561596090 -1223.5236259527 1645.6283155814
593.3159815884 307.6143892635 -808.4255751231
-548.4450593392 -1556.7329464215 1137.8235075241
-1116.0975959259 -752.0035793241 -1212.3583337130
1796.4970882849 -1921.2525805217 -1415.2508755454
-106.3607158757 150.0385566022 1069.5163150373
-530.7113526608 845.4231423499 -1430.6059378830
1511.7156185266 447.7097656943 -855.4048949717
387.7479105227 -490.3588668974 181.3900487741
1681.5745265927 417.7576548878 1818.4051598828
-97.9555948260 -1740.8022427974 -211.3083377454
-1524.6211608866 1211.3352776908 -1022.5378111413
1660.6702659270 -1822.3160897451 1274.3391428568
-1653.8433654152 1175.0894009919 -989.8987668667
1621.8321717182 256.7977603358 -913.0747096982
-5.7647548255 -1359.5307610137 -481.7708732394
-1595.4460034992 8.1649206594 920.2851885470
-531.1190105366 -1766.0871462654 -300.3820552895
695.0002253601 1024.2654473523 -473.1154360517
1097.5585152141 1737.2751406830 -1915.5489122019
-1208.1818107560 352.8152531106 -1409.9626617336
-945.1184414369 1369.6028028071 688.6347694227
-1943.9490491092 -1437.0211904899 548.7478031168
-1505.4020040842 -566.0743863221 -196.1240893677
19.3554308135 -1943.0800514771 1542.7011152357
1578.9900778986 -593.7185975566 -1914.7990034005
-167.9824940165 1248.6339693220 -1004.2684414121
25.1969819170 -1397.8107517111 -1708.4324069263
-24.3065520470 1432.7430790010 376.1446324818
-1885.7946535819 -119.9235699745 813.2063565780
-1648.9350734445 -1168.4389686888 1828.6973025571
50.4287751927 1878.8995893913 -984.8536186569
-566.7152107425 -1197.5467076558 -1582.7411249229
-1754.9337035020 464.0541261735 483.2585814765
921.1508019972 624.6512660933 -1602.6038014765
-543.6366635682 -1006.5946518059 -45.3969723299
122.1705954792 605.0195414764 -1132.0566542431
1286.1730696566 1505.9925138502 337.1916877536
-1555.4621057527 1449.3482390334 -394.6120889707
-1265.6938333443 -524.4410619415 242.5076966980
-960.2766151806 -1692.8222771291 1075.8226425076
154.3551259359 -190.9701645566 -757.0228065161
846.0240208051 1101.7424266531 -1686.8732186665
-1278.8145732478 990.0260147310 59.3664843441
338.5637677764 -734.4925408189 -841.3351962851
-241.1337237228 -1501.8140464866 -469.6331280378
-1029.4552795074 -678.3449174825 1595.2039076720
109.2257143689 23.6877485095 513.5553882014
-1442.9260334073 270.1453045591 1940.7811134936
1718.3894546428 1472.2922316715 -528.1506145978
-290.3855872460 -1462.6742346051 1665.5648004930
-602.7169470547 -1744.7822258358 324.5788190178
1892.9452208361 -1684.9521462267 750.3276231068
1159.7877177449 -190.1186109827 1423.0597814923
-1959.1379481978 1858.1881863023 -1523.5271445661
1019.3803292403 83.1465495140 877.2171949798
1630.7866784036 -1131.9026296010 434.2963170057
747.7491271196 459.6282010485 469.3449287906
1488.8295503312 556.2178692275 1009.7931655521
-109.0314159519 132.9909399727 599.9467316659
781.5267439440 -888.9299152854 -820.0004157003
-1733.5430361589 -676.9086169632 920.0413823292
-984.4940848991 -1286.0441586580 -104.1991914940
32.7633503712 343.4278840868 -1773.8292772757
-1511.1884502104 93.8386124035 1855.4528288409
678.0201123607 708.1175137902 1161.2651984875
-1838.5545855735 1314.0168884467 1566.2332249808
246.0999056318 -60.7470367234 -1576.0597940471
-1302.8991300316 -1444.4599493774 -1853.0741243558
-88.9553123303 1493.2755486911 219.1914982436
537.1902932016 -571.0259528003 -1901.2857766063
-1359.0783310494 -1333.7568490350 1314.4241141484
360.3965022407 6.4228191808 -790.6484989345
-1633.1983142418 1190.9174023193 -1392.3141170953
-1985.7566171864 21.1479219195 1228.6730198393
-1810.8297175243 1576.0030223519 343.4281988937
1956.2555911419 678.7626745760 1792.8708732312
-1330.1614733184 667.7532243958 1110.8757437203
-496.6162653727 -1261.1177588076 471.5257426346
1509.1997361874 1146.9565923229 1228.2411220754
-873.0345501100 288.3045876518 -1581.3195761497
-1218.6894828006 1077.3959789858 262.6470036993
995.8346525829 1066.8730512325 745.4737173826
505.2383917154 543.1083900250 1546.7634227653
719.1247380210 547.8216984591 -1384.7822400591
1209.7576044295 1439.5733621461 1699.6461674039
430.9586733737 -445.9412655809 1666.0358985332
1274.8377968577 -187.6466040088 126.0574618899
-1765.8164248926 679.5651609911 286.8638020027
226.8686235337 -973.3625623781 -348.9665133336
-714.1572674223 -684.9506091245 66.6624212397
1237.0228584739 -219.6091997091 -443.7610723313
1106.1500952004 797.0444813445 -652.9567828572
1768.6357880290 444.3604323735 463.3541618555
-572.7993094765 203.9873467518 -206.0534584971
-562.9026273674 -1396.7247427277 546.3994431396
-1670.2486337533 781.7031393122 1334.1681739560
1061.9686616597 1692.9571324569 -739.8206415846
221.6965154092 1748.8337119379 -131.9120471558
-1740.1053807488 -1622.6415705752 -806.6412084590
299.1458255326 1428.7190997861 -1525.2765484305
1985.9154334598 230.2781419996 -959.4155302425
1028.7712449298 1578.5935232491 -1010.8989503676
828.7340012521 1848.9811402738 779.0713717260
1406.0755792999 572.6822999379 1198.6506425190
-718.2466331727 364.4565179591 -1025.5892662071
840.0360527852 -1012.9108578642 884.1268226384
-1585.6935404772 1300.0218776932 73.6997018968
592.8781310891 -1967.8145164048 -1846.9332859110
-758.6462292575 -1468.6254708892 -83.7885273185
1499.4540648160 1970.2315541870 -1606.0045932666
991.2403259763 1278.3564436997 1341.7020317384
608.4274923019 -1805.5923700773 -1761.4891801591
-354.1699011164 -1614.7356710319 -850.8471019564
694.0027004851 -664.8969657957 -657.6126568920
930.6186033443 1559.4433046640 1100.6261924136
1917.9654385700 1952.2115032580 -62.9303975555
1024.9409839945 386.8088358587 1156.0705083475
-803.1398038799 1465.5495218264 174.7516864210
1836.7546707734 1768.0520066631 -686.9083370448
671.2967267347 -445.9955953115 -1174.4065617139
-970.5113496582 -1293.6003479500 726.6394675844
-146.4409358135 -1568.4101578538 813.1807089698
822.8660265025 1404.9079471633 1423.2742594305
1088.2223873881 -353.0808449459 1505.3079169046
28.8001453777 1505.9353114098 619.2871282000
-1733.4422022920 1443.7823301224 -27.5664200335
774.9724828825 1895.9554185788 -666.3621073361
701.5554539817 -1164.4480081616 -104.6636960655
1920.8605514551 1209.0568648068 541.0235465641
-1335.1408462915 -1452.7181555188 170.8721328333
-1139.9794530907 423.2290643284 498.3789836816
-74.2839639166 1683.8607939183 -1310.5989544929
-777.0639880997 -1303.8522456008 402.0047349329
860.4458820085 -592.4840687217 -1185.1091859002
-483.9705085422 1518.9617198148 -1087.6884341173
-1899.5252696681 873.5200784091 1638.1965959595
1499.0967826095 -144.9116305206 1625.7905132347
-1055.3409476216 1468.9818508030 1086.6887550482
1739.9891552311 749.4337724661 935.0307724703
-728.7141159846 -1840.2695808109 8.7249133556
-1418.2591331238 1258.5090003752 -107.9323983461
-608.7357054298 862.1286188725 -12.2461655704
-603.3117841567 -692.2029882075 -1976.1807572526
710.0455499138 -467.2646943688 -400.8428498257
110.1614850611 -177.7212181316 1770.6927155827
1535.5252495207 220.9058424602 -980.2438046863
-372.0801581654 -1944.0736268234 -45.2258546846
-670.4031791495 -761.0493106850 1417.2435802868
188.5607774027 894.0849818623 -1797.8703047619
1099.6746200631 -1338.0689749577 -787.7272073799
-1661.6834206100 539.7765209951 -986.6063868174
-1939.8129962860 852.5885886610 -669.8544695281
-1663.0887489713 1356.7774903577 1596.8659461030
206.7851165427 1231.7464260531 400.4040126281
954.2085669610 -1602.1637585398 -778.2925520756
-526.2781845358 1823.1759902835 -352.9844103898
643.7432893284 -1753.5880462212 -1467.4188536595
796.3895782736 -573.2072257203 784.6758955265
-1042.6163983659 691.4443480769 1073.2003207303
-1635.6749858786 573.5237860498 -576.0202974258
1651.3547104804 583.7090153431 -353.0542808047
-1764.3260221591 1612.9554394540 468.1640743667
-741.8191580507 -1597.2899944494 -278.5623147901
-962.0422454236 -1676.6201673682 1943.8957135802
-1648.7892535312 -1465.6725240380 -1685.5466896702
387.3320247520 -538.9062932074 1806.8012863089
388.2238826285 795.9250627497 -1546.4202009061
-1535.2966996643 178.1358009551 -1775.3312545060
-132.1157121491 752.8490696444 1565.4380796709
-196.3738192368 -898.4427388050 1118.4570988882
-548.9145828544 -303.1126740424 1491.9622404770
-116.3938062159 -1181.0563102791 1126.0659641070
1337.9165799418 137.1811043009 1323.0603084875
-1364.9030612426 1579.7537328715 1849.3718311981
-1774.0719554549 1157.3268369404 -1161.1238113081
280.7948635255 -1231.8379610649 982.5241639979
-1182.6559514565 -1847.9218798608 1873.6513790193
223.3251670445 372.5740345398 1150.6054815657
1043.0491989086 -1491.7795065833 1243.0951893546
-281.5565373034 126.7111470578 -213.2298037459
-1945.0688065144 -1354.5380383278 1598.3761389662
-632.7200797542 -182.9725660033 -1784.9934176016
704.5352575747 1528.3634739705 -1313.5297815672
658.5958696692 989.9167456076 721.7814553405
553.0092616258 -164.6196527100 1370.6525116596
-588.1670759760 711.1939196920 -395.7434735752
-1247.2315880795 1731.4162039708 513.4499182427
9.4293736229 -468.7540440170 -51.3784462243
842.9088981611 -241.4792890983 212.3683833216
-1565.2971231320 -402.5057047145 -1755.7430354122
1832.8463799499 358.5452982424 -1564.2372628698
-965.7329502797 -1466.1851143804 -792.9402662464
-1928.3466221470 -642.3217961214 -547.5268642664
1767.2616257521 -352.0902342188 1628.9412798294
7.6239561687 -1905.7804139279 254.9714056774
1299.9255994460 -1756.7693243770 -1931.0998077770
1981.9223188761 -1502.2216389754 -1235.4736978619
1975.1226281879 -381.6142463024 154.6302583553
-126.9643231523 371.3839184434 1927.8986513090
1997.8010182823 -589.5396959974 -1305.5912836226
454.7151718902 -743.3776634557 -1620.9113002802
-762.2598152251 723.6775962287 641.7884760866
545.1486665845 1035.3188165565 -1633.0527255702
168.0413333591 -1915.9298687295 -751.5553756425
1403.5942625617 -1574.9447339706 1981.7186697434
500.0094484742 -1270.9545174813 -1667.5651780401
-955.6534375137 -354.1820651598 1264.6734552758
1119.3118125282 -1114.9576724691 1519.6127595472
-1920.3903220629 -785.4829069518 -1432.2368589619
-1727.8657020709 -1984.3465000069 -594.9032370822
-1242.2160113749 1739.5064229317 1719.5681886503
832.2057598859 -1662.4502331220 174.2633568523
853.4038659956 -524.5100776860 801.1477550814
-1237.9462605737 -930.3978564525 889.2075725679
-20.0289330629 -535.3590756379 -278.6959433301
-1187.9734020875 50.9062658698 -50.8556967114
-1320.3480716132 -1197.9520475028 1173.2197194937
1657.8943740782 -1391.1442752987 -1757.2022667001
1181.7587965255 753.8808879130 833.5356237445
-598.7532247077 -321.9328146069 -1522.3011233081
1876.0175655822 -699.6382024839 1161.0458509557
-916.5377945994 876.2405145892 61.2528938710
1917.1427833077 1662.6901293608 264.8294743586
-331.2520425141 699.8113702914 1710.5849697277
1500.7927271391 -1334.9439355860 544.4015935739
-857.5006905858 616.2423373786 1524.2932036391
1221.6514443462 -676.4910605278 638.3013118059
145.1054952607 1786.8629350805 1423.0054508046
1294.0376652937 -693.0354934225 -421.6429246598
1392.6133760423 -66.9723176826 -197.0867569005
-593.8630692177 44.7828339753 1750.7955186317
-9.8180961280 -232.3093982704 530.4590820396
-1046.0494578700 -920.0179113901 369.7891464243
1380.2647446134 -70.6735769756 1387.6703256007
-580.7401284777 -208.1330831724 -1888.4314756284
217.3929346629 610.8485542163 -1987.0776429736
-728.4515650077 1809.4045619857 -1384.1318979426
-928.8766944693 -1259.5188732933 -602.0749369566
-1842.0875130597 302.6847594077 1474.1348722670
660.0162194051 1690.0185228260 224.8149535181
96.9593134631 -1708.0593631022 1586.2757810076
-37.1357071653 -712.6227997032 -725.8995034515
1545.3261139462 917.4263162296 -1623.1826005629
-576.8541622117 -1186.5761538110 -1881.8653210757
-1489.0410158738 -799.9463304394 -907.5895051431
-872.6672341026 1692.7134302446 331.1200291569
-1369.2673547485 -1915.2837809791 -1039.0543028321
1256.1648396668 468.4093991880 -1479.7398817256
-278.2323475557 1435.4951098232 584.2009110737
1469.0714391739 1168.6473096080 979.4683235536
1044.1787792112 989.1759458795 -971.2876419861
-1295.3939565979 1755.0578486708 386.8363403791
-529.9606086796 1538.3022573002 98.3865943115
1920.8327998227 -419.3719106946 -710.4470276503
1196.4326670136 -693.0860288182 -1974.9212051456
1402.1503151753 715.9399287674 -1746.4817454945
1335.8969315577 -601.6778533358 894.8785310944
-266.7983203153 -1656.0774926769 229.5860808659
1453.3483099800 300.1491563232 1636.4537038122
-1084.4713901177 -1404.9939482979 1832.8364325509
-1699.0892260099 75.8077844427 1049.5814150646
-68.5582936721 -615.4879185381 -1525.9710377782
1649.2836771832 1718.1719303302 -172.8520745286
-681.4968131343 140.0123452551 -698.5923693114
430.7908329729 -1703.0992846609 -659.8626198928
1104.2734108994 -717.7136902564 -1674.6611182582
1729.3109376471 -929.2617064701 -408.0598849571
1989.9794858309 -323.6245262548 1703.2108704750
-1458.2651663673 -1401.3382120204 -1288.6247233874
-1116.7430852858 26.0407858440 -1841.5428181889
1674.8428500636 -1878.9524925450 -1748.6326672360
1332.6098334733 -701.7552037514 1469.1271584642
1494.2502877621 722.2184597257 331.3680636800
171.9626338742 545.4388449847 -694.1470835889
-821.6178600581 924.7649940550 1908.5181908991
1882.2005792879 1995.3634454308 -1874.9629253391
970.6602200214 571.5703147878 304.4305689538
1617.2418920638 741.7355233448 -387.3814048233
1524.4329362527 -1524.9226721718 531.1197869331
57.5765637691 -1949.4619083812 596.1324882827
-1873.8574610173 113.0949244521 -1357.6027259317
1703.7552173307 1915.9122861452 -1238.4148779118
540.1554049083 775.0155811816 -598.9450161938
1754.3197570794 -140.6560573480 -1297.7940418269
-902.4972631081 -188.2002158190 -1731.2654569387
-459.5576433050 -57.6301902901 -1330.3415022455
216.6713122698 1672.6271906909 -591.8913666801
690.2408037324 407.0892698791 -90.8116410990
-495.0888538924 -1024.1002921107 -1222.8168868436
1593.0197247513 890.2270239205 1556.5983092784
619.0965482649 -1489.5727335645 -1617.4033469804
520.5771684989 1711.7165431604 -1066.8564713047
1522.6812989928 1265.2285117548 1527.4107330187
-21.9364667929 115.5271219753 637.2599499584
-1974.2071583142 -416.5769759889 -391.4064898183
1499.3100735017 -1173.0815573716 1264.0167071291
1798.3003467341 1233.6205645320 1025.1984962168
-1470.4833047573 -1478.0608191889 194.7263022076
-1440.8867147307 609.4294489514 -1465.2529287822
-157.5232607167 1999.1015334478 -1076.0912821441
-68.9633724135 -676.5647778122 1923.7578674325
-1552.4317463564 -1575.8428101012 -1471.6052331054
326.9276262650 546.3677947058 -13.4642452258
-1485.8382578376 75.0146484275 -63.7892346285
588.9704897734 504.3971391212 -1284.5178478978
-668.9434529886 -1996.8679405395 1892.2622975753
1858.6485005918 -264.5355529364 -1504.3640647418
413.8334718546 542.4645478230 285.4083232532
-176.3133317483 1230.2319986883 -466.3554223671
697.7867919825 -531.6384736879 -1357.2685986303
70.1559655123 841.1572682662 1469.0768406570
56.7054847747 -753.1722663525 -60.9402459298
-252.0617538270 -96.9506443243 141.5790869004
993.3317647677 1896.8875975789 1277.9959815505
1837.5246853912 -1777.4475972153 -292.1764374026
1062.3803246085 1432.0018045310 143.2999200440
1810.3346349265 1129.4261927498 -193.3262264346
-312.2315431562 -1031.4616166549 251.7150870631
-1051.1728121950 -109.6644487618 -1854.7801605008
-1482.3938029802 -138.3116007324 -850.1368613637
1042.6094058260 -907.6263288657 -671.7216549692
-974.5567114816 1162.8966479739 1337.7092816250
-799.9207798307 61.8230567586 428.5258090388
1005.5811209753 -1335.3101050546 -1535.8538018073
619.1545509346 -1105.7287040859 -1807.8487310683
-24.6396968121 1697.6963629547 -1749.8685293198
1316.9469303897 300.3632178169 -1141.2219339638
1126.0034460690 -1644.1670886140 -1717.8959512671
-447.2044975826 -1697.8137539316 76.5568066231
-1212.1232651624 -581.9200624054 -1248.9010406350
134.3140723193 422.6609015820 -1665.2862465639
379.7566775546 -537.3336600001 796.4287189071
-1591.1705877604 -611.5505463022 -179.9546122027
348.1927608758 -742.7442892953 384.6235786756
787.2286537564 1832.0568907350 -1821.9992368512
1685.1203518723 -1746.2259051996 -1351.5091169889
-1815.7396818274 -542.8316688747 -608.6471029373
-1855.2917322622 978.3603575129 -274.0271550674
-247.7584617153 20.1876218874 -1819.4734312759
1905.0870205657 -1188.2887716529 -1108.1941738399
120.6458751191 493.6612886008 1558.2900366326
553.7984702849 1253.9349391977 775.5986423176
-75.9234755919 725.0610479603 -690.9368476637
-1586.7704566417 68.5242127915 752.4250349111
-1647.5037788001 -76.2741097461 1968.5612698004
-1510.6572144810 -1292.0565080710 1895.3409193147
681.5153679521 286.0647242047 165.1833358300
1534.7304630911 1368.4239000758 -1991.6285938788
90.5058631853 -1758.0780296587 -851.4490014186
672.1930964322 1840.0683525300 443.7338714884
-498.7435692239 -934.4322747646 579.5225481203
1265.4138819500 -403.3981972230 1006.4668744172
-692.4303533114 621.8121515451 1109.2614003038
671.6502073843 429.8049779991 -1380.8408697127
513.3872505523 1458.9403316037 1323.0291532153
-647.4519085627 -739.3982563738 -1650.1022632799
936.6826917193 601.8846386784 186.0400623055
1820.2073418957 -554.0670725836 -916.1251283955
-1951.1648520036 -918.5083216324 -658.0810671833
-1398.3138805389 -1975.6087885116 -856.8081563764
1833.1099215165 1452.4234895666 585.6500241906
742.6678148618 1466.2053542971 -1347.5261390879
-612.3730007913 -706.3780736981 955.9106782954
-1155.9531767317 -1455.5155056685 -1614.1206545525
-1760.6543439662 857.7607094159 -1449.0869994354
-760.5491794525 -1659.6735392555 1122.0632008173
1519.2335182572 -1195.0413341881 -1243.0827653404
-886.0857735777 -1119.6426933028 -905.4842326364
361.3808255493 -1711.0834980733 -1388.1810780479
1010.9095971788 1931.8287040556 344.3075518444
-1564.3266282460 1628.3451531958 -1590.1400527398
-443.1823884901 -1017.3410453951 -1370.2559234485
751.6719869635 1455.5586200653 913.2040181483
1789.8636604234 1992.8935236582 967.8390805831
-1575.7391401063 1364.7918129989 128.6109633003
1339.9583097685 -143.2832692883 1546.2265469375
-1813.4723379982 -1920.0662563269 905.8072931284
286.7708587332 1482.4814069038 712.2533678666
-1479.6044216413 -1778.7691163222 -1042.8750727291
-693.4784868704 400.5595450255 1943.7065738693
1585.9664561757 -786.7597558464 -783.3220060346
1342.1987078929 684.1612715970 -83.5193225562
-671.1123199462 1786.4140965150 -504.8402277613
-1258.1801032111 -945.4514597457 279.3571843520
-367.1984613716 1092.8308073886 -1190.0016528413
1802.9371071087 -1658.7397165646 -248.4867323443
-626.8249646954 501.0158232245 -112.5575949458
1926.7105158646 798.0795716497 -621.8400719047
1438.8114933707 86.8849518532 176.9156152829
-1194.7223821310 100.4812361333 -1615.6197362675
1690.0386078118 -1512.0873544498 1743.1805194211
-254.1203913429 -22.1549737864 99.6192463534
-762.4634674249 -139.7322467373 -1050.4332769229
1319.8224805783 96.6505840725 -213.1425488820
-341.4361846834 1780.2676896617 -1842.5627234438
775.1107862034 -1428.2638522991 -1979.9076264708
1445.6594609940 -1214.7764612516 -1318.7957603962
-1432.9321150126 308.0418684995 1505.9016013585
-560.0380436421 1359.2397421809 89.7465668250
-696.9088415828 -613.7355743785 1336.5694331862
-1468.0691854129 637.0886130616 1895.6023969111
-316.7455564740 484.8129099992 -1086.3756848579
-1953.9358539756 512.9589945718 -1706.8201164927
1183.5245988775 -485.7324335970 1595.2520269147
505.0875987659 -437.5142636257 267.2840695481
976.1073202814 -1815.8966288919 1189.5121862471
-567.5555820756 -272.9005773491 594.0012985841
-663.8244173932 -654.0457511417 -1145.2330663382
1274.3908162715 -1936.4831117964 1344.2890682291
1565.1346732986 1646.5386950220 234.7030045616
-126.3443923389 -385.3558425162 -1466.3404546070
231.0936405961 -1280.9305296498 -784.9891526122
-570.1471022254 -1150.1667071829 1033.7832217181
1703.8138812637 -826.7684389197 -1762.0324794742
443.7274416657 -701.8311134614 -265.0509257305
-1750.7971147917 -270.9139450489 430.5852432588
-1955.0668551151 -478.3989789663 -1101.3820871756
-139.7390909050 -697.2611313916 -1692.4652425958
252.7420934138 1846.9149473616 -939.9468244853
464.6290937056 -749.7828001491 -1406.8908517345
-283.4143361947 -969.2943353828 -1585.2270763927
-823.4474261715 -155.4713516551 1608.6008878137
-1386.2170419656 -46.7338486126 966.7585557471
-1800.4810119982 -1234.4017019846 3.1591193002
-454.0041816744 -317.9572330094 -911.8091716520
1413.0230015881 -1091.4021952214 -963.2141861099
-1391.6194001462 1500.7177944665 -428.0262454959
-912.2047043566 551.4541253377 -1959.8971323148
1733.9203891946 -1318.1004135958 -606.4345336887
123.9749920982 -363.8161026867 1938.8931825545
1321.6698558907 -233.8215408345 -1299.4489525122
-1935.9705937088 -1112.4274746857 -1.2445636428
-1389.3761136731 155.7828646736 1509.4249397543
1264.4608745165 -1559.4352871597 1491.5185747322
-519.2327267611 1374.5963608453 1572.3811301282
-253.0932527544 1255.4339327435 -805.8794226746
-741.4596422420 -1140.1639275913 746.1839419380
-1231.2608084108 432.9674498834 704.0300106065
-1401.7265125521 346.0950015952 1620.2486820392
-848.5444127288 1054.0318648422 -129.7295819521
-427.1305681217 -23.6954004622 237.7177250111
1662.4001930645 1355.4843810533 660.6041976794
820.0770846720 1048.3915636790 53.3600586287
-1532.7853166398 -1639.8067956495 1598.1152744981
128.2475761555 971.5993037856 -1395.4853265509
-712.4816690549 1363.8482325764 1926.5988032602
-1132.8047564768 1113.8785293833 -416.0871421705
-974.1071995078 1579.6821717163 704.0868525814
100.8185978271 -1986.9398034714 46.0825420182
990.4853287281 -1574.4771122288 1084.4183317302
-1314.8316180155 -324.2840189997 1105.5762619244
1613.3491699652 -1188.3588066691 839.0213652134
-855.3751113992 378.2140266774 1993.1303853525
-715.9238110789 -1997.5039806981 -1740.9347832200
1085.3971858812 787.6113686949 433.8195446986
-1025.0122705805 -1882.4924288507 1127.6362457048
1020.7988528133 203.8019013117 -409.2914549760
1860.4898755058 1165.4703861561 803.3443780013
-671.8265531443 -1824.2368271520 1833.2865349974
-1991.6964264336 -264.6368468636 -921.7957697087
-1008.3840072426 1441.5131827066 -519.1278759725
-242.1772623333 -1193.7840501625 -1877.9878067640
-192.3299591515 517.4624379733 879.6458904188
1002.6155849958 -39.3115453946 230.0842600208
94.1507377632 -240.2442889688 1839.5364685430
-1809.0036897486 -623.4990967357 806.2437736023
-289.4397608252 -1800.4114574036 -1763.6015221287
1453.5725192150 -804.3480985364 -1431.3128042426
322.2985451453 -1965.5643206034 -1383.9273686215
-1424.9528801889 -1498.7330333902 1502.7108925049
503.4647801786 1697.9972762719 -856.4993868828
638.8313463163 495.4737435927 -1620.3719999646
1880.5694036040 -580.7546033778 944.7014714143
-1835.0738621854 -1663.2787701749 -1155.6794046283
276.8513844672 56.6520203363 1399.1885321028
187.5321132365 -585.5298978428 1162.5188052024
251.9728809214 -1207.1555559463 1331.7908998314
1711.3258950897 636.4835705645 -1460.4183684201
838.9773585619 -526.0040879663 1249.9878956204
1673.5065313829 1746.9815001532 -1808.0383449740
-1004.8108080821 -1449.3045402752 1700.7648642957
-365.2887494522 1939.7539704661 776.7303621843
-1254.3451505376 -1570.1973482170 -972.8670914640
245.0959499433 544.2865855392 1981.1916820896
1454.4368772351 1976.1013634793 1498.4606194700
410.1027156944 506.7300174246 197.6070923381
794.5933433711 -1900.9488832935 -330.0262123687
1928.6806914944 -237.5042999027 -1240.7628117253
1399.7125688251 -435.8582939858 1206.8073293833
-550.7088422289 1894.9626307948 -1039.3936927478
1820.9775941686 235.1949997296 335.8912072815
-691.3443819017 1908.1142582976 -803.1011900652
-744.5799911038 1730.6515982329 -1532.4019365506
-319.9162300555 -341.7485881106 -41.7644950971
1191.2878634916 -1035.0868530636 220.9046901388
1667.1505401476 -1318.5115675473 694.1183632701
-1055.4806357037 1418.9651945419 634.5708774669
-1160.9471537341 -1785.2045441205 1729.3005179175
590.7327631886 541.0183025309 -1118.1064314358
-1905.6013617280 -962.4014393389 -1518.3272239470
1481.0029866409 -631.6580603920 110.2324528277
-1548.4118355412 903.6834080909 -1370.0027950946
1839.8433709615 -425.3417102524 1494.2763510142
1306.1402970894 -1418.6000161576 1602.9061999467
-197.7176863040 -260.3544950116 -501.6023083511
-817.5361404899 673.4016738201 1863.9834671401
1831.4056662118 367.0468262323 -1703.1057260480
-52.9973733079 -48.8855786648 1747.6417539553
-453.0658880227 -1250.2006851911 1640.2016513323
-861.3320127441 362.7624877330 768.7291083226
-1719.8206174067 331.1124201357 1871.4861195028
-542.2687934584 -1431.1481139709 1479.0159901323
-514.6562172901 1679.5281616324 341.1195073229
-1767.6024184122 1671.4130018867 -263.0435601383
148.5768718586 -707.7302567102 -1884.4502846308
-1760.1620921117 -1378.9789623190 -1928.6957903446
734.3738092737 1438.3599509172 -1846.4616162204
-1651.7624666613 -889.8406223334 990.2601376521
-1525.6152298602 29.7912507759 481.4439132524
1712.4400221414 25.2031552331 251.8085081121
-665.5932157761 -1717.3769133841 -1349.4710411325
-522.4877418433 3.7122987411 1889.4873967686
-524.1094541740 103.9152228761 -1619.9367149907
-796.5824177273 1341.1992749879 1432.9301706751
892.6370628252 -1897.8213758039 -1360.0216502003
-162.2351163961 514.0697251332 732.7008881023
-870.8707357440 -639.8175913359 1625.2784398760
-704.2036369008 -695.8537155161 662.3516845171
-228.2384873632 585.6206681980 -1273.4851586962
621.7885164534 -1860.5338774163 1159.1637787837
-535.4967959502 744.4684869981 701.6217044255
-1579.8862435175 -1938.1132541123 1092.0473352151
1854.0142931420 1287.9815404194 480.3179245317
-1548.1615432749 -1558.8641083413 1262.3483660199
-130.2552155082 419.0539301805 -1549.7674481295
-1734.2059764692 -895.7738271124 51.8824850642
-806.5219211103 1530.4036893828 -925.9584693574
1018.7450920573 1101.5416352915 306.6281241989
1479.2441012713 -1003.5976080414 -869.5910329876
-401.5557990005 -1473.1508855973 476.2905354996
-1151.0768375432 -407.7768173424 -1285.2547465359
-1005.9239913548 1649.0247464491 -263.3104950186
-756.4320203627 -879.5663158615 -911.5606653190
-393.4208487315 846.8816768335 270.1107686660
492.4492435643 -732.1261165432 -1089.9228653778
-136.1356485300 -1573.5429231818 1269.8486698908
-1490.6330730791 -694.2317495213 -1504.3426126521
46.0876234179 -623.7908896441 1718.1427111184
-179.1269436022 1589.3828059703 -224.3834388047
-359.4206052713 265.3153882993 -1417.6434794793
-120.4462760931 1971.3824522087 1146.9941618391
1965.6192458987 -34.1520386859 545.1668782399
1206.1666374114 -770.3681875821 112.7969814405
251.6638390640 1365.1857502314 1117.8532066197
1836.2426484854 1045.8876177535 -1106.5366155819
-147.4464619985 -1594.9068046014 344.4660813219
550.7398282499 -506.0859580695 656.9799623726
1403.4121638642 -1445.8588707239 -383.3191823348
1242.9992414208 -656.0426561796 1624.7327271522
400.0179623576 644.7874088437 -1956.2022733642
198.2117145238 -1263.5688040897 -1703.3911744455
-1947.2287233229 268.0109904799 1073.1977838452
-1073.2839679563 -1835.0087101316 532.2604553838
695.0065284883 1571.5519422291 -1217.3676991546
-725.6500577867 -301.6055713169 1649.9828622966
225.3480460769 931.4558957900 1783.3230781273
-1589.0159208979 -1918.6932400002 -288.9956544842
-18.0350618075 -476.2784819507 450.6562060976
1503.6944466759 -1840.5465098530 1747.7371388326
-579.9799251136 794.2660236250 1560.6065725460
-228.6925764872 456.5246936404 -955.5498407865
1243.1246364597 -1709.8230802705 -698.4684643921
-1141.2137681892 -1143.3435059046 211.8933640915
878.3406095535 -1160.9605007548 -1682.3801530593
561.9561830488 1853.0476252717 -1681.2514016539
1807.7105099071 592.5595608221 -1115.0946828774
-1104.7309822900 -1416.1427820480 -257.0077339320
1636.9465235340 1440.4587383647 1271.3256404712
-579.9072764733 377.6069036615 -1595.8679252867
1432.7982416679 735.5316029642 1726.0410422435
-1356.1735902904 1851.7149967437 -1731.5689922239
-459.5759384602 -905.0974615854 -765.4146985523
-562.2726858252 886.0297812018 1312.8942095266
