945.7062746193 -488.7266557465 -1276.2672071797
848.5690244766 -1058.3129271517 -1813.0527601343
-1851.0231874137 -36.1169052724 928.6107617701
58.3868191763 -967.0590438612 636.9178355977
179.2357534371 1151.6162647899 -1785.7178040701
208.2410516172 -465.3907123579 -1360.1727493007
-1223.4339094338 -1330.4925653746 -416.4153304257
-1006.5818365804 -1537.6255905794 -110.4933981388
-333.0303896903 1011.4728215749 -1733.3408215492
-11.3491181244 -1561.9288517600 -1315.5342986758
464.5065400713 1423.4668111546 1344.2674176130
-691.4181374664 -958.7459519560 -1317.4765805254
715.8999835919 847.6146885180 1543.5391066519
1506.9516211573 1471.1980055544 161.4863002197
-1894.8881683876 422.0717601258 -94.9231338293
-647.5049141435 -1946.0008684819 -6.2366673984
1235.7412896933 -84.2699447129 505.4241041625
-802.6460165264 -1953.9183741219 1965.3300205314
673.6896210665 1749.4596588770 -1441.2320005444
1081.2674910422 -1442.2495571238 -788.5517365593
-285.4776649682 -1412.4695413596 -556.9814267762
714.2527863011 -798.7517738408 1129.4925638365
1701.7429716646 1568.6552581297 527.9738032104
-1505.5840152494 331.2282364340 1525.1918625362
-1864.7096764884 1596.6102651081 228.9122198826
-835.0577377759 1213.0090117160 -280.1986845897
-1778.1926460255 -709.6972349797 -1493.9508149060
259.7110993309 342.2625192399 1220.0850266303
1087.6611662714 866.2037612202 -1968.4145918471
-1072.3432962112 738.7323144453 -1421.7495944721
-1800.0283802431 1902.5349687316 -422.8004658255
950.3389842529 445.8918313525 1770.4459172987
1058.2296016681 -1147.1067623338 386.8154528522
364.1777858735 -1528.1671698974 12.7295693794
-1692.9722193986 1638.9037697897 -1697.8182248323
846.2557362577 -1417.9763752508 1625.6006162026
952.6735140095 -1845.9844494718 959.2400521162
-1304.2797252915 93.9749972587 1201.3089234187
515.5717783578 -1882.2787989043 -554.6286638847
10.8210261752 -583.8100594062 -501.4144880779
1556.3756277259 -1367.4890666694 830.5700424908
-1734.2731618337 -1648.6935209998 -433.7525035905
-1287.0176874883 1149.4212646364 -444.0990113222
-411.8961133072 1734.9502872761 1091.6877626870
305.2508513378 253.7364293252 -290.9631761841
1373.5181187103 1224.8166388188 449.6384697460
0.1229531257 -715.2493475724 874.3410759615
-1141.4366039891 -1132.0304850489 -1605.0096640824
1580.8108837217 82.6027354586 1045.8517672643
81.3513127790 -87.1741522075 64.6920655594
-1321.2364329268 849.0068159321 1894.1577886926
1349.1598973958 18.3753848600 1830.5609329962
-1435.4034275605 1068.7655582081 1171.5513486514
1548.9355984576 -705.9179654411 1671.8282896599
-841.1410776148 1190.0786943524 -1885.2800328227
-454.9429378301 1802.7605185354 -1641.9174924627
-1332.4526627367 1985.8176483130 1557.6943073318
-51.5294600887 1709.4747536349 -1394.7889176393
-1681.3021176278 781.7503320621 1032.5807491488
1375.3240610638 -1990.0845469220 -879.8171958323
380.7074119794 -1030.2492104836 -1963.5132341395
-368.7261562823 -1511.5482694913 -1283.5618132064
-1684.3504593650 -1222.8577532453 1562.9199096982
-880.2947711350 1363.7185594042 48.1454289360
430.1877686480 32.2599625163 1848.0279073515
737.4868904239 28.7955344905 -1226.6900278850
38.1278728148 -1204.9587698196 -1444.5106980304
1678.0948280278 1264.4523382763 1283.0172237298
70.9493662460 1816.8086475924 638.9420167620
-758.2045869522 -706.8861344858 -463.8524984190
-458.9004641917 -1473.8918860110 -475.8134644724
1618.6379485957 1226.7655386478 1526.0006925694
-1418.3814511390 12.8669374246 -701.0315905321
619.1927914524 -1396.2402411487 1663.2056907433
916.5300668454 -395.4515622272 -1187.2358816523
-381.6714260758 447.1436737581 -392.2417251222
-369.2555752369 394.5551948659 -1828.5578382484
5.4219867361 257.3465934863 -715.6827766093
-1059.2533730157 -939.7697007295 -1719.3664394678
-846.1922435457 -83.3540240150 -1543.9812582960
-1493.5014534925 -267.8185843366 183.0878469474
1498.9412358913 -1146.5338454776 -1859.5202185282
1638.5348833338 679.3446483218 -1588.8466823571
-1977.9738292702 506.1434306879 963.6230801101
-1212.2799594640 324.1041840829 1570.4837761911
-1822.0228206621 1816.2149918679 1050.7619661456
1416.8917893923 787.4382700785 406.1770382114
1009.6659149509 1369.7247153228 6.4175463460
-1299.2788649994 816.8944958888 81.2399193077
-500.2827049630 -672.0550834221 1990.2828874433
1768.9113061913 -527.4349578244 73.8734610468
-48.1116875152 -720.3025681964 1392.4342355633
1068.3899976821 -1553.0911589552 442.2434748073
722.7142881415 295.4000568526 -1083.2079205825
257.5864627504 30.3448072176 995.1992046424
1420.9091395670 -666.0273649702 -114.6172234563
1419.9729094220 1285.6742052503 1412.9246601527
765.5088856715 882.4886332570 -370.6724325274
-1062.8149701008 -992.7826258689 1267.2946897107
1814.0922808064 -447.2751450333 -391.1014393404
1080.9311667040 -124.7932462570 1555.7928515286
1896.0911036819 1766.0868018486 -906.4777284975
714.6381452388 242.4531071375 1340.0724602701
1138.2808583391 -1432.8427614673 -1254.4283687813
-1358.5411847235 0.3669542092 -426.3797264889
1057.2856144093 1097.0446231380 1109.7512060045
-1469.9137032480 -1072.5580784416 46.5973277700
975.4232284916 1010.4428273808 1264.9206823400
-653.9806852443 -1130.2474301630 1714.4436846222
1661.0388811493 -1298.2902971467 825.0272076841
1317.3123102733 1426.5368816556 -601.4956219964
1614.7549785648 -1727.7319331203 -1036.1932221068
185.6063521272 1026.3188291417 -1059.6847750698
-71.7386429944 1503.7972837659 -1902.8614963572
430.3450723257 316.4657276745 838.0375165179
238.4283922639 -1597.5325729334 -1854.7910989300
1124.9289664008 582.1331136382 1750.3763991196
-186.7530303541 -156.3779958540 1260.7212741542
1965.6492416906 -559.2760650476 -1685.5363369723
93.7599892834 223.4589708753 1616.5655838025
640.3357209743 230.2368123310 1302.6106863762
-1418.3154757866 978.0134885613 -1465.7800382540
1883.1452062897 -1735.5105044201 1262.2479505754
-796.7333393303 -181.3423457839 -1421.5483156740
-353.7302345024 1138.1699503301 170.5556300655
-680.5852677973 464.7977099086 -1841.8016251084
-1989.2600614014 1166.1565907307 -401.8741607676
637.1364017220 -1484.0219082764 -1657.6604511681
-1257.4048600990 -1920.3911190514 1843.0777767698
-917.6546586820 538.0445687443 -194.0372327114
958.3862361232 -1668.9799605629 447.6599611079
797.5349120255 1301.6618035392 -1739.0779012332
-1992.2588807541 -634.5719375540 1984.6764880364
-1161.6164073173 49.1885322908 -318.5586414269
-1037.3553698132 524.1972203242 -1600.7156024331
966.1242300457 -551.4494756605 1269.6393467149
-1852.9577689474 1736.6166327192 -887.5934378734
-425.5013489109 1929.4891567356 571.5070438053
384.0061850443 -127.0404163859 402.2800664248
1854.3134084597 1484.9277424328 -1757.7101588870
1931.1481473733 651.5234935432 38.3306370315
-274.6745086335 767.3160984286 -887.4818401127
856.1090128479 1939.7897968764 -457.1342337477
-771.6413077268 508.9427140439 1209.4146791806
1663.5882814862 320.2414909803 -1234.0552858573
-802.9858993516 1539.2157103812 250.8007877835
1025.4100764555 -1324.1847210629 238.8537338122
652.7224755196 -1262.0762476938 -544.6158905599
-1339.0961855542 -693.0213502540 -1637.0515685696
-174.8114544928 -1112.5304735452 -1545.5326719951
777.6268487472 1676.3637881304 -550.2730250905
950.8668383627 1721.0543275929 -1171.5792682329
-1643.0947981640 1172.5297165067 436.5827364360
-876.4914187888 -1739.2704865248 1336.9507669898
-1650.9981764052 -325.4787513186 -1495.4142677501
1628.9005889958 350.1470816325 -1935.3532744098
1766.0712448250 1521.9843938460 -344.1615796200
1540.7779222347 1569.1413487300 -1819.0852405242
-246.0327238827 -1419.6723161819 -1908.3791531284
1376.1596703704 -1011.1063047204 -250.0216498220
1438.1184708742 1244.0216852384 1152.5233874107
-126.7925704422 1542.8718408063 1930.1183994005
988.0569301917 167.8409775795 -1431.9294543278
841.1737024080 -915.7587300382 -1894.6083040997
1660.7234418486 -1685.9725378366 -654.4716679662
-747.7131026151 12.0702923400 -212.0290553558
-1758.8834984230 -1663.8119688035 1780.6543794744
1988.2025829139 1348.3927366540 -742.5303724022
528.5102860052 -1556.5030301742 955.3025001673
22.1531848438 1764.5077313556 1826.7014464840
-1235.0891373199 1848.3317686769 1383.4198977754
1051.8957055766 -540.9403797753 1251.2881729152
896.0892220985 944.8456042999 -1397.7970001010
156.4760582823 1634.4576295225 1217.0661991849
-1520.9590849580 24.3442923962 1657.8468528331
-1761.9886541609 1532.8688824741 -1761.3557857334
725.9893262104 378.4655469703 274.3511015797
-1823.1224165148 -784.8287182099 1902.0005815370
794.4642288317 -1468.7422310417 -1449.2776860495
45.6279179311 1922.2682727754 1653.6577664787
26.3250979486 1900.4006286523 -1494.5704835561
1603.2350629476 -1625.2957128282 1630.5664790536
-1164.0646730246 237.9032833379 701.4057755905
728.1972652537 -1192.9025516313 -21.5730063513
-1825.6161712258 -1417.4354395812 1056.0513078987
-1273.8562556437 -663.5661621909 142.2525786404
-33.1857983497 -765.3905393411 -1578.8355024562
-714.4294954390 -220.3108551255 -1117.8329213181
-310.4498789445 -1369.5435860189 520.7444608032
-829.0208930631 -1344.1705833194 -650.4691266443
83.8804193539 -1503.4034353608 1467.6113434884
471.5861094382 1353.5262152139 590.7132057816
356.4985935838 -958.2591016155 105.1901277606
-1050.1136671277 158.3016546617 -1209.4745227005
372.2213777058 284.8628813046 1366.4520603146
-420.8553753955 1666.1260457132 586.0936087905
173.1542412599 1245.1134564630 460.1128224675
-874.4572963835 522.8830641745 -464.2648507964
110.5460072149 1977.7898281926 1561.4143308605
-635.6847364755 1842.7706931243 -1729.0020717478
73.5387570057 1869.7802908949 -1869.5623922849
211.8104985684 -1691.5943808120 1902.7097211229
1131.4723515571 1623.3868812965 -304.4059825943
344.5747442461 1918.9765345740 961.7873105142
775.6078488905 -659.1879327466 1253.8519717367
-1180.6082859589 1629.1146573417 -187.8001634785
173.4902790071 1857.2497224856 157.4191225902
528.6777686140 -1494.4943255280 1367.8873391568
-821.9857693991 96.2233174283 534.4728413380
-1902.5595096079 -644.1315353090 -588.4671124460
-1246.1639058322 -1815.0708633651 710.4964138862
-857.5459932829 -635.5802004428 -292.7501137276
-105.0409590814 -1030.6932449684 130.2074592574
1763.0380270608 121.8083345007 1097.2486557050
-310.5565376197 -902.8164707131 1666.3681119772
-1122.7415373909 145.7044293432 959.5530413201
355.7838672806 192.1988902644 -507.8279467881
1498.8545157420 285.2679322827 816.5371180739
1193.7564826509 -1657.2068333815 -270.1187274639
112.5021374242 -1359.9154727737 -1164.9108340458
1078.8440774408 -1562.4741088810 -1475.4420931200
-1261.8886738294 -1714.1092524431 1611.8364036669
279.0012293173 -988.2413117012 1370.6173855671
-1677.0767099874 1571.0772166369 -329.3623939208
1802.3784339302 -1509.9644203120 1812.7950219718
-222.9575885574 -1896.6036234901 -1179.9627345602
-239.6603375777 966.5388040858 130.3123338044
-669.7701033294 -537.5503518104 877.9363918998
1256.4069907143 1068.7400192498 -1081.3404361208
1722.3346959226 670.1335184626 -834.7578087036
-684.7704493718 -540.2292886641 1431.5405367211
-371.1666207585 -427.9020090175 -1564.7250502976
1959.2336816554 -1143.9208106389 774.8456336426
252.3454477056 -1687.5097817757 1558.9776843495
1178.8874743624 90.0500450050 911.2431351941
1647.0537107869 1171.7947986332 1641.3807742812
569.3932916942 1782.2684385206 327.6910314422
-1483.6093271662 932.8473940069 795.4276748967
148.8313955935 -1606.0510630578 -1391.8919311965
-581.0249087243 -55.1740905496 1639.4511203615
-29.9417549451 26.5028127498 720.5339250950
-140.3915162722 -1480.3940268182 -668.9059917715
1264.7766325719 604.9858744621 1368.3448267784
888.7734643897 762.2485723609 245.9386949216
-1077.4767500922 -740.1969072126 1571.4591798442
1578.2525562418 -1464.0805496042 1167.5224762442
-968.0593856847 812.4563371871 -614.9356802056
1860.4723668472 1609.2005794115 -897.3619013450
1647.3578336081 -1240.9579254916 1275.2452877357
773.6983048880 1955.0297180240 1204.2417830241
997.1509958102 -491.1087181981 1709.1973217317
-155.4180147326 -246.2945977864 -1425.5401119437
-549.0267409960 -10.9864660899 1108.1024302490
-1418.7612371619 -889.8839362595 -1240.6678874685
1326.8925050181 1302.9165306646 -408.5984059293
1241.3981360823 -756.7868192587 1111.0912346220
-792.7243092064 -9.4339223893 -13.4021077563
144.1442768155 126.1356775255 -1519.5694230315
-552.4976559798 1618.0724450522 1264.4924738379
-1825.0291705561 -1633.0179632716 -1250.0903662704
930.9486283401 -1507.3643136147 -463.3905555213
384.5557192331 -1567.7943116970 -65.7666316556
-338.9565217377 1903.3582212062 -666.9872354558
-1247.0582698968 999.2477078939 -1394.0550320111
-238.8269215722 -1785.7663348760 1581.7881569220
1058.3015124854 -773.7852106106 -658.3846523290
851.7194089877 1755.3490954567 1398.5220815484
-1596.5373537298 -1671.2178684310 40.9647484552
-156.3949027896 -951.1729604726 1029.7367530693
-539.0466485575 272.1101364827 -1255.1574839063
1766.0839399021 1408.1497099094 -1536.3624146943
1656.9259255662 1642.3162665534 -771.8166214301
-240.3758978220 385.6772161530 -696.3496127312
-1029.2556847498 -498.6558106866 -864.8381855588
-428.3089476093 951.3792805585 82.7298646640
836.0144893420 -581.9608327156 -232.7298798584
511.5093924876 685.8647291745 -294.6263412222
3.3027415168 -1522.3187154737 -1182.6694355583
-514.7973678749 -55.5516996702 355.3281266350
-460.7134552095 -309.4207320747 973.5567395958
-1465.8581016133 -148.5770412191 1867.8074509965
1574.8955313303 1919.0233575685 1924.0547905692
-132.5536383991 1248.1063963535 879.9370668277
-585.6808828785 -868.9341103896 -117.4870803237
-1197.1324833525 -1686.1382005737 709.0443150038
-1472.3003437313 1857.5739163009 -1098.2941034557
1093.9440288837 1450.7254900083 -834.1914818468
-1805.2539632788 -186.4458460380 1673.5493469296
-1645.8696915740 1080.2758202200 -1890.6841804882
-1701.5492999843 -1399.3040329239 -707.7514276258
-865.7673635343 -838.9044523893 498.3382644929
863.2356504630 -1367.8484487435 -325.4033293464
-1906.3098142573 -1290.2049448265 -1187.7777818428
-1744.3354362221 163.5638056065 1259.4475326009
-307.3718979126 -1985.4328867779 124.2948155215
892.5289472672 -697.4609695158 982.4614817441
1504.2564857001 1523.0063303747 -1929.4291428016
-1074.8098161180 629.4645749597 -1047.3952742833
1210.9357433589 1872.2043517219 -1928.1928943486
-1952.2358929502 -1223.1435378165 780.7465921188
-454.9617019521 1615.8117180407 735.3693238177
-429.7343922940 -1010.4327514652 -41.9825680518
-797.0625546345 1129.4323376406 119.8432814221
-1268.5135847787 81.3361096718 -1445.2977165215
-1258.6204777630 1274.8384226684 -322.0461266494
-1557.5159566700 -104.9359907352 -1725.3957045887
-1974.8584010020 -1039.8925080752 -825.5868794802
-842.3531945246 -120.3154838760 -1174.2198701300
-939.7077201544 -1192.7045004679 1116.6143237203
1803.4890182889 814.4574204997 -761.3282756876
268.3080729172 454.8610960969 1374.0676945227
-1532.2649067107 698.2838987697 -1659.7455352793
1060.1925408800 -1859.7408631880 -1865.3461183233
-1634.1681248718 549.3190781528 1536.0565962309
984.3974740086 1987.8585531581 542.3152783235
-1098.3354225569 -1412.2522432854 -859.7936797396
1630.2169769885 1310.1309667101 627.6200510456
1672.8289245232 617.2056047245 1144.8606462515
-1478.7977444233 116.3590328741 1904.2934897478
612.0625448021 -635.7060338724 1699.9435072536
1413.3420587887 -1609.9860539366 -1339.8416620210
-723.4486243348 1074.9531226701 1630.5148421410
-255.0938606096 1723.8213128475 823.3874022999
1775.3533382582 1209.2114879877 1764.9775195961
-492.1545161069 973.9740620739 298.7408859271
1722.8428525503 1394.3004020845 -1125.7845312707
664.6807061434 1877.0093423854 -301.3814502346
263.1538709154 1824.1685873894 1976.6598157036
-891.1769347440 -1227.6814444041 -962.6283720490
-1817.9878184878 -742.1262364691 -1673.9822053014
-993.9538872465 -1488.3777321709 -303.6859970108
-280.5345229571 -1969.9274153677 586.8215234917
1273.3568391927 1852.9547261611 -1602.5053508303
-1990.1437272824 -904.2101765815 677.8392727440
-1612.2522080678 1240.7116023113 831.4762359460
617.8586496890 -866.0791490884 1763.5979934057
723.3880316037 -1589.9393959835 933.5856909424
-873.7873653421 -423.7365311423 -336.8936754297
-1027.6201929891 659.1795689720 1968.2852948877
-979.8695990443 -704.5150454852 388.6919493512
1632.0319525741 -436.5686079400 361.6938707402
1219.9717960626 88.0952121030 -677.8199981051
-856.3324807386 -1526.7692335591 1093.2496274656
-1249.5851914039 934.1646772311 561.9578001950
741.4072583289 -679.4485409872 -1409.7355140166
1379.0110777458 1168.9596285066 -1456.0819931787
1648.6763371690 1760.9655779839 1018.4801747888
1095.9112277463 0.5694351625 1997.5240094712
-1710.5157058434 762.4610938841 -380.3636905539
630.1031887531 -625.0932105645 -1035.1664107564
-1445.1930258313 -538.2471723590 249.1524843033
-658.0625465199 -1645.1886115464 741.2425126032
926.0165078665 -1691.0206080905 1251.8424822294
124.5497416433 541.6323207854 -1391.0628243435
-1248.9981722219 -779.1835938904 1755.1766221274
-1251.2269214168 -361.0564874992 1758.9321833446
-1854.9286682016 444.9045221363 1116.3895994728
1982.9565668146 583.2101895972 -1624.4309382079
1175.6746047274 -1989.7585319656 -1714.6626724009
1842.2847776688 -1231.2980350812 -1708.7228853978
-1496.6782345080 -1488.4061068499 1130.7580655663
1063.3121002554 946.6902280842 1210.7363541473
408.9945803024 -205.7268536553 408.7916723982
-428.2088669033 1935.1584711854 -1133.2841996700
928.2640184334 565.0456500714 -1980.3853666219
1181.4621598876 9.6009359856 -1229.3262081194
1999.6815102893 -701.8288361177 546.2995831930
1908.9518724974 303.4527339884 1398.8878854376
1426.0514650838 375.5002531799 1190.9537045518
-1780.2778441353 539.6885320214 650.5401820665
-866.0234110737 -601.7861952660 662.9668591957
-813.9435069950 855.2160735066 1864.3035311258
-93.7308447171 1883.8420381641 871.3960347611
-1577.3830684142 95.2156409123 -1441.2829934885
-414.8483551492 -1987.4320236165 135.1790347180
-7.1677912265 -627.8294341285 1551.7910936171
-196.4360582565 -1742.6745552252 -1194.0582840802
1694.1871907127 -860.7787842261 1794.3007718473
-321.2642640560 -293.5447623895 1939.3626310854
-1808.1585748898 -1392.4477987174 -284.5046570337
-1462.6545355338 1247.4345116860 -1049.1159756870
-78.7128060691 1790.8884030403 -269.0850028708
-1371.6814329618 464.4263581521 1580.8086774364
1518.3427659222 -195.5335844994 1857.6539763121
-1510.1755024640 -1420.5870118747 960.0522626031
-1304.9960449769 185.4771582250 -987.0003116021
1745.1120944490 376.3218658668 631.0439062293
-1046.5967349246 251.4453613621 -1951.5984516416
1526.6515435577 273.3242853617 1228.9275100132
-400.2896494911 1823.8857190780 167.5647375639
-1489.3618221236 -1970.6505818403 -932.4719532273
-1318.8700459257 -1129.8185232560 -682.6562495388
68.4819999049 -54.4075718842 326.8357876636
1762.0159803031 778.5550560366 1415.5298861558
1857.0757114032 -657.9233923648 915.5565028140
960.4332052201 -1070.9748637581 -1648.5775802725
1994.7989659413 -835.9855413290 1769.3778304748
1370.8874612668 -1871.6818654033 -1364.4863072268
1486.1758760541 -772.7951167308 1631.1331797330
-1326.0764597162 -1940.9139362977 946.6736953846
-1896.0351643733 707.5226761343 -442.9095856903
-1194.6117066124 -1183.2114830140 1744.4124030352
1821.6782147815 1328.6364185192 1443.1127320394
-700.9804304292 -187.1023030020 -387.2176450027
68.5872631978 165.2959616944 1141.2972390894
828.0345907562 860.3076820100 -383.7972871539
208.1015691144 22.8468001199 -1773.0812585815
-1012.7546950677 199.1060282228 -575.5361913814
-328.3912215359 -876.8721898227 -1082.2785400027
-82.4387728869 -166.0041151765 -704.7422418514
1443.2933200818 -650.0584933431 78.3275778810
1099.0853217706 -277.7789929663 -1214.0399695121
-1613.4464190179 -1152.0461723866 -374.9252912139
-790.1571063156 -329.4004414676 91.9087359998
639.9214542785 1136.0888406707 -1207.7669998621
1276.4025820603 821.7366670660 345.8901801818
1767.8275127978 -1616.5221594493 1510.4392687411
1706.8568253123 729.2053116816 840.9134048695
674.6518650864 1394.1466514610 1413.1482892674
1605.4033888592 975.9039229286 -97.6093215332
197.5286248048 -1671.2519092211 1419.2828515648
-1279.6549796550 -1299.5249723117 1915.8524675349
837.6543972195 1154.7046219097 -1507.0470937314
62.7770723661 1961.8020546004 -258.4122404619
-1198.6602837465 1452.8559044803 -1161.8982116947
619.1387759450 1065.7924442876 1025.4351954833
-1070.2004985218 -38.6715902161 242.0497924970
1785.7993161943 -1083.6674049391 -1243.1307919569
-1354.2251707076 1503.9604643638 -1547.3799592368
743.9727951735 -927.4733659891 1646.6543861005
1748.9237015278 -638.6946853760 469.2615476459
1318.5675182533 806.8321749569 -958.8135842732
1442.9124669438 -1169.3731231849 761.7978655079
-812.0029584263 -843.8530347867 23.0105647716
-1809.7263750436 391.7563310825 -1533.4253233904
1813.6571367648 480.6362539377 1407.2218946443
69.9474605295 -967.6068966229 -1576.1362448130
-524.8113874610 1107.6758983567 1561.9722101825
-1211.7068603021 -1153.1949126767 1368.0244184934
-1217.3742353059 1946.2591289936 1979.5617690198
-629.0209648917 526.8990168787 348.0712738591
761.1982910689 -1545.7174097449 -411.3125172296
-1326.0704523183 140.3457382423 1724.5842733474
-1086.5147076846 -437.2353371491 1720.2825045014
-123.2980512630 244.0160909731 942.3933712131
-480.8889551299 1529.8903496280 76.2253481388
-930.7962426834 555.2070263624 1620.4033479888
-596.1502913508 1480.3384310269 -1163.6003868759
1405.3511705201 1453.7190006493 1586.0072087012
1365.6007515055 -1452.9023109674 -632.9135458022
723.0567064367 898.5419031679 -1446.5535859682
-1651.5773682379 1148.5144826362 374.3815437725
1229.1273311348 72.5625197525 -181.2439733609
430.7865705476 759.0900478663 -1000.4756592759
1414.1385558367 -1041.0444416981 -787.6079721377
-559.7609126837 -1190.1484117685 1640.6678052910
7.7335491901 1674.9299150322 1509.3345595261
-1793.5266671825 1664.3167756580 -1507.6232170564
-737.1080950988 -1205.5288659426 -1812.1446727805
-1574.7000502029 -697.8905890416 -1908.0250956135
1779.6481787798 -188.8716572261 -1705.5416647884
-1903.6889767657 -1805.3986107091 1226.5997528492
-1054.8296879992 -1834.7755661187 288.1605849032
-1053.9283746824 -1643.0812350593 1910.3208118528
741.8776303510 454.7843105762 1995.8480722573
1166.1012879595 -1562.9534537218 1244.0218422832
-288.5232216167 225.2098525940 -985.7728722915
-229.3415267884 1571.7358061560 122.1420492558
275.3095775819 -265.0641458064 192.9881487769
-819.9028755334 957.4016643145 1807.5196496099
1837.3291373648 599.7110091411 1071.3890804581
1682.0780771740 974.6068844894 1517.9946367540
1490.0406097380 527.5079059089 38.0927079491
-262.1749940727 -936.1397987671 1677.9311460343
322.4217479064 -1050.0905858882 1412.7128258264
890.2802972796 -758.7488059443 1468.8763833358
1804.5636545578 1464.6235686483 -1584.2628457058
1340.6908760228 -1181.6196211885 1834.0638681808
-722.3791309497 847.9852591144 679.8465640907
-414.9340507654 -336.9469010546 -1593.1298646216
-1058.8868772226 1375.6009790205 -993.7518300822
1274.7959963061 49.4335268791 449.9807322906
-979.5075927409 -131.6307741321 -1567.0435662889
562.5432041543 -1683.2674926763 1383.4973205631
717.7102327739 1116.2213744532 324.3255277214
-277.8799409670 1837.0320418520 -134.3137926369
-303.8876106138 1511.9706560124 834.0336676965
-292.8597898355 -1678.4966174876 -91.6982445052
1581.6285535727 53.0267448748 -1259.9129878586
-793.0902560927 1686.4901284041 -1908.6543839910
-854.1156647425 521.7082804273 -1066.0306500279
-1748.7227979696 -1351.3365393480 34.3678311440
363.0102070155 298.0178470009 -1977.4531412746
-323.0024285249 334.3024324433 1476.7087105861
-1215.9338797816 -844.1263897152 257.6637581384
1482.5413671008 -1006.5124431020 -418.6742946383
-88.4017772753 1913.3457378470 1968.1629988598
-853.0175207137 -1429.0053875020 -759.7640619808
1032.9083116831 -1148.4857136171 -434.4540096048
580.9432663989 -815.5473288635 -1789.1418845166
759.1598569063 -461.8993372040 -719.0439923544
1681.7646649181 1818.5347677196 -153.4117494599
611.3260162896 -128.0147574667 -378.9249667114
-684.0904343054 -330.9391287602 -429.8592641457
-408.3267685368 527.7013729085 -542.7400313566
980.9499616534 724.1842642016 -1011.6268132292
-1289.9227701600 -1266.9610147715 -1621.2524080052
-205.5188753617 -1364.4910313376 -515.5090985755
1579.1229449297 581.5026515896 -989.3358997801
691.9367908406 -1517.7921988670 -1317.5936653202
-510.6611973341 1745.3323863950 689.0586670140
48.0408960750 1342.0077098831 -1109.7651053174
-1130.9505866829 -121.4924433888 -1428.4041998457
1131.8213774707 1147.3270331339 -717.7229628665
747.8296359690 1407.5629009640 -1713.2417029977
-1972.4204638745 1974.9172266109 -1581.4394410560
1297.5205873919 -535.8550252230 -899.8524351960
418.6300682087 1487.6097026075 -1885.1432936152
985.8227586986 1834.6830512725 512.0318989125
-273.0935379647 1481.9477042609 444.8298365225
1531.7948223125 -1390.6043311379 1519.3970936290
333.3236781785 -1637.4099395710 -1364.2965804884
862.8575948136 512.3582481331 416.3301955412
-1792.6328702089 1020.1710948107 268.6476351645
392.6835018514 656.2720723993 1412.3197199909
1572.1137503993 232.6919876693 1580.6592461510
-1910.4291283013 1223.2132132379 1597.3341874200
-532.3157615930 -1204.4005022053 435.5971477474
1444.9113561583 1142.7629261387 1263.6901787807
855.2508788779 1098.8179207417 276.0966502919
-957.5886555302 -1687.6025161992 1322.8668573034
1992.7435746409 -1247.2924399611 551.1509878477
1125.7168548364 -1525.2904635368 1823.2566589499
945.4009095488 1563.4110058757 -255.8786434059
10.3923578821 -1968.4877870971 984.0133814439
1659.7074209298 -1116.8304709738 58.6948043163
-1736.4115839352 910.1722178134 -95.9059365807
-502.4704829832 400.9130462171 -1181.3396617560
-983.3372374987 -558.7615760713 -1615.8584071642
616.6596654665 822.2890697801 943.2556263139
-674.6566860866 1361.8797401324 -1490.6884632098
1754.3568841419 -1190.1548342505 487.2003940204
488.6319996285 -1223.2073553260 1657.9532929220
354.5283610503 -669.4400595410 -1826.3767108205
-1253.4345417351 1799.8827994046 -1278.4044115855
-96.3067930303 1284.5093219211 -852.2859085287
-302.2199287403 -1445.1538855607 1147.3711180048
1109.8161602981 529.7744153814 -776.9966488462
-1071.3314246625 -1331.7500490075 -748.0295162927
1969.6938953310 -1581.9752535143 1512.2053467692
143.3378273381 1521.3191779699 -1891.4923668282
1379.8396546567 -594.1628098765 -1503.9903069369
-111.9416224959 -938.0329185773 -1100.4833843700
-1326.7796037580 811.8248492547 -1146.8056260123
-482.8068750294 -28.4231754559 -83.4508544195
162.4323186468 1671.3264806555 -1586.1613354870
-671.2053757125 1511.2564037376 16.4415000777
1592.5260220718 -1665.4224616629 -1223.2140906294
1620.4462386688 -1832.6954889433 913.2811749983
865.9969191811 1674.9446722368 1584.0197734490
445.5508694764 -1588.6987748677 -1149.4293005844
-1809.2121641074 -746.6124027643 1586.1621878766
1254.3833364254 -1214.9604589987 1334.7058491436
1939.3596330368 -250.5761813301 -1814.3646100952
712.7424732680 -1859.7138239306 -744.8447337891
1243.4646107149 -240.9294550089 1941.0553854634
1958.1181457878 588.9380731935 -822.5690477151
-25.9614289556 -1852.7578584304 1439.1248634784
-878.4241295011 -1290.6256260139 -159.4155942811
1486.8997919607 1441.6834350369 169.2613509430
653.1469811962 -611.2635100855 49.7223737297
-259.2529858306 1053.2398788194 158.9454714681
1112.5297826295 -309.3219247200 740.4833852421
-96.3632422732 -1039.9953999879 -1224.0352772052
1414.8904380723 1057.3566867517 1715.4649891940
-768.5602382991 2.3980423536 -1125.5247011166
1085.2096089307 -606.9015814823 -120.5694637063
-1607.1477973126 387.3723547278 244.9125699133
648.3710345620 -1493.9930132373 -1046.5176449868
534.3009257674 1468.7168728914 1853.9478309223
402.6918982207 -1898.1123812671 796.0196193537
495.6668859329 -1772.0591651868 311.7721106459
-924.1540916206 1444.9753971877 241.4298743080
-1744.7143133336 -295.0366662652 1456.4165382782
85.5147985347 244.7627781583 496.0364854434
-779.6945932222 -382.1297850989 1558.3176418023
353.2395903433 -274.9324624532 -1644.9197281914
-1732.8595214949 1290.2735322530 -1836.4120147538
-1983.4288554651 -1866.1480843352 1373.5415176374
1518.3039978354 -1336.2679241123 808.5867182207
-1187.4587924710 -177.2708617344 -377.4473497633
636.1697917111 220.4230183175 746.0339010202
896.7532481538 1401.1950710725 1535.7032730800
-43.8392475219 -1236.4111300616 -321.5679363168
-73.1415543422 1985.2138323198 681.4364664175
-361.8054818431 -475.6474184060 -177.8287062841
1944.7713104173 -1360.7288585816 262.3510245385
-1301.1571728159 -1473.2615422865 -307.1044634222
-648.1940342858 1067.8077079539 -1144.0614966236
1564.3252438379 552.1136759476 1498.3478069052
936.8414997982 -333.5618741239 -1894.3750210287
-1027.6087137084 1527.6058633231 1002.6989142555
1357.0320239536 -208.2021642698 229.9227010988
-112.5299947851 -1388.9241199122 1337.7396630243
-1775.0584064540 1389.4852003198 251.8669685104
1141.1942859517 207.3078338975 -218.8444481517
-452.1243834951 -603.2876328958 1281.5242073219
844.4472957424 515.3054956607 522.4882563948
31.8158056786 1391.7230602413 -59.3339819320
912.2711465537 995.0328753494 -18.8771476308
-303.1420360246 529.7187917511 1014.5530253258
-1437.4459048499 1993.0584208333 -975.2628978819
581.3175356682 -1297.5473943072 426.3940167738
1266.4808495596 -342.8879438137 -884.8485388942
-706.7242027229 1596.2253595420 -1386.0953139266
-1020.0466389662 -384.7198486596 950.3250979044
1797.5184404778 -861.9128793944 -941.6307707406
-698.6061620131 1955.3762429669 339.2862181622
-1093.6603727006 -1389.6868853224 804.1241829365
575.8766752683 -1209.1290077360 1318.1365498114
-2.3427464916 -527.5650488857 -923.0327748972
-49.3267036156 9.9743713973 1656.2409529573
-1175.2345612305 -1249.3571727719 -752.6404983155
-490.2531863754 1922.2599898005 -1034.1620900124
-1492.6832173773 1152.8095946218 -1854.2727001387
-770.4044971038 203.2026758485 985.8823925269
627.8825513114 -1335.7947362746 1035.6072554253
-40.8074873113 -1426.6669900768 262.6563147687
-616.2405990787 326.7312294367 -517.2357435064
-126.4044076129 -1669.9081977340 -1578.9380138889
-498.4779248780 1026.6993278136 -742.9443870201
248.7971884970 1510.9810810509 -48.2191110245
1877.3960471880 -1162.2579897977 -846.6810461551
-1008.3869278545 -350.6220403456 -1031.4186631370
-298.1563590316 -4.7977417328 -734.7017923179
355.0310689261 1830.0108424067 -927.3670506851
-1686.4026668252 167.5020974357 1300.4607235474
711.4074083087 -1143.3111133619 -1709.5556648746
-298.5118423365 651.4613438997 -1972.6086916697
-1744.6429581050 -1639.6018582233 -145.6109729295
-113.1112407760 -954.4833290656 1481.7448925150
-522.8986608276 899.9843027324 1437.3686252248
-1003.3606513536 598.2463021102 1264.8102172333
1697.7007959885 197.1703143753 1822.7089874044
1673.9945351614 1574.5345401994 1788.5134132158
1601.0335139543 469.0333036875 -1130.2762256022
156.0473474036 1279.9752218302 1438.5341849842
1347.5455193152 -1896.2822840685 841.1840249519
-276.7660888226 377.0254566903 713.2633618008
-357.8782238445 -305.9583886851 -884.0902711580
1366.0385102257 100.1323683667 -897.5174353708
1846.8961596578 -260.0567209218 655.9104355540
-1377.3718141790 -1188.7778639570 911.6401218918
-1614.1993951229 -635.4233493625 698.9750087385
-174.5879306735 490.1626615867 425.9410778589
-1029.3438779525 -1820.2179832749 -1748.3650541456
1999.4417657694 -243.4222677158 -1128.6988499943
-1515.0525033577 1740.2384171698 -1628.8556506729
670.7061728684 -1906.2762584800 753.7269878336
-382.7206543380 1748.0387191671 111.2587452249
-726.5950456911 552.7044610526 686.8325978940
-1211.7087468598 -1557.5853951223 -711.7850259228
-483.5538302398 -1972.7413569739 1744.7865114809
-76.9923507833 401.0252812938 209.9942839394
1868.4375588386 1759.2156920783 1109.8529682318
1590.9204375827 1020.6838479384 -1146.3013483153
-825.8243703434 1591.2289123208 -254.4421851340
1976.1709763331 522.2117342271 1380.6616597292
-1155.6098706029 -638.0735980682 -1132.1398817193
-943.7871416204 -1589.0146775672 33.1060072695
-504.9542153975 619.8996095477 -1109.2865192113
159.5259125367 1489.7460297518 -1231.1724502648
-1435.5574634463 -808.2963737853 1373.4221709791
-1585.1341206326 -1809.2379030690 -1469.2031508537
-1835.1757622966 -1857.7935900185 1758.4049124898
-1499.3175414739 -242.3631260631 -1956.7002717543
-284.0118476171 -1902.0389919071 -489.7270670463
763.3221041203 -1203.6973166276 -330.3924082816
-1566.0737282982 1675.1034452508 803.2159377273
-1298.9559357498 -1732.2946761318 1732.4644041250
-1264.0457440899 370.4689782132 1941.2672437691
980.7023410420 494.0987738178 1414.9402131986
1791.8304606830 -1982.2145982318 379.2399205661
-891.0612536161 -238.3875376637 1979.0190351926
-709.9840724612 -1431.6201850992 604.9097959961
1322.3944772236 -1732.1078670072 167.4252473047
1492.7947325393 -154.7565692975 154.6128855246
-1986.1061091616 -1005.1652163451 227.9528236002
33.9629698821 1267.2194235554 -256.5483230924
48.1462655673 666.3582575517 1187.4889194665
-961.4730497137 108.2094868365 902.6349182838
1570.7714155211 -8.0543058528 -1193.3682101978
-1155.8112155825 385.7170042148 -957.1060762091
1434.8058738657 -1650.2574959113 -1850.1349416055
662.4588840730 -1422.8618564381 -555.6516512418
-357.1263756547 750.8215659219 -552.3159146963
326.3406112951 833.9757949608 960.6556850334
-1244.7753602760 43.7255595523 460.2861079409
1740.2535777163 975.3735835007 -1426.0807674555
1305.0627997595 -56.8536107382 -1414.1979941108
100.5915218976 -393.5995822313 567.7174386989
1759.7425608168 -1673.8099753979 -1252.7451238614
940.2675244609 33.5718993013 164.7940669924
-192.5531823876 -367.0674516999 1774.3293077184
1263.2078644361 795.4815148975 1605.9269100425
-1681.9495338943 -1749.1054164339 -1227.3606906774
109.5840202007 -1714.6786825876 -1072.5773750023
-1774.7317151389 -1986.9340530899 1194.5398954516
-867.5802027444 -159.1378205608 -112.7753771378
-1520.2788236670 -1705.5345984736 -487.5253598315
-1377.3611857806 -1533.4585317418 -1372.5712433720
1568.7419794638 968.7625743098 37.4138090403
217.2794355572 608.8877805649 871.7112442052
380.8003763452 1927.0762768588 1274.1992123572
-38.4396261712 706.4488684568 1477.7985578492
-1250.0743478953 1282.1249309343 -237.9900752558
-313.9650497463 -1733.8867781335 -1194.4891126799
467.8254803786 1526.4871618522 398.6220964766
-1672.5618218894 -1477.9103677634 883.5105420819
1165.7863270489 -284.6825945708 285.3436023602
-17.2810624544 842.5469851794 1.5070272149
183.6740084462 -1002.3852646725 -812.0993605388
-1183.3316592407 1769.9419703968 1215.1224403058
902.5831974552 -1625.6768821018 -436.4735724970
1188.4533903556 1800.5930293754 -216.1929315676
20.6747382588 466.6041212930 1366.5490394454
967.2150551284 42.1982572695 439.1470068547
-770.2063457461 1626.4599186471 142.4218646257
752.9856645940 -1992.3386928399 -756.5776533910
1686.2283411381 381.2307900556 634.2916986398
1257.6909313673 -315.8303124269 -543.0538319309
815.7744448744 -1528.6723521499 278.2895877180
-575.7862822084 1432.8829172897 -117.5789552134
-414.1000005737 472.7787121927 1294.8554904444
-1375.2063159354 -204.6197305163 -169.6546046213
-703.8006897724 -1356.7479468011 794.4060059227
494.7539385425 727.7102378595 -1826.2140366638
-1513.8981649752 1032.9638539632 488.1880489314
-1874.6579630700 -689.8586968789 -1149.3376737520
270.1976319272 -1209.1593734318 1060.0034106974
352.8936018921 1231.2478438170 -1960.6732008709
-803.0726528037 904.7937805204 1301.9444029912
-1824.1984699576 1868.8550448290 -223.2288575486
-1407.0161169984 -1504.2712841972 937.2845772625
-1666.0542450479 -804.4201518569 -449.7634027261
627.3675799562 458.0903227258 1924.6800517206
901.9573731989 1664.2991800199 1678.5425817881
798.4898876219 210.5608677348 -140.8072246233
1052.5510842913 -1188.0696872151 -675.4684150892
-1662.8873257077 849.2540755682 -1401.0867348472
61.7500237199 -1278.7390467877 378.4627302749
796.6930845922 714.8210905409 1707.3965421572
-1629.7962353339 639.4080070320 777.5802267343
-1024.9620322398 -1157.3739895934 1905.7058453428
1589.0251862600 -1696.7212706350 -74.5092897215
-546.3328909356 1513.0533881427 -83.3251521571
346.5694860759 -1993.9992806845 720.2043079274
245.5888228186 -1438.8454448917 275.6708807088
-1049.8064957729 -141.2110559521 1833.8572544460
-1251.4931729520 193.4076399058 1753.3115765349
1841.8814413085 1227.9196644949 515.2649745549
-505.1516415249 -1751.5716133115 417.0394556837
1121.0951523234 1605.7140042443 -1175.5291348074
1896.3289603831 -911.3488067241 1425.5084987781
-857.5053290186 -400.2134242458 -965.9827684317
-483.3626681927 -1414.7322244798 762.6687091508
-612.2431139705 1053.4078654698 32.3805917066
971.6336933263 -37.3121163105 -905.8966293755
345.0568414963 -1174.9481202792 -586.2532035309
-899.6841913107 -1926.1615179261 -1137.0606757582
46.2024191930 577.0074796520 -1098.0485812608
-715.2559562854 930.5108822002 -1424.1781773821
-92.8963464424 665.1397733754 317.9941859685
1186.4934769489 -263.6568057212 -362.2280148521
485.8552434293 -1009.2920248168 -1794.8797484726
-1811.5041439574 -1083.2673942843 -939.9652673704
1864.2674841721 -1119.5179579127 1945.7875431785
-390.1522921709 555.4652466435 -51.4254427603
-1535.6326847077 1001.8832724139 -1560.1405841158
-1939.5055702444 -450.7458743408 729.4313403253
1609.3442382623 381.4134203816 -1506.7023541034
-1521.0697565927 -162.0637884528 1159.6586669612
-12.5239094411 -1172.4159232142 -503.3899898909
-918.3592076405 -1199.8168870795 -1215.8954516884
629.2523529732 1258.6088200303 1929.4532441748
-286.2459396961 -621.2245095160 -1448.3658297308
1292.8423496726 225.9874813372 -990.5975681393
646.9679583689 -1.7966628501 1445.5774753067
1710.9562654728 -1381.5096420812 1859.6686270895
644.4744987728 804.9885551028 1908.6999686032
516.3057067448 1580.8216329574 -1361.4090242002
-354.9977153149 -1944.6786055153 1476.6260465644
-1838.2174351470 -1947.0748248354 -1785.6295893878
-1629.9704406385 1399.5539166465 -422.5782815338
-1095.1524790884 -684.3463425702 -1380.4629905290
60.2324589273 -1173.6671960313 -1164.5122746181
-1901.9811667357 1608.6075501887 840.4630548459
-1898.9348896447 966.6771641421 239.1815812952
-57.7465327808 1208.0672022823 -462.1412708855
-1422.2273670288 -1305.3255646053 -131.9445018059
-1178.6481100984 22.8111745152 -1258.1212744221
-1459.8346830569 -1367.2976106549 -1779.4615359189
1184.7912735956 -994.7563475508 1633.5510215378
-1718.7538974613 1205.9146011504 -249.7238334235
1582.4194092509 223.8063521587 -1450.9476830946
-1850.4656897913 1488.6746478801 -1194.2564556743
-1230.8626415850 -1906.7094227102 -1295.3253606654
-1632.3050746058 -1214.2559099011 1886.3625254878
702.0798001193 -1878.1437375876 -871.4138940336
673.0542338914 40.0542400643 -131.5327429865
-1660.7115599996 929.0195679839 -557.3130862749
169.6201095702 -455.5141713176 -1615.0870826098
1173.4627345115 341.9105691001 312.5577691958
1848.9370907306 1977.4904687528 210.7645072405
-1097.6135195827 745.1149567805 350.9192730744
1291.0569497713 285.2356819767 174.0596157321
211.5001021623 -1162.7872540187 1025.0785729270
-743.5669124803 -1922.9542094049 -1140.0404747364
1817.3804173361 1001.9529286286 -1427.2113430692
914.8864334820 234.0368821356 -1157.8920702729
-1080.7458210336 1564.0801201650 413.0265894589
-345.2791723240 -1705.2940343362 529.6138213098
1913.5311273226 -1933.5258916244 1376.1452011382
1152.6620481188 -704.5871058962 321.0490005041
166.5097636920 474.1735422365 -753.4417308005
363.3039896959 211.5221794385 456.6763863430
-1305.1982544831 -1345.1914646431 706.3451129634
-508.8236351138 362.5112653583 1944.5584328598
-562.2111927303 -757.8479568456 -208.8015984001
121.8413298943 864.5903294320 -1460.6273982018
-778.6637680221 688.7321384107 129.9251071393
1082.1911969279 -1051.4671080442 -1135.3631517692
965.8232028711 -1526.0771479137 -844.6835367252
-1213.9290838492 -772.6701245418 -1871.9549040676
-651.7375396122 1548.5646602062 -1012.3272538939
-318.3937628650 654.3909731804 -477.9094886143
1599.6681912866 558.4495428449 -900.2685664232
-672.4058171091 -1031.6881910989 1130.8839059344
733.7233329806 -183.0579633061 825.1459177504
398.4759108595 953.8510021391 1761.5582715634
-746.7751429434 439.3164584685 1082.9781565383
-1041.7437847334 -38.2713987211 348.7216098712
987.1415897722 -1633.2700996261 -974.6462310394
1522.7933406672 1522.2728692998 453.5113513646
1983.6043388286 1196.4007907147 -1833.2421231759
-878.3909694800 5.3088880483 -1966.0126660109
-1509.7118802757 1002.5708617811 -1599.4189892569
-1509.6638817570 578.7312917569 1403.4506069507
-1287.9954810592 -1562.1598807264 -1435.5886638562
1660.0255532112 -1761.7234199716 -928.1135288877
-20.4346390047 593.7468389916 -1940.1958819142
1507.2960906661 1609.3860677840 -648.0294134278
1982.9985681496 1320.5723606249 -1396.6540547031
706.7793337289 1763.2092970970 -1165.6951023746
-1399.2165303400 748.5275716877 259.4469668246
1151.8148296322 -1088.4481688794 -977.9023374196
-1325.3938038722 984.9917810661 -1165.2735407452
-827.1488740558 1611.6988305285 -785.2434365350
1366.8145348779 1356.9389833277 1264.1370651242
-1266.3331823751 -1573.9278280513 1023.7081268157
1874.9724221847 1831.6340628076 943.4619486885
1163.7532199015 1362.6281629194 92.7191134755
911.7733882708 866.6392718920 -1322.5519423851
-1826.0815342617 1414.1531744733 1857.4670726082
-146.3543489421 -457.4334131056 53.4878298540
-719.6884356745 242.8329495592 -199.3885756823
-1890.5236491618 -108.6594157036 -392.4179312081
790.4639960721 -21.4798107352 1563.2186335753
757.5065565150 963.8588805528 -1699.6876224320
-472.1207037061 -897.0370587081 71.0115375612
-42.6615893464 -223.0924394993 1657.5101018223
-1074.2371648374 -63.9306442494 1428.4370638695
193.0768873217 1572.5289134598 -968.7266810675
-799.7991226437 1405.5326472134 244.7925853051
1854.7107992958 -1800.2314236355 -1510.0226020655
236.7773545998 1346.3418924064 638.4825983989
-867.1280673779 1926.4137955259 481.2509330965
832.0768074178 -1854.0731134811 1287.8966053405
1776.0364050917 -1194.4765615505 868.5876849243
1505.7707321679 924.7556335876 -1360.9741859145
-1423.4875404919 1301.1356506809 -163.6733621617
1256.9351246218 -915.8060591037 -1044.5493944273
-1616.4991984579 1961.0110838875 518.7914811632
164.1602565617 371.2863264877 -1673.8135880009
1468.6203497040 -1379.8007166995 1821.9769348157
687.0344993015 1293.8950184211 1837.5738591688
164.8845553833 1624.8116174654 -1098.6890698420
-586.9559311989 -1128.7325388486 717.3293845879
1716.0467800157 1987.0159294016 1740.1161644515
-366.5154177459 -642.2092102985 1932.6666938822
-1470.7484541133 1907.0102923928 1226.5508091260
1904.6791682078 -372.0295514228 -1598.7451608806
-108.2220224798 173.6197246266 -1566.4569095686
-733.6219259448 739.8820122070 -1293.0661040048
429.3927233472 -1247.8113939490 -1046.0986302179
833.5549693701 -1448.4438020573 881.9998037711
-1610.4118629176 1002.7422196918 1197.7656310358
1911.6163491181 -217.9768050869 1259.8599723339
1088.7826114047 -1841.4256904938 138.5083040554
449.7193795403 -1992.9322782120 -1989.8752615164
960.3054400811 1833.6712559782 897.7286806800
-943.9002034968 238.2504508731 1280.9096341030
836.4678306829 573.1087697986 -1931.1636529623
598.6107682844 -1766.5595065958 -1116.7142228832
-1635.6166087363 1511.7049480498 -1360.6465012097
-97.2525536054 -1617.9465109100 1295.8786626095
-643.0221117077 1575.9417383896 -710.2546130301
1028.4488799723 -1654.0006758615 1431.6166021360
-1519.3738623355 -904.6396724551 -875.0995280491
-1612.5786253366 -908.5111277439 -1244.1437736793
957.8033731447 222.3231968146 431.6922831251
-663.2779760450 -751.2356207461 -1732.4149385125
1267.7736281568 857.0380222518 -527.3319811648
1351.6112555754 477.9862617659 -516.4950215476
1023.6978586203 -1687.5350462367 -1055.6812494406
-325.7550759366 1355.4539237054 -1837.4830131911
1947.3040252532 577.8962381768 -7.9555530749
220.9895315609 -805.1890760131 239.3720085291
-397.3445369976 1865.8279791551 -1214.2453199538
971.4438603795 66.2383994595 975.6135857792
-115.0216180195 -1504.5183820748 956.3639800455
-1527.4004295084 -161.7522535295 632.6309073210
306.3548043559 1984.4335028151 -1464.6573577854
1408.0295447780 -1110.8113076674 1957.9457636658
1727.3420264220 -1366.1751709123 1293.4380748948
509.5957342754 639.2495947754 157.7582467319
-1556.8753526147 582.1966214495 -288.4883266260
-1868.2775748645 -1268.2195164148 -1708.1623201849
-1255.5286226456 -383.6510861485 846.0707764255
-1553.6376900490 -940.8268391266 602.1632808706
900.2860815906 1369.1097054129 734.4141774104
-927.4515284675 1670.6594236769 1224.8976394516
662.0324639582 1579.1612159729 -839.7027979999
1883.9255219489 -1428.9600054753 1388.3735920062
1715.1516286599 220.4382954473 -1390.2876763364
1452.2893446224 -688.7485331357 1086.6338041165
1190.1110150084 -331.3274549632 1975.0944850309
-912.3903366480 467.7139258420 -591.9572711691
-478.0910689219 1731.6199191499 -1570.7220271539
-674.4489863255 20.1344390387 1956.1485532942
-1040.5324787559 -1540.4319196969 -1917.5046579011
-1565.8166787513 -453.1662844688 1755.2452436012
297.0087876467 -1524.4526980224 893.4672436947
456.7683011822 1242.8528990198 -1591.3773232091
260.4196654908 -342.7871185463 -236.1411928610
-532.4466411192 343.9613932949 -1105.1056564534
485.3161814761 1262.7703363739 1846.3233890511
1287.1382126483 230.5802634549 -1031.7524955971
478.2986409177 -1696.8604063706 1301.6142208990
-1253.2042957087 -1746.6210781445 -24.4487144726
-1012.0646431812 -1416.2297410746 -975.5892133301
306.9244898265 -1244.5649470563 -367.1451001928
110.7981333012 -1764.1371619182 1730.8852576244
1227.9296658973 -1422.5972388934 1641.4306061244
1863.0657654271 834.8179627186 -155.3556726257
1136.7568579846 774.0864254499 691.3626104043
-327.8032873566 126.6047932303 1453.6895169631
1381.7664983732 -718.0087794430 1983.0479716491
1716.3820350682 -305.7596983800 -897.6921177676
-1394.6892969234 120.5543913538 1117.4106223376
-1289.6989523945 197.0057677280 1294.3015314331
1418.5512261357 359.9742804591 210.0232030885
457.9832408518 -965.8612310768 -768.6523793696
1900.8375338511 1644.4591680323 708.0619250174
1918.8564610096 -1691.7221094750 -757.4229643353
-1301.8342109550 -686.8424230090 1850.0387522816
1549.4370444814 331.2334672586 -142.1658773027
1405.8190023261 582.2328984811 918.5963374863
363.6059771487 -819.9466474409 1408.1152510900
-1138.0304319143 -1588.7896512705 -1367.5367904017
920.0363320686 1716.4987815245 591.8658545531
-858.0838803987 -1626.1752303414 -1912.4654483238
-1300.3266372850 -954.0825500853 720.9527981928
-703.1749680672 -269.3007645140 -805.3452745809
-188.3927801178 -145.9428756244 578.5799345174
-262.6822218248 -1106.0879936312 1872.0644690149
-482.0510394022 1411.8566726865 1972.8803686653
1373.9048563569 -1504.2708468898 80.8178738259
881.6022477205 1155.1074442928 -1710.7810971212
-418.3412703758 -1041.8933671270 -171.4653074554
1018.1082134528 -282.4710951624 -1276.6478102513
-1772.4745063207 -1664.1224291589 55.8809274127
1276.2165397988 -621.3003724985 -1534.6595358341
-973.2226993169 1279.9669358637 1889.8572598677
1107.8445954672 311.1328697339 1584.7350085288
1529.3258850315 -692.4657666906 -1920.4943513168
1109.8914091260 109.0530157912 -1531.5978138121
96.4836037364 987.2528664981 879.1153507969
-530.3449457603 1136.9665826534 -1890.1351276628
548.0147744042 497.3733960314 1383.1593542166
-1062.5012301016 -1918.6750354991 1961.3212794966
1076.3288533417 1132.5212407252 -1700.3799447176
-1916.1691574037 -1704.0780379261 -1155.6075397843
-729.7420971056 399.1974333309 1011.3961337322
-793.8260532285 -1889.8448898679 -811.1763208569
663.2739737817 549.0191407163 -816.7920629121
1227.2677048185 -718.9738873553 1776.8821794340
1879.3048865834 377.0298190927 1158.1896956203
354.1516675422 -278.9937518587 1974.7028887184
-1703.5424131744 -1757.0143366478 -1837.0310554566
-155.8370365294 -1407.9095619852 943.7291046205
-1591.3371639367 36.2536092964 807.7424367826
967.8982085815 -1024.2355093611 -68.0381554169
1796.2786754701 1348.8701257165 -1375.3761829182
-1196.5585321797 -1323.7678253917 938.9425785584
-1087.1789478891 572.3373266130 568.3131170447
471.4065541909 550.8671451431 879.1425386628
-140.1014626675 -646.3726913711 -1101.2968435787
-1829.9569482752 -1225.8371054046 -1802.6857984311
1413.0149848805 839.8620650562 1343.4883407352
342.0589663939 -1267.4858826197 734.1729458565
1584.5499421265 1150.9602046473 -361.5293020842
-798.6760581141 1273.8661963299 -986.7953189038
-412.1250221279 -1961.3770843452 -389.0044116370
-1836.6136024012 -1566.1727597790 1385.0554180567
565.4967151355 -193.9613193782 -1759.9144015594
-110.5292796527 -312.5990108094 -2.2451453611
-969.0477900381 -273.7774570341 1304.9350993807
-1132.4392161723 1227.4921625182 -1291.8055417138
-470.2669805728 -721.0511121654 -1557.0773384492
1410.2056119237 -251.9706789913 -1444.5476351935
-1083.1429389452 -587.6527007285 1637.8999084383
-1256.8104789660 -1062.7989149212 -1013.7331431998
496.4329581730 -661.1688457254 -78.5821845612
-1085.2587078357 678.9405254750 142.6163777145
-211.5251720961 939.3117050872 -1715.1971738854
-788.8790652485 1083.7057850413 111.1535175098
1850.7688639886 -1434.8057367716 818.7892192588
-1145.1077635239 1892.7776034340 534.4892138325
-288.3026597996 -808.6166605743 -1932.9778886547
-1974.5480656739 1537.3686027972 1699.3165402707
-489.7135435416 946.9763868782 -1624.6762400426
-745.4526529598 -1986.4561657060 1875.5380013887
-431.1507592855 -633.0005515358 1718.7545066399
-525.4077206093 680.0953573445 -1298.5556712705
1116.8056477139 1877.2649638888 1820.9694153727
-942.8390159345 824.9806338558 -1546.0546136915
-498.2770442181 1685.8863578730 -95.5511521331
-877.8198343999 395.2469464687 1625.9605432286
-587.7371221279 -317.8237445690 421.7682987044
71.5528147078 1304.3933545282 763.6808659051
694.4939672194 -1600.4567715141 -1478.2789024726
-986.0719015490 -423.9632749109 1426.6343104845
-1674.1869994974 1592.4349891206 449.5045295012
-1607.7075125882 -867.8876851165 -744.0000371713
-1170.8569801674 12.5707238146 1493.7987401798
127.9245898383 -1189.4631748682 927.7024390016
1804.1219083791 -1454.3685866504 -746.7456093157
275.2265046589 1767.5457297054 1078.1709041006
909.5629366624 -1931.6005385864 1549.0522349906
-551.0601701096 1805.1691274165 1058.4268045474
1792.2254145615 -1508.3106056181 1019.4779302606
-143.6414386485 1727.5368038084 -1301.0471355666
-1722.3540274410 1636.4995131032 -322.0425341427
-1684.0991934926 1303.5986049099 1672.6817035281
-1455.6434105567 391.6210187391 -1097.5590508962
-387.4905810834 31.8178755147 -155.4791008112
-110.8617212316 -1034.6626796943 1632.9222005062
-1058.5849874933 1851.1179162702 892.2271505345
-1821.8520595465 873.2209688158 -686.1970654915
-1927.1896782665 1054.4632445302 1448.1244638896
650.6842223373 -1336.6518608872 -842.9225595127
-531.7751485961 1684.8186670982 -1985.5810528851
-148.4293488761 -20.8990115674 460.6195926864
801.1944325858 568.2169283924 -360.7999444254
-302.0581461474 -446.0799889614 184.6285190673
72.1761190849 -1172.3129241749 658.6069529090
997.9736468734 -1110.0187787675 -326.5950190139
-1051.2399754212 230.8272598142 -382.7797866548
1414.5500175239 639.4634964423 -693.4103467334
-1751.4457716314 -1728.9631915703 -371.6347681804
1848.2304335319 -433.7740954930 1279.6517340555
388.0571714583 -1160.9120236839 -1488.5062004634
193.8872707156 1566.0624580369 -1184.6068362590
243.7687660686 -1663.8471669916 -1740.2019925229
-188.8979050028 806.6725420193 794.0417050018
-1329.7462354618 459.8000760191 -749.4522620428
-670.5818917864 1315.7704798564 488.9289978062
473.5491703283 -1671.7578588678 -749.9444277815
-1905.5084225715 -1339.7389288489 -1525.8480209284
1204.4274785939 -1100.3559907846 -201.5696525767
-1535.9033029572 631.2911755700 1675.1246029544
-1800.8568604234 1532.4205394041 710.9147304457
1319.2105462784 621.2165820954 1197.4160983818
1490.5857571331 -1309.7285838282 -754.0534298544
-765.8492256379 640.8915164412 978.8599458378
719.8383197225 1771.0136819197 -95.3456345169
-841.8156605717 1038.5112500779 1250.3658927535
1687.0659142545 -901.4239564086 -1765.1002341414
1533.1993519069 445.1882181352 316.5594193122
1702.5252358141 1844.1234700560 1668.2733133454
-1721.2113771587 342.4781615656 -1267.0608866687
703.6150318807 821.9518358017 -1923.4118904618
-1584.4294072318 -1707.3921998307 772.1961204814
-1617.2960325232 1868.4386629027 632.7383571950
1078.8646271084 213.7026319661 -1457.0117771804
1065.5888557405 1837.2788127035 -1032.1014492900
1408.2242641000 -482.7103566458 -426.4735454273
1581.7716742743 1060.9370897286 -373.9664509942
-1255.5203435351 1523.6008173830 161.8091015032
1249.0348466973 -1287.1027249497 -263.4862013102
-81.2176432808 871.2842915577 -1251.0018017952
-78.2024386563 863.3303501719 -458.4879267850
-1546.6388259439 176.2511999507 -1106.6385032211
485.3358522379 1081.4863942969 -1935.2341107923
-1540.4365734813 -846.0423292223 1237.5543646151
1088.2533176758 -703.4613790232 1132.8070245100
-616.0418352156 -943.7435268503 -610.6427200770
1921.5780792603 -673.3588197191 -1696.6062853992
1938.1929338273 -566.1070329955 904.7799735016
-1638.0622600041 1198.1031098916 -1343.7860591725
650.8415901880 1730.4801726944 603.8173554974
778.9810283882 1880.5751374166 96.2968258056
-715.4314714235 -1463.0976784155 551.7772236502
1450.8812708640 1475.2781037033 1563.8426163300
1953.7512213095 -704.4826016886 -1850.9824921733
904.7517635103 252.2525928484 1192.6565052921
-1298.9049623811 1422.0814498650 748.2116048591
40.7442671952 455.7854769203 -612.7481018021
-1636.4346241956 364.9226808330 1736.2808892980
362.4303217758 1104.3023439937 379.7897977631
-1777.4342698584 -285.5855044956 1654.4011176315
225.0954236210 1591.4367283260 -1245.4142340245
1765.8806148972 473.2991946186 -1663.2979882852
-927.1994429878 -421.9648973206 -519.6655978671
605.5585908068 -1756.8081964930 71.8352865580
1627.9047987221 549.1436820393 -1650.2895541391
-1750.9546611915 -972.1344295568 1555.7250154507
581.8976809136 1935.7345646705 702.6675459647
-1904.5151929711 1758.5976283572 1412.7688543864
1727.0413873255 588.6022685047 450.0740852559
-1851.1508250009 359.8514184299 -1559.0584036198
1770.7657207957 -539.5040259620 805.0124679066
1427.2537395510 1753.0343476622 -778.7170433811
332.1240191969 -938.2861789042 -95.2886047944
-600.9095716021 341.4877801108 -1188.3105345477
1002.2043530487 296.9282831311 1618.5375162678
1747.4353137554 -897.9072465730 1963.0328494047
-719.7459057754 1896.6783227148 -281.5538191971
-1362.0410637537 23.8572733946 -1918.7716939718
-1506.1844595167 1686.1901578450 1984.0998113422
1660.1539038276 754.7853167486 1966.3731343867
1205.8768665717 -555.2165786011 -1126.8494557733
-942.4122990004 -869.8420248252 1004.8502104420
-361.4745878866 -1755.1767990915 -1763.0252292247
-1457.6698695728 -1906.9744697168 -955.0233531367
97.9852041213 -215.8670826767 491.8704437733
1930.1801980643 1723.5658792519 -1069.6420446833
66.3153644570 1575.4614934225 -1546.6214541894
-1549.2860752523 -1805.7045294442 -1844.5830776177
1080.6397942111 -1969.3517915544 557.3164497890
-1228.0993096141 -1180.0681240909 519.3103414463
-206.5840729048 -814.2885977562 -1886.7807242255
-1079.2283141368 -932.8425421026 -1550.6569167784
-1651.7233581812 -1307.6515177278 26.3431267539
-986.4608737021 -762.8843691505 -41.2774948055
-1237.4446214221 1819.8053160805 -463.0890959016
679.7348930404 203.4537766657 638.8546217439
1634.5179295845 966.2637868726 -274.0515331367
1974.9455970952 -1661.9878223256 -158.4345317500
-1264.7615869273 1651.2924328966 -307.5251677810
1458.0760972054 -1799.4512243642 -292.8662308370
-822.8110122996 -390.2745307303 1131.8443167065
144.0010333778 -412.2595644736 1127.5020321435
-1734.2356889910 -260.7849295038 1908.8900419672
-638.1914175891 1781.2065773355 -1390.6663061617
-1610.7951022234 -707.3973523151 -617.6500620887
43.7447397570 1583.1536312776 -1997.1419500411
1509.0147154806 1637.8400133218 1594.3242486139
-1612.8085051317 96.3823191268 -1907.5152483414
-280.3298317956 1428.9878984266 1666.7223445629
939.1308687029 1813.6503323173 1185.2681249067
240.5727822242 982.1132517407 555.2364638331
-1769.5222783943 -530.2037959322 404.0245868701
1051.6567703651 -1673.9432814119 1142.7332412422
1298.3374708557 1841.1429044492 431.4265154345
-642.6303821992 692.1546791191 2.2353049260
-555.3143906551 1051.7365344571 1739.0828802387
-1583.7421667768 -1284.7905021132 1967.4041865299
-639.3485519317 1361.2973811068 -1832.9886348604
-79.6717153140 -595.5152931504 1571.8545550267
-281.1378946720 -1704.2422161861 1968.9438669762
-1604.3216852645 273.3860580239 -1321.3485356713
-857.9368833767 590.5103127581 1790.3524357497
-250.4094473489 -1867.1744642571 1981.1712027651
-1585.5889314848 -1.5955614381 -1215.1805507627
-587.4269663389 1586.8529822168 -828.7054774059
314.5665421523 -1503.7257146393 -1981.0424119677
1530.3033836477 225.4457968927 1444.1260049739
745.0075383274 1833.1888476904 -1365.5130307975
-1674.3503201105 418.8659301314 -1827.7251915258
-1234.1771264822 1266.1731700996 1193.8019672429
-692.8729540987 -701.7944413259 -1220.9223225813
558.4001112264 -907.0920051284 -374.7748953883
-199.2450737612 1505.3773616639 1057.3853095744
1795.6967740755 613.1569315007 800.3372340186
1605.9974311542 -304.6648669371 -273.3953156642
1648.2985707794 -1286.3792670461 245.7756733174
1164.1868644743 1804.2486559783 -560.7787184979
-387.4838497570 -771.6136768582 1485.6650297122
530.7236954526 288.9572438405 -218.0061112269
-1354.2228500460 515.0641838105 -459.6704283357
-1813.1465693320 527.9656410090 -748.7130379888
-1331.1454449020 -540.7000476784 -137.3539067428
1961.4263820171 -104.9384188507 1983.6548113636
-1830.6745743289 670.0399966929 1591.4014567923
-1449.9701848741 1619.6080444937 1316.2280924206
590.1194834857 727.6178136487 -582.7366381278
-552.5557785856 -1874.1804873253 29.9275076051
-1170.5688241097 1634.7369783232 -1912.5550302848
1101.6097463245 -1159.8139442175 90.5019597199
188.4045062988 -645.7456735315 477.0130569513
849.1886094668 404.1873944573 -893.2973032325
108.7654508293 -132.6024162079 1926.8779640440
-165.3579317744 -1742.6181001420 515.1698063625
-1352.5102709025 -1527.3856690395 -1900.1555404462
821.0091480388 -1679.3996306462 -296.9704314591
-1877.2411705274 1068.5094553832 -1762.7442630715
-1186.3260446148 957.4874031151 -534.4040377911
1398.1285895238 -1719.3499240366 1657.7892915656
259.6459770936 1001.4486218519 -361.6370613536
-638.8170263868 1930.4891700750 -716.1431599761
580.6049704104 -1045.2659045673 672.9593715682
1954.7079770614 961.9102634282 -187.2288577824
-1586.7669306284 -177.5095841830 935.1709810399
527.7787049238 -1297.0264237515 1611.2919002631
-1763.1300948175 81.6681504115 1907.1183176393
-979.4543828371 1358.7817654577 -1584.2753964397
-1055.1277999779 -462.8525773365 702.6140254947
1407.8265958499 -46.9778521078 -926.2291462936
-1760.7167382306 -1161.0696217834 -1515.5050126085
-191.8073645071 -1583.3365875589 -190.1256317540
-475.6665821455 1253.3364975495 511.8594520096
871.2833784847 -1589.0735163576 -1732.0081245570
1726.0604937720 1704.4567489745 1228.2679603532
-13.0380098263 714.2222566145 502.3440452152
999.7455016319 -1248.8506243109 -1690.0222002681
907.9920178715 23.1801372449 -1184.5946909854
775.0406692803 184.1647002078 -388.6957522081
1493.4197428873 -1866.3749487926 -1735.6129161676
305.8699228883 1539.2875997583 577.6311450210
1207.4868452832 -1853.7399450101 -1629.0419291499
-1100.0536296184 -305.8662945257 -1758.3018412650
-115.4721036170 1559.7385275045 -265.0309556422
315.8472497907 389.7209504565 -1674.9188773594
992.2079865241 -784.3622347976 514.6688258379
392.1907440601 -1851.6026700385 1537.4173371244
328.4133039720 -565.3658744770 345.1300732242
141.9604161063 1826.0496258800 -1440.4849066557
-369.2028134819 1069.5437470356 -539.4355442320
-1442.8718606588 -693.4799552008 833.3843501381
999.1625219067 -652.1316581882 242.6312860876
841.2005675333 913.7904088092 -1233.3363393193
-1499.5944631449 -1311.9765355193 -505.2883334297
415.0846825237 171.2468491742 -521.7576422592
1574.6039660332 1423.5066821509 -223.2104736462
-94.3433389320 -620.6029797506 -1569.2265131748
15.9706832372 -607.5154766444 -789.8096282030
-1470.4622779180 937.6975355484 7.2957403726
1809.3789548213 1065.5467039071 100.7734605445
386.5944409785 -813.0633934580 1259.4559654232
-1139.8096052943 -1016.0208959587 -36.8348988581
-1901.9569177105 1916.7345643939 -1238.3852842347
-967.0473655941 976.0464811672 -1177.1361085565
1019.0381534696 1032.2211678040 618.0927800272
1858.3014494525 -298.5195769949 -1840.2100393562
816.6409028952 -506.7583693466 727.5793982665
806.5662797693 -620.2560284541 1838.0271401078
1258.9223583759 403.3121082980 -537.7624582987
828.8479041342 -1280.6018894813 1418.4416610504
1315.2478456648 -314.6629404201 33.0491543389
1261.8447749808 -1129.1215256628 -1343.7056863551
901.4756093483 -1811.1252546596 -213.5704891983
-417.6528315421 1730.1785474805 -1261.1503995992
-758.2339589067 1351.2568093508 205.0309198624
-445.4063135921 1498.0759073041 -739.5114746262
-1875.5625162602 1940.1323472479 923.5836558669
462.5021113785 641.0210595077 180.8806091183
-1144.0591288211 -530.1766862111 1382.7145342795
1732.2394412749 -1736.4822053998 -125.3646494373
-896.1271137988 -17.4234076117 1024.3339912738
-496.0462998061 1834.0152212234 -1920.4338959452
533.5751896762 -135.3103252764 -505.1594587961
1655.0291503565 -1668.0263113087 1391.7459243202
-1902.6064204844 -258.0048167431 680.5929323050
272.2103557002 -1172.4688779277 1159.9986873939
-415.5599660438 832.5584258953 275.3769683807
-1668.4932998186 -36.7001958027 1087.4967276027
-1170.0181081611 350.1186273009 -1989.0985209815
926.1687065975 1366.2962781572 638.6016467636
-10.6378482443 917.7381650491 1720.0444757606
-55.9204385619 -62.7381898320 431.2608864915
335.8620052886 1688.9144968950 343.4839834430
-1630.9739917583 -1533.5791146332 -948.4223096264
147.5517889440 -1477.6515771598 1000.0009646914
1758.8017746713 613.8616785496 905.4214672302
-1044.2186298169 1643.8740481674 759.9847054212
-1017.3953739770 1417.7181566796 -776.7441035752
-1961.0406632096 3.1675767288 1650.0752186361
-284.3768351849 -1744.7828141887 1259.6460201885
-687.9264454982 1576.3170376916 1444.8872061459
-1147.8099845376 -1453.0200013130 1738.2999003915
-816.6527752491 -578.5579284834 483.1523530003
-1294.7150444821 1926.6870981618 287.5847970779
239.1110097971 593.1020842311 -1146.4706264552
-1875.1520658327 161.5095794153 492.4091330174
-402.9523536523 -395.7005827140 -486.1257512935
1143.7902383723 12.7574762904 799.7761253002
-1392.1029030958 1831.7152543775 778.6887458092
-1116.0858170147 -223.4669848660 -898.5891207471
1624.9630090352 183.7892781358 -1666.5597756054
1769.5578455464 1536.3773745954 -1658.1965757939
1428.1003578785 1091.5566953365 -783.2849763819
612.3689831848 1716.3694105616 1432.5793367067
1616.6129957811 1564.1545217231 -1479.5421921522
-74.0261078599 -363.7259934858 -807.5881562149
777.3895433941 -22.8593169255 405.6978469675
340.5371132193 1816.9913240301 -1602.4424590864
1116.6377368880 -1284.3076980934 -868.1750393198
516.0102502570 1456.8153385700 1456.7825106022
331.6598078751 -1901.4995009990 -302.4193367731
-1756.2296538064 -566.7610686786 322.8602502014
-1192.6302621039 -1364.7722541763 -1874.5392268471
188.9049382193 -948.2193028848 1937.9665066066
68.1651332524 353.8663284879 -1493.0556901779
-1046.4776705953 740.3246447986 -1187.4503416389
-1124.7593113532 -668.0036686083 -1104.1713227198
-1890.3462380272 -344.2432736792 -1597.1475675619
-340.4959154847 112.6246961232 -214.5464121688
-1954.3179797422 1376.6847180260 -719.9630295241
137.2833081192 -436.0779748594 -40.2869735620
1159.1952014319 631.7588904343 -1076.7087435021
636.5583196629 1000.5663486911 -925.9155085415
1826.8032322294 -667.1508356126 -1348.6444688046
973.7495401499 1058.1048411780 1680.8223113340
1725.2375520743 -201.0170681855 1829.6969517499
-1242.5969802601 -1265.6444324549 371.7729454013
-1290.6855255059 -1430.6027609872 1358.7524393013
-1750.0296491592 -937.7728402720 -1795.9588982254
1297.6500446373 -1179.5922340020 661.8009519837
572.9111121024 -1950.0646974434 -1535.1712631176
-230.2253970834 -1962.7742733914 1152.0191135672
1658.0958261942 -1720.9682310009 1374.5375831345
-984.7654515122 469.2710060521 -620.7507631543
-1266.8700445275 1278.9118960872 343.3004125769
608.4022494303 698.6625728606 488.2467513828
643.4105484324 1342.0192759173 -447.6475905426
1087.3493584111 363.2785614025 913.5877046301
-1368.7004123732 -307.2900621132 1930.6307126023
-929.7918912854 1208.3408161626 -150.0065036173
-1874.1557071911 391.2072479081 79.5227552009
-307.9224742314 -33.8074237818 -237.9675477837
1531.1663871244 -1838.1670202263 -247.0590814124
216.8377592607 -1403.5793264863 -911.3986411676
-1284.7388445065 1875.9814030828 -507.7106608024
1525.5428455411 1163.8400529941 1717.9111542256
1188.9743690330 -537.5038480567 549.5599537794
770.3272287208 -528.8801414360 -1970.4750968499
-1218.7760197401 -111.7099912902 -53.3622762746
-336.6253100904 -1040.2444947055 -1864.0480690772
1605.8667483456 1985.2868295741 969.5618820308
158.4138624024 1227.6455839878 -1235.5841821617
1048.7142721274 1513.6680130095 1932.4465921556
-794.2153775729 -781.3259753880 -917.4480869211
-790.3894320321 1149.4180903498 1657.5300562239
1654.9055729188 -1234.4746310194 -217.1402446411
-1410.3983975490 -24.9821187002 -1896.3929928792
1202.5984108447 97.4653683082 789.7092986765
1138.7061127575 960.8045417292 975.3512474024
701.1607167968 -845.5275078384 -1386.4127579186
-633.5406104695 688.4924613980 -1685.8653701493
1808.5567407443 469.8974984452 559.6612704977
174.1764839405 715.4237732691 850.9649715083
-1414.0861816539 -1206.7209536478 244.2827628001
1841.2885389896 1355.9289222643 -3.7744806074
-1667.6955520680 -893.4730253104 -1128.2373929383
-370.9040017194 1768.5904852298 1733.6469606020
-1216.0099199015 1203.5221538034 1451.3117862213
-599.7732917919 -372.0469908836 -1568.6882290023
1138.4263315190 16.1951268741 -1877.4643014972
1907.9795723307 1984.6640325289 1116.7879576823
-384.2003330555 223.1190131653 -1292.7396043264
-989.5871343094 824.3576250147 456.6619279027
-887.8668211251 -843.9206747275 -381.8511111936
-1860.2364931509 558.4999081862 1155.8079768764
-879.8477212069 1785.6830999728 -1244.1751048342
948.3806292236 1601.6453197536 -1206.6268045855
1051.8244886436 -146.2951571853 692.8587920976
1349.2164172313 -1671.9251156956 1233.9136312898
1281.7256635435 218.3024749971 1777.2474606310
-1774.7111233401 -1116.3547923915 939.6817225815
1493.0877082838 -176.4989343980 1089.3274379279
492.9055783910 -1846.9142724202 524.2405964727
44.0815581850 -1219.5397941747 199.6186415885
111.3995224024 1375.7607921260 452.5599547163
-1514.0549377196 851.8264859718 1171.4438259281
76.4492883165 467.1133222382 1804.1595803864
-1405.0105359925 893.1252822022 1004.8396721116
-1433.9522711311 -1911.0174531469 893.1652114499
-637.3803558240 1701.7638393712 -1896.8432913403
1252.3957847170 84.2727406870 380.1885760621
1237.0599956016 -1907.0659037777 1380.5083501129
-1396.1041529707 -519.8613678857 -581.5129030741
62.2647784190 1693.2378231166 1133.6389454618
-1245.5073809041 -40.9586925731 193.3828132440
595.1006430824 -823.0565797936 -928.5222687709
1016.2561545560 22.8739152302 -916.1143455820
384.8453629557 -1008.5957812108 1715.0773624729
1840.2264080618 1729.7496803834 -1854.5540308268
327.3853265110 -12.5756741051 -1667.0650203538
-1149.5445023347 -493.5036198341 221.9938688691
-979.9325841479 -1084.5161233468 -602.2768077753
1792.8559127979 919.9317803111 1540.8332699620
-565.2204511142 -0.8168609722 -1443.6369388221
110.2640414210 -375.5010762349 -343.5993659165
1242.4558415528 -283.9784404679 1710.7513038722
836.9935251708 -1184.6721133350 176.2148996711
-603.0659371446 1791.2627379950 -1899.6653665780
-384.6515144529 -1387.4413761641 986.8984711682
899.0533539677 1748.4577117534 75.1185085329
982.5879256751 436.3218950378 729.3881801730
1296.2762946646 161.0876519411 -836.7841344616
1626.4957199638 -635.7827655968 -647.8691253797
1237.0425436560 572.7156761632 1104.0066647446
-1204.8376808072 1809.1242307655 511.4109285326
1225.6872072387 -92.4809429622 -828.2291800649
-1423.3919325501 1239.1202342276 -1581.0683127007
417.0190480381 -521.4696974254 -1715.1458574632
-731.7144011450 516.4269873665 601.0806269880
1075.6778131790 734.0529224723 -1558.6776191145
729.3310135945 -1750.0291904304 355.3681937754
-729.0773955831 -1339.4832678840 623.6077800815
42.4209041973 -996.5845295963 408.4200396652
-1532.0023618709 -461.5209613002 1001.2822622819
1578.9202099526 -1347.0505652686 -789.3630618933
850.6328951060 -1409.2005353899 1205.6700075563
1185.1819704321 -123.5614801426 1242.7578193964
1717.5236357892 -602.3844378691 1075.6655619396
-1026.2235471527 -522.9214518468 1855.9503510872
-861.5473715314 -661.0432702023 1789.3405576730
-1231.8406383480 1507.0170358202 1274.1013647319
658.6071651761 138.8256398531 541.7336500574
-508.1724410209 -1086.3182721461 1105.0625951296
-265.6343129807 451.3294635277 -376.1849234669
1664.8662710669 -1703.4639096575 1161.0235662967
431.9896140755 1709.8852832766 1130.4735963082
1650.2140820606 -493.6287430981 -1176.6963947831
-695.0539837228 -366.7344743531 -517.4367361578
-550.8412346590 216.3110612268 1877.8340369363
175.1204652438 945.5969682381 -727.6500840888
624.7689509779 1598.6731149944 -340.8543120959
-1570.7740199146 1961.1790654292 -492.7571340549
-1857.0142892009 -651.9492982885 687.5225442854
-1637.2563380740 -1634.7416866169 535.6963945584
-1115.4193279675 -1021.4376934037 -1386.6606886085
47.4462618431 -213.5387927528 1563.3214369837
-642.1561142154 -1082.6231262794 142.9627965087
616.6456467856 -1521.4601642282 -366.3202551991
1995.8694312014 20.5373443833 7.1925879120
1678.7433747010 894.1778263502 1540.8034567034
-212.4669781530 1897.0185669815 -865.3287242106
-89.7551304637 436.1914291791 -1068.4324479567
-1634.1245724618 -102.3951242656 -732.0421211383
-1613.3313729646 379.5721345821 390.2909064840
-1242.6780112135 -1830.5258746294 -1068.9506342799
191.3242365547 290.8966649875 768.1057712249
-1663.9863425319 664.7072791904 -1204.6570150210
739.1750874427 469.0879888373 -1148.7409153075
-1682.0370945958 1039.4451247156 1628.1724262542
-1952.6254151164 -1117.5119399892 353.5392596016
1998.0379864003 492.6273492019 1078.4119441332
-606.5927265581 -532.3223878824 1008.5682624718
496.9838230771 -1299.1320491102 817.1657344992
-227.7951212655 -567.3606354794 -568.5085589249
-365.2236317597 -1047.7737547005 1174.8799308209
1501.6380812543 359.9690564999 -1394.2939648064
1641.8478374458 1990.1888061136 1608.3248938017
445.0949240119 368.0777152977 -349.7502118869
505.6763260647 -1841.5277562811 -441.7234508740
-912.3704818773 41.1961192538 -1819.6275387690
-400.6736050548 464.0656392070 -1714.6542166830
806.4991937895 1039.9773568662 -1091.8889024616
-1761.0589420297 -337.3942686013 1176.8252330315
332.2488394288 -1540.5568892468 1676.8157753681
-207.6686192689 -1161.4514197412 -1575.3060061203
-1579.7443422679 1043.3060220946 746.9994776463
1525.8157116626 1617.6243473801 -248.5918790134
1101.6627419063 -1833.5357083258 523.2117692416
-1958.3002983553 200.0096421911 -824.1408658051
527.0583636639 23.2026020633 -1774.7563195775
-108.3039084951 627.9157534778 301.3800008921
655.6054179950 -1856.2295083791 -573.4958199473
883.7655204055 -1315.3626220304 150.7575289292
1912.7852343824 1677.4192084864 -1647.0583744900
1644.1305432442 -721.4804167470 1798.2654273543
1529.3160361286 999.3296826359 488.1832055406
1143.2449792276 -1310.4046536334 -642.1964983752
1740.7290060218 1488.3657786805 -711.5281118278
-662.9415783318 -1943.9692812433 -1828.4366751492
-988.6627555177 -909.8195207338 202.2791757590
-288.1000156917 998.0799022133 1658.1078166966
-1754.7982259886 788.0048725986 -1390.5190982353
-265.7917959931 -780.5099613445 1085.2446918849
-1626.4638688434 -1758.7125325298 -1947.5776236884
360.3807236195 -446.4552153283 -651.7493630011
1566.6700953016 1502.5257020849 -1954.0901885412
1006.3791856315 1997.1390484057 897.9835613048
-1912.2063229353 25.6155564938 -169.9227878383
-945.2400991913 850.9700353306 -1087.2663068205
-148.3092540084 -672.9783615091 974.0540679891
-1887.2956986272 444.7494613734 -338.5010680120
-83.9371441310 -896.6527669808 -787.2902923571
-977.2126011657 -1348.4659682392 -1914.2615724258
605.6049852003 1941.5163225754 -1201.4589639687
1754.2962801559 1406.3253011228 -1233.8677744237
-114.6307816865 898.4973635915 1036.8512983404
-283.2655192996 -1701.6390062918 1010.1947921970
741.3570710808 -312.6521216992 1639.2042947065
863.8254434963 1013.3285128134 -624.8576654409
-909.8215959762 -1563.1510549770 1399.0837945141
-1007.6913280409 -1817.9045371705 739.6940425288
-888.5291527123 208.8413188793 -625.6034846733
1217.1358154578 1752.4342129218 -339.2385960102
1553.4330970476 825.6679818890 -1461.2015985131
-1258.8880817309 -827.6746436203 -1946.8813034275
1316.7886429942 -964.7059644793 -1337.8649073153
580.8475122525 1598.9034470767 1723.6076907921
-1898.6170856721 1947.9351311658 -762.9819151519
37.8545072373 -1892.1579285446 -944.1763175787
404.1300172730 1359.8317813042 -1397.1812315459
-1686.6627856364 1954.3608294543 -8.2585702290
-555.6659163768 302.6004928229 1859.6617698517
-739.3800004351 1844.0788214432 -1566.7196403598
807.4378944132 1911.8900826450 -97.1935749543
-1017.2398028477 -399.6634540827 -1214.8431452411
-1556.5501768880 -406.4538558265 1244.4054872179
-542.6251903562 164.7168952761 -1816.1522880942
1916.5744275880 1200.4058246031 775.5410495249
-1356.4880530249 -1048.3061700688 314.5169929143
-452.8080075579 -1465.7947499254 1962.8514311530
-1167.7590830287 1663.1484856914 -1562.2218324926
-1137.5350257690 1181.6449725332 -427.9607972008
1490.2592053514 -577.2827757338 -1646.1936683665
1818.8560547777 45.4778574341 -1429.6379040865
-436.1697427295 -84.7297826527 -946.1879616252
487.0217363933 456.5597208732 -1218.2135640349
-727.2103990002 1141.7023090571 -877.6554786524
878.7667670990 945.4369514328 -805.2763503967
915.1879960323 817.3680546662 553.9281687613
-1275.6365764071 1254.7161654505 -1972.2315063848
191.1364105159 -1096.5398235589 -1910.7504093271
-1293.1126900522 1574.9455675543 -1237.1639293472
163.2792162021 -1612.3013193853 273.1726370168
1498.0602150796 1016.1787432941 -777.5268496897
1331.4339994317 336.8534167948 -1236.7883044142
497.4542913395 -758.5473698533 -470.4396804103
403.1246797967 -1186.1417708001 -1377.6963694586
-938.6240717576 1467.7199984178 -1633.3348389077
-1453.8525847469 579.0050628491 -975.0490270912
1601.8939024381 -810.2561541897 1812.6415055624
116.2090370541 -1318.6202025569 -1666.6509889265
-1017.2403558561 914.3673768140 1485.0513514626
-87.2880669972 -234.5613029225 265.5916552640
-848.7233412585 -847.8881565983 -1000.8546234017
-1050.5837190439 1460.8218633940 -305.2246402882
444.1236972735 1551.9971793781 1308.0047434402
-111.6940301492 -1065.5007868202 1765.0805905531
1158.7551690118 -1653.0718533914 519.9847094083
-1963.4138703433 232.2298755859 1713.7302003702
842.6181118273 -47.6928572245 -1791.3898730807
-1908.0220552141 -680.9257593920 1123.3449181897
1115.8266587211 415.2585957922 877.6190910969
-1515.2572370490 1008.9323941420 694.7406125938
364.0693805030 -966.3671026044 -1911.6805342173
-191.0931881232 1285.7415662217 -1148.7621935101
-926.9582922633 1920.4006941722 813.6621758241
-576.6853837063 651.2592107459 -1659.0983102411
1516.3883017118 746.2023122682 1202.8636535502
-1436.7941504078 -1949.9819074660 -105.3122745984
239.5842209031 -78.6899949387 1120.1796990356
600.9562229697 -1733.0217712223 -1258.7974532211
-853.2354082498 -1639.6039509867 -1509.0889162681
1991.4125752698 1262.7434747235 1470.7670511256
-1082.7158399950 -1117.9465344332 1284.9438619714
1623.0551010902 31.8307896900 1813.5278787078
1574.8680019523 -696.7126541366 1109.2946325006
-1446.2144764618 1177.6990258763 895.0525514854
1302.3696061313 -1441.1339298545 1219.8596459942
914.6878249940 -1546.0574902255 1026.9092173854
-294.6909637466 -991.2268083987 -851.5975402937
-1419.7646791913 -1384.1132542975 -1404.4828869630
-765.5729576859 -598.2052462898 363.3674482122
1981.7495150207 -958.2917272646 1319.3060090136
1011.5821126611 -1502.4700564136 1854.5209875610
-1486.1360575269 1226.0168099200 -173.4503339630
-344.9326544297 -396.2827963104 -722.9132102677
-1943.8504601924 1354.1228519081 1521.6726422023
-1897.8609763874 -107.7722532704 -1003.8519729397
-784.8714506160 196.5457819681 673.6349467009
1846.3986450939 -909.1734183532 -1211.3466894128
-1331.6200890914 -1026.6343473881 1708.7774408051
-469.2509460651 -1501.1134771920 -653.5086704225
-1040.0957771993 -146.7233261030 -1494.3085552800
-310.8822095639 -121.0188887402 -1467.9742259237
-603.9315960030 -86.6074631840 -1544.0591334854
-1093.4827642090 -184.3672103655 -170.6294506019
1145.6824941902 1912.2743096273 -621.0552922349
-394.2189549814 682.8111500646 -1196.6731748769
1672.9436924139 127.9446600884 1165.7388972207
-956.5809602616 53.7865460035 795.6332599922
1078.5342413094 -1830.1021565394 1001.8161967779
-921.5589718330 -1460.9935339719 1035.8554186641
-1669.3491582863 -341.3571178601 -1053.3412234293
100.1248579284 1196.4506428980 1362.4972001792
-538.6114419985 1452.6106547679 -1745.4401357276
-1787.5890209573 -1966.9419633960 -850.6972533174
-910.6156251881 175.9393042702 -1246.5475372393
123.4362759954 1918.3846835098 -1084.2445159339
135.9984376490 -373.4714459885 -1224.2338024666
259.4823698920 -1993.5418468193 243.6323204585
875.1051045948 -275.8495942183 1605.0124899595
1715.6049684186 108.4858009069 -1776.7915109684
1889.0405544785 -810.5630155882 -1978.0727301171
208.4371398037 -1866.9958502601 528.5755366073
-1895.0829363486 -1370.4602778148 733.8178394268
827.7778955769 376.1258144433 -1890.6666830359
-1420.4359591104 307.1119168131 1453.4062574105
-1973.5478682033 -259.2821525922 -1246.6500155539
787.4607176605 -780.0884768087 1676.1282990979
-779.4524083362 1128.8434161634 413.7583503250
1216.2698098566 -315.7575172467 -524.1492609481
-1406.6529670138 1481.7440132793 -682.7533031889
-576.6471406968 -580.4315989426 -1997.2707894881
-312.9992373671 550.0973293553 -1933.1301722172
-586.4603397864 817.7378143099 793.8667089101
1771.0390066362 1281.9831264432 1810.5633128239
-922.0474496022 535.8083201735 1631.8234653139
-860.1108142366 -1423.9923059824 64.9108452706
-965.2533917317 1906.3669936125 507.6311702249
1229.3345548133 -1436.2536651413 1598.7710206049
-1041.6511979264 -159.9845729573 -1064.1759865605
-1161.1867888086 1581.1768554524 1410.8526264861
-539.4637379230 870.8212298253 1357.5729181600
684.5750969456 -564.7621094681 -798.2638817947
-975.3044235417 806.5831846140 -135.4399245705
43.2005264511 1050.8173553061 -48.1022372728
1674.8047554111 357.4125974100 1229.6414474834
762.6668972098 797.2603614370 1523.4561248291
-1030.1481477876 876.1485479104 146.7809514126
1421.4042450473 -620.3209866984 -1134.2350492546
618.5539413891 1298.5134968211 -1085.8118467844
1355.3414053979 -1886.4400958853 144.8665132086
-868.6329595025 8.9872881858 -192.8097133394
172.9885706417 611.4267629619 -1719.1260510816
-1580.8264850037 -1763.7298192878 -466.0388308058
-1720.9695248396 -1079.8100704034 205.6318560500
-1098.8346423882 -1610.2585340884 1567.4735704623
1387.9662021366 1390.9694817151 898.7579375935
-1516.0199689030 96.5932740806 913.9836065843
1048.4938060592 -536.1000549141 148.0431671630
943.1070985084 94.5160832748 1271.5890497168
-1096.0016720257 1439.2396208726 1258.5103397595
420.0803583479 199.1959262477 575.3811192156
1798.4640776062 -1373.0118737911 -1907.1420914312
-1965.9430062550 1306.5333501826 -104.1661629915
-305.5437536543 -1868.3087888962 1072.0482038881
1673.7674895205 1064.0846970772 1903.5832904832
-805.9482282086 1026.6007298256 426.0624868401
1804.4351434023 -1824.7748150011 389.9905630482
361.7101145295 1684.6975225323 1700.8488143878
402.6100517953 -354.3762876993 -494.6393810533
771.8219872937 1230.5649774569 952.2341391888
787.6186634867 -1172.7493443220 -950.3019774153
-358.0414374731 -712.1520767432 -1116.4719001785
835.2666505697 898.9501905594 1709.7323917657
630.9125104647 -403.4837081228 -1740.3390443127
14.9062901093 -1581.7185735935 122.9052184194
-64.8382161329 -733.6776286923 1621.0965185694
-1732.7992553938 1810.0277199418 -1708.6090482683
1942.0969206303 909.7820221099 913.9390317397
-728.9578408912 324.4359895233 -11.7933327506
1370.6206176594 642.7998137960 786.4107304514
564.5584072241 612.8126268880 511.1422936986
909.9482312068 -992.2466556774 1998.3871067155
196.2270467090 -920.2333539224 312.6412226178
-1050.7558480671 -1081.8216340205 -1963.6029157657
-359.4661097733 1770.1682790107 -1832.8959690852
7.6056684305 -836.1004115193 313.5085348840
-1164.0644235495 -1732.3455094398 -1282.7314151820
476.2306203304 284.0216706488 315.9444921485
1564.2562043363 -128.4386972564 -1150.1743240742
1369.1329239206 1279.9206453217 1497.9791435302
1659.5297032519 620.7516026353 -1144.2398642161
1882.8680360593 -353.2985242173 536.6131090614
1381.7826387537 -666.4179519043 -955.7941812578
-1962.8444219564 1101.2841164192 -1838.9383502091
1592.5399507772 396.8866656055 1047.0250426818
-416.4090311180 602.6268023365 1280.0749160010
-1778.7134746540 -1484.0594090660 1114.4468523539
-308.2673519966 -1439.8866561844 1442.6530331772
-65.0483622063 -161.7445808925 1119.3154417711
-1724.6147465854 1393.4177575492 357.8121654055
1072.5944884451 -613.9787707119 1011.7368869848
-111.4538568940 -1414.2647910733 1946.7614621457
-103.4627239109 645.2171875018 -311.8339504469
545.0872772653 -21.7053255228 -250.1893212603
637.3337288011 -854.2638910723 -1218.8247127633
1197.0850614617 1039.4873883490 124.6111634130
-374.6293464633 -242.5859900089 -1165.6602704727
-549.4529763004 432.2126640633 -1114.7956915269
1620.2008519200 133.8822656496 -1722.7286318778
1279.8231813894 1772.2715134811 -496.6435552419
-1835.7803715478 -1650.5562170839 -1978.7157778275
2.7868690371 -1181.0881285887 -1658.3100411385
1944.8994928550 -220.2378419724 42.0790826483
-168.2209639403 614.1052030005 -1700.6056257977
-76.0913217741 -468.4680106541 1538.1557806513
-147.1215347722 -1529.4987558967 1801.4466698426
-973.6169526969 449.2566353183 -53.7993443433
-878.8196122940 -1865.0409789379 1839.5190266540
-1123.8806468155 794.1877644271 1973.6052472909
-1807.8151179776 882.2975575792 558.4329115478
1223.1655317091 -1217.2935118387 -200.1332539204
-360.7766283666 -986.0177776067 -482.5767334294
-562.7657505524 1137.1840026677 315.9042596200
-901.8695415323 -1820.2166193698 -1880.1284536771
-1924.0595152852 -1072.1851838482 -1857.0056262841
-405.8364143395 299.8696885254 -474.3093340548
-438.2875130607 1631.2202435879 179.2708380643
-1348.5370362205 1769.0111487174 -194.4969393802
-476.8415656794 872.4490394336 1419.6501859757
-1516.0202437012 -1797.4042069343 -245.7014153617
-268.2480440863 -1055.7495593620 -1864.1504574919
168.8031710281 1818.4426720257 1038.5207774642
-48.1423049195 217.4424291238 -1611.0741772769
-701.1790688482 1088.2723336607 -1850.0713811201
-1307.5847526349 88.2618630276 425.2718231775
1802.7985883891 -374.8835506149 1607.0349534953
815.6388960331 -208.1385006534 -709.3773168504
1496.7402725505 -620.0049333250 739.9403545649
392.4991065150 1309.1047763542 1910.9956273654
-736.1518225670 1419.5606847511 975.2944303283
-591.8952009282 1941.8373044164 404.7696363097
728.1794358444 711.8867461982 7.4569573337
297.6203671735 1933.2761636031 -1142.9914445695
0.5692346957 -601.3286441998 17.7531537117
-1762.8562001861 -1792.6871219194 1458.9901880062
1390.5524800999 403.1331528612 -1193.6564795414
-1632.0809840178 865.4824238250 -227.2101726173
-1443.0841513855 1617.2395685973 -645.2511064788
-994.5752313498 1506.9836150465 32.2180579336
-265.8215645892 1212.1147648791 1442.5538521832
-367.6981072341 496.1875164420 1340.4157740663
92.4230951374 835.3867911314 -949.8233524766
1973.2976489831 -1568.8964784093 1844.2062887936
-796.7581730293 1289.3336632675 -216.1385850572
-316.2156435322 -744.8730972071 469.8507473897
-420.2519846931 -1561.8250103405 422.9331195515
413.7172126822 587.4966881715 808.3188675809
409.6246970536 1809.5295183058 -1420.6828177351
-398.6832897253 919.7067532486 283.0874331731
1465.3973425083 1659.1149546265 -1884.5209739735
795.0578996324 -1511.2608346330 284.6119169450
460.4693250057 -1384.7392777110 -732.4618980670
1467.3115192850 927.5005044052 411.7542535638
-266.3241969049 -1308.0722459948 1521.8408389648
-87.3331570076 -1102.0364556100 -1458.7425708187
-706.9422599203 -1662.8656196707 -779.8935033056
-1946.7540152950 371.1870460414 -1267.9199528630
-378.6179513998 -1981.3903982759 -1382.5711838977
815.0170063846 562.3720343963 -1258.0794080648
-358.4679896991 533.6822046348 1223.4753696795
1538.1201139277 -190.3205611624 -1645.0573431259
1178.8063053451 1376.8562952722 515.7579110562
-1298.1220470983 1297.7914043747 -103.2951617180
532.5807426235 -926.3908994081 -195.2392148193
1355.8731155706 1561.6600159635 -1541.8150832707
497.8577874288 -1470.6320295869 -369.3564451038
-1472.0160920653 -1911.8458040252 -1632.4235695812
1471.0029697503 -366.7516192026 157.0206666132
-520.6450700330 884.6428859012 -990.0261256142
340.7792314743 1037.6032627286 -836.8871548158
1470.1534296439 -491.3369746468 -1382.5177188167
-392.9014421873 1237.3613582550 -85.4807960083
-483.7209999662 -1765.8515697441 -148.9899824723
-720.6368902082 -1715.6478963425 1111.5388029802
1310.6434587223 1148.1973060646 1321.0147967344
-1298.1028651105 -1064.1634190370 -489.7696215405
-851.1925341272 533.2483268370 -92.5009163340
-1361.4225737308 -455.8164559338 -1283.0937520436
-1819.1989381725 -654.4894734958 439.4280863885
-1862.4427069388 799.6711400479 1227.5780966632
-1526.1572814349 -1283.4955718131 -1450.3332653718
-1485.3997902316 621.4605146029 53.1253411533
-1255.1777485192 -1771.8218561550 -321.0979744952
826.4168247333 -1966.9797733572 -40.2171762682
-1290.0774261210 1953.2306013905 1931.3683490482
-537.9483385552 -1225.1330312194 -630.7372917569
-1517.8903827271 628.4363629808 -1286.1541371543
1727.7030264937 1201.6635193057 -776.6988252230
-339.4679678542 1358.7447356328 616.1078788344
-1941.8232913880 967.4085239832 1805.6212429146
-1158.8412408959 1220.3461750119 -1129.4714993433
201.0077865373 -1361.7553556896 -695.9081839076
1292.9442960101 1885.0051305723 1591.8056183313
-634.1055734557 1271.1231281749 -1400.4030598257
-1981.0746771146 651.2584842187 -1244.4882611793
-1803.1861580292 -1054.4140060743 -1709.0167933402
-533.5422918379 -463.4155584003 -1182.6663599801
1500.4824215485 534.8500966557 812.6543534841
111.3302646488 97.8001782305 -1188.8872364032
1718.9390278364 -1927.7894813641 -76.8418848923
1433.9162914978 -1493.3717106265 616.6130618800
18.4530883603 -793.1138023037 -825.4090802740
-1480.5317726604 137.6527026830 419.2368548006
1827.3611446693 -1521.3359077941 -1107.0433460048
-1000.0470599356 1562.4899108393 962.3028704572
-644.5073983189 669.3340909585 1769.7538399267
1691.8004548918 -1122.9253945225 -1346.5198252894
1675.3911654252 -600.9039926201 -1905.7133773453
-1364.2620314907 -366.1813754363 -1766.2843287761
-1428.1177867112 474.5855997730 -1511.4260376796
1294.8034292884 1748.6544162236 -948.4909870427
-366.9505048328 1912.6326570825 -1161.4883843806
871.2274923701 -33.8259027953 -1688.9332001999
-1753.0766727594 510.2350593099 -1959.0623108549
-1358.2442515682 1223.4968414991 1423.3785322825
76.9623713100 -1502.0246727634 522.5358024179
88.1655068153 -1627.3795709458 571.3862628045
143.2286452486 -1734.9969785794 -386.0228448595
321.0256847474 -876.0302061930 1052.4494687885
-895.9635919234 -971.1591358032 1343.5878590737
1574.7750339714 1654.3875463402 -1460.2754519254
-110.7874198714 -311.1880092534 -312.3743657846
-473.2653275128 536.3075379793 -138.5959371414
-263.1469623983 1866.1572316066 895.7660434331
-1736.1141718643 1476.1276676797 -1707.5539995727
-248.2657969696 1560.6790513222 -1486.3081282456
-1694.8164423087 -972.7330304950 106.9682739946
1250.6358979080 1402.6844455560 -1857.0357137308
1252.4089130765 -1974.5819587101 -1134.9971335073
1812.7615690359 643.9898655553 -1585.7091941917
139.1435631996 -181.6517679143 209.2214726702
-77.9956847323 1666.3700712260 1262.2746129034
-881.5717767304 -1675.9153835573 -906.1690859955
1861.9252292361 -1262.0461730899 -1654.2198940569
-359.9256689463 -1595.2968888773 -1012.7189811187
985.1101031642 1096.2661865145 47.4034732356
863.6037713637 -1051.2804774050 1530.9777031344
370.5418878236 -574.3242625697 -1242.3660880605
-1715.2061535589 -1257.5196461625 -1024.3139011098
-682.4799945703 917.6402471441 718.1625302711
13.9746896284 968.9761610624 1475.8048941704
1250.8234153200 -945.8611534804 -333.9424347279
596.0861528057 -1243.5122799814 1653.3517795923
-369.7826480811 -395.9331919490 -1785.2780057753
769.3947924450 1041.2555713447 -1873.1133827091
-596.1080288321 -849.2709625107 -798.6577829557
266.0365972212 -1408.2437428981 1821.8467845280
-1535.1746111505 1228.8259940164 -157.9610028076
-1702.5073926077 1393.9248350323 -682.6915038162
-729.8899302558 -1500.4490840840 106.3188354877
45.3085444283 -767.3381222696 -666.6963802587
-1977.8626065158 -1421.8414064116 649.4321832048
-1235.3562500595 1274.8445373171 -919.3739776435
784.3710961208 1283.9922622022 -166.0121591987
-1594.9756395979 -1319.3926017238 -1530.6672474112
-1894.3166691981 -360.0338794344 -1883.4813762487
-340.4993621263 917.8755023129 -1197.5013244064
-1692.6573453210 -1316.7204193636 -924.5689536813
1002.1354369876 -42.5282490179 146.7320351112
1663.5936264562 -1368.3269397511 -1486.8486284656
-1864.6499112452 1511.5706798326 -1528.6928008045
-1620.4204809022 1020.3054262218 -1651.3408334035
636.0882601382 1043.8267307373 1011.9144790088
-50.5183685557 -1001.9101199496 406.1716639439
1209.6322455554 443.1538346334 5.6628496275
-351.9297795269 589.4140368814 -1955.2452334202
-1181.8898308690 1758.5902145938 -535.0014222817
-1357.5754006999 396.4735460407 -909.7330425164
609.5319068682 258.1918756841 -1240.3278777201
-390.9349117245 401.3850408482 -307.0946800612
-1863.6898995973 -1051.1706307109 -1808.4904491123
1758.0170454939 -125.9069132584 -1478.4000838456
1473.2979549294 986.2330237740 -1664.4488689756
-1573.2551780218 -1315.8946736686 1008.1764619148
-935.7770605681 1816.4469397446 -511.9088232202
1249.6493497765 550.0049307161 -66.0953218698
1783.3140765910 1035.7287031599 1940.9343488059
-1763.6609126973 -799.4640143612 -1247.9977291894
-907.5189278494 752.9384811922 603.7622113848
-1437.9152583932 1041.5435443364 -256.3898719008
-705.4573529655 -633.9611044692 -100.6644609079
579.8871465797 -689.0407019758 63.2652358237
-1657.9149230219 1760.3373690925 834.1911542312
-1926.2208813697 1991.3654503526 1202.4627424606
1283.8785772587 1887.5049313136 1441.5364008375
-549.4890526260 1049.9195132081 -1196.4345177870
692.5364614288 1908.9590397567 83.2194120378
1144.8849118592 308.9998849736 -1699.7088747621
1370.7220027720 -1776.8152201054 -1059.3154371893
255.0231699362 -342.0822616446 1356.1034563232
-309.6366749818 1249.8564901646 1146.4124926835
-1123.2885285461 315.5088749015 -620.7937792668
1049.8998929367 -1298.5291693805 -960.1291102534
-693.2942217030 1832.3490262871 -291.4490618258
787.0904115526 858.7683889512 768.8593350696
-288.0625074193 -1790.8810860970 -620.8051479004
1066.6236659198 -972.3988373596 -269.4003371233
-649.7754021896 1424.1332478526 -924.5907385992
-1290.5863903072 -92.3994030825 -1149.8740944395
-874.7556061043 -410.9519819926 183.7819354093
-1367.0805125354 336.3752099701 1508.2499146673
-1106.6863560690 -1339.0978051699 178.5899372398
-1721.2152533577 305.5518107403 1787.7339265234
1507.1203829156 -1778.8116152781 -459.9452142272
576.0547570286 217.8580990391 -1640.2700694812
395.7306111234 -462.5399846757 -134.0929095897
-1898.6107648530 1278.6610274148 1644.9900783241
-1477.8889174422 -1118.8017585141 -1900.6229372651
374.2767552303 -1039.2321490235 -728.0392010274
1729.0978932424 -1582.6411705587 1841.4679066025
1741.6205991250 -974.9426928124 -984.2208849492
-375.3438633864 1913.6955216714 1543.9663162337
-1686.2257759848 -1863.5420317783 128.4080085669
1549.3178230948 -182.6368194745 -609.0975467330
381.4905119835 1511.1803780080 1266.6019607878
-607.6241328841 -120.9099634626 496.6527053082
-1958.3046246129 507.8063470608 -384.5994354852
1145.6059378599 1641.7885548201 1088.4622142797
-684.5600752985 1495.0431060025 498.1844854973
289.8244221768 -1796.0778418765 1672.4044362198
-787.7261862792 1330.2714897389 930.9861800122
875.9528521614 -125.4311031936 1765.8169019697
-995.4649637710 1982.5489536178 -1031.1675883576
-1845.5687143278 1300.2429536965 -1771.0975106592
1443.9209491051 -753.9607418084 -490.9029068109
358.4957564301 818.1546809881 -1311.8143603846
1084.5513596150 563.6161463248 -1739.4830631793
-136.3825606579 591.5247510106 -351.0445691743
1112.2720965698 -1473.6589823246 1690.0672347863
903.0595910974 -494.0435280421 1554.7712277886
-1134.8286209805 -251.4293124592 679.1300159701
1287.9048015125 209.0145796485 -1676.4707714354
-762.2947028053 978.9723353549 -488.7219953201
-1971.3028971874 -1522.4349202244 -1222.6952731329
-1340.6360462118 -1775.2487156443 -249.4438225390
1697.7875318616 1322.8832304261 -781.0109068814
259.7229427925 1041.7100373110 1751.3275192206
665.3240797845 -950.9784661278 -1373.9721963522
1963.1226746582 -543.6565704055 1566.5376027510
-228.5124522453 -1977.7815201875 -1064.0906882510
278.9377799442 -1756.5649877359 743.3229587604
1406.7993165229 -872.6876761316 -1933.8287931076
733.8004556234 1629.7996904702 -1358.2147700402
486.1890853441 664.8267278470 84.6223167788
-300.6978681457 213.9913623891 1388.1655538042
399.3933061188 485.6247957372 -1809.2660374666
412.8559295853 -1729.0754482350 1980.9655978490
-1976.7188095164 786.0382212418 1522.0003226923
-1386.4336588000 1400.7267357231 1988.5965418237
846.5972993725 -1576.4617198896 -485.6389274776
-948.8056526584 -599.2741809253 618.0216646723
571.8290406325 -1743.3085825563 -1701.3551597631
-1241.5832473739 -1208.3770205177 -1582.8784710881
1272.0577613408 617.3480937811 906.1312940141
-344.6084729274 -77.9724952774 439.7757198541
-53.8408021540 -11.0631356672 448.4867469468
-1290.3022089945 -408.3453920769 614.7970708584
-316.0739133091 834.1531758556 71.4936722477
-1588.8446519870 -147.6674682581 -1542.8715690545
-1773.0146622610 -1503.9457219268 -1505.8916420688
-506.4527103204 724.7895960790 1026.7280650564
-1178.7937583009 454.0405680154 1786.1643355238
-19.9093761660 1002.6558954919 -1616.8678872958
1907.2322764392 -1554.1084754448 231.0118627043
1158.3203670854 1670.7357621984 -1697.2462957691
58.7634217608 -1111.3000970245 985.3699625750
-337.7716053745 359.3678777954 637.0111767614
-328.7135158801 385.6569124626 1441.2077972982
-1157.7243110673 -1602.4988759773 1134.2793503830
1559.2446456671 1163.0003034882 1958.7872517978
862.5030660389 1086.2782265160 -548.8067115654
-706.0242373043 785.8141906249 1479.8974159561
1957.7684952109 1823.8939507739 729.6810713999
1266.5234632563 -1047.0052809458 365.4441766460
657.9349233925 -1818.8210323501 -329.9012575111
1332.5103343460 -1670.2531849179 -548.5841688388
283.1765026292 -720.5289395270 1805.9190314037
-903.0963538568 -1699.2350036784 1203.5687924570
-26.6901826338 1944.1585917936 -1854.2221679128
248.9406139894 462.4170446934 444.6373221503
1669.4939428778 -498.8597920584 -134.2902503268
-1846.2172565697 -537.2596022436 102.9894518186
930.1804211385 1170.6650487768 -683.6416716555
1561.1776895561 258.0857066396 -215.6030695399
827.2334583481 1762.8169928333 -608.0038392531
1835.4411506842 817.2418396498 1092.1473874747
1013.2957243932 -142.3999398091 1097.4780474906
796.2699315392 -1642.7545926119 31.0061552126
