1463.5012093592 -1148.9711471256 -339.1773786772
1622.7778952458 -420.6510711686 -1212.1622168566
1505.7775791789 -1905.9796630174 -1711.0055207750
-1519.0423144380 167.7022879490 -406.3438790589
1863.8332915196 -721.6307530226 -344.2141543418
-1664.7560990039 539.6913212897 414.1196333411
-968.4016799774 -809.3856844117 -1156.4249617220
-1372.2829521034 -1698.0196346094 -282.7346690629
1299.4437505153 1505.5303708765 -280.7992374882
-1069.1451878586 -1767.1793610497 241.0752638478
-1573.5833248718 466.6911508188 -1441.9889219847
1548.9579774010 3.3356232540 -1195.5277732514
-1379.5390803780 -1378.1258509839 898.5728853275
-465.6674570034 -507.9596699366 -1752.4478712872
-470.1738899226 757.7810147654 367.2652918384
982.1035031761 -1211.3689686787 -266.1065233529
71.5455350593 500.0042405916 -1521.7318346252
-227.4071301384 1509.3157568156 959.2763075241
1596.7659699967 -232.6402223008 -114.7670260686
558.2222208183 -1117.9966572551 88.2867427654
-1078.6802259136 948.8261141342 1965.5665893872
-1355.6464715153 -7.6547489134 -1874.8808792050
20.5176223722 -47.6742160159 -1471.7573118084
1137.8206118240 -1553.0906039536 -1169.1491895354
469.6866817487 -1239.7940833899 430.7695076393
1787.0848834031 1755.8457056256 1256.0274540936
-1490.2901277555 782.2789827185 856.5739389790
728.1651162972 420.1627491327 -972.3041951973
1487.1227230179 -898.2723754324 -440.8520434308
-1361.1244206059 528.3627003250 1461.9824828299
543.4021753515 150.1800392906 3.5922358226
636.1670964206 1482.9846275767 1805.5363677217
-819.7622341787 247.1197142838 911.0577516576
1406.5130896707 1646.2339400228 1187.2899809232
-1983.3591330382 690.3457194005 -1427.9907432240
936.7532829328 546.2633373437 75.1185778671
-340.9775474660 -1378.6686067684 -80.7963771231
1974.3052311594 -910.4544689419 1878.2819089362
967.1641586354 -999.1893209392 129.4688152648
-1566.8473637495 -225.5715958111 813.9985599802
264.8797912320 349.1538203490 1026.3836152983
-1957.9142647030 -1565.8946446675 1148.8680227121
871.7131446820 -1157.6281242683 -1630.8446307231
1563.2340139078 1702.1030171735 1325.7246791240
-780.9081573123 1847.5065583784 133.9606539388
-1455.2643030747 -1154.1946312561 739.9826125758
-1100.3324719885 1525.0117897065 -780.7191338796
1369.1607772389 574.4843431124 -1706.3124542945
1810.2710271604 1854.1533745900 -651.3236835009
1086.3394667529 593.7493154470 -1816.9471923674
-1467.3132511256 1784.7091217603 187.7163537720
-617.6535539585 625.7732092896 1654.5968303162
-194.2567004631 -659.7579854831 142.5914416167
-818.6744709842 1836.8282379776 -933.3294001994
426.0119511347 -557.1581728784 870.4034318314
-1790.0760577790 1347.9050490204 1009.7591140635
416.9892106361 902.3875762575 1148.0156604769
450.1681078394 -860.6432432717 914.4649051014
-217.1609046069 -1328.3248418500 -1298.0228666791
794.1251798614 548.5918345908 -759.0576888667
427.5687926089 -417.8888299941 -1901.9294926820
-452.6031537714 1441.7750179239 696.2315516815
1973.1354648852 539.6500304280 -177.7700335169
-113.6571367376 -845.5573968463 1840.6184417575
-1628.2843992787 -1716.9520353177 849.3970919633
1232.4458009767 1036.1902534629 -759.6424948798
613.8611288331 -1385.4134783718 312.3219199417
984.0479483237 -1079.4247625048 1390.1814691668
-1034.8692848610 1171.3126204118 628.2946888412
-1196.8104534501 816.1356752007 1372.3497663829
1422.1807713635 -53.9490680552 -706.1274203899
668.6309935236 1265.7413908802 1163.7931741184
677.8654601056 698.7880539717 1935.2183748879
573.1971070340 1717.1275623567 -593.6538092358
-1593.5984221375 -1362.3909948064 -1596.9369974352
1150.2194057994 -1922.4109795791 -712.7545499153
-1730.0084267891 -1687.0178215766 1032.3328082022
1415.6555950308 328.5040038749 148.8043603015
-445.8820877444 660.4333315671 308.7239155326
988.6893927685 508.2447082438 504.5855447526
-891.8014715284 490.1356890574 1542.1972871178
-1478.1577526087 996.5173362190 -1853.3439185544
1499.4741695128 -219.4094585160 655.9232165066
-785.9783544777 -1780.5560104478 1894.5286340319
-223.2510872507 688.3816916214 -1108.5020135653
-1638.6591668893 -1282.6749259403 -759.9593268067
603.3621681025 1053.7655770693 -1823.5456636244
780.5664787760 -1186.1221673855 -1888.1767446655
-1380.4120454688 -73.1295153990 791.8772904959
901.5637967903 1461.6630262797 -138.3702566877
974.4745385897 1138.1771376651 -668.7020416116
-188.5991275611 288.3760290303 1680.4972363201
1588.9012488123 -1590.5876314124 -1067.8538752912
1452.4212643365 991.0386058103 312.2832510341
-359.9971004089 635.3291602450 -1548.0751348911
889.3932443570 -166.6380437542 168.6345430448
-376.6544341820 1466.2387128269 -722.2412557828
-1908.4536400038 -1720.4514682404 79.8423357401
91.3896978987 -410.9817921634 806.0376114931
578.5050237530 -1292.4364253575 607.2035600706
-173.6959271887 -308.0617688811 1743.3737405674
-610.4735792268 287.4860862298 -333.2890481647
-64.5021863552 -1296.9073881034 396.4076683327
376.2839635595 -1891.9514707475 707.7859805095
587.4618582570 -233.9576218272 -193.5266874213
1195.9861762591 1110.8647504631 1448.0123291361
870.4712055879 1533.1015187456 373.4449533636
778.3999389997 -1365.9373820724 -1310.1393009048
1015.9410240089 -126.0437818822 -40.1822535619
365.1879174507 -1921.5755925899 954.3078182346
1687.8761459297 -1507.2831977538 298.7880694883
1325.2502988116 266.5755972462 -1684.3495560235
804.1032027236 27.8228199794 -1551.2900576667
1300.9615550567 369.1379286153 109.9199924033
-1788.6432581264 679.2471427964 1961.2840973519
-659.0139201896 -1484.7526885757 -1156.8094924639
1388.8319776938 -228.4448515590 881.6931401705
687.8751650554 1643.4743712910 1483.2274355624
290.6502039456 1666.3829156648 115.8201070948
-31.9646434849 1366.5855697107 -197.2094234527
-675.9680610555 856.9071278475 -1995.5763312663
1255.3256112425 -1348.2318311971 -1674.8800166242
-1863.2390058976 -683.4732352651 1587.8592651337
-1528.2265422717 302.0111440870 1047.3745241468
-760.4168895810 705.4713915232 97.7277152803
6.0134521528 1521.1663003359 -1030.9883026598
-54.3121645181 -840.3879622676 -817.6962079664
-749.7936110931 -617.0332703368 -276.9242511312
1978.7094053684 1986.5763844445 282.2269924597
1173.7828764309 1461.5362908468 -1098.5503134816
651.8136723372 -296.1465836598 -1814.6995634317
351.0251517087 -1231.8671619503 393.1624718744
58.3407772943 -1102.0320891390 1779.5016436487
1978.0386467154 -1922.6915347686 205.9575389821
1877.0792275966 1532.2300218216 1227.3318172841
117.4703437705 847.6048186754 1811.3468890177
1643.2523563272 -1827.4145250438 1634.3276846921
1423.5721495289 -1697.2848516150 728.7343713880
1952.9140990148 -1597.6018716118 876.3373818683
604.9962274546 490.7435586658 431.6075416383
885.1965636050 -289.7953013535 -599.6134134070
-1185.1990622341 -1088.5093102720 -769.8254369396
193.0604359688 -1467.8209475526 41.7602147963
-83.6528984243 1934.7379140965 562.4292487565
1886.0513620844 422.1765840241 -1565.1383121027
-1100.3349332367 -1816.6062226966 794.2523444522
1284.0081013258 1282.0733048017 -789.8840793444
-1178.1641900090 1505.0671867591 -1782.6494276292
-469.0765328891 -364.3536261408 904.5235806433
59.2572294673 1675.4393356126 -128.6291117568
1688.9217427485 1376.5026426239 1605.4829423376
137.3343218684 1110.0707496857 628.8769560369
1755.3627914384 632.3416320935 71.0975505484
-649.7625030584 1795.1249187468 -678.9582035642
-207.7237010733 -453.2242639268 -409.9316113103
-1260.0611195646 -369.5082548701 -600.3266148734
1970.1951206321 155.4952772353 -841.1901549631
364.4686777693 448.7307993283 -1423.8450526957
815.4395360628 1069.5116827441 1697.3991964499
1211.7541543870 305.7427392705 859.3284099076
-70.1257041473 692.9334696106 1710.3039077609
-1610.6353479523 55.2310866756 1980.2474456342
-1326.2526404943 -1055.0464389978 -1720.7431203778
-897.8947911800 605.9247748855 -700.0389382798
-1634.0134828807 -183.2266760792 -1291.0798296025
-494.5366784777 867.4158618852 704.7317545689
-676.9937631975 1871.5863032880 598.6032323754
250.4736602361 -411.8515672793 -272.3063897669
-223.7925439622 1779.6775829412 -394.7003691981
-1366.9702900623 -1586.7292544689 1408.0874157505
-351.0114343014 -989.9760826753 760.3744644903
-1168.3240490315 924.0904600981 -1839.0732151103
-141.2295028045 -1802.8547267875 -339.3010850688
-389.4218691734 1820.4912238681 23.5256002081
-816.5467989995 -822.0720160141 -1424.7749190144
222.4044902808 -1408.3536654318 -1869.0002440375
429.6416950941 965.4102255757 -161.8883259601
-1135.5135175878 850.6629823315 301.0325573753
329.1450265073 736.2394928277 -1580.4725846085
249.9946576551 854.9081758300 203.5666691064
-964.9075015947 -1616.8390817400 41.9921712251
1159.1452304503 -785.8335989764 -1799.2851538345
-1577.5133817808 144.4887479481 -1104.3557067166
1052.8941962160 -443.7982686868 -216.1145457661
-1916.4501696628 137.0423962462 -1761.2982180705
-259.2024109026 -118.3891076132 1297.5080356447
-203.5627585902 -878.7177906496 1989.4663006815
-632.0444846399 -1542.5328594288 1615.8349385391
-1181.3341611042 -1033.4365194438 175.8647441398
34.7492305277 107.3957015455 -411.7084677678
-1586.4686210395 1077.9352662025 -1839.2352143480
-1506.1079216689 1489.0967970776 -915.9091282588
-32.9128779419 -1452.8297663852 1372.2875245342
-495.2926522933 -640.7564613849 -347.6792926407
1682.3035841050 1916.5454758742 -1731.6168549850
331.9277435261 1344.7087735963 -1172.6965975050
-536.3578855433 1141.5165585104 -1073.8950835768
161.6547399718 958.8011347551 -1117.2427950996
870.6857396637 1505.3800503137 1580.8924146159
-248.5452962861 -277.8660053568 1459.6284763641
-1377.9357620191 -1459.2026667170 -262.2628049539
1594.7408158491 1998.8489860199 1523.5655764165
-1895.5331267448 -1061.9788314424 1988.5116780018
-272.8099071557 -895.6916406386 -1279.4423293065
353.9993368621 809.9391886430 -1467.1581216216
-739.5128480324 -1719.7780355140 -1369.7490709391
-1760.1002248020 -631.9734230353 -1634.4865776380
-1687.2203529732 -1800.0980732190 1875.3855388599
-515.5315562295 -1309.7515632932 1811.6939380728
869.4894017303 -23.4842517060 1281.5646057276
377.4122431172 -1748.1944945108 -303.0030868456
-1581.1932780369 -1018.7076200100 -338.6869829230
474.6245071027 1057.7263080969 -594.3899064754
-1873.4799596950 877.3581248683 -441.0355248710
561.5387779947 -1479.4136292186 1623.6666862913
-1551.9797474463 1669.9716450857 -1515.0524084111
-272.8239375279 -652.6080676578 414.3446099904
1026.0832165101 1070.9188537064 -431.3243087872
-56.7089163235 -765.1193030584 -1450.2572856482
1506.6383589635 1449.0087878484 645.2567771156
-1359.5446642443 612.9235749647 -1658.6768246677
-867.9739169676 -1829.3716503817 -1494.7553281993
-1640.7877219292 -927.6863409802 1592.4912222774
-1066.6616433407 -269.6308877672 -1527.0395075391
-1884.7529315359 -501.6945469922 -23.1849203530
-1572.0568225902 -1261.3117161746 367.1114387053
-1114.9315510630 1622.2839564817 -653.5448824300
1703.9692049333 948.8711289119 1132.7480387379
-1494.6824384529 1081.2211884655 -689.8308318239
-1215.6489733977 -1522.2405928077 -355.1864518384
984.2103575637 512.9489983268 1997.5019507969
242.0721607861 -1598.8910449709 1801.2019776201
1540.3884839645 -1455.7599951052 -698.9914489614
-1654.3359077720 567.8036501040 1759.9893870475
-1161.5641070010 -704.1299895602 -167.5534071034
-1771.1894293342 -600.8916001411 1961.2963594615
154.0159581528 1713.1876345894 -1669.5951099135
-1620.4289564176 -1609.7632216552 -1816.0894526304
680.7574289384 -323.3963873631 -813.7010984850
-842.6475851043 -108.1092628141 1923.8263724045
838.8082777588 885.6800210970 -1275.1125927246
-838.9915416448 -134.2910699480 -235.9108844379
511.1048066881 -1319.4052509883 595.4363291509
-1033.0775561084 693.0866255907 -1672.0484882237
77.5456593370 68.4888725586 -911.1627853982
1948.4402273257 397.0019850110 -719.8762710720
735.8097722661 -1621.9321036744 -3.6158022058
-1312.7486761498 270.2982517525 -107.2607128544
-1495.2885492640 1081.3485987011 1652.3570695283
-2.5888311781 -1984.3552476422 -1994.6158352721
-358.0506726206 -1257.3860366373 -765.2817458486
611.9643368899 -120.9733391684 -541.7366418506
-1342.1138833429 -1787.1924564416 704.8431165116
-427.4269064542 -1430.6608205686 33.3839361959
-1492.5190839672 -1855.9939560699 -991.8025469823
1178.7288869947 1478.9943057993 551.7145145679
-1980.0794709049 752.9145270146 1849.1238109453
-1272.8684333140 -70.5869229431 -647.5846394519
1949.9042866821 165.8102218683 1318.5593659060
-708.7885376608 1064.1451485478 -1615.9428890685
-1970.7918634891 -1219.6559587593 -1872.3840710017
-342.6698938248 -283.3138805446 -376.9759438923
-756.0474726831 -575.7497494004 -421.1418351656
973.2400075662 -884.6359851463 -460.2724182436
959.6194924215 1988.8658224700 -30.5445770741
-916.3867672894 -1517.5089344331 107.1764151415
-1226.3070648774 -1452.8863632729 -1225.0038772582
-1724.2915875448 -895.8423026336 1363.1678416632
-125.0100554511 -267.4227766521 -1690.1207700293
1335.7505503527 251.5557198545 1152.2806485604
-425.1309706015 1726.8875491042 968.5471822184
-809.0004211666 -413.1625304660 -391.1225677059
-1871.0402976220 1307.5604764599 -100.3332130150
-1849.7948211102 1514.3671739283 -524.1697907262
-301.6004684403 -1890.1437501618 641.7086021944
-79.3400494325 885.1596505901 144.8042198009
-464.9593213960 -1473.0231279564 -1412.0877020130
421.1806425911 1102.1102692076 549.4838075474
1191.3533694990 -1376.9762377910 -539.9847977080
-35.2910745890 1836.3679973022 518.8277179004
1373.4985833106 -1512.4700943259 233.2727193208
-786.9421364886 1714.3612765594 884.2424852561
1257.0940808687 1727.8025223227 -1641.7079331021
418.3567256076 1503.4190026314 -1248.3100348645
-1703.1612603632 -1027.0336412134 1401.4558378316
1305.3618119158 1873.6385457973 -429.3909713864
1724.5641763203 -27.4923467423 -716.2916088509
-1820.6696398772 -1996.4812886019 544.8056117540
213.6091750555 563.9605453798 154.5963955481
175.6192744255 1460.4227970111 1001.6845535852
-1386.5043062527 -355.1990195315 9.6962943087
-1107.1044679829 1608.1828668406 1323.1766927642
1293.6275741448 1295.2446545947 1691.2611914968
40.0577572399 -367.3175332300 -93.6165921133
-1440.0074842860 -267.9210872574 687.5852729920
440.3952422792 -1465.1441772610 -145.0982015451
-541.1392035170 -435.1845374898 443.9499451290
-1439.4602942223 -1001.9671381820 1436.8358446189
-1332.9193468459 1787.8186348482 994.6941082501
258.3008747111 876.2081031686 1505.4304493978
-427.8376747007 -1625.9918232499 -1393.0397801249
989.9142044476 1302.2806815454 924.9545909926
-1514.6048311981 -942.8352686109 1286.0257704385
1498.2587831876 -446.4904796117 985.4017871915
-1005.1324579694 -1108.7532193990 1038.2151133000
70.9171782930 -1160.9818486638 -161.7748510603
-1828.9431308889 -530.5955240403 178.0765371862
-1128.1963440530 1560.2511490984 -1698.5909666760
409.5839802882 804.0806315460 -97.2993895627
-585.9039124926 -360.7315084972 1103.0021399302
-1203.3329191382 -1360.0373989378 -914.4374570655
-1545.9747996247 305.0778020339 826.1154888426
-704.5844555326 -1654.3676373643 715.2297130090
-1371.6911205552 -15.2358495646 321.4971473692
-409.2120586206 1898.9719801342 1073.9567342060
-255.2391128676 -1980.5478143415 1559.5606704773
-667.4406092898 1783.8346194467 134.8731165844
-683.5339892408 -1108.4845589272 -1789.5635767333
1174.3011596388 -1774.9417538193 912.1920411360
-1295.3625729471 -828.0123352238 1919.5587568806
901.4560679587 626.8640183214 1535.9965923353
779.1335974011 587.9824580753 1545.3131959956
248.0814927145 -1868.0182677989 252.4839483726
-1757.0115143254 -1529.4160509245 -443.0043122893
405.7507764071 -1762.0412697077 1957.4407916690
-1918.3876845267 1410.7732635409 -1611.4689672006
18.2401426897 -595.3073909909 -1520.8381646624
1729.0350810639 1203.6855208147 1859.5629006771
-407.1346384348 497.5817628328 -838.0413980321
1767.7069017740 -1004.4764367972 408.2077239562
-588.0053867527 1493.0347833798 1865.8593187116
-763.5104341793 1661.8359265267 -420.9949587962
-16.7907529723 -1992.2554092113 -854.5861742718
974.7014832899 1099.2800842741 -39.7429961856
-1547.8184860439 1156.1517731044 -1578.6146589641
1591.4208011663 431.6667223922 -564.8490714834
-1608.2825077356 -1585.0329543112 -1630.5877581009
-1297.4213185624 1407.5224903990 -1922.7197415611
-1338.7375878873 -979.5402973162 -290.4220678531
-443.5994198023 -1039.3303816598 1587.2504519737
970.6768155083 -348.3514722962 508.6250055924
-1267.1799212402 54.1374062520 1963.7208966403
-400.5958058392 -1812.2882686821 1128.0904470024
-1162.5518031392 -613.8148700028 -1264.5103510543
-1868.7452298566 510.1524661343 967.6099190436
1808.4461264354 674.7747235122 271.1753765910
-972.7930658646 243.0337810622 -1686.4270847281
1667.7917458577 1223.2913755750 -958.2376865503
62.2094435157 -1394.3781265386 -353.1887207962
704.0310191683 1611.4943995526 -1738.0920933111
-1222.7651031046 997.5943220418 1941.2636920666
1801.1970827180 -1189.1516866616 -383.8606479802
-1625.3957208791 479.6167889099 -1719.6220444567
502.7321137640 9.6888799872 745.4195785192
-1831.4959503921 -586.0725607695 358.9076144165
1865.0978307478 263.1770353741 -1492.5579701401
-1333.5308387250 -1431.0767368302 -485.1790677451
-1494.3087586412 1742.8609443421 1864.2566687702
958.6469050076 -196.2733645477 1945.7128447056
-1856.4656206534 1876.9478477397 1992.0472330874
254.2672898877 984.3295122812 592.4723861748
54.2408358637 -1626.4240964169 -75.9107254824
-1193.9626435368 -792.6651719520 -85.6830435759
-992.0159438075 1986.4119358851 1293.4350550368
1804.6473538889 -1182.2409763622 -1598.4090654831
206.7469096209 108.1082397051 -693.9372801030
-1049.8124778774 -21.8576552550 -1505.0093070292
-986.2904632121 137.5068304524 -571.7174684323
420.4129270835 1160.6714618154 -590.8825800628
620.0740279562 147.7122426127 -49.1575358703
716.8429952936 1148.9554700292 1780.8555716011
1387.9507693358 -12.7036459419 1523.4891578382
-1437.9317956351 1730.1181310423 1192.7276432351
-863.2255310220 -371.0250617334 -1508.3039551894
-1212.9271599526 673.5527173328 1854.3520438530
774.7405807968 -29.5455563697 206.5395681509
-1001.4390654175 -1552.9205402156 509.0020838691
-943.4534681672 -1250.0699236748 488.8525056150
-287.3318833526 -1554.1254432143 -1386.4592504609
992.3899285519 328.4701500954 -190.5546164593
-1127.4328703681 1634.5179385176 -133.4898551858
-1497.6004232230 94.4835950818 354.2992087875
-1805.8540746154 -13.7966266697 -1930.9501086599
604.2792206900 323.0518628964 966.0719928824
-346.4982613544 981.9101855109 997.3958870495
-962.6129811723 -32.4419606373 662.8178379496
212.9816825188 1379.6302877410 -1833.9525856880
-688.2693971089 945.7704506881 670.9301059604
968.8330643633 1120.1884508907 -611.9115952517
-1782.4212853226 -1052.4060820519 -489.9485382282
-1581.7593032700 -1070.6593728304 180.0927789195
-1110.2234090475 -1248.4146357239 -1736.0985576210
-1608.1247997140 -845.2530181707 468.8423385413
-776.2387972180 413.3138574737 -1692.7295394637
-1089.3046185905 -1285.1718857038 676.7751226225
-1759.5179135755 -1246.8543044585 -457.1805922404
36.3330698562 -572.6329365787 -1643.1586313087
1206.3275544128 -193.8364155367 -825.6580096743
1039.6114670772 1033.3711443593 -176.3173503260
1828.8529420290 206.5329775088 -725.0209288437
-7.3077526427 -771.2597728428 1828.2053172435
1759.5810452032 276.7754431828 1.0963025291
-1754.0391575458 -1019.4198009448 563.8009310330
1575.2328298497 561.6739686520 1318.0347926625
-189.3224472552 -1106.9447028826 -313.0424408750
-841.7815571947 72.4405908241 -1186.0350216103
-169.3236311166 1833.1413919138 245.5716603451
870.5465304102 -1610.3004614145 836.8821724155
-1797.3965306992 1782.0771081911 18.3134358079
1547.5525318356 -496.6686303066 -382.5078026409
1001.5438753654 518.9768280435 -284.0444668245
1481.4375896149 -552.1425356954 -1310.8821459788
-1315.0627568314 -467.6726116442 1894.3203514672
1464.6981653767 878.5315197286 -1945.2863229683
1031.3055774072 1207.9599863602 1755.5153553618
-47.3580643567 1755.8925547500 1113.7941946473
837.7834315837 -274.7133986996 -302.8928990513
-806.8802344911 -892.5783652894 154.8258329257
-1627.1056822920 1140.6714448603 -1579.8801732378
428.0215558758 1579.3780084307 -1166.9312134956
-1607.8451092049 3.3862588373 1063.6270632820
-1895.7449609058 -1334.5765812716 1502.3650539593
958.8929080294 731.4573722987 106.0339026649
-1944.4957967736 -437.4442179613 -1086.8160225432
-1848.5013780435 -1701.8463328780 492.3619727490
-1355.9925509470 -1959.3490765947 -53.5730421362
-76.3463754932 143.0075800323 461.0581028343
887.9491989628 424.7461997953 -555.5846224804
318.0735813116 -1343.6452084407 923.6473512739
-1348.6691955788 1030.7213535105 -448.0363764692
-820.8841862611 1557.5574509687 1584.3498598256
-1521.7585695444 618.6182536029 -676.3659189459
1092.3681103703 -382.0122191669 475.4378214707
-820.9976758601 902.1348912233 300.3266230742
41.4959159308 -1323.7517887808 423.0457249723
-867.0330693779 745.4260981107 1899.2697014368
1850.5400393591 -685.0232057384 -1032.0621293546
-1228.0706954198 104.1874804265 -1252.7615747601
-1029.9381052802 1448.5546982771 -1677.0576622624
231.3685194559 -1151.1733817258 -1607.5562736891
-978.2817381528 1355.9103957315 -868.1399771173
1337.8755716524 1898.2877070439 230.4298933398
388.4834139719 727.6739745376 273.8517515058
1554.4633100122 0.1610738153 1428.3334870519
-1047.6704004807 -1953.3710478521 -1940.7294241232
-1948.9436769511 -41.4121709804 -686.9148235579
1386.4857420282 -140.7998522244 1617.3194210187
-1919.7541961495 1633.6788460243 1058.9064660837
-1823.7143075966 -1552.5728883845 755.3184455224
225.5940039393 1666.6506656794 187.0537050389
-1386.7705975192 1060.2930831464 1913.3500538207
-9.6975510996 -1035.7608192385 -77.2640077803
-262.5472985206 -69.9226955582 -793.2353065393
-1768.3210648261 1554.1832063971 181.9531395256
-571.3876435892 150.6365229924 572.7770218078
-387.7787587155 412.7021442882 1901.7380607821
809.2361586763 -861.5454149403 1315.4630887540
-1249.2423768640 -1667.5336066368 -1149.8541282823
998.6855248225 -539.8917636596 856.9232341947
387.3650606980 301.2117067699 -538.2523787007
1352.3378403890 536.7911715618 -45.9263818544
1307.5294882928 -874.4597405751 736.0272429930
627.4873632586 1905.0830949753 -1848.8844248943
271.2802786274 -885.5502339132 -1418.6751689380
84.1250131683 1387.5604298602 1117.7007437802
-393.6909038517 -958.0664625646 -405.4265057093
1195.1146953056 -729.3780208576 572.4902327528
40.5879711003 1476.0220733311 -750.1783347564
1407.7398488261 -193.7654507593 -1224.6625861594
-1505.6420743193 -1957.0791384986 960.9544300978
840.4798132318 -1783.1170306361 1006.4744791640
1782.5907569684 1830.2005063858 -858.2670251414
1550.0128643355 -365.8738170473 -561.3119713033
236.3622778794 889.2652251027 774.6421817739
-1987.1758749052 -679.3645878665 -195.0936874768
-326.6378029752 1432.3663828565 151.8441034423
1957.0157701114 1987.8276753869 -127.5218623952
-116.8623234618 -1589.4494889930 -1575.2174894318
-598.5087480997 -82.6986201023 -525.1817209445
939.3820478926 -1737.9470319163 -1793.6091287644
-1254.9722128440 -952.0050800798 1224.9159716367
1018.9725534121 -1451.3673439273 569.3365381160
822.2257925889 1017.2916397398 -1502.2935748653
1815.7785661548 144.3135880347 166.3697023606
705.2702102616 564.3788143943 995.9395997990
1746.4335624880 1366.8626829322 30.5041226526
720.4637867152 1359.4941971423 1084.2116781982
1541.9024348831 691.9689229568 -1155.3322611610
-621.0892288314 -950.7570757659 818.7942595038
-30.4006127206 112.4337040290 1830.6266122736
281.6292050359 855.1663920100 -1580.7466606278
1335.0436847732 963.7813407974 82.0157488144
-1533.9747508479 733.7538029707 76.8868444337
369.9916336753 119.7257294158 -584.3324227168
-1683.0388403527 -345.1555234976 1519.1169912888
-496.6826596980 814.8509450931 -1865.8160024774
1867.7575872263 221.4868569095 560.8788489926
-1604.3305955133 -70.3464845992 -998.7475218083
-1715.0372222647 -725.8427685708 -1113.2120600547
-1973.3498071177 -756.2137982007 -1692.7005637530
-1181.7676825038 -1082.4214102503 -192.7185513709
-1252.2030013209 1846.6903099939 1598.8591621353
-373.4630163897 1997.3395458950 -303.3294016241
-20.2247138892 1092.8702154426 1753.2619979297
-334.6097630722 -67.1510193186 -573.1655080976
856.3512392046 -1095.2572632745 -1256.8880356030
1607.0975079371 -844.9215310155 838.2235613822
-1828.1267243741 -970.5637412397 -1870.3647013911
-1743.6593964130 1702.2428692482 -1362.4475474066
-758.6138408004 -1433.0919264897 464.1555333322
1205.5768473584 -432.8389448645 1699.4905390540
-807.7669739458 758.3674020441 -1872.1838220012
1042.0764135216 1649.4662150561 -1480.3318099509
1118.8566553903 -606.9155593811 346.5242338114
-1364.0214837511 1298.9225293797 320.6956802016
-18.0538865716 649.5463793094 -1090.6422690062
-1342.9642408118 306.1658423793 -109.2527245088
-331.5728711703 1514.6306918741 -280.9784512917
-1601.1590343391 -1436.8529275459 1624.9494465777
-1873.5311432588 -1626.4354862573 -1245.1962617488
-897.1207109719 -1703.3077987884 1721.3397108748
1507.4875742002 86.5015975275 -1647.2732962455
-1842.1748194653 -220.6597119298 1253.1609613840
1482.7291940527 -404.8407507273 465.7663318783
1592.5905956817 -12.9425096112 -913.5442447986
1615.4684124008 1948.3823248684 -1631.6980201208
-895.4667929458 1902.9569775316 1777.5429546713
-529.9110321004 1567.3519952118 1434.4519448197
-1047.0379108532 -142.9580810098 -792.9520472869
1186.8361934072 357.6390741155 -36.7211608809
1540.8066951454 725.6513845793 838.7497665771
-404.6457697513 383.6504760217 -1491.4985261946
-677.2917830251 -1997.4027153256 842.3949766022
1913.6549459641 -227.5711144796 -94.7768042779
1762.5330459050 -1652.3534104271 1147.8961153719
97.8000433332 455.0012679735 -1804.4952053531
-1810.4619623864 914.6747816734 -316.1201701428
1035.6459712575 -1313.2834088602 -1162.1707886171
1265.4292886726 1770.3717675864 412.9067442373
-19.7221077239 895.8161553052 -726.5887440806
1709.5433543315 1480.4309024657 847.4627161658
-1123.8869574008 -1260.9791613599 621.4884274399
1557.6902886755 3.9677477081 291.7384626685
-1279.6766261374 -252.5195046128 -1681.0934143549
-484.8663566935 -1286.1496590121 214.1355409015
508.9533439668 -505.6500430531 1418.8070120703
-1261.2768917004 -829.3754563040 483.4831474660
-1818.0357562901 -833.3873230275 -516.0102326169
-754.9448242736 -1061.7563945438 -824.3994352439
-104.6332472904 1082.5972944798 1315.1875510933
-1553.2949364405 -202.3351348881 -1773.2919322480
444.3318065454 -1203.4011119675 -1712.5795323683
229.4789593516 -1739.8128358320 597.7207305254
1781.9769554256 1904.7814293147 1338.4427087190
1598.6041698317 375.0996916645 908.9379070378
-1777.7288894026 608.0294509456 1847.2880552618
421.3762730686 283.9714988253 -318.8443640160
396.1997022723 -859.2537636555 425.3404531798
510.3131750818 -892.8758820008 464.1771724802
1583.8189130472 161.8434161054 -1015.4642434251
-482.8673767132 1735.8430352891 -619.9777669284
1658.9839310252 -815.2588767743 -1610.1794864223
735.4038192017 -1021.7830602095 364.7730696932
1384.9700726508 93.5590336307 -225.8854389432
-36.6802544258 -344.7296698810 -1735.7641338532
-1880.7224458846 -120.5636331346 -670.1433266944
-167.3473253635 -75.3529582541 -833.2490884345
-1710.4934740978 -1512.2857172827 1997.1840526935
-1699.9877770531 -337.3059875537 716.2944392203
-929.1072883443 -622.2775050188 1005.2155132564
-1875.1001886774 -350.4284325051 1290.5765163555
-734.4717511815 62.7077807917 829.5815964877
993.1714237234 -60.6760666689 949.0701438943
-1208.9392955665 1577.7661875187 771.6694855392
685.6452144442 -1643.2609354333 -581.6743235762
-1752.5463366546 1917.6341954861 906.8000008537
-71.1791371735 -1184.9310124130 34.4592010950
-910.2115222490 902.1338192963 -1660.4389612290
1264.6454217314 -1036.7319009931 -443.0769683607
1901.8184897191 1084.4190797558 846.7928670584
1023.3582698194 113.7738047633 1266.5294038561
247.3404642009 1060.3714161657 429.2135598945
-90.8143933765 -1827.6405378458 -1150.5279543222
950.0322007805 1263.0104336946 -529.2563174019
-1353.9120169004 1605.7033070369 -340.1885907552
815.8079137744 -1165.2002665329 1623.4680131983
132.6231800219 -1665.8554462031 1088.0421612703
1803.5856114124 1760.6601189116 825.1467474327
1501.2781445913 -1300.2895244672 123.3899192604
1788.7050363793 1115.4695481338 1373.5410690836
-1224.8672867012 -373.8137652617 109.0838138111
-582.2783888594 947.6646805773 1153.8890458590
1287.9556551031 1803.6924276199 -620.8807362372
-591.4454890530 130.7158516706 610.4982695225
-97.8925915575 -1404.7112871835 -1448.9123316030
-15.1906817875 -1327.8447293021 1830.4431205299
-1011.4687606582 679.9559134659 1833.0419638513
-1405.2528818651 960.5262777070 -269.9968724451
-697.5256878456 -445.8299628358 1795.7167789629
-1284.0131570587 -400.9691188143 958.7882211420
-798.5405043453 1472.1799765390 1226.0602332660
-1220.1774560708 -216.9923118053 1149.5957626083
915.1449212696 1675.8446372448 -431.0916026206
-20.5706128124 723.7530195045 1049.6789695218
40.3750232482 1009.0615661387 1725.7606024634
-1020.9814318331 1852.8222808021 -800.1387053978
1165.8893687321 -996.7229255033 1669.6179610804
1953.5750164703 -1592.7403218887 -198.2347835021
-1278.2621564013 1335.6506475757 -1905.1472271237
1345.9736205954 1678.3687246672 1983.5948750011
-53.5352027076 -498.5902329337 -333.1684230477
715.6643903241 11.6550988807 -1476.1420902811
1237.9865691890 -1169.1006707282 -1899.9063733712
-119.5324228132 -1031.6216111903 -1885.8872640849
214.9561681890 -860.4433259312 -1721.0204622720
-1726.5292260119 901.7116614906 642.7611669651
-1753.1958654002 1866.7481491713 -324.0986497000
799.1999974869 -579.9140601026 -1070.2762721239
1711.7913437694 1631.7779945170 1225.8633765114
869.5644133804 -934.0201516327 -1196.4292784920
-1055.0009924509 343.4503257084 185.5537710686
-1032.1637241683 77.2694614617 874.0341770349
-172.6020891614 -1942.1797038962 -1053.4156886741
-1021.8675532477 1171.1434180814 1020.2957014804
-1640.5396775620 -1050.5360392231 1079.3679864058
751.9659950158 -781.7071580009 720.3995587760
-1053.1549158234 1606.4614744234 399.1710942688
-892.3880869119 -629.4783763712 -1889.3936899383
-514.3017118611 1177.1128144010 -318.9960662289
1785.6572640051 583.3719851707 -1106.7315180080
-112.1601427009 1090.8266776358 -247.8189808069
438.2649603769 978.1401669857 -989.5325428834
-1949.0909458643 -130.1034372142 1075.2930309076
-284.9288855400 1457.2635293754 -1684.5543801669
670.7237800804 -1859.6910171343 -1399.6016412548
-1781.4148097092 457.9972717950 257.2341781722
-1984.7559522929 -1063.6543215249 22.2512522282
-198.6964515776 851.3440864290 -250.6182468713
-1662.7006422519 -1820.4506372750 -1443.9367375478
-192.8730647162 935.0359800983 -112.7763315028
1275.9874854686 -481.5461958406 -109.6945051722
803.2830581791 -1021.0157154847 -1392.2856591413
140.0849648667 -442.1008340776 -1054.8896058309
-1953.1260457695 -1639.6281116553 -250.4496076290
969.1933348153 512.9665532764 1.4328395812
-703.9475175789 -216.0811068879 1696.5603477722
262.4801161212 -1651.2982547344 -420.3900092782
-1152.9480653554 -406.4419413437 1413.1597840858
-1786.0116878677 -1159.3520529557 -450.6319432755
-617.6385070395 1303.2588972767 -1567.8091666598
-1741.9069420403 1277.1642682484 1129.4381879127
-136.6414087330 -251.4743062276 -1782.4019924454
1295.2768023243 -1022.5584234330 -1155.2613062342
-1069.4714335720 -1980.6840835766 956.0825281153
-1271.9027568422 49.9438293744 -636.3567124043
644.7475296856 1269.0749489934 -1523.2796125963
-929.2256160036 1538.2093342353 -1040.0050855308
968.7004456286 1578.4650463038 -1513.3440078385
-1424.6964043573 700.8704114108 1184.8655662637
1887.8718567219 -1614.0510626415 -974.7397045721
-344.8238060227 101.7944911539 1464.8756918979
310.0937178793 243.7285906110 1860.2900058050
-1716.0898938261 -31.0793993377 1604.5837504831
-1615.8950999027 -480.5868775256 783.9879273256
137.2771550662 273.4659219965 966.4901093098
-177.1575999090 -14.9838704510 -1864.1465394689
-1621.1568865462 818.9286062341 -901.6997228610
-1640.6563929556 -389.9275569041 70.5966750388
96.7163867307 1685.5291900558 614.3542560663
-667.0863092808 846.6162067390 -685.8597093404
1365.5971903530 1626.0560663294 390.7997734423
1953.4430236643 1428.6447619208 430.4451247156
-337.1953522401 1485.1237832165 -100.4192598055
-1747.2577566188 1856.6215068956 -825.4229424215
1992.9975222327 -1326.0017673123 -1876.9058314636
374.3889977836 1702.2163444221 -1441.4717142849
-1261.1194832643 1447.4363027971 -1062.8358220615
-62.4478187017 -211.6203607434 550.3184209865
1329.5971858608 1478.0153826011 -84.6386046546
1864.8913503897 938.8247646545 -1911.9762720614
1510.1530782055 -533.2401646142 89.7811891037
964.0386893804 755.9701533366 262.2161498970
333.4550106407 109.0081212301 -1253.9561563726
-1497.5947951524 -860.5871210792 -547.9579461173
-1055.3063963707 -470.0018153937 494.4841992029
1160.3182243001 -1306.9509611605 -1960.5892526879
-346.2001742243 304.5756126803 -1533.3626996562
17.4353689543 -1.9982371090 1714.8452238480
922.9594583643 -945.2573047306 635.7627370767
1767.4806003905 -441.5371028258 -1749.7784771180
-571.8539941013 -1835.6920146133 -1081.7732418467
854.2470864474 -650.6823034623 130.4533684555
-1399.8382932904 1020.1339673198 1362.8662752092
-1833.3689215574 -139.5450296723 390.2852239140
200.1891762958 1552.9315901557 -469.2386854155
1630.4559537239 -312.3968866083 -724.4987458568
-1505.2147005748 -1999.3014924243 900.7140568222
-686.0315586494 -1402.1014593090 680.5676512634
531.3567167457 1162.0419575550 -1497.3507032741
-717.4308758530 322.3553327037 1598.4073968516
1805.1160454687 1236.5065378135 -962.1173988619
-249.5955901029 1447.0523229433 -1318.9962066911
-107.4661498046 -541.5813934207 -1079.4144226822
-1297.5708498524 -1635.0901005824 -1071.5353172882
-742.0627891697 -1872.8292153990 691.0930436708
-694.3804420462 -323.4409612572 663.5149107004
394.9421018052 1883.6284755573 -658.8121401576
803.4560253507 -1447.1123491822 676.6062354593
773.2228929692 894.0290654214 -791.1204042043
-198.3196043160 21.4862870180 1586.2684104861
-503.5077010417 -920.4906123239 616.9296975248
-1164.8026937993 856.1716788080 -1887.7021890976
1223.9848009667 -1630.5874471385 -1831.7491951005
1006.3262703266 396.8150469047 -39.5217325834
159.7376600864 -823.0217097331 430.7203138246
576.8372333951 1408.5410370716 639.6625655761
-1501.2731397810 1201.4813543291 1184.8950774227
-1899.6455092272 -1900.0701945753 799.5107561038
520.0771641063 -1650.4719746546 469.6459705182
-1072.4007043882 -171.1316678781 -1977.2348628897
1326.2073299851 76.1827383987 996.7466415696
-1535.6949742380 -1699.1524209314 1625.2314628560
1943.8154676041 1839.7472242349 -1404.2767008286
1737.7445370574 -1449.5425491042 1400.7226988344
613.6835277545 -1813.7167697220 -244.6754297699
-1982.5068611884 -740.0923144852 1153.3221684960
-597.9418319762 1249.5983855140 27.5211470113
-1924.7111676594 1964.4589746741 -793.0851337796
1054.3859771440 727.5882064782 -211.9960961835
1891.3331588202 -1393.7648535304 927.0574198960
853.6821988788 769.7109274003 1125.4158515320
995.5359659818 714.9020248340 27.1891990949
1518.2129677418 231.7304757918 -889.4720669078
930.1963888412 763.0149990746 770.8798449659
678.1468026457 -199.9114687560 -1568.5462438086
740.2979075945 1587.6882783734 1907.3065198075
350.6416522493 872.0745518546 1724.6106668533
-1212.3579034287 -652.8604394547 1033.0980282573
815.1993275758 -1691.1804843039 1370.7452329402
-734.4101456157 298.5080990906 464.8704163848
-1531.7403383029 -924.4292456380 -1472.8146251979
1149.5744062005 1519.0378751720 -1217.6391741280
254.6370883894 -184.6139823931 154.5143752241
-411.3755560666 -1840.7254168831 -1333.5275041249
-1616.6929364083 -1010.6480736582 -63.4310949444
242.7006127370 -1743.4392605717 -1543.3663062291
1455.9110921470 -1481.3127547957 -628.0286722403
1258.2051515451 298.2405738101 1500.0671155495
1193.6247988246 -997.0475820474 -1542.5735000370
1287.3518485951 216.4738704179 1232.1540909091
-922.2684630668 848.4241838336 -1123.8589587887
-519.2055143336 -913.0840630584 -1154.0691251824
1645.8832545190 1404.1138273285 -1386.5107320660
655.1205130035 -1309.7265674851 489.5084203391
1456.6600991740 839.8552641199 966.8350231367
545.1728406036 -1919.2895150891 1806.7472574261
-172.8089150566 -940.2247926783 932.1586150588
-34.0330742220 -242.1544714542 -366.7239885989
-275.7935614007 -1216.5742388178 1539.0739737699
1184.7604062301 1264.9834352779 1766.0219247690
-1923.1404893503 1954.5440204722 1417.6063528048
-994.2268131667 -226.5196770213 1215.1354305201
-1525.0912927175 457.6737489800 1973.3007981617
-885.5971213305 1405.3303718912 -1997.6138005702
630.2279537188 184.3008144332 -1498.1202372986
-207.2345540645 -1439.2538410836 -1068.7666598076
640.9566035057 1936.5097589216 -1280.5443607517
1377.4681081047 -1251.9007739343 109.3146683515
-779.0381605939 -1603.5148699272 -1419.7310098787
-542.4193755769 -204.6685732254 -888.0984242094
188.2575537102 1104.5388310714 1369.9924725827
1455.6865528149 -516.8383921434 -31.7031714610
-1592.9228453655 -96.7438669075 -887.5559187717
-736.5376482908 1961.4827006671 -1610.4558558840
-817.4252343547 -1725.9534624459 -1277.0342125041
-1407.6248310934 432.0184205271 -1466.7053555457
-936.7108330931 916.4858106084 295.7577923818
204.1857843485 1519.7419329084 1104.1105218858
1363.2468046358 73.3695353890 1560.7259173110
1639.3480762731 76.6287008688 -561.8423437039
-1157.7067627227 97.3178649960 -1544.5577562228
-365.6502176430 1821.9482803431 -1861.7771352903
-1335.4881706784 -1856.7988570432 1836.8082152817
-1515.6015649422 -1004.0897261398 188.5439479570
-1744.7241388749 -1643.8328144345 929.2367450134
-1032.7876860748 1897.5785818730 -653.3071421285
1917.3604151972 717.9965200269 760.4169209559
-1165.9559097524 -374.3519997773 623.4077432792
-1419.7763666669 -81.8244046224 -1663.2231050191
414.3347607277 -1946.5204407127 -215.3103860785
-1628.1955746653 -809.5734761148 1523.4063942994
-1625.0791761761 -298.8924040417 -1412.0569173984
-1114.1606314382 601.0349999980 -57.9723677020
-1825.6567006288 -1564.2583770046 527.6395591401
1963.0265717982 1304.5454074142 1800.7073181145
-1245.0655810673 -985.6135628112 1148.8605380531
108.4094996168 -1377.3724022342 -1672.0277209962
-458.8524496341 1219.7187662576 -700.7971902048
-1045.4643931512 1357.5062486498 -1893.5570851548
408.1655475861 -1505.0611053120 510.5370158920
119.3256823696 922.0330224380 1300.5833679673
-1146.0173148564 -664.9482747659 -103.3750950924
575.5156238363 -1614.9998137661 1913.0986905668
845.5366444494 441.9735708175 1315.2522419389
1.6074924483 -833.5527815283 1175.6444743769
-107.2941342411 -517.5321455722 -581.0452961985
-1883.7043004151 421.0528411759 1747.0092302599
1263.9772287534 1766.2068775976 842.3036926042
-878.4313530564 -1887.5395300229 1691.1280056033
718.3535139877 1934.2166040303 773.4790761617
-840.3502950302 1958.0075560809 -1089.9039067915
-370.0883760951 -22.1844454920 -701.4980584213
-896.6551741104 1081.0229320002 -1494.6323722113
1873.2630295939 -114.5592602425 1349.8085051955
-1999.9319663691 1183.3711011469 -47.2297467280
36.2638951516 692.6529102678 1083.0470467728
624.9756596511 -1181.7981446152 -1358.2406964969
-302.9437468321 -718.7399417071 1199.3129424661
-1542.7081973536 -774.1120717765 561.5372153925
-405.4913986932 141.6093749835 1266.7045005104
-942.3482093203 -1323.0698041416 952.9610150800
-219.3228027839 -413.3588724462 -479.4025266094
-1520.9054225072 1249.7025735548 -349.8608220482
-1865.3991851802 -939.5678218479 1547.9208148164
-676.8531744685 -1273.5241590983 -1219.5128100975
1506.2450745145 -248.4996072630 -1973.7259937432
1707.8600643793 -1756.5750091647 1923.7865642969
-1026.7626051744 1645.2746056385 120.3172569408
-1462.7126143692 1558.9817419740 -733.5604448291
-1773.0053940389 496.9684279892 -276.4214036592
1373.7633245299 -981.9692837644 -1005.1539110214
605.9091748332 985.6780492659 751.6388383752
-66.9345538325 848.9933750438 -304.5656541381
-271.5608553768 758.7677207513 -1885.3066713486
339.2666283644 -464.0607259634 -756.5926665356
505.1431432453 1252.1721661624 1547.5840949694
1838.4259407796 -304.0109046027 1363.6626285109
-1598.8444403936 1489.6894946421 428.7600145203
-745.0000942458 -1722.2266006119 1093.0881962611
-1124.9725863936 956.6781700780 848.0194636897
365.8043546665 -1810.4775416569 -291.4054817812
1895.7409590552 436.5988121247 -446.6020767979
1971.3232856234 -785.8801180252 624.3856786384
-375.3826134966 34.4996970988 -1019.2038499661
946.3433894194 314.5072415005 462.1173616232
1341.7104274569 -875.8354956708 -740.9600578418
-1093.2571867463 1766.7307537320 720.2469125721
1460.6976607243 1604.8052944730 1431.7786486556
-1148.1077029200 -341.9534096377 106.4367963089
-1644.2570700794 351.9495649859 -75.7288648680
-253.0601790540 -227.5547940273 1482.1916987474
-316.3094306176 825.4994561479 1121.0226683379
-1324.4434791058 -1369.2126144965 -496.0822495093
916.4492178538 -594.8772756015 1578.0266376425
-1605.4429441466 -577.3914149605 -760.4901550383
-224.9307221641 -1170.1736818844 10.0962027862
-1710.6620137290 -1739.8056151933 -511.9747574972
-1744.5147469834 -334.2500515462 -1110.8752713429
-1020.6496785410 -1317.3630420453 196.4732781136
-1335.8996929756 -1545.3806846864 -306.4998467373
11.0354081174 -585.6936626564 -1952.8380322994
1138.2259633239 -1884.3278241729 -160.2198366505
-1084.1921147276 506.6269210990 1647.2743329243
317.5111257553 593.8568681878 -1769.6156735221
-1380.7876447422 1949.7993599070 -1092.5596317447
-998.3820499828 -442.2442662785 480.7264348627
-1256.0768346651 835.9244785383 -541.3659567969
-643.7739921203 607.8387470655 1979.2564924351
1761.4982738147 -321.9892442434 -1448.1440437011
843.0965408037 213.1942260711 -1220.7208552254
-1602.4836013553 -235.4052894329 1642.7305618917
-127.2351320223 -473.8329633555 1945.6119783100
1560.2733367016 -1741.6205876848 331.7170977986
-344.0835959931 -500.8798322643 -1558.9345415443
-408.7813028730 -117.6750967955 -1442.6560385989
1252.1646767716 291.3365199832 681.1303005701
-82.7619077197 1826.8825297284 159.7335308426
289.3959302609 802.5566392780 -704.0165504644
-1330.7163531936 103.7960547926 436.8041081522
1994.9645211373 -696.5087509103 -1928.7325410692
-1201.3996235974 -903.2415725393 779.1668418389
-504.7160250051 -1235.7995126442 -500.1532230183
-1385.2199318418 1484.5276122241 -361.8111157958
-205.9981567306 616.9396191721 1331.1061765554
-47.9458866361 1526.9732310841 22.7179258749
-1861.6851422266 1480.5846784810 917.5746756215
-1211.4107444317 397.2290913260 1638.7482792166
189.7629390030 -633.5471045383 -1065.3861533169
1767.6203050822 1178.5577634523 -587.6309299982
1582.8601842519 -171.7994153956 -468.3371475210
1855.6172687263 234.8523009114 1663.1564585783
1999.1566110883 106.6267493745 1886.5162347297
-1716.0835403539 386.4645829891 1578.5125190496
-1792.2344052110 192.3194423586 1598.4511265488
530.1534716730 1953.5294268772 1407.8495362003
-1392.7874714939 1100.0357996439 484.0560086786
1660.0199577551 -1469.7142762096 1895.7456211549
-1889.3912791455 -1067.6242161699 -736.5500723902
367.2628095642 -1695.7886807620 65.8726285142
307.6436924359 1412.7600644508 -1501.3907080793
-1931.0489665486 273.4314691080 -1760.4242737413
568.9765134630 -1322.8633846548 1641.1694590697
1381.7589097283 1209.2581469422 1204.2831563923
-141.6950128871 -297.9825396700 63.3931344722
571.1823738563 -902.5347396309 -404.8081310561
-702.6000189157 1921.6395505721 -78.0539059755
235.8230294981 -1316.9669937574 435.4755190383
1588.7336470699 -732.0104905357 -765.0386180748
-790.0923711638 1898.9825847005 -945.9682176244
-985.7049180180 -1722.2237648241 147.6904636861
-783.3270987847 -457.7603521204 1982.1010547135
1045.0884116575 -361.1542410602 1574.4240804449
141.0385721185 1514.7463016413 1494.1942892562
226.8661431029 -387.0104412495 -1503.7828955240
23.4362342488 1383.7125433714 285.5633330220
-1866.4772154718 -703.3716346066 1296.7140003301
-1215.9872346285 -793.2433910142 30.2825506292
852.1973446284 -1052.1218266667 1505.5106980797
-1700.8358344276 -993.6262499648 838.6003483921
-1973.7107564723 106.6630828148 1655.6595958362
-838.1176740300 321.2067849262 1883.5068388500
1475.4305654268 -1126.1707149707 1794.1116024891
1904.7537868536 1074.9194891947 -1505.0034094838
944.3264095065 495.5042860119 1721.9886313729
-1239.6729644834 1603.7456137180 189.4073933541
-1000.7506259407 312.6505699984 950.3521208059
-1510.3422721429 -1797.6402093118 -956.3334621325
1526.2287035184 -1519.1471494339 1222.1833053991
1107.4366368212 1014.7211111035 1496.2943182847
-46.2926970045 1395.8452403818 -285.9844227620
820.3550277984 1849.2586517561 41.8433057365
-7.9569256543 -1683.4824722431 240.6507280477
454.7404661472 1484.6311463158 -1422.1877338456
-1789.2525100895 -285.0397571109 1983.1271006014
389.9529920210 -469.8295814254 -1333.3028439546
-1765.1777510388 -1739.1311352209 548.2829022423
233.5453342641 642.9068322197 1622.1944682157
1994.3050432888 -72.8123731866 -385.3506813403
-292.4143584913 -738.5900243991 1000.3778856465
-1266.9002220204 476.4482071381 151.1241566122
868.4632965450 1552.8580030642 -1350.3546786338
1058.6787769652 1944.3944736289 344.7391507911
-433.0527505815 1321.1228019660 -874.7468058251
-1537.0008967938 415.4813143787 1272.7843336078
1399.8810310801 1103.6760271093 -1151.8836273029
577.7437883930 -1078.1128263355 1446.0611675539
-599.7229520071 -1207.0564395332 -1162.9830138117
1119.2284968444 259.7462094201 1327.2077627577
1108.2101915654 360.1077101688 314.5623071460
1060.4749764362 -1814.3321653690 1862.6006946085
1901.1819106040 -1281.7437163818 746.9927770338
-720.6200077647 -1447.7061280567 -853.7102523761
-769.0034417094 434.0354685214 -114.1652533571
605.0776134412 -1742.8289532213 -1494.0533095323
1751.9102811591 1619.6804910862 1306.3588424022
1525.8820071230 -1424.6127265506 1215.0809719547
-1592.8433187660 707.6915395479 1165.5863055161
-1885.7678930822 -1281.4015129846 656.7302650867
15.9433566452 -810.3671329065 -510.7890107284
294.4750541284 -14.2040937580 -995.6272629317
-1143.0449265031 -1962.5797155025 -644.6995834862
-1649.6418716260 581.0297974980 -1205.1670309649
-950.5719944769 -937.2849407392 -1450.9441655979
1937.7668319661 1511.3200654651 -1530.9006638416
-900.8113446973 -434.6153990607 -1459.1564645682
-481.1178358102 -899.1757312579 -110.5638339889
1607.9392766601 -736.5190744970 -231.7019763941
-1461.7101661761 1045.9049834258 417.4057232278
292.6389991600 1229.7101887605 -668.6129082963
-357.9314889278 -885.9641319394 -200.6973377682
1908.9379150920 -1242.1892720466 -411.0192397922
288.0416792659 407.8979599047 -441.8624758374
-590.9358627862 459.3507948132 1989.5286655504
-568.9390442533 -1057.0353155507 -256.9519753330
1435.2081959259 1500.1636789649 879.1925135555
1892.0642991781 1174.4396038860 419.0383684823
726.7406520382 1079.6422575919 -222.4501550329
756.9558153604 -1744.3961603188 -63.7341171996
480.5956360929 626.7110065178 -121.9898635999
1802.2248223087 1232.5603765086 -1673.1560490563
-1398.2142196969 1010.7504069003 -1952.3027316656
1536.9473966695 1846.7741326672 -1524.4129843917
772.2235324510 -1492.6210007118 624.2268168368
102.3748170946 1136.6674486069 1404.7929001217
1011.8145797531 95.5695207496 -1993.3053159326
624.1548520158 686.5386698603 1090.1341795788
-563.9585987628 -765.4427348715 79.9851931484
-79.6954613158 -369.5972513836 1318.7167381163
-1693.4692937378 -1795.9950656445 18.2725081393
475.9175398141 -1436.2076098331 1489.7385830431
1724.7158208667 -280.3478151476 1784.9900395263
-1462.8849199935 -738.5168049492 -1733.6240368805
55.3667647527 -1355.8213273887 -1528.9033869602
206.8983868315 996.8316319433 -1709.1945323720
304.4087828602 1081.8243397143 -916.3916488609
-1181.2369757086 211.3266883969 -187.7092846642
1617.0290294274 -3.4948903939 -120.1587046722
239.8192613165 1200.7995658947 -998.8111307240
-1499.3025766908 -1723.7651813211 652.6423721121
908.5172980175 -1138.8194478170 -68.3113175933
-980.6575240663 1343.0212663619 1602.1938063231
758.5543034398 325.7594877163 1912.3975871546
765.8637403513 963.8173988757 1137.3166732109
1127.0300282645 1621.4547842126 995.5113477783
-488.0914025266 12.8937817911 -1300.8094659177
-799.2504777704 1133.9440052597 -503.8394914277
431.6767218485 1157.6526762209 700.9471858077
568.9652410784 1346.3375440065 -750.7554731836
-500.1254651538 1174.6607402587 269.4826687346
1668.2327069875 462.4948194050 1672.0268446061
985.8124479295 956.8334165459 1492.0755809429
1362.8009264336 -1501.5894146264 1216.3235401934
1381.1897426767 -825.2335626759 -1121.5608490092
1327.0905200307 -1637.5802401260 903.1656584804
-1187.8912411024 -152.7902363476 -271.4523306197
412.2823162470 -1171.0241511730 -271.4700366085
1041.4871139332 374.9377773146 893.1803970185
303.7390969364 1909.4579933721 1456.8028148089
1780.4532263558 1777.7583490389 -1422.8930458553
946.0830105453 -1597.0900652941 1987.6090191184
1659.3766489556 662.9098051137 -1419.5658368671
-304.7560205259 716.9048239756 1216.1564820395
496.2549733713 -24.1713355436 878.6291622172
650.0646872164 -118.9136349655 1568.3186611329
226.8415538733 1339.1963586731 355.8951142175
-806.6131251609 136.9745055395 -1264.9954162560
1240.0054238633 1348.3101370015 -648.5242298622
-1666.3472132827 283.2957184916 -1932.5963979641
1808.9466580392 1877.8612777695 -1078.2460544742
-1126.7684432952 1290.5301377933 -414.5882967415
-582.3261429887 1909.4137039620 45.0478146737
1759.1932378231 1429.3293676701 342.8298881101
-639.6773735778 -1520.8938711141 685.6013036204
-1697.2865269262 -762.8701704412 292.6332185496
-1564.3842181649 -811.1143310799 307.5319432115
-1662.8722709478 432.8351535539 1958.4059770529
79.8148453808 -387.5140219407 -117.9044320936
-1683.5223127310 -1315.3014456415 -806.9168660450
1262.4905879654 -1534.2047435915 -1090.7192936158
-80.7124208920 -623.1965536330 -1101.9831742740
-1662.5589390648 -1594.4976423664 -763.6775078357
-1167.6582556135 -953.8572289784 1070.4562954958
-535.9216878319 -378.6383918411 -1384.1850434998
-1317.5767893873 -1406.3075268669 1774.3936312245
1788.5612426226 1144.6565354754 1832.3630453118
-161.7528563625 -1409.3939315104 589.1196184078
-1311.8958861024 -1478.6156708008 677.8872910990
872.5157415070 -477.9665854111 957.2570088287
948.0794730775 877.2462933457 1403.2630110450
-1356.0901867961 129.9206726032 -640.6342611290
-1698.5426379071 -190.4630941306 1467.1160817847
1924.4088170727 930.0269912799 1836.3807899124
-865.0187379292 -1382.4675792746 -668.9352503720
-412.9430566762 -532.3739429270 844.0754341359
-817.3990698506 -272.5424797990 -591.2766500314
-1206.3171111135 -194.4415192664 -1801.9890268131
-578.8390888309 1150.3893539492 1428.6064653185
-160.3856434747 -190.0561855557 350.9971349441
-1499.5390410891 505.7282898744 108.7418802059
1897.1628059579 724.9673193697 1251.9290213137
1291.3180322718 -1658.3265945207 -1886.3793389888
-1712.0219611592 -106.5719638398 1277.3061347879
1396.5314984308 -1329.6163211178 1025.5336828284
-910.9386328713 -781.4375830673 -1755.0017945966
-1964.9871688335 900.3152629547 1363.3185143180
781.9772490692 -465.1641619704 -1830.4152906343
869.5779589208 -30.3234935975 -1788.3922807014
-1058.1982498207 1361.2334715629 -966.7576318045
925.4242223461 87.1081636317 -871.7343710656
-255.1604568580 1297.5789000057 -1491.5652624186
-1586.1485802208 -1856.3606033228 -330.5343669637
1786.0759708209 -796.8338982072 230.4338643760
-626.1387282857 -2.5186450929 1853.6545052214
-926.0788891226 -771.3990582801 -461.0777013850
-1594.9477147897 1125.8509985720 -726.6794507652
-1273.7758672191 1559.4482149590 -1430.7439772652
-1681.3755413997 468.7789447643 961.3747413065
-1360.8737769391 1092.4691301283 522.3882364652
-278.2258609421 1041.3570451748 46.9874393133
-1361.2728678641 -1327.2296697857 -653.1736390738
1153.0977623246 -671.0363873768 179.9045752568
1324.8093825460 -957.6100961089 737.5285227519
-1642.9418580920 647.1959639015 63.3039958398
710.8416300544 -1714.8471774130 1229.0079421521
-1402.3148427343 313.8719706235 -414.1893477398
-1093.3076259705 -1012.8418572554 1885.0199733304
908.0431646780 -1326.5913620705 -938.7507249701
955.2206528574 -647.8793222232 1698.8303568143
-490.9605362476 -699.6010182640 -1000.0571267180
-378.2770291554 1956.0029965140 -1378.1193023340
-1363.2452138064 342.5264825017 336.6968681071
1978.7859435631 64.0804374293 -1316.1724746008
-326.8193761850 -1168.7798563939 959.8830091275
-1952.8159758286 141.3108232666 -222.5771548296
-93.8735412755 -883.0968231796 1573.3078761607
1897.2953609532 574.0688064684 -1824.0674251977
-573.5787797887 1405.6973661190 1767.1483267207
1224.5181635113 1246.9623128278 -225.7318235581
-642.4095285228 -939.6810583270 624.9622219924
-1998.0603885548 1269.9069121473 1741.1792873920
874.2249946909 -1166.9554929838 298.7075508931
439.5961018400 -934.8258457132 1857.3539650982
1133.7766814481 1612.3952748885 -801.4705014329
758.1276862975 -1842.9423508948 695.3541863875
-1132.5667064858 -1316.2887043705 1913.9532382920
661.2397691871 1471.2896903425 1752.5673826525
1820.7403076566 202.7169351941 1569.4135132398
-1204.9742070472 1997.0381763969 -99.7048231894
-1369.0469205471 -1235.1980979664 883.9424337317
1235.7535025347 470.6808538173 -1951.2764850280
-1948.8119689207 11.9098428939 1700.8757861772
-1722.9854867747 1902.2457455332 -1068.9665965072
-675.8502188523 1355.3202277846 500.3350034389
34.4674680164 -1018.8176332219 132.4519704414
880.4366498632 1636.6506118500 658.4341356745
355.7342159842 -1152.2380212929 -1978.8672935459
544.6226481514 588.2643065043 580.5594810370
-1115.1371724085 -1334.5896771905 -237.8377764593
1042.8471332802 -1660.4018964251 -1848.8490860039
-390.3374295069 -1817.4432633073 -1207.8042230334
-1080.9874156784 -1678.7300617557 -869.8895345253
-1276.4454447711 871.0775924309 -28.8525168371
443.7634509503 1226.7136220872 -1910.5509456415
-1657.8163839130 -637.1892355172 8.0608472268
1308.0841917653 -1445.8804732633 -907.2202981009
-129.1881271257 -1098.0822295184 -1506.8088388193
72.7708660439 -1285.9805957065 -1178.0661150355
1877.9246699015 -346.9700767893 528.7714641369
-1999.4290415421 -474.0815195030 1614.7244022412
1621.3748601204 -44.2892091781 -636.1463463114
-1058.4124078249 821.6185134713 -223.2495153928
1890.4377649111 -1742.1571849989 -1319.3500588396
-564.3334254834 257.4366497151 -1729.9003260171
1518.8827853302 -1909.2782720388 834.1566193766
-1348.9904076503 -268.9442998584 220.0295436149
54.2015082821 1381.3493613458 11.7770855212
-1372.6206102596 564.6743885676 1864.5121981927
-494.3320252828 -134.2311848030 528.2532460404
-1369.9462406117 -1234.2339000777 -378.6146276075
-351.5732322481 144.9783378176 -1251.4056955575
1862.1261349139 1977.4763907150 1763.9952542960
1865.4985996534 1548.3539712673 -1665.3820542721
438.9703641926 -1871.1858006315 1974.6468853334
1820.1227648622 1166.1750087091 1506.6050908277
402.3092972795 928.6462645090 -230.3263204487
103.3944779114 1757.4346664007 -1700.1326163522
141.9634921966 -287.1203691891 -139.2741830472
685.7610897654 -1320.4641864297 -722.8703151801
-1176.0140025702 1967.6959725181 -1631.8319140079
-467.8176305805 1751.2398319629 1394.3868866458
-1678.2530774284 21.3453651224 223.7688931585
-1346.1842361777 -490.1458162824 -190.6650838042
969.4266802093 -1134.5071375626 -1231.6225668333
-1715.6746405654 -1146.0897404468 -807.1126005233
518.9142981672 420.8044730412 -604.8326678541
-408.2576377019 1761.3827830373 -1691.8133890318
-1396.3076813668 -1874.5514821030 1445.0997270499
321.9029639782 524.4168603355 -929.1712956358
301.1820655524 143.3733716161 133.9369664970
1781.5373507124 -432.5045818737 1958.7084280216
-1339.5341814287 -954.1578358509 1466.7304146685
1699.4879703019 -1549.1460714146 575.5544652170
-1261.5902947198 365.7204971498 586.0458337945
73.6240004517 1324.4206421084 -853.3838954314
-432.9323390103 -1702.6548926541 -1097.8423779635
427.2334901970 -820.1565272626 1396.7409846608
-1419.8627795047 1684.8905855175 -509.5554243843
-452.7264423515 -1656.3638657626 1471.2257485184
-751.5485589290 1579.9359322821 -1359.4897040852
-1893.9828087632 -333.0101136555 -726.1648566227
-1368.4088838846 -529.7173413101 -1621.7962269483
-1198.5173119974 -1255.4754272763 1645.1437468550
377.7746039643 -388.0306417515 807.7549345072
-1931.7518269841 -1090.8997099976 1327.4774567655
1215.5806169778 -1584.5106152759 1472.4120689485
-899.8979546463 1944.3076791488 1772.6083327636
1959.3202227540 -1339.1176423613 1393.7344661465
1249.4634458630 -1689.2433560350 596.4723661996
-1900.3789165005 1101.1801337041 -254.1766542414
1618.2295670236 82.3546694402 41.4885442306
1963.1851677398 -1358.7932745803 86.5710710610
-281.7067185943 1713.7055419380 -1499.6552422944
1860.7267366529 -1576.6890263244 -197.8735736642
1135.1403414415 954.3587355996 -260.1981616113
469.1487385343 1050.3416635338 -1839.4857541823
482.1079042904 991.7309765052 -990.2229329174
-645.0154673014 407.1800768733 -1791.8589144986
-380.6539700067 -2.2721020586 1373.7551306342
-1766.7431696765 -1067.0729607914 780.1189713610
210.4283001960 -163.9003133518 900.8342019430
-955.4929918433 160.1430665229 235.8714719359
-14.0882434770 -166.2498034571 -904.3690229906
-809.1690326939 -427.5526364660 609.4025983271
1158.9779114542 1963.8830394744 89.0221527847
1246.3359485646 1416.6753430820 887.5935140077
945.2741955516 624.3618470982 1843.9123885969
1317.2786296257 -133.8073472349 -692.2370989137
-472.0241584408 -831.7630595326 -1607.4479941229
-1393.9071755196 -1972.2589491896 -1009.4244658146
-1825.8141947840 -1383.7896706044 -1019.0050954625
-1413.8542279609 933.7452675245 -1496.1477998822
-416.1635333105 547.7718414068 330.4057897438
-566.8441556732 -1377.4018986367 1696.5220303281
278.5660190101 1568.6647761255 1990.7502052617
-1489.2078575024 1645.6273403636 974.0011952133
-1319.5853162777 1564.7479684972 72.9577928730
-1961.8108353630 -521.5459095436 -1536.3916726574
1904.7827866439 -1931.5259155076 1096.8151139625
932.0552800156 600.6896521145 -1133.8493777346
-1738.0417295932 -209.1612841160 1914.0603024269
227.6886776227 -212.0581185641 -963.7023156935
-258.1590371088 1276.6092436860 -1783.4831674921
1578.3176244170 1856.3411422951 739.1592535475
1487.7332421074 344.3415939506 -1200.2112112468
-354.0221544277 1477.1838517154 1054.3839614347
-1792.3286605998 -509.4592119222 169.4593638239
1723.3479155886 -309.4549343011 -855.0278716717
748.4807350181 -1184.2231854812 -1792.2355721910
-498.7414840448 -1654.7920627714 227.0899701259
1581.2634916903 1318.7245153532 80.8512774163
-44.0780442147 1776.8383102132 -1219.5783742721
1217.1587161882 1278.2213783268 125.7033530663
238.3593979379 834.8800014228 -1868.4202098176
223.1016511806 547.7487030076 -1339.8365293539
1982.9760935791 128.3893832529 995.6919879923
-1977.7519300636 -913.1312237027 1399.4634492963
98.5591640325 -1730.8121780334 264.7571614984
-848.3125535049 1597.1338749842 1165.7301910050
-1188.3609987368 631.0463443370 -1729.7189882890
131.4834419300 537.5434936213 -1707.2047389882
-55.2588983357 -1311.4084394085 -493.7148913302
156.1447943146 -1970.2262704345 443.3279563588
-804.6067158361 -653.7017531898 -829.7894980921
-1650.8197284605 528.8596610101 -820.9688720082
-841.0274427438 -1472.1424728000 1126.4716405058
1457.9326802391 -718.2758045149 628.5255816420
-1060.3858392287 -936.0146299527 -195.2818222964
774.0920804380 -1733.9924336963 -629.1629012538
748.6882703799 247.6073159251 1319.1167960103
619.6595863930 -920.8015796843 -1728.0141215070
1527.8468780093 689.6920687192 357.7854700983
-1794.3553904851 -984.9270271830 -1901.7358097199
-1940.8914274347 649.2748138146 -1719.8654991011
1457.0704927965 -258.1453890791 -742.5317042957
-140.1106077226 259.4601483563 531.5103915824
1756.0425476116 -689.3426023875 -479.3356055866
1654.1321870236 682.1244444320 851.2719259907
253.5280326545 -679.3589778620 -1234.9316711172
274.0175988497 -1239.1942336486 -1239.2891099159
-337.1013985151 -838.8942853193 593.0662001410
143.0089177482 538.9157632705 -571.9343346655
218.7253226112 1787.1764136295 169.0053830573
589.7089692643 -1064.3118374020 1782.7340643597
-443.5775507682 931.9941297197 186.3187120329
-22.1377214057 16.6169717152 -807.2219076152
-1374.4438973743 -146.7947248979 -235.7800526464
683.0975018191 -1192.9620196524 -190.3704330641
-1379.3592972698 1872.0323831079 -778.6967833703
160.3173438358 -412.4092722560 850.0565160164
116.4745049194 1619.1156801255 711.8456791326
72.4324508777 -1848.7807267159 839.7069889447
1189.3235524927 961.4920814761 -1253.5432596843
-415.2871670902 1010.0362566529 -65.5545504461
770.5515890903 773.4426825863 -606.7116516876
-598.0726544692 982.3396289919 1223.5375871082
714.9702088124 -850.9041311323 1770.0140572308
953.7953805117 -834.6347361621 1335.3934617086
-1749.4960647045 1804.5963656777 -1685.3681186697
-1522.4549556221 -493.6702617421 -1014.8009720415
21.4053458738 1534.9136850835 -1609.1980211709
1378.2141721389 1034.5928325932 1812.7949004894
1936.2469194401 -1828.3628568588 -830.8646924974
107.3261659201 959.2278699374 1768.6039412206
-353.8150678660 -826.2144494274 1397.4199144240
-540.5830123419 1104.5747128904 -1268.4561303754
-21.9615654636 486.8165233524 -626.9601873913
608.8360530519 -823.4603762427 -98.0221907765
671.7297778483 665.0126828025 891.9843321895
-1640.9658358059 725.3996999144 -241.8235322803
-1867.4250670052 1238.3706431134 717.3393775565
20.5699704374 -1443.8513259742 -1026.9943217714
-531.5582663345 -1856.4737203257 1961.2936235274
1706.9537910150 137.3561002444 -1212.3816804382
1422.0696350967 735.7359226416 -1520.8914744854
1207.8644549414 -418.9252675379 423.9701428378
870.4828796084 406.7895757976 1498.7704274943
-739.8783871177 -405.1803866199 -660.3607164458
-797.0450275788 628.2389271349 1604.0644930869
134.6858062521 1513.5250767631 -32.1434630292
-1714.7384117867 1996.9458400121 1675.7228268576
1516.3487650091 800.6352737279 86.1998144092
946.2040221679 -1458.5417981171 -1960.1020689083
-576.7837031083 49.2069910297 1904.0133103115
-531.3650185471 -239.7427351710 159.2548941266
-90.5028228465 1420.8710664233 1960.0003259233
-49.3301384142 1009.5741191138 1793.3013867577
1703.9035157350 601.9198436577 -1592.3400672852
753.1533430214 1454.6148989814 -1041.6078533264
-1789.2958531223 -1551.7865933650 -1493.5798320647
865.9923930700 1190.9200109388 1260.1652520965
-1515.4814282625 1207.8269113411 1869.8404112933
-1253.9750988753 -1005.3121792965 1259.0588952881
903.2560041550 1198.4109835871 -619.0220001063
132.3547515463 971.9458689591 -1996.6466850616
-225.1385668988 660.5109666903 693.9771647063
-1497.7940111943 -1683.1194340784 626.6710217855
633.9425547535 1300.7675387401 -1837.9942717678
28.2108648253 1465.5880752165 1781.4729829467
1288.3955143787 -498.5424457265 -552.5407146544
-1719.3256147820 236.8447654988 106.7874751601
-1416.8575398164 -619.2753822141 39.2372416517
499.7535863096 68.3380530427 -1178.9263595819
-14.5273483633 -344.9969960771 1474.8265094736
-780.1225844965 1161.6966756542 1293.3851690241
1600.2072846012 -1558.2381297800 345.1922079348
-1757.9613461650 -1422.4459315424 -387.1059997404
-1796.9998062867 -1739.2168778489 -707.6182061821
1488.9830604705 -1117.8948673816 1373.7735981220
365.0485803261 1988.9724114183 1730.7311352204
-656.8681495924 842.3862355794 -392.5114714184
1660.4793144877 -469.0897283657 -1997.6146104840
114.2641641207 244.5038042913 -486.5427736040
1645.5456205802 145.8915357529 -1503.3023278427
-846.8733388672 -151.3578025461 -1612.7490480352
-1710.4430324237 765.0862344808 596.5553880764
-161.5119453784 -923.1625450756 1569.5377968036
-296.0935481567 70.2276242786 -620.5427775464
-200.9319741606 980.7386459352 902.0103248767
1125.5670339286 1629.8335844501 775.8440222585
-648.2083880125 232.0192872891 -1621.8110704616
-387.1820898401 1301.0038278978 -936.3513939066
-1777.2722015958 1549.4854965530 1603.7440407309
-772.9556839549 189.6279800734 1346.6579574491
-1030.6981436762 -1912.7464870225 -1503.3246198906
1189.2471382637 -475.4883919463 522.4123344695
1572.5720991953 -1999.1574236863 1289.1494783407
797.1112402651 984.2985688840 251.7714351554
280.2434148777 96.7933411962 838.9072428742
-1143.2734880296 708.1351297172 1140.0525201020
1754.1866762450 -1789.3025637113 316.8892224673
1058.9797380252 963.4966979045 1297.3029933338
-127.5004741302 -730.6526098396 -951.1070542902
-99.3543584531 1656.4469107426 842.7555014232
898.5209567392 -1679.3303816239 -1898.5314061363
865.0014387183 -1956.8922019215 293.7535652705
1378.1834351797 -1245.9401354107 1114.5346934379
-144.2889862800 -1188.4596770717 1642.1269793421
-1778.1481024412 -1231.3749386538 714.8272335517
-752.0174059757 1826.5573644495 -1420.2700835232
1355.0559285619 1248.4188532285 -108.6711045091
-1492.9082661487 -1975.3267549237 -1355.0057611946
-286.1750908627 1066.8973516767 1402.4163766656
98.6021330416 1606.7893364203 1053.5892495555
-1386.5600657449 582.2635716213 -1046.6449456488
-931.2332384013 -170.6741868899 -1551.7652287004
-1775.8236204161 -325.2065843598 845.7341078122
1735.8350853786 -36.1352027620 87.4833381289
-352.3178923304 -560.4639581262 411.8212680992
-1483.0503954105 -1754.6676756788 749.5215642360
-845.4298774326 423.0565142248 1508.3446374304
35.8097360527 482.1826930919 -759.6554422745
-1817.2040111808 -308.1992855423 -1666.4809922682
355.3550516866 1650.9770649306 -678.4057889908
1674.2731459317 -890.4538398955 -284.8864724498
1804.5998884668 1598.1358966375 1901.7984926983
1606.3035126810 -669.6958640215 1927.0774888093
627.4467101423 678.7265437672 -1297.5243956112
341.7673442349 -770.6809812053 1680.6102804241
-29.8896668041 1993.4013484100 -1528.7625527497
1191.1815394473 1052.4329407375 798.6032609859
625.1475709775 -1013.3586367550 -661.5904666561
-268.9270895728 -1474.6049215477 1903.7126280202
1096.0824467382 60.4256919722 168.8886630087
-1609.6246012266 -1458.2325078960 -620.6135598895
10.0998598327 1413.3791540353 736.8818314502
-1558.8905374884 -1830.1352274316 315.6005762780
834.2375739043 1829.7061455905 433.2767466257
1844.0212692498 879.6589825452 -1974.1868449143
437.0578659687 -1916.8867557614 -13.0958587581
-903.3113974725 -1989.9957009754 -1666.6686950610
-1033.2888884067 -1037.4794862428 -1052.9846632200
1757.6980207929 787.8990649469 -1423.0253382560
-1103.2905208670 1737.5810699609 1575.1470622092
1082.9364971890 1490.4303972549 -626.0963518172
1619.5603842308 -1392.7120318946 532.6808645497
548.7609319385 -556.9880329196 1991.0585869409
-336.4258131765 -481.0916926987 527.2011358309
-1333.5969604280 -925.4390541824 -1479.0314157077
-752.5399688100 253.2507722566 -158.8886343496
-1251.0201005976 -833.3665915385 113.0525804333
800.4796752075 653.7269051600 -1273.7984836561
-328.1862173709 1561.5216068455 -595.9397823307
-566.1095103121 1882.8829930258 -1918.6321858062
-1916.7127434925 -222.0449685188 -1597.2562349013
1426.0731495525 -1992.2992871635 -462.0456706534
-97.0782114210 -321.1119179821 1950.1643686926
-1628.3491265781 230.7088599472 -222.7908916882
1051.6872292545 -25.5185037811 1797.5483367688
1957.0274024624 -1921.9590919723 -819.2555205432
807.0429802220 -201.5946468116 -206.5649100620
1948.9606905667 748.9400946361 378.1809673057
1554.1239812491 1774.7775721283 -1802.6939885737
-1174.1171290664 1477.7204005248 -1371.0364053174
1663.3982818171 -891.1270836883 -1221.1507055305
1975.6033009420 -840.1154247391 1449.8994038545
1076.2427550737 -714.4859978364 -1690.8579949453
29.8778455000 534.0014785894 -1837.2764712894
484.7498094580 178.4413467785 -1923.4995986322
1747.8511872644 -1374.3420129434 -186.5459712108
1352.4522672160 242.5383144536 -1931.0313424807
-1620.1091368180 40.5909951740 -1793.0161616358
-1310.0699125819 426.3138662935 -564.1102542681
-760.9763039957 1058.9630333853 -707.7308226926
1712.4119848980 -926.7096998406 639.2712284476
-93.8654992607 -1991.5590596418 -54.3603241721
-747.6254361463 1064.6764237593 -1839.4127793107
-1398.1973416331 -1413.0128418366 -872.7142398486
-255.8779270149 -1391.0066468680 1348.7716227830
-1564.8249938430 161.9610371504 37.1606248549
-1369.8628633621 -433.9670205610 -1948.9823285731
-1257.0321378882 -918.7783298093 1480.2958934094
702.4394247366 960.3860454575 -1538.9940970753
-1285.0117969620 -355.9639001324 -467.9105671744
34.5209914815 -100.3500860738 233.0505583626
1329.5229909142 -840.9115515940 -1510.7080147360
1547.6181058386 1310.4023513815 -1881.9116805484
-1414.7124442643 -1368.3793598326 -84.1140752889
475.8893538820 1769.3088822066 -294.1153672420
1039.3292252825 1148.4993902856 254.1665454878
876.1363813939 674.1810869167 -760.0578408944
-1460.4746101754 -406.5792010050 104.1759393545
104.0935472758 -48.6778231437 875.2240664687
698.1165063316 706.6523482525 22.3609453470
-1304.5768428453 917.7954250539 744.8209275657
754.5004749048 1506.3635613653 1610.4620946039
-1356.9092475760 473.7939925764 498.5060889182
-1544.0231063667 1674.1915206839 1896.3676851282
-787.6033596050 -1840.8378987663 -1154.2112522193
-64.9083122776 346.2148657720 426.0291260972
770.0843917246 -1164.2185085351 -1850.6323108870
-1082.2137657681 1382.4150507785 -423.2363792294
1195.5559996192 884.7600676111 364.9884490014
1858.4948535249 779.3089963336 -1104.7445728684
1656.7508075313 1441.2783366856 -977.1908465992
-601.9076416254 43.9303097382 -1900.6015662025
-822.0891032579 1071.5319144232 -295.7676237658
-1728.6455620752 -741.9074830586 -305.2665396113
1636.3576561028 486.3101684876 1599.0293827646
-1354.0586773177 -219.6149648022 -1767.6759448472
-325.1523111248 1424.2302615952 82.1820559715
1200.0384584686 -703.6074215768 1747.3435920638
767.4291060530 -323.2891998526 863.1549220104
-583.2534745837 -1007.2239442978 899.1021261190
-325.8971193028 236.9643587312 -738.6853238439
-208.6896604380 -1312.7933888685 -154.7931371386
1867.3105904824 392.2731567618 -128.6206091734
1234.9137284159 -874.0296238664 79.0064810492
236.1944058187 1219.4457421144 -1354.5123822451
1893.1098790754 -1318.4748674709 397.4874521303
1348.5202321958 312.8205984165 1273.1054291777
-1260.7068530447 891.8112694749 -1692.5193629468
856.6774011894 1703.2311658315 886.7230257654
676.4966180717 -1221.3715101450 415.9329301255
62.4274110981 -1387.8247974994 -941.5272988391
-1600.1278188119 -1958.3808818458 28.3068010189
980.0834052335 -238.5070693247 -1942.1504100348
1155.1449085894 614.4659824821 -1651.3853708342
-160.3571214930 -1353.0791644493 -1782.2737902335
-902.8517400463 -427.7157141601 -1385.1628172167
-1507.3819521665 -533.3451981496 482.0089992936
316.3208523741 44.4089983728 -212.5321948767
175.8597738792 -687.7605982819 -1382.7830370430
-33.9209310872 1018.7053732919 -565.6335841475
1947.1399497930 -957.7913397936 -836.9314512385
127.1016295856 -1417.6633342373 323.1202504156
1514.1209145975 1263.8241927225 -1027.6953964422
-876.2868151120 1514.7071887762 -825.5999038222
-1165.7849124536 1579.6903637669 -483.1133911444
551.1199587161 -48.9795191668 568.0401160597
-1196.0738389460 1467.0741401791 1826.3158154020
1949.3919774118 1427.4045747414 -718.8817399673
985.8825525181 325.1345726636 1385.8811048997
94.5931061003 -1940.6466667310 1899.7134489581
251.1509349776 -57.1240313857 257.6784274716
1868.6784890144 1294.7603183402 -1312.1900121381
-1442.8596991971 -899.3080956680 -1022.3422756762
584.5921731605 -624.5543878081 -117.0189473384
277.1420217388 -1954.7749075875 -1631.2271347609
-1215.4233074578 1518.0552725153 -767.8861442404
1975.5775936790 -936.9890997325 -1837.2530475625
1815.3034504972 1378.8133153969 -1314.6527372986
-1827.2953541448 -616.2155509171 1262.3724209845
-243.4153949590 907.0329661385 -529.2645033202
-203.3627938692 1554.2233895120 -20.4917680281
46.0347209978 1486.2749441510 41.7705025066
1039.5683521612 -965.2007137024 -575.8876308704
-143.7829992915 -1058.1765197985 1478.3313772482
1737.2937216729 -1495.3445723096 -438.6913373996
-36.4457148327 560.5895683022 289.9880254343
853.0377427293 -101.2984187232 969.7155707329
1187.6794726036 144.8153652583 -1938.7766362110
1067.0428629905 -984.2982637504 1344.1392888870
339.1396524086 -429.8590720915 -1494.4937076868
1743.0054604665 1276.2040138998 154.8106962870
-330.8498807156 82.2149393953 395.1854742849
-1075.5324847828 -497.0109108491 -1660.0934114917
1381.6073229843 -1600.9869402183 -730.9551426409
1727.4804917001 -144.6449690341 1358.8800414583
1355.8873266150 -516.7738040623 355.5310234629
-1538.0859383224 173.8698248049 -1188.4668608027
456.4648091314 723.0192238053 1753.6761668963
-1732.8740302623 -1014.6716341883 1865.6351766027
1302.9532689321 -1021.1213579382 195.4234774499
-300.6875522331 1707.8907668579 837.2667782203
-1541.9771330588 279.0878628940 -573.1119743733
-1141.1342293929 956.5542716180 -1356.1809254684
-1902.7278420119 -1638.5814660807 524.4496204795
1157.6830166728 -672.5007938744 1857.5793976521
1178.9455203393 -105.1076406229 -19.3791322128
524.2360681015 218.4815160089 -1178.4529143692
-631.5858335309 -1558.1891653906 -1676.0471113318
916.4682078685 -163.9855200220 824.3148359385
607.4897752883 1206.3461743621 1662.0255853859
451.9115386960 861.8511882993 1036.0452902949
174.6369201754 1980.3661033556 220.2478158517
-1245.8563246313 526.3225836579 -467.2751289965
-1179.5500409114 -611.0642362955 248.3465920783
55.3668661701 714.4921618498 -1275.9425022547
1718.7395616382 715.6457789819 -274.7641870463
-1498.3721897171 816.7296587578 -473.3315173986
-799.4908698516 265.4734298821 -1756.0352119054
540.7868962475 -942.8804508847 1666.9631816613
-1482.3942425209 -125.4754135871 579.3244731535
1496.7515801226 -1958.1058966935 497.3451418314
-567.2152961427 -1840.0525831387 1638.6872891082
-928.2869767167 -925.2258981101 1541.5607011517
-1784.7849917447 1312.0562592276 -1788.9035960869
1463.2405137793 -1312.2781581571 20.0320420963
-782.7951416500 1772.1765154710 -1761.5106323682
868.8038940274 1608.2658998072 971.7305465552
744.0477047248 1254.8197313818 527.1549605687
78.0344474459 1147.0714480516 -1965.3324267415
1710.1964918454 -217.1658396069 -966.2392274176
-1445.3368019064 370.9325934291 1981.5673562724
653.1277202953 -881.3945763391 -1374.0542287556
1504.5262026987 -936.0254417782 -1000.6524905382
-1852.3024985975 -107.6887078800 -158.0917144787
81.2446255903 1867.9292995494 1752.3814649710
-931.3572373773 1207.7534033562 -597.4540018150
-288.8713400680 -251.4353777433 -482.2354156996
1823.9274368449 -209.4704920166 -498.2500442124
102.4369953240 1197.2118049539 242.8167061486
1986.6309506266 -300.0853861485 918.9561420040
1768.3475860720 -1905.0680752666 -268.6845354854
-1314.3917668364 1186.8820364567 566.0771560317
-1893.7270346182 -1983.0161252594 -401.2684564217
124.7286797727 647.8840277470 1630.1565993383
31.5581202081 352.7185286643 -695.7004121184
-1028.2135051826 -345.0827776929 1549.7481383004
850.2139776439 655.2021896885 351.3723215831
-279.5953616087 1575.4517627408 636.8345504347
1121.9780978711 894.9975343531 -742.1630708799
1338.2603381456 -540.1212966594 -214.9418812820
1362.8081379113 -1669.0450609844 1900.3628507982
1196.2232717327 1842.1858817066 -1123.5808374325
1925.1180256056 1700.1262631173 -1191.8824830473
1073.1676822544 298.0078510480 929.9882425187
792.0851290386 -270.7700004102 356.1517632881
1205.5698181435 -374.6090411611 -1607.3041268766
-694.5177827387 1566.7418314335 -1441.6277978363
1104.5135265991 -1539.6967590715 1877.9056096543
108.7271847301 -1823.1529422573 -1843.4519744802
-1596.1919052688 1122.3710344841 1795.0707358561
651.7974619113 -347.0200606199 -216.3810040732
28.8667970724 1288.3260684593 -147.0040340812
1434.0645251906 -1964.6523672709 321.1635181290
545.0343954714 1964.2697498261 724.1197564666
727.8423289838 1599.2218786944 -626.7799621672
-1818.7789654618 1908.6101752776 -584.8559635627
1020.6947541627 -400.0045368443 1314.9650596574
1669.1177876321 -1768.7025528789 -402.7522547555
1363.9860294259 1026.3111292261 -1240.7273479526
1072.0513482070 -1880.7606341731 1234.5170937615
101.2944063010 -943.5633230407 -473.2375203744
1884.6551635437 -1012.1861765290 -1576.9512140616
1881.8643659122 -1294.4429569401 -1526.1574929795
-531.2368900465 1336.2111734189 -1229.3992510900
-770.5240864584 -422.9033840214 -1901.3596792152
-78.5156351001 730.1153634077 -1895.6082903510
-780.2053629210 1926.9275796138 244.6568059578
312.5450891742 151.3278622427 391.4298730663
14.4625038118 10.1700513487 -1750.8695058151
362.9084455958 -1716.3723848842 -1375.4887921126
328.0340938340 526.4701243203 -83.9841477282
1032.1623112408 1696.9840632850 1005.7578200570
750.0106901944 773.5266133729 -1759.0922103187
-1133.0753040061 971.7090210595 1091.8665342943
1738.1894416637 615.4975175759 -843.1466488836
1049.9233332617 -1682.3540283727 -1772.4573119432
-1241.1003821909 18.3138793526 182.4644782448
-1304.6179906729 -299.1561412932 991.7081362703
124.0613302005 -248.6085153351 855.7811981324
-898.6188265409 -1590.6835234435 -16.7522401339
-1205.1441594211 1890.9476246158 1021.6707522318
-1766.6394860805 -483.9192673662 -404.9798263864
-662.6234452313 751.9715063215 1141.4436284997
581.3527424727 142.1743715529 478.3707463130
-532.8664231145 1317.1354243669 -1825.9388136274
-1850.0321023408 -1105.2649440361 -341.9029599772
826.0733791636 -1941.3293541481 1495.0624374194
272.2521836248 844.1584880733 1031.3165684187
946.8451124474 -203.8464519482 1809.4467549305
-802.6914182104 -970.9008914360 -1335.3086003852
526.4857111499 -51.6855610327 -350.9162003160
612.8085006807 224.8450979118 1641.4773645942
-82.1352695690 1269.7666192688 690.2663152072
-1633.5621287777 194.7833610035 -1261.2716966070
-116.8612091213 -1688.2714086948 594.4572750295
-1577.4412743211 956.6111775233 519.7505247366
945.6753844846 130.8136692860 -224.7660353871
248.7962830168 -731.2752297736 -1388.8833388977
-471.2916825344 29.1972268222 176.3182421598
-665.6415583717 -1343.3176471615 1949.8284082144
1779.7430126649 -1235.7702874192 -1422.0716606378
-749.9731112628 -1.1996462071 193.2015677485
1421.4892903118 462.1571310671 718.7715961312
1471.2731966793 -112.7890912276 -1748.8605443020
311.5650989024 1044.0770614650 -385.9577299249
-1912.9271295245 -1241.6367327833 517.2537213501
-1646.3189989017 -1912.6677324994 1769.5849707890
-690.3453580795 1126.4628244492 435.2991251068
-155.3723680638 782.6937593762 209.1968628582
191.3179390654 892.3518833615 1424.2872863573
-1955.4299549601 676.4643147913 1323.9316175461
-1438.8790692968 -1274.6708229410 1002.8541415198
-1623.5066032838 -1675.1052688900 -232.2637656451
-10.7565233891 1548.4543417745 507.4172903802
1842.2003641800 -1263.8920013570 1639.2660804998
1187.2083550870 -703.4579468046 459.7892284862
-1455.4093050580 9.4839934938 82.9782529949
-1226.5725253166 -52.8070074949 -1521.3849241758
-1804.6933247279 1074.8339240500 -1670.8019309507
-327.0303971466 1178.8393395117 960.5479511722
1738.7363528837 -1995.1994769134 213.5712035816
-1657.4331833883 1076.9395035999 860.2810622427
-1930.8014414183 -1039.6088676967 652.0485620339
1090.3316364918 -903.3112393512 964.6407643984
1469.3340312202 -1192.0345177185 -1216.9412452021
1713.8598195975 -748.5055006148 -1415.9365941972
-1287.2436440341 -399.5234223406 264.5452904106
-256.2549523418 -1758.5085804116 -1024.1537488342
47.1761798889 -628.2378941332 1584.4580630786
-1868.1014236034 621.9060053265 1865.9867546845
1207.9179989182 -635.0034303956 -993.9959139821
-183.7525897623 -91.0309205895 389.8523499203
962.1307797659 -1680.3994671325 -1744.4674018676
-948.4925481460 -92.9367149566 -715.4779089070
-1458.5249346051 -973.3642750659 -64.2838915876
-852.0452183692 -1138.6167313875 1749.2618390382
-774.2029256011 -1117.3374624699 -1911.7042183827
-1983.2341565349 1145.2934299191 428.6981339805
-579.7997727501 -1289.2312880468 -242.1562834664
-1892.7880852821 -1739.8259696955 -584.8746289305
373.3588355675 -832.0781247523 -1386.3536312998
-132.0855973130 -1607.5272619879 365.9863296933
1171.5309010741 -1351.9006338519 -1589.1273869838
472.4151924045 1935.6652082532 1456.8576720925
-1394.1881499614 -1838.1361963623 1926.9780147830
608.6292446758 1079.5976857906 90.1609114845
238.1666344088 -165.4930462058 614.8075794582
-637.4761807804 -1560.0068379732 1272.3087894548
-1443.5891081190 -568.1864649215 -453.2852719812
376.0755276906 551.4719896880 -1445.8048573591
1585.3926921329 -1201.1966565712 666.3687756600
-18.2574881256 -1787.2965718243 -749.8352194014
240.6226900193 624.8733136131 548.7953639256
-732.7128468582 -1583.8151642338 259.2471426046
-536.5503057284 844.2696687812 1885.4076641657
-1745.1453469450 -1960.8613991498 587.4536189875
-1959.4196569821 -1532.8374275253 728.1499537727
855.7786086470 437.9288452133 -1169.2669201369
1301.5709290952 -513.2299341644 1253.5080912080
-127.4066789503 712.5362316529 -155.4104377720
-228.3449897390 665.7516311380 -1069.2615665325
1683.3383779327 -1415.3839576805 -1291.4622325756
1478.9291982310 -714.7515556860 -75.6656354429
-1465.3985327636 -1150.8715184229 -825.8969102112
281.1874440306 988.9320369749 -1531.6280268118
-1870.1645336389 -507.0076072000 816.5613442469
1530.1974964130 1026.6649173415 -1251.5951921274
443.4702455654 -1146.3184264976 -384.0184997386
1276.9381689187 1759.1979819301 -1055.0418337816
-1667.4251601301 -171.7833550748 279.6902104797
-1093.1127509285 -180.5526654099 -1735.7436508527
569.2961077806 199.7922636275 1957.5844968158
242.1691279501 201.7598272155 -626.8542370573
-281.2506627086 1604.7881478643 1161.9455690213
-650.4696509019 -690.1583385290 1513.5730793613
-490.4476053144 -1897.6203855936 1858.0266566444
-1728.2404428302 -1574.0265308457 811.7814007580
743.2418826795 -775.6048297768 1901.3360761630
-310.2552931523 -256.7663076630 -337.4381986053
1881.2213855628 1217.2856181650 1954.0955785123
-1315.6871619203 -351.9584834874 -43.1804339116
-740.3567272827 54.5357917045 1973.4026077579
1584.0552771858 -795.9843390652 590.5589925485
761.6020846547 -21.5873227965 1872.5770581618
-586.6080590964 1145.5542705984 696.4955637535
-1486.1690200747 -1527.0569594885 1159.1097443143
449.7370940697 -1670.8873410428 360.2029473269
-783.4011363479 -703.9526576447 1040.8052963009
-1853.9068118447 -1024.0734314673 -1449.1814575510
581.5407855324 1083.0667085452 -1268.9542051275
-1833.0376494438 1618.2371806584 -1000.6814671686
-409.1015498563 -1700.0080930345 -177.1068102488
621.8863576107 -1080.7575553264 205.3441301383
626.2289665054 -769.3844278962 44.9354772183
373.4571989577 1940.4718710933 -1745.4004986802
1418.5116829209 -1684.5160720378 1002.9968883902
1343.0162421366 -1567.2303839794 -1229.9659658673
1085.8386132818 -771.7857585428 -839.5055217727
-755.2432054812 904.5260096761 -1128.2437905371
-608.5300555927 1189.3553776544 10.6614397708
524.2843206389 -692.9646748680 1715.2469991029
-46.3294338665 406.4979773448 -98.5844204130
404.0205477739 -1685.9359891654 1860.0682158497
71.5801029532 -1972.7276924467 180.2508081115
-635.9636800265 686.5004894414 601.6340787292
975.6898952696 1626.6317736109 -1499.2231511503
1901.7909898668 -21.3371270336 -1228.4771884549
1957.8410335142 1882.9920574050 648.2412984037
-1146.2621683228 -903.2849393186 -859.4823990641
980.3151292231 972.9801030967 1660.6040578336
-766.1950679295 140.4854143596 -1154.9629158893
-764.0847825766 355.6285865608 -1386.5555486724
-15.5460707456 441.9029779901 1485.6383431316
369.4733923265 586.5498169544 -55.1779838413
-95.6148460235 786.5482845524 1026.7122258937
-1917.0791712960 1793.3572858776 -1345.3099499341
-1023.6157262545 -158.7064335406 -396.7185617676
-1969.1392018134 -238.8889866014 1402.0682771847
-1886.1727627237 1955.8944905833 -176.9366531605
-447.4539419005 -291.0096805055 1502.1392503284
-1110.1546875733 -1731.3990988628 1943.5581682617
1492.7892867004 -307.0385343737 -232.0246850085
-993.0732967761 1231.0098909734 -131.2924785934
31.3667776589 -323.1546175222 1454.7456514546
1368.0149045464 -1216.7379157947 396.9468671727
-479.6836745992 1293.3325452626 -1981.4250829925
941.5614704301 757.0290483998 -1301.8711914327
-325.8330182091 -996.0242573732 1724.0121641109
-856.5781953266 -641.8680909355 1863.9048175171
1323.3336407248 -1646.0729053815 143.5759042605
-954.9160610426 530.0759262240 1708.4555101627
-1453.8363117365 -1278.2871999638 -402.5558001739
49.5041074006 -481.0846345336 1943.0930496334
1775.1735170681 1502.2453436195 -742.8570861604
-462.6068380502 -656.1864930787 347.7412543167
-587.0011011538 1003.4485338813 -1429.2597004509
-1935.4030688728 1970.5849055445 -1386.8641354136
-1079.4618002031 -1566.0267330629 -385.8332556828
33.9181002557 436.9554579937 369.7226542138
446.2787343730 1117.3707183566 -969.3895412051
-577.5723825364 1097.4792090111 -931.6980285266
-606.0133040991 929.8590450403 852.0223775116
-1127.6123906980 -422.1054316310 517.5882593750
189.6579995231 23.0107378360 915.5063072562
-1053.4258508984 72.5787885320 -162.3239446814
78.0591644863 185.7369568957 1510.9870762397
14.4557978424 669.0190239123 946.6578788651
-949.3783916484 -1671.1194268456 -42.9802423975
-1914.5452357035 -689.7920150911 671.0193409124
-765.7660989594 -34.7518351357 617.7110782171
-1838.8194247763 1025.9364223156 -1967.6413421177
1995.4454600471 -1087.7230023524 -1337.3574372669
-388.4721931141 -565.6114708934 862.1426711602
359.2380460894 1212.9130794168 -1333.1378515968
-1627.7655495693 1657.4576762870 1981.2602890239
620.1753577308 1551.2714941389 1490.2466797983
-198.4372290043 -952.3373982891 -579.7522598390
-322.2197937084 1800.7929111544 -1170.6511473613
-1268.3238677788 -482.9583289533 1003.1402706392
293.4590923421 -923.3110191081 1562.7031540448
1068.6974857386 -1873.9478567843 -1174.2781177256
214.0014883122 1105.8021105860 -1758.7448163668
-1380.7758807486 -291.6084494210 -1745.2324625599
-76.3526001593 976.9726858646 1804.7469845567
-1548.5017793143 1696.4071647366 805.4210400821
-239.1386578148 -521.9471803998 912.6288183057
-1317.5922659291 1813.7372787639 -599.5297977354
1658.7868245364 621.4285453203 1899.7878145080
1289.1404360396 -1570.4864483719 1799.9805263055
-1822.4104408964 582.1189976458 -851.3468467654
-1428.4218254668 406.1517201056 32.3917407952
1959.6452051468 -1677.0410547206 -463.0345178748
1034.3852622027 138.1534058434 -434.9397812034
-1150.9672068001 -837.1108667250 -484.8412062076
340.3585921707 795.3937328111 -211.1381261508
-1332.6719227905 -1067.1377299120 -800.8528593485
1848.0827903225 -363.2021755660 1187.6051520320
34.6800698934 -1589.7391021890 679.1399624571
-404.2123109456 -547.9152501790 -1522.7031901981
-1641.6120692464 -274.9431186431 -197.4887878043
-1229.8597965639 -1033.4908454330 810.3361635883
-652.5249162447 462.6027396809 -756.9212718497
2.2644540950 791.5282494707 672.7372770734
1492.3501723852 -817.0325466269 -65.4559639787
-471.3588838610 -49.7162959759 -211.4815835710
1592.0398199864 958.3177915982 -681.2125250501
1387.4728698392 -642.1659730764 -1966.6749073546
-1049.5475425104 794.3805525476 -1590.4604885046
198.4076572160 1970.1823632444 623.7434947342
-306.4433407864 484.5665198363 -1040.3390544730
-724.3667872143 317.6370069300 660.6645195532
-1414.0186512816 1185.9681057476 -177.1562200710
-1792.1952901763 81.1153156680 1611.2324494386
1009.9786426925 -1946.2085217820 645.0672968868
-1023.0064726944 -1764.2964212410 1480.9671497161
-1450.4711567755 -1641.8961210477 -340.9158724276
-1482.2964705837 -1109.9490382455 -957.0848744793
915.4898788590 81.1444303659 -999.8248661751
-878.6192078718 1489.3882261570 -523.1431703041
921.5491779923 613.0661254663 -1668.5547774327
1673.1646122571 -328.9221829773 564.7784347412
1041.1510217035 -749.4345238324 -491.2889214728
112.9877914616 -929.4406700611 -1101.4982753378
-48.4021289398 1943.4246663594 -351.9357766850
-1584.4627261167 -1775.1860087224 -887.2767482505
1923.0285892430 -1970.9574502093 -841.0415336421
-933.3529008568 80.5494306740 -937.8918449450
1951.1856199693 830.3534762655 -193.9882020601
285.5705169140 14.6544085281 -290.9031961378
-1492.4013419935 -1643.1401016635 846.4480241113
-65.3555119499 -305.8916788504 68.3589908460
-382.1465217302 545.7020127698 1334.8702031721
326.8767616757 1643.6084284078 701.2845241634
-398.0769538939 692.2633239498 452.2444938867
807.3727388017 -443.4653647537 -946.0610948973
517.6782773821 -1785.0046394538 219.7510356869
1710.3696632671 -1767.2251408362 -1976.1684538213
-1948.9364296428 -6.4847319740 22.6021788468
115.8363352424 -338.2648980032 1715.8419926316
-592.3600432017 -667.8508666349 -923.8028537707
-1122.0531384070 1212.8851884341 549.4720846442
-212.1518797618 692.3939695958 990.5192277185
1300.6249966321 -1668.7279619133 -1240.4509630266
-993.5233321897 1470.2999747084 -1876.3788459167
-1642.8897161773 -533.4086023319 -1471.6171311915
933.2246716366 293.1913385628 407.5505001510
968.2858608468 1812.0114002545 1170.1707265223
-875.4176076872 -1752.1205918171 1924.2034024722
1267.4016483407 -1884.1565266898 491.1187223801
1601.3452793324 185.1526711841 39.0461695887
-1470.8599877213 1411.8134433305 -1225.4209667762
1134.6947747290 -1736.1779253966 -662.0979731648
-1307.8876718985 1345.8909656088 1750.6584016782
1970.0469551915 -1340.0845347970 410.7241704633
-462.0240514813 -201.6728793804 1522.5314894213
983.9740313184 918.4129114909 1870.0854033202
447.0048727627 -140.5573100277 -1862.1480107018
-1554.3308848348 1975.4103093525 -797.1091829966
-466.4896718446 -407.5754493235 -1197.4462707391
-1160.0195837988 -1588.1791970621 1202.3696326269
271.5855911059 399.9175105256 1798.0732553568
38.4681241555 -324.0347819693 1027.9458341419
-870.8661502882 14.5020513683 1059.8507420231
-1794.8828376567 -646.8452883660 -1233.6630433728
-1916.4550291854 1306.0307887603 205.0601511291
-192.7302145211 -513.5826752252 -402.9036224615
810.0078518705 -1854.3858186377 73.5406337694
938.7888536127 1662.6895891812 -1375.8886160107
1771.9477269061 50.0325550436 521.9422508859
1689.6634711553 -1862.9909812685 1607.8337241974
-1321.9546272362 -1201.9731851172 -1074.3657183851
1082.0197745767 1277.6911002576 436.4991369112
1569.4769751557 -1545.5076284958 -1059.4787845279
1323.7614710594 -1047.7650218797 1161.7651599854
838.7856985856 -1053.2913985973 876.3186393001
1613.0421991101 -1112.7779091371 -900.6690507860
-795.5509132102 588.6443526217 -1798.7428502783
1414.3868316731 107.4234839804 664.1091075506
932.3768197839 -460.4707677258 1510.6261761492
631.9837159849 166.9479172872 -1930.2169243794
1160.1995783770 -39.2543501299 1271.9520281602
1325.0677125408 1621.5222231010 -598.6554782724
-251.5477290288 -170.7270350803 -1906.0635066272
1934.2896931372 -1828.0919619307 1452.7952998393
1547.4458441518 1885.0787134442 558.8098846952
-496.3195142542 -1471.8842975925 772.1520565638
-99.0868238264 -447.9986008456 1374.7967184106
570.7511651666 -251.2041151151 749.4898338442
-1861.5628619845 772.1481569772 1108.8760099391
-45.1913087253 1975.8836600512 -941.4137917022
-1047.4864281646 537.7322071576 -1436.2178797206
513.5667097603 1734.3897620950 -1703.0677826022
778.5547364735 64.2880617261 1526.0851555360
-461.1781543357 -1703.1277279355 60.3171902601
-1417.0108523897 338.6414642378 -932.6380576333
691.1476692856 -582.9218398634 1004.7727810871
1591.1053844002 1292.8202436518 -1849.8420645404
1694.2330370698 978.3817177105 1700.9696319690
-1897.1281980382 -569.3517870362 999.9394909943
1959.8284790998 -1662.2638150851 785.2263334677
1736.6522766441 1176.6875500249 -180.4691627092
1801.6686977948 -370.4592351431 -433.0375779795
1946.8329565303 1610.1473806615 -16.3423279953
-1364.0296313318 297.3413544247 1173.3237329553
451.2545278086 -1272.1801281676 586.7321760406
-222.9146504222 1914.9405799018 -1640.8807187057
-555.4894465279 -1117.4924229892 -25.2351152364
-1971.8980010324 -465.2956074683 81.4929272405
-1099.0938859722 -1660.0141678335 -1539.6521829173
-396.7856085043 -142.5986227836 -116.3568311013
-144.9330475845 -659.6945367879 -197.6704032873
553.5154735397 -1924.6816884129 -147.4842374607
1765.2510214045 308.3238655678 -1868.8941901390
1186.6355423587 -1599.1153246683 -349.7667425349
-157.8783437703 371.9631355303 1544.9591826574
1415.1037754434 -117.3939763777 1819.2211153086
188.4688386278 1524.4724476050 1723.0238902456
-1946.7207469746 -842.2477211902 -723.3619425634
-743.8315037723 -1767.8518050625 824.0282358480
-411.5091689761 -1014.9743410842 -1338.5550361291
1660.2297808400 772.9766199395 -1983.3784173766
1619.6862839955 -529.9394345247 1109.6674621904
1106.2355161213 -1065.8484695603 498.9471082360
1686.6184644770 -1251.9350033973 89.6860222086
-252.9203362366 -1706.6782253771 -1398.7420525957
-1184.6352122542 -1360.3708952174 1029.0078499140
-1311.9980498813 -919.7995881565 -1859.5516472207
-834.0376762865 -1524.0914681685 -1123.4778048941
-1719.7921894061 -1546.6405261616 -68.0274817592
1411.1449808136 823.0376091559 1369.6468612263
-1306.3822106551 -539.2580635919 -1072.7552070234
401.0146196165 80.7419344095 -1271.5734089039
-12.9924287816 1125.2736051890 -1231.7724878355
-1189.0834118646 342.9835034073 -608.4303476852
-173.9797275098 1301.1781835270 713.4119076063
1754.9011171721 868.9078499569 1996.7229555399
-1386.0677137603 -1385.0481298116 1496.0788447627
-1250.8074371953 -1926.5822582672 530.3935879558
-508.5984426658 -832.5233259483 -575.6429380707
-1106.7088555913 164.6500100725 1843.9932020892
1937.6854888160 558.9642519782 -1898.1402041959
-1289.5534825454 -1509.8613652333 -1767.8048102917
-498.1967122656 -948.1838027993 -1415.8766535629
-487.8867040597 -572.8612657121 -191.5494598542
1156.1748005406 -1843.0539026054 -482.6429981728
159.5547841785 729.7362737264 -181.7383629185
557.3507032244 -1079.2184222297 -668.9753101235
-1528.8841906672 -228.5077015188 706.5763440155
-1212.3795209511 1624.9729040360 494.6410371465
-1862.9613229975 -1481.2718139077 115.9909610401
1060.5685457892 1740.8410652468 -1556.3777091570
1819.2617202314 -1251.2292428352 578.5064066411
-1530.2812812427 -1316.1099270339 1793.3605618006
1816.7567823523 -19.0298043665 1632.4279340831
-118.8825240940 1830.0541548342 -1931.9969312995
59.9258254852 -609.8009686895 1498.5865585927
1114.2157286259 -1283.1824243025 -573.0074395035
-891.7078154074 -1162.6900280237 -437.6498083925
-1626.1520142386 586.9259287490 1138.0092789440
-610.3109273344 -443.6607217058 -576.3565117969
1499.7594730256 -15.4204616030 -1977.6267087870
664.1818933609 -1365.9295030635 326.2387473963
-1329.5474169332 1280.3454098633 -1732.2434930151
-1216.8463623909 1038.6136667096 -373.8453660094
1733.1813786428 1527.6736719023 309.9011619654
1237.8215438601 497.3722835436 -810.9582065632
1344.6190871550 192.2158417068 418.7887849696
-213.6654531886 1318.8307895947 802.6164739833
525.1172595103 -516.5060537894 343.3927139132
1346.3997184077 437.2599063386 437.5068332874
-346.9590516149 914.0629849472 -163.6203530353
-842.2581287532 -964.8957810275 -508.2713803227
1817.6017263794 -797.8695515842 1753.3060245953
-1550.9395491304 1309.8708541511 -219.2826184856
647.6179936188 -1932.5005880822 -467.4119505298
-1733.0543721272 -1845.0216407346 1524.8153898178
-998.4300380569 -864.0241852523 -626.7371322495
1724.0393277704 -1255.3299066417 -1348.2083437047
1886.2225268524 -1826.3304169514 -727.0552294376
50.1769177095 -1166.1264249308 -582.2786069660
687.4034866760 -1164.7854526277 -91.6290342639
-1690.0883881678 -45.7622112893 724.0656245192
-294.2706097425 -1700.4447935315 -244.3058460278
-1435.4514675694 412.9738661210 1639.6581963339
-1289.4363327081 303.2312525561 156.0685724396
-1112.0796571042 810.7278461869 1254.7087022774
1782.6349964768 -1656.3531110169 1082.5223783546
1241.1288895530 -27.2664809658 1290.1436536707
1550.1419991105 1642.5378512315 985.5070393722
1809.5789231306 -260.0816259184 1226.8515646106
1833.2608276158 109.5795152914 -1145.2843029246
-1184.1591597878 -825.9373553088 -1725.0738825421
1945.1366184648 1351.8276739806 -1521.0801484874
-1913.2523841131 1621.3947098466 1883.2897805344
-1401.3501790799 781.0956872015 544.3756648736
871.7969810929 -1409.1029932495 -1172.7555267573
-757.3353700290 1480.0914376138 -1990.0705140242
