280.6133658788 -1880.1992681466 -727.0049066492
1916.8761790058 1711.7534902527 1003.5396718300
-1211.1745284611 334.5519951972 -256.0920441933
-838.0168162815 -1527.6516852709 -445.7790374906
1616.9839436088 -671.8608846812 -758.9322765756
1040.5012943014 1825.2415681848 -1102.9468445368
-1374.8294308521 -1068.8445845206 -447.5670592736
-115.9617924156 -1121.0014210386 1388.2120115887
-334.5948838313 -270.6495915464 -590.8088900688
-1512.5041417428 -1701.0555583997 331.3783947797
-1881.6660434872 -1646.6305576774 677.0728796324
594.6140179782 -1579.1104693078 -438.6266222130
-1612.6228227535 -146.9832125755 1802.6268344980
1465.1709227613 -117.6500586658 490.5187312737
-1926.5594801829 -1117.3784254645 -1095.2619641441
1506.4014837399 1959.7805837728 -1904.5565508943
1328.5680370248 -815.7733415143 62.8456688221
1396.1744401042 -477.5050492440 -1231.5900874174
1143.6580456786 -921.7988748571 808.1636097792
518.6817966481 -1127.3337436249 -429.9689889848
1684.9436225389 -79.1614285482 -571.5082951513
939.5925958180 -1190.2243884374 585.2606534787
-1477.8692479013 1460.3641597430 541.4381892980
-649.1200672247 -1342.1022046858 1911.8600296259
1185.3171503167 -100.4765976454 1106.9315753986
-647.0704434530 1886.0154751964 -1812.9517406467
-1607.7302772707 -778.7655267329 1051.8113684744
894.1614145876 -1418.9437807394 249.9088486795
302.6100441355 -1767.9333013413 17.6805059315
536.8899113640 1009.4621888766 -1191.8452029554
-475.8602535255 1690.7428272613 -1407.8768345835
-1141.7913229865 1666.0561015372 -1087.9914367714
-1864.8407496762 1532.7639061546 -1786.3353511234
251.4413291623 -1775.9585184015 -128.0362590150
1618.9501509392 -1437.4846990933 37.5554790916
-428.5816349140 -613.2995823411 -225.5422625609
-227.0780698928 620.9686969525 -239.9088401257
1302.4819768401 588.5506226538 353.3998219305
1404.1659601275 -581.6640596531 -1640.1047025677
1231.4101631273 251.5305078073 537.8261298873
1857.8498344369 -1928.2853548232 -1192.8312472167
951.1672501555 -927.5293917416 -954.8753886801
777.7919552533 -1502.3155241354 -1928.1332459061
-108.5548995636 1511.9062320330 257.0993401925
1518.8232124469 967.9457692502 -513.0650463222
1002.6118261496 -1120.1808393839 -232.2398237011
-893.8596393675 -622.6082733276 -1245.9345844565
-1926.9909562984 -1717.4952449442 1043.7081793477
255.5180002537 1642.8266319904 -507.0930077920
-1363.5551986662 -1199.3119266227 -1509.8395190907
1005.0478257434 -1981.4917286742 -1047.4440258995
99.0443297680 1702.7750666901 1852.6381617746
1828.2267616705 -353.6093135382 1425.2033120583
1994.6108720725 479.7364242417 -1548.7594191617
-1723.5941814725 -625.9642181257 604.9793927430
-1907.2919333276 421.9488621689 -306.0961639586
1188.1337171475 805.6253679583 1851.0134499610
-1542.6589868588 -1272.5598556616 -1833.4215634186
-864.7782183727 -202.0298596443 -1981.8545793931
-1550.3209195649 -1544.1013239918 -1243.3134933831
-814.8477871753 1565.1235094081 475.9247268661
1268.3300334593 1444.8247866377 1553.5028941515
-526.6043417281 506.7707644792 625.8973085241
1047.3467140046 -1386.8337921587 1420.3491288652
690.3018074646 348.0966031581 -397.7893041488
-913.2701634070 1757.1599453082 1604.0277724152
-1293.5294847547 1680.8743362497 -687.9216941578
-164.1572441969 -1963.9726317584 -122.2586281796
-1670.5248516121 1722.9843179341 655.7288369478
-1482.4708954842 1384.1138741608 -1481.9076652535
-1643.2466675242 -1565.9569718454 1210.6272684148
1562.5171000731 913.7738915967 -189.3611648583
-1498.1775504119 839.1408455611 -1089.1170903465
-1124.4547437309 -1744.4108882902 -1718.1201691277
-1087.7000666946 -195.2369804889 -174.7481999713
1739.3815065658 -783.4777818375 -116.0440341589
-1201.1366997411 -1931.3233309671 -1230.1386833789
-1664.9745128935 -1762.7628137222 -1648.1410401045
-1546.6888911301 -286.2134431578 435.5570829501
1438.8567869928 1309.3023463987 -151.4240213308
724.1036971998 130.3335289095 -311.3926670967
696.6200721595 1167.3501526117 556.0948832540
232.3766989636 1408.7220288443 1053.9396987570
-1941.8122182235 -1050.1532761281 1128.4715990476
884.0999572813 1187.1228514060 -599.3025510487
-865.1710211517 -1485.4986437692 1174.8502370275
677.5318585688 -630.2944026330 -1720.3998943555
43.8315146756 1749.5971774801 1648.4973812816
-83.2053256863 529.7422286467 202.4571419787
1274.5773772832 1891.9498798444 1445.2365259540
1101.6465091825 -207.3426358153 1485.6750680047
-1102.2468327732 -1520.8722522644 -258.7247587157
-111.3719849009 999.9733913720 -1305.8047087447
128.2991560912 -1797.7189264585 -1323.6217949010
-1190.9177748774 -839.4681924988 316.5902832597
-1846.4617378178 1508.6334005682 -1068.2886027328
-1107.7456900925 -1268.5182654270 504.2052714159
-1078.8477216993 1796.3873521893 -1762.7078754397
569.5568094104 1908.9361140810 1013.4547463747
-565.7608166950 1850.4102290485 -756.8883704405
-1307.7883903725 38.2440446129 202.4769697870
1819.7017710370 1365.0653480094 1107.1331098693
-316.8391988058 -1955.7376111984 778.6468019035
1729.0933094290 304.4453122490 1475.6581620711
432.6461906828 578.2905072736 -1070.8809494905
1272.7108130308 1777.2232145189 385.4077023856
-1651.8981788497 556.7888962138 154.7371581551
1011.5096061343 -733.7949369466 -1313.2950796903
-1370.0691325246 1767.7570986651 404.3460201550
640.2705507792 1926.4494721025 743.9497799942
-1041.1022731607 -1693.4387695282 -1409.2484602930
230.2333131460 -116.1375298503 882.0384713110
-1415.6902187247 1616.4638399599 -173.6859209429
784.7075918680 513.9180735754 1414.4269142709
-113.0142025803 1913.1998194045 -808.1489371635
1560.9434329536 -906.9304846625 -1697.7989271423
-769.5470459868 -1169.8098117640 12.1179929319
-260.9032512561 888.7984685853 1364.0198330031
1235.2331967334 864.5079261885 1611.9745855966
1669.0242153093 579.6532333336 -474.0115355182
-139.4463568728 470.4853254567 7.5401170624
1944.0401785437 1268.6499717469 -1470.7509687844
-833.7131928558 751.4804691991 445.8552967564
618.8111017644 -163.3964336273 1431.7961811194
-1912.6902729212 -1667.1725093470 393.1974394287
-345.0472068279 -1054.5262484417 -1891.1667815724
-1594.7410356315 -439.6118797057 -1937.8993380952
1589.3542114089 1067.3443166387 -1681.4167826663
1262.6574856280 -1100.0730174330 -269.2825355184
-747.9940281895 -1838.3607551741 -363.5827582162
932.8589570408 1567.0556281265 906.4339820971
167.6732673610 -1150.6095158335 -1086.6157097311
-810.5664377491 -967.7538888478 -1453.2029181828
-1371.8309508055 -64.1597819897 -1405.9290092640
1537.1113844825 -1553.4487451529 1777.6580498430
1321.7418366185 -100.7957279042 -1024.4165390533
831.1197675486 1359.4408090232 11.4660402133
-185.4114725888 1235.9681597522 -1215.0378058717
999.5401680890 376.6937640022 391.8217515418
-658.8614386945 612.1717727985 -1635.2006572291
152.5038975247 227.9286074689 -746.5518561257
1670.5570384515 -350.9259855194 -776.0264896471
818.8941489028 747.2579113376 231.9192388722
-299.3725211168 952.9209658251 70.6562891375
1343.0716997872 -1407.8970729164 -1043.7303985683
1221.9522739720 -477.1416582331 373.7621546047
-1078.6738494635 383.6955510707 -1003.7336050559
-1766.8794655596 -1743.9611867577 786.0876128014
883.0903303740 1427.2861021513 1030.8729434536
-1209.5360619096 1673.7269356629 -206.6535500255
-1051.0050564394 -1084.3600271193 -56.4919679341
-874.2796886247 191.3254295362 1573.7182931604
1834.2771537977 1415.8509985625 1111.6254306583
71.6793247631 -313.9743985160 -1326.4410486826
-511.3220409966 1052.7571646735 -1193.3489274359
-1078.4793890428 -1082.0289215312 -1141.9332257882
-1910.6488795175 164.6332406770 -286.1546456289
-361.1940998087 300.2924345820 199.2150016168
425.2330606335 1154.2270808356 -1706.2505219336
1800.8761919320 269.7447526901 -84.1404317775
1874.4295568042 616.8818792338 478.9529281152
-786.6564266860 1903.4049458465 -1812.3951573482
-1690.3719828691 1720.8311534418 1379.9042689829
200.1670758395 741.8029103716 233.9545451583
-1330.0028110311 -538.2835641034 1173.7447730637
-703.9817378532 1985.6630179676 -328.2692524943
1837.4077370855 1568.8770102097 653.8353193168
-243.4061755874 -532.0894434124 -302.7584795295
-1889.1953133314 -1322.3065829466 -636.1908037073
-1015.2493687006 -1773.2524620908 -1263.9960899925
861.4856825546 -1419.7789896920 -1700.9704522244
-1968.9446500537 -1879.7292865452 1860.5167685108
1038.7438430073 -865.7203715209 856.6231519867
-573.9455674658 906.8622337394 -948.3233506510
-1847.3601401380 -1993.8112177639 605.8012083830
-264.9429779180 906.6937556361 612.8269889063
1932.6010129834 -1068.8881989032 -1635.3740528537
-770.7939058946 -1474.9323036202 274.5063676276
319.6335063354 -662.0496546877 -1675.6355653888
1087.7786266938 -1972.0096146949 -173.8219776236
1382.1353332154 487.7642870962 136.2010522017
-121.9709812869 588.0954926861 1024.2572831111
1076.7046082763 -54.3651168930 -702.4831430395
-1306.9620516824 326.0213584626 1134.4872737032
-739.8225644857 927.0650766372 -1242.5097344442
-1589.0356430030 -697.7653107869 -1079.0924104610
1860.8752749579 1661.0730888271 1978.4867720628
1334.4067952242 -1934.6097741193 1809.7406053861
1116.0474401712 -1388.6927590565 -1623.0942724360
-893.7900120046 1418.2783217071 -536.9910150528
1400.8705490974 -48.1478485648 -225.1874930911
1184.8247079069 1718.0835717480 -235.3634734816
-205.9320313280 1853.1395371523 801.3346718660
-562.4214459577 -1825.9604836977 385.7995506274
1798.0516626256 -670.0336641628 841.0920292468
1001.2711430960 -373.0918131649 -1673.0708434672
1542.1062188023 -521.2442648664 -270.0211090351
-100.7918531001 270.7269177245 1073.4226250868
-1086.8570599848 -331.2242727332 -796.9017944450
-881.1697877998 -71.2377324429 686.6662739813
1016.6678796217 1198.0303218351 -519.6102097517
-467.1701724271 -988.2512551053 1848.3633863969
-253.8906943929 -296.7262864140 1021.9404647091
-1558.7823082353 1590.5239127566 1652.0022930429
-748.4262523596 -626.3006118211 477.5329337792
-1321.8157660479 -620.4761539440 -91.4200602138
-28.7139608806 -1570.5508176873 -1661.8807601217
-1769.2650934201 1737.8692104709 1500.2837251500
1296.5303318708 1133.6019802455 1579.9179072514
1302.7924758159 -1527.9131734408 178.2590928532
-1126.6120321159 -1070.0355773055 -959.3055000742
-1765.4879387106 328.4026950689 -222.0107587772
-444.7208403222 -552.0151503141 -966.4106586763
-213.0510894823 1132.5672388556 -831.1204854397
-1975.3882662953 469.3671954694 1263.8757727928
1021.0079083541 1820.2191421876 -1193.1845756249
1403.1125502494 329.9719686492 -1778.5483881778
-1306.1447636279 516.0934601659 118.1574736592
962.5652787098 288.8407402385 920.0849830389
-1212.8456585273 1160.9045729607 1937.9015463693
587.1655004425 -1226.7410499117 -749.2351410254
1360.2691608319 -464.1144282125 -1089.8835276910
-541.5706527124 -1354.3630497324 1647.7020626114
-1164.4302652301 -256.8324323514 -899.1466264962
-731.6381325784 1544.1542169646 -1406.2932116941
-1501.6165937241 -1881.7068229299 -78.9374628752
1777.9799950357 -952.2520364786 -872.0345462600
660.9377456554 1693.0864055101 -577.6131411530
-1883.2121115828 687.2744782782 810.5890739662
-571.1969753312 560.5054751289 -511.7587710512
229.6845742688 -1792.4038998199 1619.8813240645
499.2291461078 -1021.4083181051 -494.1584531378
-1915.7405661460 1362.9744951415 166.3085138190
1066.4633145510 1948.5653698208 1665.4660987724
1010.1102765795 554.7498954287 532.6514385301
240.6599584184 1643.5798281001 -290.3335857937
938.0491283507 519.3676887572 -421.1486666338
721.9833755878 1952.9531726240 -469.7349876424
-1848.0426676035 1672.3358172559 -177.7288876672
-30.7204780462 1800.3266349599 818.0697621871
1385.8052103199 1966.0357655209 -1156.3865775412
488.1241704841 1897.0710174049 545.1174945416
1100.8258827031 1964.2119672900 341.6587465843
103.7251951918 937.6109797861 962.2591321894
-1864.7948130223 -1657.0315715951 1855.0644419231
-134.3267334402 -1514.5634119298 1456.9628383265
1462.2634918956 1427.6192232063 969.1447323021
-746.3624786830 258.6839551721 -130.3567865985
-1159.7811023422 446.6774132432 1399.6827714619
-1209.8110951528 1905.9047945417 -78.4574300071
-1111.5160966217 -1246.0762606266 -1130.7882291091
1090.3947616500 507.6485494581 1073.1902787198
-1061.6917395556 -1389.1785103648 1457.4596333672
-545.0990285671 1510.4610105222 1647.3169219764
-1525.4220370551 1556.1649031844 -577.1748720102
-303.4690351147 417.8000369005 1628.1539241670
1931.9157374240 989.5417957298 -457.9273648482
-1125.1539558571 1092.2925939195 -749.0418037433
1853.2375331691 -1646.9180022114 -1324.8680148412
-576.5567419296 368.5490602091 925.9750568377
-1412.2942269772 -1511.3046976487 -605.5721532557
1470.8944464102 -1263.7177399228 744.7505995494
-498.6447123213 -1108.8401058051 -675.3268874775
-856.1795373781 964.5076350215 1431.4017309762
-243.1968050402 -947.9541317125 706.0761753462
690.9083121331 1820.2369132553 1781.2351175048
-1733.7163015423 -581.8306531638 -1956.7433427308
-1958.5925932906 279.1018192254 -1686.1626897486
649.4840537734 -907.7430242447 -1829.3721974266
-961.3074508033 -1981.3139586171 -1018.8515348909
1704.5413739992 1844.2153877254 -1908.5169741521
1168.1013548808 797.5825711734 -842.5102172585
1900.9607751315 -403.0855789151 289.0141631319
671.7242332555 -314.5434912907 -1366.7578536043
-1793.4174641112 -1088.4201975585 140.1829995589
-1121.5304214854 -482.8642761745 -1023.1495099134
555.1649560180 -1683.9818390520 214.3754962864
517.8543237457 1372.9418782852 -727.4115404283
-1570.0138575920 262.6866813711 -1785.1461824913
1534.5574480891 -717.6990187627 1149.6003089911
1922.7355074783 -1446.7322835890 1901.7685497826
1599.1243230054 -278.9829020931 979.8233406278
-1292.1711504441 1068.0528717773 1762.5966297894
94.6963727889 120.3155939270 -1917.1681267724
-455.5741571934 971.8032663347 973.7338412621
1031.6586985773 -1957.8655290373 1137.7225642337
-352.2521582129 1959.2027465255 883.4144880152
-977.9788285845 1988.5397813119 -1412.2291590075
-721.5514497385 -1267.5252178566 -1502.4994486239
1016.3578737776 -1266.3001819188 -715.5213758837
237.1816585640 905.3482791349 -325.9095070263
-220.4732487177 -1932.9884361055 -1399.4602354890
514.9183734119 513.0891941783 283.2009044840
-331.9722702580 -64.4757898284 1131.0913380291
-1131.5630845029 723.0408478664 -241.5941209528
-865.6170702328 -628.8114541264 265.9264944754
-1397.6075027933 -1332.8221569888 -293.8731188923
-1882.8708834062 1656.0833911375 436.9115171125
54.3254852055 198.9719466513 1043.6787953017
-826.9786606305 -1651.6296860638 1728.9109925418
-1487.8850244153 -599.6427507150 536.9043496635
-719.6473327620 1457.7296102726 85.9190549647
-1574.6604599798 295.6332251249 -1540.1278232180
242.6003369160 1011.9818693191 1541.4580469711
1996.5451215957 618.7972291930 746.3967045668
485.6184428511 14.4663224465 -144.7975031009
907.7531857608 -1100.5028188310 -1384.3369953618
1531.2506239835 -28.3211742650 1835.0974708272
-1727.0818163744 1074.0416303209 -1149.3089312331
-1747.1168783170 -163.9639185303 1343.5379517442
287.4955930061 -66.6174038800 -336.0520026840
173.4548020495 1089.3866681116 -1051.8147409324
138.2745242394 -916.5118318612 -1274.0462950165
-1641.2652251040 1690.8417378859 169.8506474007
-1541.2470476337 956.4340385425 426.6172956540
1981.0734441595 -1350.3816539323 -231.3213066679
-883.0067841833 1567.9841097161 -575.2957069706
-529.3205871896 -1729.3582391077 -1220.1705316120
-483.9646969407 1391.7085903820 1615.9035463117
-626.1158658810 196.2258309020 1824.6460410198
1702.4088631318 1113.8703382092 585.1688276472
550.5532472722 -1956.5128049436 -1517.1459101877
-1656.8232056958 205.2111596517 -646.3249103649
1444.4392596599 1012.4575822162 -17.8505569546
-343.4904031918 1890.1690964646 43.8611181308
-940.3549301114 440.9430810152 -1777.6520730650
1920.0394176813 -127.4845587770 -476.8572400362
58.8878780519 65.7106412418 1376.3496926986
-1488.6806494658 482.8731208666 -1728.8659845489
-1431.2939286933 673.0949013534 1590.5819165038
-1269.5439273408 -477.0840016511 1113.0028708449
-1257.4662886820 -690.5100869541 -591.3096287227
66.5836009268 -1059.6392454668 239.4069481458
529.0306315948 -1735.6160114013 -1849.5642682445
611.8529633508 1853.9717851637 -546.2428666261
-1298.4336965828 -929.8731360528 115.0231078051
367.6113814792 1283.1686803039 1542.5586439695
-1720.2038736237 139.9987860606 578.6705251186
233.9182968455 1253.3012341151 -899.7772767247
1583.4500151464 -1804.4686113732 -1050.8687523236
1436.3007573196 -1709.2737161997 1139.1732920518
1740.0024050930 1426.9615049493 -192.3628269988
-601.2517995572 602.8194528262 -1078.9707527790
720.4578903553 37.5025545969 1909.0516246642
-1347.8485124086 -1650.4429962170 -712.5861906414
-1290.7568729938 -1287.3185672048 -824.1258476838
1395.9737290978 -1713.0798525395 1877.3296822743
1478.7091311225 1967.8541957712 662.1818220667
-1151.1766617259 1290.9668249263 -527.0093744179
1381.1757636869 1329.5947520581 -1046.5369893016
1093.2901363520 999.0317112792 25.2506329249
1220.5424569441 -298.2452058479 -1121.6276100950
649.9063991793 1166.5904361671 1604.4508849596
56.8221830337 -971.4375427931 -475.8783907042
1085.9710032488 -293.4848448987 -1519.4078929571
1944.1612056386 -11.4005737453 -69.1822667102
-1578.9763590092 1760.4217200115 -1988.0172397390
-611.4715630307 -1139.2193766699 1817.3313854397
-1931.1735034482 -1682.5064877990 779.5032784306
-1703.7642349110 -1538.6095187018 -1368.0479674242
1759.9197668081 -1332.3985395726 -1688.9277688021
-1506.1360511787 -1803.9309458584 1871.8464739250
-664.8266388624 1758.1954441884 1492.2901608472
-956.1451398544 -770.2044242418 -1026.7352846035
862.7726788461 -1740.5258673672 50.6199476622
650.2526724013 -441.7253238359 1726.5875615301
1659.2102247962 1947.7895614481 -1061.8911023088
-1557.5880870637 -128.9267351486 -1437.0885403535
1735.3543778958 -900.4787770696 -581.2408727955
374.7761587062 -1211.0737017340 -1843.7335056322
-1995.4098215713 1733.9365047531 239.7538862011
1695.6215617627 -1256.5080118650 85.7696067909
1060.9456100294 1066.4811800240 -60.1238198190
802.0222825921 343.1328480641 -263.9198485427
-1560.1493622874 1300.5341887479 207.1478080092
-433.0649302832 -1159.2119864981 -306.7388695610
774.9331720808 125.0793897674 979.9949441227
811.8997644359 -13.8269463254 703.5274358027
1015.1793950809 -455.3489156586 34.9115707728
-1117.9028980022 -116.4721791242 1795.9320064593
565.4657474274 -700.3977431166 332.3590743796
1018.8030432038 -678.1882398765 -1206.7180884430
-783.2734827032 182.5952346856 1191.6064845610
-1297.0308773065 -1988.2516099208 -97.7279570711
-647.9191439746 -1569.6323938019 -1340.8069074658
-604.9088512998 542.1698899737 -1378.8693756244
1996.0371658727 1793.6485232478 1033.4308204970
637.2064366834 -1834.1188798761 -1952.9329601069
-744.7864241734 -1890.1370746774 -1784.1497442450
-823.9611298035 741.2913346018 -1667.8868264371
-118.2026791068 189.5975774917 -1376.5917118681
-479.7098226234 1467.7550098477 -607.3665083624
69.1553894285 1708.5274505261 -1710.0016579719
-1705.3461548753 -372.8488875207 975.3809709242
-1517.1420362687 -166.7988060919 -1139.8461437376
1099.4658171705 1329.8174000255 1142.1537525704
-1573.8718808356 1331.4180652508 89.2069807171
1424.8843934382 -1889.3436982934 279.0865890684
-160.1515223161 -1099.4634703218 194.3593126814
615.0675647134 -1833.7113275979 -88.6192804908
806.1787888419 -994.6314196865 -1263.1143866938
-1586.8499084814 968.0111879865 -1560.8626534735
1971.4913968457 1080.1913334893 -1099.7852751084
434.9225653637 -1679.3693541085 1299.6491629438
1994.4666915657 -1067.1692318691 28.7474977903
1942.9850677962 685.3315445969 -1605.2300697701
-1594.3168551225 -855.1493917519 -77.4799578930
-244.8816569894 -1204.9105731046 -1649.6556214608
-1238.7393809709 232.1379690875 -879.9196653849
1029.4513270716 1786.1169849929 1152.4559090718
-565.8257926700 -1652.8134714364 -881.5701769760
1603.6577389160 1373.1886068502 401.5820873527
-1424.5650535514 -1114.8004640121 -1717.6986173273
-867.7306112507 847.0846673297 -1273.2071463374
-166.0684382536 -1997.6814994469 -1461.3036064087
-1680.6747434590 -819.5559772688 -379.5084902329
1773.3667253807 26.3484223108 1299.2737061504
659.9564320875 352.5568458537 -1648.4111117008
243.4627486721 232.2345447157 -113.7533785557
-1759.9658441117 514.4669854866 78.0492782567
-1538.3430445646 -800.9247764873 -417.5465895613
336.3987837329 -1096.9239783461 1429.3474560840
-1928.3774272390 23.2520384303 -892.5872704973
1514.8031925379 1909.3204780280 -83.9417251910
-196.1766153307 1658.9989653653 -1873.6987719475
-917.1580598718 1928.0620004475 211.9155485602
1921.7308068087 -180.6794841312 585.8246005687
-695.7632961633 615.0851210343 1670.2322562840
1048.8567445543 -100.1058459016 499.1761660124
-25.7536683996 -742.4947720970 938.9166551526
-327.7827591114 -334.5236388542 1221.7429588320
-1942.7816362000 497.2359919043 163.3761167293
-416.2139703498 1831.7211936436 1130.3074826251
-994.4444485998 1351.3102742625 -788.1540149759
-116.4689523605 -1729.8468806440 -1681.2345307335
39.8518237777 1936.8317359094 -489.6276788878
-347.3420501244 1864.7016815764 30.0828002050
212.8326146127 -68.8994264651 726.6428760509
-1989.5942570353 454.2194728132 830.1666852056
1052.6643962541 -1861.5188817932 -887.0571000896
-1567.3941855585 1367.0943455369 -73.0035234428
-1956.5979963975 -1318.8376197315 -1058.8766822437
159.3968520612 -1235.5039392798 -326.9461725985
504.2792271401 -1779.1515745035 772.5037376215
-165.1441661299 -956.7086871921 260.0224554334
-285.5524502079 -373.6894616184 1768.2115152640
-516.7928230823 1534.4069831869 1704.9525868722
1554.2956137011 598.2771119998 -560.6120339041
601.2123301813 1521.8617746801 -77.6865009050
62.6280078974 -1217.0418195683 323.6696666286
1082.7194189490 -64.3043291332 -1954.8684317898
-226.8368378603 1422.0562730780 -1933.6874092385
12.9748908290 1638.8484459821 783.8214320149
-1745.2001894544 1693.8428688713 -97.2807959169
-1044.1066517278 -1310.9829797611 -361.5328921763
-116.4168032479 -1946.7485106201 752.8238068351
-1086.1562853654 1029.6495640575 -1630.1794338645
237.8941462123 150.9031910578 -1323.4755080953
1010.6925521144 1287.7423419086 1913.4744262796
-62.2897282383 -1869.8550185613 -1851.2483288587
-1644.3619811425 1350.0741747264 682.1664908383
40.0199240107 1032.9024196679 -279.4681140284
120.7223076668 1549.0584053767 1369.7999466423
-718.0263327855 -1117.1415764597 -1472.2255364491
-406.7812643908 1530.9299654836 527.9245535094
-896.2726434983 -940.9391431272 -791.8822962808
-383.4362147468 1843.1106624825 280.2055162646
483.1832704954 993.5496195669 140.7909964604
-1898.2650122439 1905.7441395134 99.5745491286
1524.2197537925 188.7127239944 -1064.8248288123
-281.7966843460 292.9810530109 1470.9415924032
-43.1289703503 16.4524969620 -376.6530904103
133.7602033027 -1380.0100307832 375.9589148812
-1596.5965721185 -919.5969697496 -871.7980719986
-1727.2063314656 161.7743964441 -1837.6352301543
54.6699221512 307.3339068055 801.4044519055
-1339.3631792633 418.4046019826 -1450.3045196992
1786.0349570448 -1428.3844475801 435.0528746238
143.1874270033 1015.8291071614 -1464.2097892566
-1542.5813263760 -726.4065481519 -566.6252445343
922.1115541305 -1150.5231288548 856.7606132730
-1590.9153926301 -953.1098537350 1576.7900303813
1281.6324813082 -794.1626493905 1626.0548577825
-1055.8904981369 556.4035879389 -382.4855016677
710.1062096894 -1391.7768042843 -103.2096730723
456.1605261010 -420.7666697811 -622.2550879109
-542.8336786725 872.1758631334 1236.6204266060
-1309.3422668253 -361.6359261773 -1553.1372359674
-1644.1226361584 -974.3631315817 -416.2252179667
-464.3652484478 -1541.2236403612 1204.1944079482
-80.8670360208 -45.6489361033 -797.5638416630
-908.9879935174 7.1891327275 1911.9050789584
746.3321426997 1961.7278868166 -602.1302030250
1500.9984672851 -1980.0286481145 -1985.3374725427
1011.3422496780 1583.5625621789 1695.0608307221
-672.7777437440 1216.1570585992 1774.8197439354
827.7976854648 1873.3278538041 -1962.0704188997
510.6351531931 -1371.6450852267 1361.0643914437
1358.1334584000 1756.4831608054 -1226.3296552913
489.3772023941 -59.4995038112 1580.1073958555
1056.6926138128 505.9267188858 1719.2141622024
-1754.3305038952 1187.1128605154 1055.9837034927
1566.1367522563 834.8568526826 1341.2080279906
-425.8826843002 717.6607537174 1441.6712055303
-75.8474830104 591.3421734027 950.6160381691
-927.5080989653 -779.8911482877 1738.4325468462
-1706.3078296919 1029.3866342208 -1177.0412672580
-184.7558052573 1601.4626227962 1795.3009758365
1230.6030854848 135.6533951567 1762.7818083798
309.6035744455 323.9739626821 1241.0314499894
299.1574923526 539.8986872977 -493.7944375885
1265.9962014508 -117.0829613652 1439.3030148638
-1146.3785122565 -652.9000133416 -972.6480078723
394.2784701311 593.9280423949 -1597.5027122922
288.9075968201 166.9430814370 -1470.0236521640
71.3242232172 289.9829301939 1298.7481857594
738.4421561725 -1058.1920977136 -726.4832606028
216.8531516419 -929.1150544359 710.9271215599
1025.2443963400 728.7679587362 466.3679205361
-1514.7541993989 -1817.1936244159 -1119.7963366828
-675.0496152266 -564.0239232395 1306.8748866310
-660.5052153624 1969.8982437884 -1140.6685232049
-260.1609344637 -655.9371165552 -789.2568254473
-1346.9667004812 -1599.0018247175 412.3790741491
-143.4680900210 1150.8659035317 1663.8906193734
579.2884339873 208.6451474156 -1911.0549450604
1641.4633930192 -1627.7103191804 -1868.8071495525
14.8933451640 254.0663423702 -1680.6820384666
-1323.6856182289 440.1785154244 278.4783248953
1678.5419488907 1790.4568285535 -916.8881039703
453.0324538377 1871.8390018677 777.1423865800
1043.0300395078 -1370.8737864446 -1486.4264527501
-1207.8391074313 415.6599541880 -1221.7527222042
697.7079352101 -727.1974367696 1734.4405072449
-1951.6173182343 -1333.1334827204 3.0465789355
680.7607058904 -1135.5942734055 418.4221120316
1905.9217789825 916.5415853268 -391.4707870221
-12.6621621492 -1525.2383951946 -68.6096298549
-393.3007779038 558.7956071253 1930.3334833605
1430.6393387622 -791.0169214006 1664.3725103911
-1045.0082780881 364.2299796926 1656.3197923272
-1942.7324715978 -66.4085292757 1203.1148076461
-1233.8720329453 1621.7781019581 -1119.6695194108
-1773.6795230387 -1374.8972059333 396.4262263362
-932.6628975485 -556.9390432488 39.9047757861
1173.4254405139 -811.5654201623 1104.3924035224
-999.0962192390 -1642.7995490134 -1629.0417509833
-154.1999932257 -129.5138299965 -1821.9148992501
-880.3427946186 -596.7665379345 906.8379908759
-157.8905301645 311.5889705253 -99.1426957306
124.0921661254 -1580.4973806180 869.3286589472
1440.4649386209 -1957.8566738298 -1432.9384213226
1635.2334610274 818.6792109345 -726.9532169289
-763.8891510500 -1018.3744559583 -1916.1992779502
-1697.1709929618 -1298.4531141259 418.6702213759
-637.0382955897 -1353.2131547155 1324.5331437373
-290.5578155718 664.4519270600 -260.9620923225
-1373.6141211985 788.7302321135 1380.5114668534
1196.8866848266 1094.6595408172 1277.2775307721
-1348.2607248021 402.5559781062 498.1818906715
-513.9066614394 1002.0101604957 -1873.8131342353
-1622.1713357024 570.8040413134 -173.9000056448
-1471.7434094609 -1379.6083741870 1420.4321023423
-1683.7048376033 -591.6583475980 -150.1496116384
1984.8354191694 1366.6622868126 2.4909408000
-863.1253555036 1694.0959871216 464.0100523070
-1809.2682713061 -990.6219104573 666.9706683204
503.7260183147 618.1835487965 -435.3072731006
-850.4651618273 1511.9248689381 -1777.1198440496
-1365.7735385695 1130.1768137706 -1040.9304651326
-692.8595196189 1767.8865838221 -1810.3715518892
636.6269802212 936.5883436382 1528.2352433737
-757.9213819735 612.2171524681 -600.7140601916
612.3276309594 -256.3874853041 1652.9100883199
-562.2902583778 459.2784549339 1553.5255891818
-1992.4419744677 -1339.2692669090 -1022.9831799952
-371.5664855253 1203.2262075859 539.5008684804
1899.1755781409 -449.3672725897 -1928.3061781845
-335.1259753903 374.9459087410 588.5547843365
-1558.9985337361 -1501.3653750800 1267.0901642175
-1208.9997258369 -1400.8243980839 1511.1577162517
-588.6455738664 -1403.4755616826 16.5631372478
1714.1628139463 -632.2686990758 -1005.1862237737
-671.6477925698 -225.2184593717 -743.2462029332
552.1454509202 -1446.5581287322 -1138.2161704768
1309.4566923899 1894.4968021242 1028.2479482524
1445.5298713919 1103.6650580149 -412.5091349859
380.5509856295 -1825.2829264716 -1150.7804115109
1800.2562821394 -1756.7764294089 284.0753948255
1073.0919696612 679.2107362531 -794.3327233680
-1595.4942080749 1803.1202982158 -1510.0309020626
-731.4500396972 -1020.0571036535 -1790.5049186133
-739.2400399230 774.4278399524 1300.7006594462
-1298.0785914903 888.7610291904 -1123.5832059845
-301.3397216742 -21.6852075631 1974.0768300401
-1989.5687825964 -1937.3610170184 -425.3399041726
501.4506909213 1442.9549437880 -255.3831933471
-786.5013693975 -1298.2738434391 -560.0368975614
552.8753356353 1366.5069442731 1297.5854649171
1089.7630822522 943.7172648364 375.0183756722
-1927.3633557911 -1595.8972272078 -79.6742705699
1872.6344890004 334.9189498253 -1022.7810768879
1566.6774745408 -983.7593855995 1738.8605954533
447.1533254978 -1497.3793311423 1243.0655309183
-1660.7880662504 -207.6654797953 -1646.9515772829
-1940.3631601696 -713.2966284760 -1682.1991468783
182.1280110128 1288.8163180596 -602.7895428831
1595.4720916242 1527.4690262787 -632.2257462649
-8.5214016581 -885.5380081404 549.9821594882
-1741.8434936786 -1810.0694269311 -1815.0760507502
-710.9472383436 123.6250226860 -997.2836937063
-1798.1731814465 -511.1963275011 -1294.9127986696
1144.0928311127 239.0994357617 -686.0074690252
1265.6741968205 1720.6839654973 -1768.8124172147
-791.9315667988 937.1614067359 1427.4284380271
-1631.2529995568 -352.6985184371 -1061.6286260346
-31.5931080991 -124.2040461517 1456.8658840611
-1826.1236789328 1651.8219415952 -279.6906418206
-1925.2248992645 1163.1243262551 -569.8320526021
-965.5220848066 1197.1539217829 1104.9049187537
-1510.8447054326 -1325.0641077263 808.8922433450
94.2393037034 -1325.3266936041 1940.2394049109
-949.7094062085 1123.7575868824 315.3278532511
-1292.4134183592 955.0034202534 -1321.7859652687
-627.4428561477 -1755.1680906675 -1620.8260728392
755.2547716984 -1038.4701954267 -1794.2720927856
336.8006621576 58.2310848834 -535.5060736747
522.2963985129 -500.1977968863 -1937.5678671749
-1671.4648279808 -1356.0256941576 1126.4929890806
1807.6273483267 1802.4049888793 608.1048888298
1635.3578595133 -526.7536026458 1824.7751940838
-1336.4564992452 1238.9108507770 477.9562426587
-84.3169716141 1867.0078816253 -26.2371720545
-1152.1677614836 1045.5965281823 920.8157154923
-1624.6818887923 -601.8511707626 -1008.0932370638
271.8523661701 1281.5076569349 94.1620631876
920.0472449070 1226.1288000066 -525.9389899512
1590.3574500803 172.9677325196 -794.2499476125
1102.2990975621 -1045.9291822516 1377.4166217821
-32.2883559089 -198.3927808538 -1129.9686166457
1324.6328158514 -1532.2104571432 325.5872578068
-498.6556065407 1999.5846667760 767.3027990113
1705.2216795110 1796.1638097229 -573.8319919265
1512.4974470392 1656.6297618135 312.3635783833
1709.0706099203 889.6265009191 1421.2369024978
-973.4710030789 1776.1456876849 -320.6192753495
-1617.4149564100 522.2002060505 276.0840781215
-334.5010339101 -109.8667578820 -1986.1099386084
-332.0987398563 1486.1866362383 -57.6610568871
498.6834391179 985.8571899604 1284.2832230373
-1677.4094063314 -1652.9074530429 -986.1124334217
-1570.2263902583 245.8601790069 -1879.3122657987
-1526.6804927358 -1948.7453649309 1662.0468411357
210.1439533912 743.7615666003 1183.9822716132
-1569.3161918967 1312.3934447014 -715.5917895212
1058.6443721696 1808.0827793090 -1888.0524695923
19.8895169387 452.1505326685 -531.6630921587
948.1944387427 1661.3055711239 1088.6387908620
-1094.7928761104 1863.0502988334 -1883.3725616399
494.5425293143 -1704.1832792194 475.4442885967
-624.9703765775 608.7979180819 -1216.1288430723
-866.3552890701 1738.4674575815 -640.1747208346
-1534.3999618961 -1527.5542922665 329.6398969737
-1540.3827869751 1109.8102293763 1007.8726734368
1623.4127187654 448.2476480353 -641.8855546259
-562.7877834991 149.8288075722 -972.8001556979
750.0053349751 -647.0818305282 1400.4581543535
1667.6704811676 -939.9096002595 -394.9142394530
-1034.6884627521 -357.4546628378 542.8035816984
1322.0336823568 993.1375094310 632.7719206867
599.5933944909 1456.1705502516 457.0124502431
-1614.3247491114 -1116.6731066305 1747.1625508083
347.4375523660 1272.0557990376 1274.7670080637
1810.0189314873 1798.5254780672 416.0755301396
840.4037936438 -1262.3165247640 1526.9464698544
1350.4997959296 755.8417182263 196.4725651842
-800.7724955171 -1166.1002622919 -476.3207439580
382.5959697544 -1409.8412711936 1007.0742202667
1204.8001253192 -757.7999849955 -874.9487390536
-561.0286366641 1118.0952403938 569.8070203017
596.4388755414 393.3271451456 -798.0733316523
529.0146959613 1117.1498736332 103.0686021803
668.2035117637 -172.0326400646 -253.0520699894
-433.1111538624 532.9890224359 -1544.8879498212
172.8054389226 1572.3250761707 -722.7230453509
343.9320960778 1775.6373420129 1608.4959935257
1139.6633404923 465.6636106237 16.9284061981
-261.6433384478 828.0252228681 -975.0011016086
520.0255991147 -423.0080422344 -260.5960692614
1227.6891808838 855.7542139010 -165.7131855790
-1964.8398944961 110.9882672123 1437.1779536965
1882.5296043799 -669.3828655186 -1451.9702668886
1388.5469072634 -428.3185382172 -1694.1890254025
1266.9769184333 991.7936444526 -1903.4218117111
1544.1037519303 580.0335885187 1812.5107358301
255.4090270578 550.7724234548 707.4349352747
-878.4650903429 -1290.3354028398 1449.2294762919
-992.5417137404 385.7001280685 997.3169315827
736.5051338276 1263.8358176036 1860.8076762183
126.4896095924 1795.7497236771 1161.1923715988
1818.4829823358 -1898.8491115339 1309.2658430433
-290.8959842344 555.8225663922 -243.4590750251
1869.4492068570 643.4355492534 398.4293239169
-873.7642436166 -933.0410673306 1696.1767869187
-1713.7423325979 -1701.0012446054 -510.5827582701
-799.2390418568 -71.2632982831 -6.9952338107
-769.8692001493 -1824.1571210260 1531.8687008023
-1185.0475753307 -411.0909415848 -378.7432303294
-147.7734064327 -1989.1630640083 -1351.7486363721
362.0749295648 1389.6025963504 1974.5328979519
1124.4765450068 1510.1498788292 1048.3769973249
-5.1713887176 1114.1272734084 -1421.1283821048
-843.4822337999 1905.0646435334 1729.7393889074
1156.0622430516 -1338.7272507918 -1382.4240361608
1323.3369910092 1504.1104003312 -613.6437124886
1857.1864063732 1933.6797235567 -1369.9817173204
-123.6882136835 1508.5733118547 -1430.4846506035
555.3205695068 -437.8040891796 777.2134366669
-1384.1511576275 -1029.3136804276 -883.8545171017
-1676.8671254855 1116.4995669051 -458.2873483817
-1168.7658198935 -1484.1197351239 1862.8314042678
1449.3189932283 -1967.8921874224 1993.3878568998
86.1193567135 875.7094564487 297.2618600686
1638.0314201755 1032.1415202567 -1372.1280465286
-1178.6550481454 560.0093381139 -1420.7510171526
16.0400881261 808.9936316606 220.6286863710
-665.2183394282 1222.2317598584 1433.9464754061
-1334.3198392239 923.7206358773 496.6199441228
-500.4967075679 -1519.7205858734 -1923.1796630144
1981.0479615246 -260.6382867173 1916.1710831179
-1593.1606421529 -1899.1393196651 755.2094461017
834.9945282100 159.7660699737 1666.2140343868
-1415.0946480650 1741.1210015265 580.5790094603
-549.6838639335 -260.4078345501 716.4290236424
406.3792523821 -409.0217390247 -178.3608618211
-476.3457581862 -1085.2541000474 1113.4770553346
1857.1856809502 246.0777027979 1035.2020985371
-376.4337476648 475.6904111887 1215.5983001750
-1063.6676993414 -1338.7079734352 -1804.3927518540
-1556.3999398420 -234.9531325780 -1056.5811441027
-70.5942626878 1224.7199066112 914.9303882580
1836.3633425454 1241.8708081932 1861.4293255742
-1456.7258389763 1258.8495247149 1906.6751392854
404.1407930816 -1810.3237040543 609.6309539579
1775.1430982421 170.9654717783 1271.8693276202
1201.6036873432 -1375.4657873835 1224.2121386569
-637.5399745722 406.6774277580 1600.9948604594
1854.6247066601 1688.3114911330 -1898.1964613577
578.3789585803 756.3938596618 -416.0630644197
952.2506756935 447.5911061453 589.4252578833
-288.4860106121 -109.8749077889 1258.2253454701
-571.0607407855 1529.9879256999 1067.7532941072
-1902.6111244458 -1567.3759578620 -338.4192958824
997.3915545380 1348.9033252468 -411.3643956861
938.3563618640 -1780.7490534306 698.2036245944
-1365.1046555475 -1899.4023652015 -1367.2101765116
990.9166004327 -527.9761350911 411.5894976460
-461.5284065202 -1855.6435004457 1847.2503848219
1540.6694117485 -964.2099274846 -1190.9176007729
-908.8229081912 -1747.6363791467 -1157.6123440781
-1976.7997736821 -1676.0550554376 809.0791003129
-1677.8379383500 -1329.3754151748 747.4560913301
-1851.7573235795 -1369.0700085374 -300.5501760083
1814.5693355169 -1761.2425944786 -304.2236382713
1877.8872932588 -398.9587961137 -526.5047128365
-853.4617959789 1499.6390196731 -1339.9872023318
-625.0196776105 218.0182406378 -1286.1808885468
1661.7259572949 -587.0824017265 88.3599041525
1755.2890251722 -1654.8348527910 701.6220128076
754.9635450366 1870.9442015763 -812.9845193829
1700.4717284062 -367.2929277314 -1963.5670836093
1193.7444630191 -560.7844041769 1531.1274023963
1935.7069265488 253.5717841768 -1558.0103335313
-33.4811736550 1734.0398400315 -403.2169025092
1159.9897332170 -1291.2166858791 1616.3309015113
-845.5066580181 -916.6138020465 712.5360888291
-685.1598522825 1973.7963681018 -104.3317097306
-1588.9691051030 -1796.6930538556 1281.7259365287
-1706.2453166967 -1662.0104432908 495.0449655634
-1967.6653527612 -295.4782077214 889.4747993424
1521.4419458696 -71.0668004716 -1577.5084171846
895.2701373886 -1126.2829850182 325.0494502871
-1325.8685294871 -620.1373930842 1960.8399551308
-797.6278154857 -58.1697203845 416.8425801220
311.8017325372 336.9761076708 474.7853691814
1818.5583864245 -1334.7977126167 1458.0227141315
-198.4728426350 1094.6925664445 -1720.9301184644
482.2978732109 608.3424553904 1723.6581629959
-1929.6557731166 38.4767008659 -261.9179698150
-1298.4247882147 -749.3091595001 1572.7008092992
-510.5367502356 -664.3155326915 -780.7535941759
1004.8148880953 1760.5524011200 -1737.0172095845
1213.6538890293 -1978.4394113399 1213.8704554754
-604.1672249846 308.1589522846 -461.9154027051
1332.9178736876 -1188.2940037578 582.3950768738
1755.0070292423 550.6406436204 1383.9443610003
1588.3567838102 -855.3558364339 -476.7613466429
1753.6762676054 -879.8828233794 1562.7859585990
1651.7971850690 -39.9431276879 1371.8261306747
-449.7276657186 689.6028686387 488.6507987953
1982.3735331973 -1647.3018924277 488.2970592307
875.1229739837 1555.7576084512 1567.7520642623
643.3688234254 652.0107138490 1633.9335329368
-1942.6875461030 71.0309108151 -301.7920221546
-1743.3502884211 368.5661140565 -1061.9854189929
-1993.0000671551 -1651.0671168316 885.8344422659
1192.3263237409 -472.8201654192 -724.7911164565
1544.9015451999 -1105.3511504783 -521.5449607695
1093.3181689501 -1616.5950623616 -1612.7534508953
-229.8944156186 -1257.4803896144 -1875.9947539165
746.7463408457 -533.3149105177 -1857.7518998346
-1487.9606577820 1777.8736715764 -1383.1668706276
972.6885101945 360.2807936487 -1482.1281671728
-960.1669895042 -1699.4918040958 666.7087074190
391.9079260077 1197.5605796522 -706.1987437923
576.4310976930 591.3784307072 912.2824413050
-294.4364388540 1695.1914716567 -1555.5145335301
-1995.2654903208 1121.3278966693 741.2636108485
-1106.6089559321 -246.7561440500 -696.7051231156
-1736.8148109766 -1404.3371346213 -524.7522158640
502.0812571184 -640.0935003350 798.2170564987
1330.5073697395 1281.7603728676 -331.8637234758
-519.9586227010 -1736.5756969046 542.8647134825
-1334.7842081524 1337.7565270448 1388.6988766131
-721.0436086601 -64.4418504249 -1903.4003332455
-578.1261113018 -1772.1769282661 -397.1632750983
-1281.8059065339 -1436.9808944314 1876.4312806333
-86.6245707304 -1511.5805927976 -1829.9390655390
-12.8443726604 -1429.9024761878 -458.5732232754
-655.9470653448 -967.5860033985 1127.4695576901
-445.7373046154 -1676.6071722534 -1330.9235046750
-1543.2891260299 -1266.8254028810 -91.2507820980
14.1301726474 -1896.0547572713 1477.6914219923
-649.2758032174 1492.5667858096 -1387.0405862959
1661.3806147276 1340.3459923953 1033.3972949089
-1242.1190159069 -380.0352774047 1529.0242551296
1371.2783959239 -876.3717500931 421.3358386538
74.5910584680 -1172.6894683342 1201.4187146773
1261.2434802416 -1485.6086149956 801.8582496626
-1527.3063131417 1368.9592708846 1573.1936131059
1935.1853285472 396.0772042297 -6.6066059153
-897.6440525264 763.2589201629 1224.6879591687
568.4583935078 -619.6039471589 -1645.7822073961
721.3599114643 -1644.4107109663 281.8276180249
-724.8673424221 178.5205050482 -1208.0897434578
1408.6429149321 851.9728908475 -704.3171836906
1124.4456645521 -18.6112663939 1956.1576282043
-184.2828699573 -1747.1530619385 -1085.6758219270
-1988.3320490453 -166.3181096281 1223.5320850309
-1272.5268874411 33.7850245472 87.2076039009
-689.7157609603 1232.5885839021 610.0102421317
1509.9690908452 307.2985602576 255.5324217347
1005.6674508724 1738.2809060760 -3.3457478795
855.4696575260 -1756.8758780211 -1450.5310229381
1030.4924336012 -1532.5174370498 -1923.7714006895
1131.1306959427 -1523.1021578506 609.8739387830
660.0930699173 -992.1107173625 1451.9664398150
-1823.8262804604 -1913.7669914025 -1994.1609975835
684.3658024907 -1795.5386467974 951.0252116766
-719.5959509056 507.1311143977 625.6825921821
124.7397126759 -1657.5012825341 -520.1548719494
69.9561105057 1901.8940857396 -880.1191547141
-773.4674080658 487.2929782442 -1260.6522035570
-1057.8886342017 1765.8657522365 -273.9588073836
-1113.2476184751 93.8312868838 -1970.6872615069
266.6838952523 -1267.7763602179 907.1377119425
-1617.2718751627 1922.2696221179 537.2362422636
27.7743899406 1279.2462284162 -81.9440045756
-945.9616489372 -573.4092874955 -400.3651145590
-646.3737000874 1901.4943986440 -985.7960154958
372.9070003222 1584.6911923861 -1825.7213788173
-1977.4741379406 867.3811473145 631.2772028596
-1916.6400777933 -1546.7255768594 1557.7083319751
1413.9790309264 651.4052386243 -1029.0738179717
1885.7840439187 -1590.3738683366 -245.3206429027
1686.0510124568 -983.4247884466 298.5562450916
228.4087917505 1039.4903373224 -511.3596169008
-1894.1453827838 -545.8528294067 1237.3532099709
-1000.3610525475 -958.4339536408 752.4009784331
-398.5448925600 634.7610528600 1957.0214176667
-1540.7572605612 1236.9819761578 -1305.6065706450
-1287.6619836395 440.8209263703 522.0661548617
-547.7275613063 1461.9890226353 1081.0928061802
-1791.1943897131 603.5873016200 1138.9441953631
-1241.6504032158 1460.8413527646 -425.5899831428
-981.4801485116 -1376.3976040054 1297.9517848869
-444.7368433369 1072.9529044234 -1741.4213187441
1786.0623306850 442.4116463566 -1714.1937597333
1204.1627654300 -446.6497406608 -670.6363818204
744.1966995842 -1430.3737383934 470.7115313982
1688.8484218527 -1319.7458982719 1259.2482329960
-1489.3170051078 1883.1110494421 1166.8246087320
1156.2603810004 -716.4696471367 -314.9163761690
1552.1875344551 -1678.7099880692 959.6506267334
288.6401960768 1035.9502442340 -973.9018442627
440.8053280873 -21.0090004636 -1326.1431835435
-1436.3173421524 -1202.3100870482 -1766.0287563696
1985.2407179973 -1362.1301660923 -529.5022280141
558.4601481080 1402.4029181630 -1817.8142988701
-1149.1660027534 -6.3850120231 -1763.4219064418
1098.5432574327 -1098.5414225754 1645.7085333069
885.4934738716 -573.8899511489 -1022.7480680049
-1763.4084833170 -82.0157846071 183.3882377892
1970.4916910893 1958.1794315752 -1164.1635716438
884.4455898039 1256.7189017012 -1343.9037671227
-209.6841410553 1570.7968749771 911.7036615231
277.0658383318 -1886.8465140039 572.8544881555
-1791.3376568746 1392.8315608735 -1566.1319734749
-1656.1556557852 -1803.1569909409 -97.7679892898
818.8634310910 -1472.1748193078 -1573.6906309692
-1420.6022255153 1551.6975235152 -752.2420657989
-338.5551001452 767.9175098474 791.5677377993
611.9891185661 -458.2871026971 547.1975939208
-1360.0317258954 -904.2690313539 -14.7224341416
1954.6758757647 714.0312811562 -1049.4794853361
491.4969625737 -778.5954979413 274.7938002960
-818.9937708409 1476.6416913352 -419.7451569747
1389.0361506646 -543.7564484658 148.2429195955
811.6913079062 487.8249404308 -592.2298547584
-1123.2072833848 -646.7418401570 996.6719260572
-1539.2933905676 321.9152916907 558.3972071387
-357.4025347144 1382.8638433472 102.7739338692
334.8939985555 -410.0743885530 1758.4298564413
1347.3667591477 -1580.5327382820 1120.0439283075
-1301.2189658557 -522.4424789815 235.7246294327
1990.6787173965 -429.5795717195 -1429.3677914819
-1206.4870251282 552.9357563751 1460.0560104481
-863.8278779750 -861.5361332637 -1593.9618723908
-235.2734217106 -1388.5153574508 1966.7005906011
63.9473083467 -814.0803914720 -375.5722926240
-495.3293042408 1497.7133601912 564.8722817661
-562.3909624611 255.4709172976 -1276.4357834168
-1248.2247516462 1115.5095740077 -172.1730322097
391.4394694158 -1179.9611331736 -1597.1761835250
-1105.4903934243 -1065.3458362838 458.5691382735
-167.9600272510 -1279.0597797697 -1674.4997284299
-323.0707991127 991.9012748900 1326.9643689327
62.0336324331 -1261.1078490204 -1287.5113510735
1400.9182157101 -1715.6682442028 639.9286904060
-1100.5445504092 1809.6015986514 -519.7532531763
823.7278542538 1263.2869977746 158.9928956324
116.4043656788 -907.5287425642 197.0044455847
-1041.4182172828 1374.2021868674 -1358.9874353256
1439.3428583140 815.7675756214 -1311.1265856629
221.4395043649 -1605.5073083786 -488.6674506469
-602.5019044813 281.4642130834 1940.9545759029
-583.1564441278 122.2825012961 -1870.9879123405
774.9661178805 993.6048980557 603.8907592750
-1864.9986888408 1338.2069165595 1153.2498294279
-6.6767920070 1731.7917731223 1200.0408946647
1226.2124171574 881.4238515167 1887.4068024105
-1892.1235396127 565.3564428306 812.0015987629
1890.5695667827 1323.6276339660 1694.5939648909
1141.5922409844 -1373.7667732964 -1950.5664286401
1068.6620027959 1566.2056630088 1809.3741421135
81.5083797908 155.9555300080 1318.5906330923
1448.7322141732 -428.5744457253 725.3359269478
671.0650460982 1552.0081049794 -1006.9990974338
1465.0020098492 1697.6726809650 -1322.9131190048
-1397.2892782453 579.8592409222 1301.1063673711
-650.2517862126 -1718.9828168171 -1392.9666054685
346.5073568708 543.3774755866 -26.5983400608
-758.3051160424 -414.5143319736 -648.4871947173
-1436.5659948661 1162.7795221469 -939.7448351432
-619.2241529142 -1029.1881149538 -218.2406742886
-1732.5516941672 65.1335898069 1284.2011704020
412.2246306338 -1735.3557630485 -252.4780637752
813.5835250003 1043.3008517979 -696.2572840181
-454.3364964727 -1591.7965698773 -534.9013262886
314.8092811182 324.5944016152 550.1198713039
571.4444047489 690.0665881317 746.5840593422
-207.9487424395 -1615.8263749753 -499.3360288503
-1910.6871434053 305.3118077083 -155.0144706832
430.8746040053 1769.2387127017 -817.8222211245
-937.5244729717 1072.4056617373 1888.0493838633
-1675.2509384915 1573.3819675239 -1548.7305866837
481.9863287589 325.8382870785 365.4409442754
272.4606668978 -595.5897063721 -1431.5049943506
633.9221208845 -1772.2493784570 -1913.4574401154
907.7628778235 -424.9166728822 812.0083418328
-706.8259907107 350.3070468878 -1008.2643585209
1199.2971423352 -837.6552565741 1827.2528184574
-1720.3338296205 1676.4234873008 -53.4532204813
-875.6077457130 -27.8183841838 605.6795214775
748.5529203615 -1308.2230341910 4.0796074881
1871.3633833548 1790.9070364735 -568.0444855701
-22.3783519814 1064.7190524953 1487.5522622235
1918.2259250102 1385.4395500363 -1763.0657350088
733.3626402413 -204.9127090282 -936.0355271694
645.3853663283 383.3662360226 1685.6861568884
359.8502612857 1773.2524473590 846.1347558662
773.8171551624 -697.5777910146 1119.6666936225
897.2236146983 -1050.8995947562 226.4048500446
1680.6507840904 -1138.3405701994 458.4691588589
-1603.7214383680 -606.3737738148 -1163.3204502166
1731.9436312193 865.8097546293 886.2092906048
-1007.4169916488 -1348.3423194028 1892.0763618700
1271.3030366825 1165.3933875611 358.3967155487
1149.7101322346 -419.6243061142 -1776.7021294781
-933.6161911317 1271.6151297396 1484.2452580865
-1741.7436931129 1531.8493545965 -253.2988339759
-1680.7103640405 -690.1190213140 -1394.3270151534
-1768.7177093224 -463.5097178838 1842.8437442960
1067.5581928578 -547.6084991388 -651.7090456022
1838.2775951071 1375.6567805333 -822.7310953880
1987.2016580490 -1330.0970226483 769.5151239079
-1821.8828317376 1460.6141597116 -320.5752358006
220.2246280366 15.0362645560 -106.3161142436
641.9976809186 -1114.3433853357 -176.8800240686
1553.4740956830 1811.1973804774 -1461.6798569399
1624.9754961543 -785.1489188184 1737.7832153960
1823.5002769852 -1398.0592160670 1529.4259326781
-1588.0721817756 1733.1979145876 -1026.8230169682
-925.8643656868 -709.9124549589 115.0189555642
-539.9021735227 1210.4808777124 1162.3187216008
1752.3121556577 -415.3432942761 -1358.4190184138
-471.2278284314 -961.8687194061 -574.3959659598
-319.4515946332 -518.1140947636 1135.4162108849
-1429.8203402651 -1031.0996767458 1936.2270789370
786.0852026739 -753.5499526078 1752.0842835913
-76.8306801145 -970.4250274892 -58.8868877061
1011.9436980118 447.4053338792 127.0676071049
336.9520180669 -585.3998174457 1993.2143131870
-265.0754379203 1490.4352100431 -130.1592154053
1341.3017499656 906.8328886665 1064.9642037835
-224.1119592694 1649.6782825466 1390.7495388393
-1072.8123266168 -1918.3068155465 -1337.9563148422
1034.6584777730 -715.4614849616 -1420.6124981000
-1379.1920637191 -1862.5861811463 1788.8996015439
-1548.9569831554 1251.1419091664 -468.0820134943
1639.5121540720 -116.4435986138 -1766.3341285034
1689.1344050953 -230.1485864892 -1762.0278869152
-1573.2312433838 -1544.5605561337 1840.5306629108
1841.6583519648 -596.1476886336 -363.7178887411
1780.1089799420 1120.2899765562 -275.5608744987
1385.0350759080 -1767.5848244253 -1629.0344792487
1954.6127046929 -797.4232734964 1968.1402559149
1057.4945969794 689.6081366589 841.6194570182
970.7134759415 -756.7975621206 970.1588984664
-264.3086053378 1072.8588744365 -1330.8103087419
-1719.0042395067 1064.8767127839 -259.3804424108
-1302.9775792162 -1272.1939842176 -1289.3492295421
-1087.8959704889 -1351.9963273696 -406.1590602643
1664.5675508174 1302.7718394211 367.3911689917
-9.6804667788 498.8751933684 975.7000968110
914.2831133074 -1189.9364975764 -837.2073998171
-1315.2437686936 -5.9481577099 -420.6663483333
-1345.7886249095 -40.1523481529 1320.6578702821
971.9195983891 1222.4724943270 -841.9558852302
991.9268483117 -1730.8580734004 -1787.2502441588
672.8824946163 1183.2686106941 -524.5450521496
1311.7785102339 -1611.1554443798 -301.3427444212
-207.2294545827 300.2668960772 -1876.5406081194
464.2995426944 1043.8127933845 103.9756552993
1455.8870789121 926.4023203160 877.1190650577
543.0697373649 1398.2378781229 359.6306941218
983.0587349029 493.8292205691 274.0123526037
-1410.9560259098 -372.5338463872 1112.0798458612
1438.3818429371 -1288.7029068533 -6.3553937699
237.5485183428 -1762.3022036819 -1339.3691922181
-341.9863078151 282.3346121808 1099.0878973746
550.0751383189 956.1312954048 636.4516154439
-649.6918418330 -930.9467892518 503.4582546903
910.9836735453 -655.5041394430 -1342.0411254007
-1710.8076801192 -1856.6766902725 821.7440424607
-1095.0738771568 -558.4077163516 -389.0011371429
407.1657316738 -1183.8034166973 449.1236897221
-481.9315828095 -573.2619482120 -1166.8664120584
305.0058854617 -121.5710114595 -1425.8498450529
-1355.3160451033 804.8321583818 521.6637650603
1080.8196610179 1957.4196726428 -1377.2608042524
-110.9937219889 -591.2295311751 1867.3697381017
1878.4588067817 -309.1162416689 963.4894703197
1569.4562792823 -1819.7246745212 -812.5718221873
943.7891640855 1621.8233746225 1381.8238732771
1553.2815181692 -1870.8518676155 -1362.2556978702
1481.7123175619 -735.4455519847 388.0266416147
-384.5500674353 -1537.1604158525 782.3966646436
1436.7234025799 44.6761029171 1227.1580371357
-34.5338783396 1910.9892261815 -1310.7689347664
-403.0488952030 1292.6578114977 105.1749157988
-422.2555383394 -1723.9871355691 -687.3642157441
-102.2587761594 -559.7676848462 1694.2249615488
-1267.2564402241 18.3327954602 1905.3298219421
837.5654445664 -613.5486746952 1881.8878896711
-783.4543342131 437.8226879333 -1653.3827496278
-651.3340384464 965.1203833319 1966.3232466023
1058.1745491657 331.2513930494 1903.6218039864
1183.8254194809 1226.2919606750 -1541.6517870214
1727.3360455173 364.0474086217 -487.6446086236
117.9204846737 1.3611071978 1153.8055329974
-1812.3412222874 1097.4429500038 919.3073293281
1597.2199943613 731.1806927964 -1097.2430051755
-312.3969671038 -1463.8084338112 -504.3316114827
1396.4862354028 1957.3086803932 468.9663572866
-1480.6181714054 1582.7372403197 -297.1988981825
-199.7650821868 1671.6469431385 1883.1861180565
35.3943177593 -1381.2515527197 -1068.7156196638
-1692.9007920179 749.6335147129 667.7514601184
1519.6045431271 -200.2618634334 294.6582301496
-1903.1407915641 525.0759990104 -253.3921057504
-1865.8064750747 514.5073103333 836.3029325601
1763.5206790982 900.0949325742 223.1485786004
365.7037061836 -467.9486463062 1550.8549160254
1749.3441787801 81.9315633172 1280.5081029921
-1870.1038399516 -358.0125204493 1129.9366468496
-1597.0562905344 1004.8621007785 211.2020302443
1768.6984869945 675.2810717031 -1260.4321416925
-184.8624609279 -400.7457842039 -155.6297281152
573.1420415884 -1792.9312189281 1033.2221661865
-991.9047358154 -904.2284729576 -1448.6415971164
538.4631507965 4.0034586326 -1372.9833173881
-516.4324835105 -1060.1681936532 -397.0244304509
596.6289953382 -1049.1823147764 -1370.2386048391
18.3379383985 977.3839210404 -844.1636763954
-412.0783023175 123.2383170244 -1509.4923640564
-671.7049718080 1293.3787043672 1058.0882310684
1924.1836146395 -840.4450077433 -668.5470187176
580.0670352297 1128.3007545251 1515.8564060318
-490.8391190726 -526.6136390798 1584.9271546238
1789.3101556836 -719.1974679966 30.0617560446
1646.7850803892 -1482.3532248290 -166.1303237801
1624.1342282133 1444.8962008239 -252.0910097513
317.5393105630 732.1569673572 710.5728283677
-264.6411343808 -1879.5429349271 464.5601966307
1743.1444636900 -1800.9471571769 1923.8882058686
-1033.8480921949 -1262.9164936673 1758.0105740627
-139.5738646082 -1202.1275855878 1147.3520198215
398.4878327435 -1398.8857452142 -870.3828532591
-1409.7996612578 -138.4049460466 567.8843904822
1987.5158547396 -1999.9676648105 -181.4238497039
-866.1251630616 353.8109439061 -406.0849773703
863.4726371887 75.0869251396 716.2509394249
-649.4558599054 1400.5481198367 -535.5125742548
-128.3933851921 1768.4242440695 -1527.4945818052
-1772.2141717080 1641.2354796551 -1333.9713033315
1128.2736214939 1350.4028269998 67.9692181513
-169.6690651898 1490.9043418429 303.7810690587
-835.9840600774 -807.5303495071 441.9506996412
-1512.1541292566 478.8356246198 1569.6877465151
-887.0838992361 -1417.0977449865 -1906.3676602555
-1524.2678338272 1719.6354779306 1652.2350954803
-1838.7989534716 -1565.3933314841 1353.2863982899
-878.4012764272 1420.6113808009 -1138.6920268130
-281.1801955967 166.7613627436 -1938.0307568296
-349.4316609985 313.5214888209 68.6563037915
-1755.0048983442 -1147.5762348625 1716.6549660657
-685.3087315146 -942.5140669485 691.9422054226
314.6749681329 822.0958451120 115.0750089399
1503.5117650330 -646.1690082753 -385.9590892944
1613.3303628902 663.5963763311 -1027.4047404879
1848.0824875598 690.1277693493 1704.1945516453
1744.0553631004 -618.2412812431 -134.6305538724
-1078.5906355870 1706.9231825333 1718.4705034528
-1392.7112927737 -1152.3978354576 -138.1091893006
-1283.8992114245 -1112.3959405005 -195.4901578795
1180.5514022766 -1381.1542731142 1554.7080976851
1703.5790869468 760.2398820235 987.5443960646
-1602.0185092054 1798.9455046289 -443.3718860502
-996.3804407906 686.1187058360 1499.9181127255
553.1751815295 -902.6046732818 -606.1838833662
34.0301543392 -909.9513012109 933.6243309878
-1260.0350722679 1278.3684952613 -1534.3556310126
-513.5277897375 -1960.7093869903 230.5639362714
341.2223368296 -948.0023466540 1177.3898419574
-813.9861533969 -977.0210878394 1338.4239503593
991.6932920311 -1001.2968845754 -1619.8797366279
-1562.5945423849 -1693.2661397808 1609.1511692731
-1012.9217746472 -1240.1751256933 -1563.9658707465
-731.8202336551 1280.4386480277 -331.2833380172
-617.2736042636 436.3901312573 -1909.8304688271
-175.2889133340 -834.1726670725 -1386.9367450918
1691.4159882843 -697.2400096391 20.4512317835
-864.9128497501 90.4915253247 1173.7846510859
-558.6738857904 -1199.7793972933 -36.9182277361
479.8282385423 -91.3457358643 393.6210160914
-1081.4729683768 1573.8525978881 258.7665863164
1754.0072207100 1813.8873211785 867.8677692656
-1370.7200324289 1862.2920079486 -1377.5377592568
566.8524966048 447.9436252104 -1533.5719257260
178.1514295211 216.1447573791 1568.4720841701
881.7088770297 -497.8997171244 1.5487293710
-1571.0246348646 -365.5366961587 188.2440720804
1680.3160731920 472.5537762121 -170.9419758005
314.0705856121 394.4738459331 663.6739530981
-778.8093226157 -1482.7310478481 -899.0506897828
-1512.2021015331 1726.3575697275 -1061.1941323745
275.3520408544 -512.0404330300 -714.3827059290
-1699.9072747893 47.6006408326 -1342.6053743452
1771.5904207331 -696.4627194081 1262.6437018894
1791.0987960051 -379.1244139330 1502.7278972482
-137.1103873246 703.1126038651 201.6855890990
-1792.0155428752 -815.8320503008 -1222.2757674064
481.2789748280 288.5579989057 -1723.7741933319
401.4500418244 134.4774420777 -897.9938414918
1759.4651657499 820.7132436911 -1428.5639299557
1737.4254689586 -287.9316016296 1000.9317653334
1562.9835672561 480.1165301097 1934.3375070514
1601.3051113736 -481.0947397897 628.0427963146
72.8013782940 1921.8397633650 5.0916270774
805.2364685102 -592.5472687756 -395.8898740327
-434.4134762244 391.1664851225 -284.0072043460
1484.8372925509 392.9265005587 316.8986353333
1520.2477765703 671.3569491741 198.5338989548
1725.6007433305 -726.0363826560 1675.5180769373
-1721.8960280313 1893.0565962123 1359.9616558376
1110.3986987536 45.7655685749 608.1968062988
-1243.9311849823 1064.9052095451 153.9120212834
1550.2370395197 1971.4491635748 295.6670176483
255.2071451751 1538.8410991102 -1684.7128691088
676.3540131993 -1587.2766892476 -712.1331165922
1664.8517079064 1280.8438461359 429.7317375441
-541.1996886644 -792.0455127110 1819.7358341852
973.7448897108 1857.7475008372 -1669.1054453545
-1293.4998030314 -756.6235200242 -1647.7191715638
-1872.1700272414 -1979.9060688826 64.9068105548
-1978.7755396513 1604.4327007911 172.7493950412
700.2243757368 355.1051037038 262.9896757440
-214.1980933401 -1210.4705636506 666.5918920517
656.1614442938 -615.4216009176 1182.0258100170
-1636.6886172114 1655.9020134712 -970.9563982214
-1509.1277324502 -796.9535471251 -1599.4263471809
-1561.3275325590 1999.4960615494 1519.3936583912
-470.8096536381 -1342.1900895670 595.5317444400
199.5409114641 -1300.4748123622 -262.6074610742
-70.5008576275 382.6545011958 1798.6394013815
-1226.8990233586 -1953.3315021527 -1501.3564737775
-778.6944961733 -827.8509673893 -790.7456808152
1430.2473468130 -1484.8028780746 -1929.0077754874
289.9322397639 564.9432693664 -69.5712319546
1111.0595700702 -518.9016190555 1518.6452133355
1418.1150441701 161.5564440204 -1242.7852335089
1458.8405874984 1493.9577268311 572.9940688361
-940.2189207601 -311.3981849643 36.7870171184
-1936.7036110118 1927.1288017337 266.8811498985
176.5533706725 30.8276426303 -756.9211942208
-699.7577839832 -238.8554949656 1882.1404440232
-1425.5571074128 1538.0817101202 1101.0207118669
1478.2776140894 -1994.8673191309 -1851.7378260688
1983.3096264860 650.6007604266 -358.7813102543
-1831.6173111771 270.8294804529 1436.5799217776
-1352.7491158623 1531.0269976582 573.4353606279
-1615.0088489259 -786.6675617633 -596.1635550256
-1022.2213870726 -902.3565567465 -1657.8636494658
866.1384606775 -396.2603332735 -1165.4716034552
978.2732487180 -1779.3273851219 1503.0323300718
507.6691228031 1579.2072380681 1670.4720093507
728.2663680459 -1197.1619325471 -1581.4376399709
1331.0215905332 1705.1892373176 1557.4879532406
1945.8044751716 753.8496508213 -1615.1258506366
557.0256357822 1289.9489890284 1386.9204908946
-1761.5165175274 838.7360773767 517.8293968524
1627.3884489073 -1767.5350044266 -1122.3802312652
1037.3955589903 376.0615149158 151.5020131568
-1238.8411252945 292.9835584540 -774.6514409551
1293.7633885074 312.5097462191 1256.4178929653
1993.2958266417 -1366.1843433083 -107.7482701769
-541.5155716894 -1490.9914917425 1648.7939625469
726.0002235457 693.5436787198 1166.4459699175
-770.1496684488 1771.4003634854 -1317.1612413432
-752.0544454896 -1523.4688043603 -1064.1069256884
-1815.4580832434 -603.2684591091 -1752.2879157011
-700.1121515031 -113.0207002256 1435.0061263609
-1567.1820695380 1219.8460880636 -348.5914902276
1561.0220852684 826.9123875456 1571.4778362052
-166.7362809125 726.2092198134 465.8714197890
1882.6389670055 940.2059629670 1134.9243117982
39.6146890525 -131.9798467853 -943.1214179443
1912.5795085697 -1979.4958074024 -1061.2641626201
1477.8862974281 1511.5904259365 -1667.4970344177
-1409.2407686739 238.4190440946 743.4823503154
-883.8684305634 1795.7260260120 1019.5725575784
151.7276372030 -1817.9699100037 892.8157187411
-1733.6408299664 -1013.8735863445 -914.3095177309
607.9216583355 59.4368613793 -1533.1479818684
-1137.9452139771 1749.2008953663 -1067.2547220268
95.0659787457 879.0537404913 645.8166941884
-84.5516169500 -97.4501512757 -24.5972959021
-842.6512240780 1566.2015515693 1675.8363151546
-285.3301662213 1141.0063457357 348.8782055550
-1174.7977532293 -1143.1608685684 -1170.8310728457
-1821.3743415281 -1770.3798235348 968.5231940054
-339.2272561268 -403.4476379098 -1251.0957037046
-149.7878162809 1557.8363338985 1827.2264123427
-183.8627643498 -344.2023131240 1354.4869695627
-1071.3571238240 1857.3713087738 -552.5026290561
-850.7119082739 -1988.2748617353 -464.7026056495
888.2395008548 -229.9441187664 -418.4741147040
-1341.6386622091 -1439.9636096503 26.4567700451
1986.0992975141 301.5302205264 -674.7771143611
1952.2025487474 -392.6500980582 628.6433002862
161.4556803823 1746.8776671400 -2.4411258989
212.3224835606 -867.4287713642 -1510.6721128240
736.5464032810 455.3332666674 -1677.0358364325
936.4243257519 1245.8308198917 -1408.1021929319
-1413.4685201826 -1698.4226297924 -962.2644877883
1281.6310951273 -271.4607637028 -1942.4421329196
-677.0263689919 1554.8116855320 255.9215244135
-762.2766442734 -138.7483432830 -573.7051582871
1923.2949400884 223.7267705094 -1494.0331980946
-785.2687520539 -1967.0966900828 1432.3111578456
-963.7774197543 -1189.5374528777 -845.0235541838
1647.9671235556 -1527.3300290924 -1588.8578269243
1767.9099284789 -1555.4782928616 411.5428547085
115.7294989723 912.4674263710 -256.7644693424
1889.6408314079 -655.8290134432 -1424.4195825826
342.4687951285 -1619.5792531453 6.7285030132
-613.1789352451 -353.4795224213 1926.9132603439
767.2728667790 74.1381419435 -1463.3106703798
-1650.9777075016 1291.1883873703 -758.9295429924
-65.7542711485 744.4357725740 -459.0011823491
1086.7202779961 520.4733268204 1502.6884656131
-1976.8673454873 -465.8277921674 -1220.3583346798
129.1454980830 -149.3457070244 734.2978940297
-107.1329464243 352.3778384935 1812.8397520951
557.4355987933 -1175.4353677256 1231.5487491617
1563.3604603124 1445.5520434132 900.0523965830
81.6005079994 498.8530914501 -1331.8565769915
290.7423351228 558.5174641914 1827.7147665049
-124.6705766126 625.5473812693 948.6493537731
-387.5632921341 718.8267704745 5.1898575788
-725.0333114695 246.0299624172 692.0416269091
-1859.5057994045 -160.2190991611 -895.2527914028
-514.4705525765 792.5023603014 1186.7568412707
1692.1025298343 -1432.6963870884 -1836.4218486672
-1362.3732396625 1902.8358395920 377.5574706388
-382.7131010772 1594.6468372005 1619.7598978942
-891.9602041231 -77.9900082085 1981.8412227403
-1969.2929293407 -1680.6285816681 1246.6319919352
-1688.4274693566 108.6081344703 -786.0731490362
-43.9400163718 11.9194459133 -939.2334139162
530.9156006332 -1980.9569593613 1848.9042210673
-1184.7374067131 -770.4693696548 622.2129461344
-934.4137336675 -805.2307574694 562.2583614012
-1474.3688052985 1769.7782703636 7.5470840451
106.2811516791 -23.7131584205 891.8053951668
1650.8128335232 -1292.8093647436 452.8711204876
-506.7248252038 -1930.0159477871 1818.4612127285
-773.2913351710 -569.9624793040 1047.7379828266
-1974.1077584789 -445.8286718632 350.6068197388
357.4754954493 1573.0506695991 1379.3970231185
-1762.1628111201 -614.1413120595 -760.9066619530
-45.4178031028 730.5277038084 -572.5322664314
-1018.7724222402 122.1803332416 -863.0871695789
1130.7795254939 -222.0272920792 1141.4164217299
1866.3813191227 -1715.8982987687 -1110.0044189604
105.3935559117 -617.6984884528 -863.5821180178
-466.6135125793 821.3963814585 -376.9064518953
686.6513513178 804.4969927741 749.2980525066
1336.9540892953 1802.7695342858 549.0678646924
1450.6794473591 -327.9944031398 1954.1507191022
1768.0305181275 1199.8472486698 216.4465201977
-1573.3480325780 -906.2200131624 1748.0551639323
920.8046954172 -1606.5182965891 788.0742946309
1915.1251443025 -39.7985539570 -1159.7996654194
1477.0525526290 1202.7860209876 -820.2840490587
-1488.0097035789 -88.9126895818 -1317.1435688992
-408.0044323511 1755.4171125395 340.0915452989
-1544.7697974422 1499.8437702894 1302.5895305225
-78.5089956168 1635.7530355163 -745.3812989123
-1032.1967545854 -1868.9973382391 1313.4675615344
-696.3186585233 1683.4644436120 -1403.9393423487
1881.5895669364 112.6386767971 864.7823877498
-98.8795640010 -785.4009926174 -843.2297075853
-1663.7638132513 1020.2780146820 -99.3858254898
-1728.8317645588 1497.8898662971 -158.1737763866
380.5437404291 -1961.0768432622 -69.2466516433
1673.4847228710 1644.4427396664 1636.7775795565
-741.9914400595 -1556.9217617595 -513.3904366086
48.0472434917 1471.2336193023 260.0406678144
-1278.0932668473 1322.5900683167 220.4653210070
-803.7019606999 -415.1530405848 373.2031472274
-227.0904458541 -12.0539401017 316.4084055183
-250.5041913614 -598.4445266373 1296.4212265532
-132.4703805565 -412.2749144271 15.6910423231
-1192.5335562155 233.0117123068 -571.9358721958
-962.6475700347 -410.5557325107 1695.7830392509
-1005.1171316299 -1174.8817319974 802.8511736177
-1737.0740091715 -1363.5918392586 1168.4243914562
-1028.0492202669 1827.7088820710 -1693.3950918442
1436.4017655345 -1334.6600630896 709.1807432266
-1115.5686164682 10.8261147654 -1443.0332534151
-1781.1498734932 1939.8030194354 -554.6096200605
1011.7315972711 -584.3684020353 -214.3327015165
974.1496887625 1977.2683405973 -1237.3896346746
1477.4856758123 1025.6512181948 1712.1180711576
1646.3141612890 756.0175844923 361.2100224990
-915.5981704375 -1373.3765282924 -1095.3065919038
-621.1706892384 694.0288899375 -1224.0002359409
-1510.5374730523 728.1453516199 -1345.2370569248
-385.0724193555 -1672.9749011625 422.5467871466
348.0417266218 1127.8958669102 419.4783656269
144.5886252287 1028.5991691835 365.0562619042
1669.2522461804 -1949.3479203308 1878.9873904755
92.1556361993 1547.6258590145 -1269.0315919791
-385.7336582135 -1909.2271299424 -1453.3229594467
835.8596539476 1047.5585231506 -960.8672805378
-1394.1325934162 -1896.8329086906 -1579.5701304813
-229.7717096552 717.8026694583 -1032.7409415298
-450.4207211498 -653.3235136021 616.9291127081
-404.2422768499 1938.4569019528 -761.2323314066
-1695.5539526303 -1637.3518989421 -1161.6822965930
-1594.2686828478 1704.3392279549 -1273.3549882151
-1321.2379080979 -1967.2210902719 -1099.8386474310
301.0116626761 -1583.0545848553 722.1734218361
446.2511404140 11.6487349363 52.3412452596
1748.9455995362 1922.2437722423 908.5518393218
1305.1714373691 -490.6758703340 1383.7768025136
747.2655751857 -1014.5962025738 1035.2346362860
-1674.8570400972 208.7642170425 -297.4170802229
-1291.8063261078 -351.0719936233 -1646.7719010847
-1558.3123386145 777.5857469158 419.0602601565
-234.9752493787 1377.8680395146 -224.5593156828
438.9853557528 -979.7695278363 1190.2397749915
-1350.8735942273 -503.0135125108 9.0515849131
-1449.6270487233 -1961.2541858556 1331.1141466774
1856.9343984178 -965.7964489209 -433.0299813987
143.0689400672 -1313.7115995226 -1794.2188645902
462.9199073350 2.4794011352 1801.3856768640
-1145.1287928211 -1430.1683265410 -863.4069026155
1428.7534967757 230.3968656989 -1995.9703110314
359.0092123145 -1355.4734616131 1853.8387532145
804.7075290602 966.3615241771 -598.1286004372
463.7614265578 921.3045662351 -791.5900453778
1119.5168435715 -1224.4651783254 -1289.7304553340
1222.3211615713 1911.8996241186 -337.0254849210
686.6990499599 923.9979655749 -1387.4376392790
-1329.3075627218 1919.0528985626 -183.7872713812
-1109.3634963279 1803.9768063823 760.8133338613
119.0218150718 -696.4952085279 362.0758029218
265.1639224364 653.2355604514 -192.8582384270
1820.2068304582 361.7439538821 1987.5805224577
-301.5828656918 -1732.6238887289 732.4983765215
801.8847178789 1345.5297293554 -1291.7097992040
-82.8604911139 -360.7637995631 -640.3501238867
1033.8682973236 -88.2943455077 1293.3870917272
-969.8713624529 1614.0031110782 -1853.7523433067
-670.2243884385 1221.4799515154 1918.3421577111
892.7244374637 -165.8855311794 1546.1435757671
-728.2679283181 -1486.0052718139 -508.4009040466
1726.3296817747 1234.0015668108 796.0491459677
1609.0849481452 19.8191423632 -1153.5064358377
1514.1339036600 -978.4517181122 -1747.1402628922
1025.8709445850 -882.9252875133 -1018.4089825836
647.4544896360 -165.1812725752 1195.2577394261
-359.8850895624 -265.9036223969 1340.5669604014
499.1164419514 1249.8782318536 1211.3581428859
1824.1495886667 -937.8280666863 -370.4390161687
-1934.8738897607 -1865.2950742797 274.5957894473
-127.1958058753 -1458.4570189127 1697.1154751160
1461.1345100020 1584.7980109030 -255.6947068121
253.6074262357 503.5207354432 -1773.3409307673
1885.8792178276 685.5032868523 -675.4654465839
943.3584533166 744.6612859046 323.1089879856
-443.8412078384 -1756.3918780120 1556.4246545165
-1515.9017551548 -804.2581377189 758.9033156899
-168.4511368019 -68.7484154811 715.3861039965
878.3371533955 -157.3686951880 1797.4319316273
-1585.5419770135 -1633.4341614275 654.0179274856
108.9319191826 892.6827158266 -118.3869182581
1024.8383644853 -1670.7923150748 1994.4655098985
-977.6655712438 1710.4517265945 -501.8032572594
-1076.9718800882 -738.5019059530 793.1615689940
245.5078621348 -1298.3310110990 -975.3324554441
367.7752209974 -841.5762350643 -704.7884822614
1406.9830243449 -958.2765860108 1714.2135406762
-217.3205537362 -398.9105688494 1586.2090159064
1197.1012704450 184.3451755323 1197.8571178785
1544.0108427336 104.1697777075 -1564.8005468310
-330.0529521969 -656.3799091075 1845.8837996252
-811.6198082167 1152.7322787219 -1437.6447137841
641.7065626080 -157.4287506901 -545.3648436869
1934.2434653576 1471.6655177529 -1736.5540179402
1983.8219656120 606.6193610159 1591.1302165446
-831.8929276521 1199.7098215235 1913.2616466312
-1628.9622173665 1089.2003330171 -156.9822506891
1868.8883270237 1452.7197760613 -912.7708772122
277.4790835517 776.0285238004 1246.8638481658
-602.0278949221 -551.1420541495 262.3055753186
1547.6960645894 1526.3631512921 1722.0865355061
-1042.8197067255 537.0910597263 -856.6993984764
961.9833156538 571.3287818980 -556.8164120726
936.3554689673 1251.7905719277 1256.9741680944
1844.0406677253 380.8501764008 1532.0605339779
1228.8343409363 1976.8713812593 1713.5590511646
1731.2548032182 1542.3448074242 1619.8387446706
1041.1599829145 -1165.5163357922 1706.2338358380
-1134.2571228584 939.0949559593 -39.2070725234
822.9041861309 -117.1503267171 -1752.8021474291
-1590.0172129658 495.8942458515 -1816.8792672439
1846.2653278432 -1812.9751898788 1012.3456394253
1474.3971922479 -1202.6658784191 659.9354092904
-14.4323636453 307.2135086256 1508.4315018336
1351.9326116650 158.3581735795 1709.4471583403
-813.1929058291 -242.8523379718 1712.2125747952
1530.0168999743 1627.0694204763 -1335.6934111333
863.0754627830 1235.7464992303 -373.4913372094
-452.7617539076 252.5829147617 1027.3400083139
-1191.9351533979 -174.0902151717 -54.4955305782
-306.5066197789 -1073.5773544700 1399.6040210280
718.1997912953 472.2076914966 759.2432720472
-795.4773248050 -1694.1091951236 322.1435067297
-42.4137679560 -621.7592105536 -1895.7074967010
258.1823342517 -418.5925359703 1991.0468001107
179.2501371528 1875.6545993955 1507.3537794256
989.0845711465 1149.5182903940 298.7416608498
231.4750577407 -506.3215514353 1895.8592774770
-301.4333498242 -1050.5023563259 -456.8864894792
932.5484298528 1321.4983887405 790.2225641208
-1623.0680161556 1611.7417968589 469.6993110418
122.2578018942 34.1641546659 -1947.4118467981
1216.4155988968 1908.0308013771 -1901.5707274487
-498.3488144278 -1479.2723315138 43.3679498987
1781.2417977242 1212.6225457305 176.0841729712
1353.7244116560 -15.5241241463 582.3844562465
648.8412398276 -1269.4742406972 195.7402389202
-1471.9406726930 -621.7730584825 1284.8198956731
-659.7510608678 -371.8071753596 -1794.8433870771
248.8927436505 1011.5536209371 1157.4520451209
791.3993456252 -616.9805790538 625.9411208626
1938.0161693242 133.6958917879 -1952.6922816440
-697.2700790739 -432.3232651391 -709.4549358787
1430.8779727911 -979.6622942247 1937.4396494831
2.2455327080 174.0681675066 941.5882734348
51.1354628406 -881.8480882734 1494.9091691845
-1445.0121962331 -1758.9556207104 1822.0574354685
439.4984988914 128.2093040581 1714.7704335213
-1606.0653454027 -1339.9662532549 118.8940385923
-927.8601356387 -103.6392868358 -1100.1535111674
-1282.6981997454 1225.2382719741 1025.0721690649
932.1511609505 1433.7905833470 -623.4856477526
-1100.0597161378 1631.2048311308 136.3311830944
-1391.0521865298 1809.6553391109 -1971.5770145418
1160.5268825457 -1873.4715175196 649.5639914098
-1499.9418521565 358.4717893196 672.5743807981
1173.3076204467 198.8350395526 -629.5143430493
-355.2375038152 996.3944716028 -413.4303176621
1855.6533295589 1496.4573891025 -1215.5064005093
-1275.3801394756 -12.3149075104 1034.1820542781
-827.3071827220 -171.3279841299 -72.1257891383
-1350.6323526757 -1900.6357861789 1907.1591560335
-497.5366455961 -631.6500738347 -183.2976420399
700.4580053443 -845.9191439431 -1559.2511046174
-1580.8615643268 309.1085781743 -817.1017700955
-653.2037405930 -718.5283840513 1560.5458219043
1517.0752277165 1856.5109441815 -1044.0828001163
631.5996149711 50.5876979166 1971.7826547279
-742.6862128465 -301.2458490997 618.4845945044
421.3371131694 1232.6159002767 1960.9094727379
-504.9285321678 -544.1958576150 1836.9041513871
604.4247512265 -1464.6520937698 -1743.7255890997
-1106.9242537131 -566.0786898700 -684.5086635311
-391.0417576514 354.6712311411 449.7846589116
1487.4771276287 -657.5864309100 -1770.1446393827
1382.6148247722 -1322.7298326868 437.9723596358
-1487.2472554790 1585.2247883329 -1299.7507715381
1742.1183317480 -380.4609095595 1386.3096150663
-1539.1919165923 -1253.1038836839 -1024.6313719386
-473.7466634149 -1655.8474743029 -1509.5386511759
1896.1207125303 1108.0503927584 -303.9798402261
229.4508195005 -1512.6315465005 -1458.4005765714
1192.1993866041 1337.7401476054 -304.0946904466
788.2920389359 518.5568037888 1061.3351899223
-1471.8266265815 905.3720651022 -698.1796119415
700.8009854196 26.4798140733 1929.9084670153
1150.4993961691 -289.0859527235 -1595.9902715997
346.1517575779 1096.2605047536 360.6043507047
740.5697473817 -890.2914755061 -818.1093309652
-277.9778392549 -1245.5042497570 183.4087853311
879.9680257832 -1772.3052199658 -989.0712006678
-1403.2984875719 -459.2622763325 1275.1728663734
1035.0648741752 430.5500601781 1823.2796564305
-358.1374343133 1757.5779826713 903.8661964506
-1324.6162884172 1995.4781292514 -263.1532857904
-1016.8564272368 -107.6210830397 411.9423745646
563.4379807610 -951.7016999844 1285.4704104880
-657.8460311160 342.9450727331 -224.3060532872
604.6427003903 355.0023130542 1395.5271274350
-1004.0385822864 -1718.0969354198 118.0903842451
1438.6744916340 1928.7106587566 -1.1642887078
785.5384274414 151.1639567201 458.4577596408
-1745.6909893399 -131.4676343943 -594.8187026718
1441.9003815837 1854.1264788789 -670.5478549571
1137.5944903951 480.3888290736 262.9930987973
759.7793997922 -472.3151090656 -1778.3717266939
-979.1380297472 1516.4156759700 -1329.4907540035
5.2363938815 -1314.1885656041 1872.9416602750
431.8172722636 1113.7597411934 429.9918512556
1104.4057806173 -1707.5502702795 -1948.4047036445
-1502.6094697002 1879.9865628020 -424.8704497825
-452.8621431885 1909.6248069146 -1058.0152456420
1902.6786194141 -1909.6120803720 26.5573267158
-1794.5449480764 -321.1849725104 1163.1930549878
-1398.0680023706 130.1371122758 -90.5152751825
-797.1879253129 -956.5235936219 1376.2487142581
1334.5125503482 179.1010469874 191.5807324329
-1840.6108900898 1884.9093952397 1229.4017414958
1378.4975056065 -1093.9861852250 323.6355814608
231.6108316432 -695.0117098716 1053.2711290653
-404.6583708778 -473.1787351825 673.7917228162
925.2678783189 1914.8326290833 -1.6205862157
343.5522577570 -1623.3988002673 632.8125238106
-786.9178703553 1407.0302609848 -175.8136672348
1206.1685623608 -1164.0066169898 716.0939537226
1692.7505261670 -107.4809870483 1221.9870255579
476.6246231207 -23.0921673145 -306.7789498336
1143.7167671588 -1447.7119516236 -423.8970457451
34.4154626990 1618.4764210549 559.0378334944
1760.2999187508 1692.2596136610 -1107.2124131419
1450.3481067847 1916.0940192179 1343.9778240186
103.5314399477 -786.0654522034 1926.3464971184
314.6052414748 -1770.0479129703 1467.3682429489
-1391.4138930610 1116.4193357725 -1546.9705147402
-388.8756648747 259.4447386168 1097.9094574833
-93.6142546879 -1952.1768564440 727.2917928427
-1232.4605093902 -1414.5422725743 -1295.4936316406
1859.6772890090 -1116.2704301080 785.3676430707
1898.4523920753 -1971.2759986371 523.0444828998
-1294.3333353921 1795.3360744370 233.9934209464
-1118.3995826611 181.4888060214 -1832.3061555472
-562.5900381754 -543.1261622694 -825.2482116082
1457.1719330096 410.7807335448 1043.6810784646
15.2571787896 -31.7174362698 93.9122812367
555.5649496922 -1434.0945553912 1325.7715675270
-1666.7866964549 -772.5440400726 238.6442880176
-1878.2976585512 -16.3696562050 1297.6464437867
39.5500076584 -1810.4867815028 621.8597056793
1964.3349926225 -1870.4402986897 839.1669618240
-1269.2779502583 -345.3837235055 502.1890290921
-1353.3389617972 -1170.5060764921 -1652.4420207389
-918.2861748687 -1264.7830476557 1387.1918730326
876.6931268166 -401.6801230829 319.3229513601
1631.0725557328 1860.4311862894 197.1075732933
460.2012507524 -692.4171433860 -1975.2936513896
1007.3119677311 -1023.6817607499 1329.3575323011
1679.8694648392 1650.3311586918 1086.4612756766
-257.7908157034 -959.5325665678 928.6750077044
472.8678381693 -1207.1128262930 -137.3722311994
223.7044830557 1091.1057157857 175.9475516121
-169.8894451530 -750.5078932523 -1556.5827253984
-93.4254475395 -880.7686922653 106.3116080759
-1181.0241267222 -1560.0506893148 1725.3788539083
-1870.6200947272 -1046.8509066005 -1407.1262474206
1213.4320881959 -1802.6285142215 -485.8916566898
-1685.8211058399 811.4415867986 315.3685369142
763.9932251792 270.4097551081 -767.7902967044
523.9319512645 -911.5252566627 1358.8719408525
-329.0045409839 1829.3646782289 -682.2171690796
-1284.3965652498 -1115.1381177169 1505.2850581867
-1495.6405970443 1080.6878789870 -651.6794113646
-580.1703715406 -1386.2701930314 -442.8494034167
1217.4371715257 -1659.0111560736 259.6009464177
1623.5163956521 1962.6795550013 1927.3427660512
16.1625849254 1076.9628711542 759.8161221038
-1873.9644107200 25.7199750823 -242.4022108564
1738.4997740017 31.6136550725 -732.3936280676
1639.2461726874 984.1087943574 -1321.4546180481
1741.3248702706 177.4259153415 -1221.4097932729
931.7956198677 431.2834137891 -1891.0433830461
1835.1614369625 -432.3616251510 1827.9383410887
-1874.2333386963 1091.0801152283 -907.8439677167
255.0238749781 -341.4798631874 -793.9324179523
1315.5494937475 832.5568171281 1742.2940808293
-607.7164977617 567.2200693970 -1424.0307108358
-1888.1474116923 -894.7768496397 -874.9226013873
87.1279056127 201.8599999734 -675.2606433221
813.4591244270 697.0401754704 1304.4631829587
-1125.4118000275 1384.3108412016 1879.1310556077
403.3901978665 1748.7713816714 -66.7118968674
1996.3053503196 -469.7948952102 -1748.7995250284
-1781.4261872831 -1133.2395015984 -163.9695425074
-603.1949529723 -411.1244790737 -1608.1373179424
1965.3604579843 1304.5927542032 1319.0514490997
-1204.4165203353 1161.6571456157 -1474.9748135508
1918.5550718347 852.7746469488 -1531.2477439074
1276.7530796691 -4.8432355385 -34.8996577728
-480.5733887772 -1948.1811799986 -1880.0363604169
-102.5017009449 12.1295995792 286.3049968603
1848.8798600760 1178.7964071768 1656.6101870234
-645.0475964831 946.4750974242 -376.9682658717
-673.5720210245 387.9889565718 208.9328569545
-909.4020541822 1444.3251515679 828.3367672589
924.4121761779 -1590.2263271214 -1877.7799376124
-1928.0567345756 -459.0058674773 758.8897712108
-732.8893993774 1470.8160058697 36.1039156535
429.0323976143 -836.2900328861 -1104.4519562501
830.3470395918 1388.9129711774 899.3521380449
532.2930927626 -1630.2938023574 -1529.3245248453
-1196.8449328931 -1480.3909533915 -1268.5163082534
-1124.0156753394 942.4239562482 1759.9867792423
226.4798287350 -1802.3816230535 1256.7450516992
790.9677189193 503.1603760469 515.9755527463
791.5769180519 -1526.4663587768 -1003.9587067145
-921.7128915708 1762.1025053525 674.7463120812
538.6389098967 896.6565559105 -373.4041618661
255.8334280343 -442.1494090401 1298.4715176318
-498.9141677152 1554.5840986644 676.3812803807
-1213.2766880550 580.2737571630 -1502.1170112528
919.7685225591 -1499.1435880668 1704.8225570583
-1188.8898176298 793.1344776050 -1425.1888345167
996.9209867726 -888.5327397214 1078.2831282860
-419.6542790173 -1720.7254662245 -1241.2317068818
-1233.9179182768 745.0338875795 -844.8652701587
6.8006819475 -771.4896543841 518.1977644271
-473.6057359446 1277.3248484412 -1836.4406734152
796.5713172308 -470.9422769862 -263.7287673940
-1434.8821681017 652.0307134474 30.6348920401
-1894.9485204830 -444.3854497138 1115.7427562388
-199.6880320113 -113.0945919563 873.4032069203
-367.3529872036 339.4979955823 -1502.8399427726
1033.4076954366 1717.2113690492 -1329.8124492140
-1248.5170903157 345.0483817881 1945.8802412633
1322.5710330976 -1270.3661176282 334.5768490729
1642.8185648625 -383.0757561118 -398.2840925027
-1292.5218760506 -1826.7366205268 -571.7241984208
1020.5637266800 -927.4775810826 -1423.6823431549
189.3921592526 -1298.2216208903 -1840.1388318225
964.7805524766 602.8417839882 -172.0258783005
1792.5355614721 934.4722744688 -136.9924920439
-1806.7547769519 -973.8242691829 1358.0429282197
-1480.4877098758 1278.1997740836 570.2633936400
-871.6351794622 -1680.7107176337 -1505.9379172343
-898.7639119914 -547.5561197825 239.2456190761
993.9116990674 641.3553554808 56.6792459585
244.2231473189 839.3417386034 -382.5768404430
-494.2618773280 -729.8944581325 1256.7583154790
1752.5444812683 1208.7621898283 -635.8909657288
-1261.3806742328 340.7159043592 490.4449008614
-4.0957703435 1516.0739206980 689.3264300054
-414.5882061096 1590.4861420151 1525.4140300395
260.5560684389 -816.7312624064 1522.9111065836
-1227.5443881877 -595.3926475775 974.6747932206
545.3072434079 -1877.8998913482 293.9533401777
-1634.5930397798 1283.3039323851 -556.1491722115
-1390.6006754948 1720.4265670785 715.7326114210
332.2878790233 -1308.3043781810 -1902.5902095131
-1758.2992317236 579.9936511165 -730.3843549143
1226.8391954299 1580.3946852168 -847.9243657600
-1332.3988079998 -1131.1705726377 -26.8651024415
1742.6743298042 -918.8656856361 786.1894575886
1520.1944872261 -746.6953581063 -587.6224068779
-1092.9420005556 1020.8853685792 158.2078658769
628.8312469484 -1985.4769201220 -1396.8455303356
513.6845605808 -1209.5030005570 1559.6655475446
-1512.1999272888 414.6782949173 611.7509551337
856.3530031906 -520.1447616550 1827.2090437937
719.8005932750 1789.7912323959 -1391.3207534602
-533.8544700258 231.2140356543 -856.1547747074
-872.7602679425 -595.4711775176 -680.2341751070
-630.6470863508 1218.4798338837 96.5038975994
-1602.9585483609 1375.6489164180 528.3730919181
510.5494661864 1638.7901974250 -1213.7006573948
-358.5287525111 424.4617545818 1426.5161884380
-751.1683268968 -787.9140221568 -1896.1644144131
1836.5509711326 114.0139676532 552.0973883945
-1732.8257888443 921.1864705105 -1444.9932803077
-151.8741678994 -1463.7324769774 527.8608805481
1968.9723937888 609.0591900266 66.7095350144
1753.8524525603 711.4393408703 -6.7614034058
-1538.3181351678 492.8990432648 -1718.1829417037
1282.5560582924 169.0852923748 -1128.4452305648
-1425.1442832585 332.7018501071 -1220.2923379973
459.9904668223 778.9820159130 154.1579179198
-883.3912942703 -1174.0923545549 -1288.6149665581
-1268.6043752635 -1347.7840154243 -417.8868202052
1447.2772193615 1957.8760755470 465.0708123779
-1973.4507876776 720.3184151840 830.8232572905
-225.1611964643 317.7257255567 -1035.8072568976
-1348.6340948983 -1796.3397660291 -1858.2744210565
911.3575382648 -1080.3638894157 -1710.6847319878
1484.0700063223 621.2729428428 -198.7448577128
-88.1968880016 920.5858233404 -1728.0788620735
1419.9317333701 -271.5388481428 427.9155244277
1690.1165706292 1971.8915628358 62.5695686929
665.7031088598 -852.3449828392 -87.0108742302
-789.3150471176 -1905.7829088848 342.4778915140
-925.9260273643 1128.2429132070 -1331.4099836836
395.3228053613 74.3918657856 -1585.1356225373
-1871.1042734873 1963.3360073619 1964.6017723004
-1282.1249799801 -1414.6498669854 1243.2862922994
599.6960228312 -1131.5984878131 -1986.2986156351
-1378.2864437010 1955.9760598339 1160.5505111991
1017.4688048248 -891.3984368254 9.9191105115
-1975.5874678722 -814.8548911789 -1111.2072459993
-1433.5965966493 160.3479282849 -420.4539499902
1098.7469160415 1208.6395446882 1090.9255206980
-1573.8490327929 -19.1689770506 1776.4971260231
-665.9378524623 1481.5202302270 241.1565392097
-243.6889391867 -442.6211777005 -564.2721413507
-1094.2232259024 1260.1427786193 -727.4892762989
-910.3287404649 345.2326856752 -511.6673009339
163.5258744923 -1427.2903577140 -847.3531062184
-173.1504596313 -1823.1095292905 -895.7220518322
-264.3299261038 537.8146655651 -38.1684674475
-1533.3338790142 413.6016430151 1720.6692645515
-1109.9409425622 -258.1644932606 -156.9615455425
415.3939753890 970.8055582702 -1944.5074979715
505.6256685702 -1567.5312969308 1911.1491775358
-1469.3260841481 378.2381148294 -825.9051274104
1331.9114138381 -1289.2537251383 1725.3887941227
1657.4049620894 647.9260211396 1906.0907588748
1814.9319335892 -87.0275037138 -1647.9993755737
-1448.2644205587 -854.4718881441 1955.8921503846
-1664.0332416390 -209.2602422194 1710.3021427660
-1030.8097653244 167.3934806380 1290.9618683655
1.8214587213 452.6054647270 -1491.3403989945
767.6220671755 -279.0709143992 -223.3320696751
1504.7867091446 1731.6620100910 68.2610410488
-1840.6215141489 -935.2843143768 1576.8031585337
1776.3328236674 -1944.5450173959 495.7911085181
1196.8419610625 -308.7968132867 -1115.3267798471
-1177.2707421859 1080.4822786407 -333.0210274301
-39.7991770080 351.8722579969 -146.5375871994
-1443.8357947622 1572.0729857794 655.9563553924
1682.7194976549 677.1258005884 1941.4276879626
1190.6230335396 -123.6987695632 318.2154693987
1797.2098064874 619.9829751523 -1583.1136911259
181.3279774772 770.8997314965 -1511.7556473891
1880.2064642132 747.4915707598 824.7768312541
-1449.2249163775 1542.2519935740 -1969.1393490275
536.9626276994 -1529.5044876639 680.0849066732
-386.4867299866 -1686.4466939654 -1652.4190684568
-396.4713311357 -941.2604163819 1723.2474496863
1987.4838689579 -1096.8211124223 -74.8386003366
-613.9009054773 659.9842483424 100.7539223903
-639.8592250858 1135.1866457298 586.8937415814
-266.2514211863 1643.3838914930 1439.6570369405
-1333.9147481281 375.5251229476 -1381.0483473049
453.5010663534 931.7500431346 1520.5338605002
-1419.5956862273 1747.2919383865 -1234.3275686954
459.4125690230 -58.5152143114 1089.9274474427
21.4098560768 -173.3555072159 756.1235620277
941.4149036807 1722.0018539001 557.8646426224
380.6453837843 747.5492238789 1317.7930433527
1744.9544986079 1177.7589476452 -1772.2553971181
807.9231655311 1439.4862429525 -1057.2152621791
-240.7598113583 -1581.4376683162 1493.1280494358
1357.2056950670 647.5417791347 1950.3177659338
-51.2539151194 -136.2318650942 1177.0387384880
-382.7754071588 -451.6021848760 -1557.3475804672
1350.9412195267 1234.0630268302 -1372.5191681358
1271.0581904311 881.2746458089 -892.9386832733
-372.8998639765 237.7912653028 -1807.2328305415
1771.5501489016 -260.4431993905 1210.8778280988
735.2848983836 -1642.6171840516 -553.6439949333
-1523.1236329333 1504.9645497089 -1947.1310395968
-1889.6832081416 -1903.9803931229 124.0921891707
560.1238651082 -291.1482384896 618.0065718445
134.5958450973 988.7465292814 -590.1869905329
899.5647530596 730.6374004088 -619.3567723817
-959.7667164181 -1481.6099037924 -15.6584646374
252.7273885129 388.8794548068 -1581.2177055274
1700.0908385631 1205.8978301007 1223.7838746560
1021.4876029582 -927.7479943273 1354.5526119770
13.0259012080 489.7266290957 -1901.3489499012
1299.5003179066 861.6919807686 1514.9325287348
1419.2467451036 -1367.1688377312 1818.1469301597
461.1888275613 1087.0376000646 329.5430427031
-280.2543817937 137.5618818719 -1617.3569701264
445.0049682914 -498.3744560451 -1901.8363734144
1663.3637988726 1392.5505896244 529.0325980179
-1905.3287946530 669.4362572371 709.6429215068
-1416.6320950810 301.4300731579 387.3488981341
204.9746158876 -496.7234695583 472.7212181377
1744.1470940518 1373.9513652082 -32.9863172174
-1526.1898170009 -1061.0947771095 -531.6889059281
-709.3059585622 1303.9063031734 -978.5453416088
-1473.0913640932 -1912.0633077643 -989.2898478062
1126.5471799573 -169.9214003625 1096.6074943297
1139.5031073164 -1467.1649989396 -1889.7593177726
18.6052849963 1883.0469405452 283.7111400421
-177.7670209033 -939.0139610001 -776.1530425462
792.3743670398 1110.0216513484 -1028.6774557393
-1254.9412630331 1175.4713680091 500.9350601119
763.5202547895 1311.7476793227 -1628.3319851210
1045.6557653601 66.7104017130 -1617.7968077368
-818.0072972858 190.3902770152 214.9871892504
-1002.8186240446 -1727.5473029594 566.6238482809
-1098.6413067961 -843.9258922189 446.8390362161
1990.2196409125 1458.8802597581 61.2712654634
-1250.9468590670 -215.4415598625 -1512.1417407106
-297.2294462539 -182.0596622888 424.2866998609
1462.1360413228 -1414.3262765947 1675.2600066887
1629.6797723608 -626.0057908460 -1426.5425489198
240.1131014977 271.8858776782 111.2285443756
1565.1251604969 -1301.2636112766 457.1749253758
-1609.8180986359 -286.1458530359 1513.8256292981
1129.3994569206 524.0509535102 -917.4227546112
381.9824044556 1693.5920859312 814.1503664898
850.6124148537 -767.2709127903 -571.9922700225
1383.9956848885 -16.6778597250 -901.4949867756
800.5560349634 1567.0353414905 243.6826644775
148.2178628128 -465.4889880150 335.9802060911
1662.6359412683 -36.9869586984 -603.0468327007
27.9859922021 508.8255076385 1273.7151689949
-656.8792486761 194.0840303850 -204.9981333278
-514.9533220375 70.8137895022 -1905.0071652597
1051.4739161866 -126.7589375112 1285.2558868483
1795.1477728262 -680.0458197167 -1605.1440406542
-1909.5424625575 -120.2289702882 -1790.4033157473
-551.7384841553 578.5713046653 1563.1482319222
-1754.4328922331 1699.4265420044 1329.4068101445
-1567.0354337135 -758.7766780949 -505.7060937610
-107.8626664929 1899.1906253584 1651.8453861681
-12.2713674959 -1348.5286891860 1782.8385403685
-976.9430695479 902.1728491043 -858.2929311236
-342.5234104186 1898.4472611601 -820.4524927422
648.5111729441 191.4802383229 -82.1899082189
-415.7320850836 1387.0065674651 1674.2496540602
1407.6831800249 1768.2502756200 344.4703469895
-1821.2198691174 -1271.5358060018 3.2086966002
146.6751235301 -555.9635925163 1886.6009322039
-924.6637346949 1310.5378243784 -1285.7294635609
459.2935138807 1288.4747553322 -1695.6506996961
757.2005273943 1500.5420603959 828.6073375800
-451.0875330888 -1878.4044091396 -1609.6695551834
1023.4317146072 -1440.7774884534 115.2669415791
1938.2530578512 122.8411054314 -1240.7750976372
-408.8199717833 1655.2560489762 404.3475450402
206.4374872942 -1440.0348012295 -805.9363994780
1632.2466049734 574.6520041690 -1165.4436083637
-1943.0533641234 -707.6646290558 -313.9081321778
330.4544351942 -1284.8129031634 -1070.0328110264
1803.5991299147 1345.2886011489 111.6905826854
780.0750342115 -1634.3450619511 -794.0879882453
-493.4831079766 -1745.0810317515 -429.1189012032
-1715.6502852142 -834.9727938438 -1110.2106746299
-1980.5809894920 -1616.8809435128 1152.1437096000
492.6384186232 1941.9064096124 1016.1038822881
-1034.9676631424 387.0878721150 -1001.3175747068
-1535.4210016278 1698.0187321968 -725.0858433239
1379.7916000447 177.7676265193 327.0565733108
803.5324250758 -1334.2252902648 921.6811960439
1181.7204695440 885.5155906796 1034.8529336690
81.9420656083 1231.8869269716 771.4101476338
1195.3930632333 1565.0326381321 484.6152196470
-1147.1172605745 1582.2468957707 255.3231942870
1172.1338268838 -25.7725558994 -1726.8811909130
553.2388605148 240.1033036179 509.3223576349
315.8435215920 1578.7050432647 653.5191469534
1598.6058942478 1153.0870715112 1439.0386579757
121.9024673535 1890.5917668863 537.4677144729
-653.5329848275 -351.8123357564 -554.1368046168
1565.8115546330 1815.4294699534 -51.0427873940
-1457.8418440672 -443.0298430887 -158.7936012368
-1867.6646539839 -1458.0824540682 1018.0495125580
1611.8439632360 1732.4334326675 1665.1542425155
-605.8820171361 1845.0204890153 1720.0883994092
-545.6574360701 -432.4367215410 -499.6281547050
797.2950479528 -305.1462383655 -1391.8881075285
912.2031333365 1969.1372828618 1611.1189933212
-1718.9668476329 -1695.3311934154 675.9571740781
-3.1794705050 1055.2321564379 1989.0574470299
-834.1888112212 602.5476328324 -1590.6811825787
-664.5406821715 -517.3441456500 117.6505653323
1623.8408799727 -1275.4297515400 354.0908392243
-498.7871032274 -78.3682537890 -1819.2963018737
1266.9359695347 -753.2266546983 -84.5278063338
1524.4550767135 -377.3862330421 602.5289197123
-1934.1201597527 -10.6719735973 780.4350590484
905.8080651851 -1957.3822877516 -1080.1379419907
49.6404673698 -1242.2182237108 172.1802313080
305.8892360591 1928.3732922776 1806.2286536424
-1213.4390372812 1459.1217841116 1042.6074184794
1646.3187571048 165.6505395094 -1698.4452661193
976.1060961598 349.2735773827 -622.8105310165
-382.6635134193 501.6081826337 727.0531076215
-999.9668601841 1036.1261690207 1156.1241007610
-387.6214767815 -1771.3028347822 632.4553885256
600.7569720218 685.0380987070 28.2785556327
198.4788296781 1844.1116829843 1379.4486487617
-1443.3373913615 860.7573045920 -1207.0295240307
1641.0423400498 433.5120137923 617.8033285971
817.5443632704 874.0105762093 582.7032809262
-832.1937298866 1667.6577841708 1232.9628742067
349.0134284023 1235.3900768228 1520.9228867019
665.9329033336 1574.7445530100 431.7634001059
-1922.9098922389 1301.9574317708 1947.0254067336
-1317.6115303845 -661.7500869435 5.8047376258
-988.0357738539 621.9490332592 -710.7427101561
10.8413693110 1391.3504313795 -208.2408228155
162.1995670932 969.9121343511 -982.4848746254
1502.9837094040 851.0191428051 1599.3348141513
1341.3125195494 -865.8144205675 1737.3925020002
248.9723311350 -1635.8903830404 1010.6551202793
1353.8137527639 37.6940632184 939.2366851035
-1672.5787880147 -1640.0188931943 1442.9696011469
1724.3431510085 706.5907577243 1791.8332350944
-899.6101948086 694.5892338367 -1858.3228330446
-204.3852732404 1457.2959072640 716.9155061369
-1679.4218161172 -311.0362050702 -1919.1256424212
1313.2029748647 815.6867877094 754.2288499298
-549.6021502015 355.2431818113 1442.1658720749
1286.8914759771 -1829.9514422508 229.2954417546
700.8874392999 -1948.9637366416 529.8674972392
709.9492402118 36.1612421912 -1224.6662216725
-1410.4474884666 -1714.0683347914 1116.2261474687
1315.6847797641 1304.1934006516 1731.5356261162
593.4483337857 673.8773586710 -1960.8284813859
-1024.0710435358 -652.0722036727 423.9335312130
