136.2976664692 476.6431140415 58.4858709794
693.2091209376 -1812.1235543906 -689.5774311925
1587.5545733703 571.8975762473 -578.2403033959
-190.5206488586 -1051.9650760882 1496.5552801776
-403.6891766109 -47.7981241698 376.2936581605
1109.0697014717 -1260.0453357473 -1057.9188796199
-1682.3742700476 1953.2541745589 662.3709470263
202.9367428842 -83.8638071587 -1145.3996572060
-870.9286440800 -1979.2695373945 -1795.0571718280
-94.0322874092 1635.2427148740 1242.0342894097
-1944.6398825565 -437.3503069778 -496.2310925178
253.4750562455 1584.9180964966 -1527.5166814517
1043.2270783217 1800.1097875979 -587.8039335966
1986.2864668942 1743.3963588373 -1073.5566296422
478.5690755104 780.2151043810 188.5865522838
29.1404491976 -741.5477393717 1291.7049516203
1440.4085231176 -1744.9629679316 1652.8479626632
-15.6773270678 -1554.7054899723 -700.2073519226
227.3963476822 1995.1724466868 -319.0569214705
-280.1671913233 622.2800018479 809.5078464009
-907.9920157393 1223.6430888045 1451.2333122782
-800.2016834436 -726.9984040282 562.0190356106
1142.4952859374 -747.0209932816 737.6000903910
1789.1700432149 -1987.8260091775 635.0320941065
1082.4214633548 1594.2627059854 -208.6097745303
804.4295602583 279.3865109840 -1979.7236969869
1749.4179024004 1181.3052839206 956.9510027522
781.5420978190 -1140.9493472999 26.2133972898
-1025.4848772849 1232.3375558375 98.8147962697
1152.7674153949 1825.1834911809 -1216.1604995775
1534.2957309560 521.2024263570 329.3393714825
-923.8337504463 -798.4678739870 1054.4156399146
201.2299681982 1015.7907596347 1817.5099986438
563.9606396956 1257.5391707273 -919.3308656150
-529.6944978535 -767.5950637369 -367.9566447504
-1937.0828569222 -304.7703077779 530.0792482899
1634.0267468930 1618.7536083929 21.2756254342
-419.7354504277 931.3811397571 329.5369498022
-1714.3219985298 73.4891432888 -959.8592236945
-384.6717736827 1121.7386503641 -1920.6240078178
-1992.8933578474 546.0068241005 1127.9665074630
1940.9672375283 251.0586512302 -1864.6296667569
553.9130182654 945.5920775751 1896.6961134249
57.2391710039 720.7502818337 1793.3503213431
-1322.0480995045 -931.4564888715 528.8001521527
910.5956979236 1298.0359756249 519.2805725955
1657.0627401259 -953.4521554045 -1028.6478929276
435.1409967657 -876.2204208385 470.7437764547
1780.2450710661 364.3945946311 -248.6369282202
-1114.7282150818 -1260.1024487114 898.9975653090
-669.5149195809 -874.3915200612 -433.4031422376
1361.1455225308 -323.3689636471 189.5366642532
-1049.2430393793 1058.3068744661 -320.9071776412
-1785.6654092182 -35.1620302589 374.7080071538
51.2568190925 -1556.3709947789 -437.7136013640
-319.9401913449 -1892.8700639876 125.1129196534
-1332.2633700175 -1264.0076738466 1643.6749779622
-727.2008654765 788.5450582305 -1899.1495047138
-1903.6622866505 456.7130156945 1770.8214250564
68.6684909823 -1117.8240225528 1502.5458773802
-840.3702123316 -401.3732823106 -646.2810060845
-1359.4012397991 -1031.7720898734 893.0260311636
1865.6422410208 1326.3154065844 1053.3750493191
286.9562582526 -441.7761334962 -646.2924399007
-1359.2528218150 1705.5654820840 838.2200351024
162.2828988814 -1624.3710350232 1625.6376391509
404.1702947848 1384.3025783647 -55.1090189078
423.2961972865 19.5336189775 -1069.8597124588
-1067.9579105256 1898.1966931564 308.2265788442
-938.5351173277 -797.1902166263 664.8823394646
1605.7697139708 830.5712606921 -74.1159205161
1487.5096498110 -54.1471365681 1616.0490560141
1822.4569769533 1260.5818708877 -652.3661396690
795.7090228500 -791.4331632609 -244.3466916069
-187.7181349835 -106.2522960441 -1945.6987605067
1361.8399462594 -1954.0946952378 1797.5815095297
1159.9032300855 -835.0732177769 1283.4101988482
-903.7858600209 1904.8310826566 -868.4142810834
-159.9898591744 1934.6436246264 -96.8722668837
-1505.5645558781 1664.9417840542 -44.7570163044
-1514.3263606784 -263.4717740945 208.4459768450
-1398.4153200435 -702.8128035518 -1126.6625185969
-1107.1609622242 55.8529309440 653.4837565685
219.6599999543 922.7134372436 1408.9959522548
-520.9835731177 -525.9640156331 1896.7718399763
-575.3867877298 -1122.8955412874 209.2921362136
147.4800782140 -364.3383188224 -126.2060350195
1609.5953642903 -433.2410864918 -1951.8837768910
704.2223845445 575.5176494806 -932.6037041824
1811.8002512401 1736.7119684537 1769.2745961177
1159.0815214126 -918.1999742621 1121.4665784348
-592.5723267004 79.7872909176 -453.8519672472
1695.6073925958 -1126.9568434611 -910.9838014041
1061.8941619758 1030.2688321303 911.0745308242
1472.6618879115 1795.9654394747 403.4450019675
1764.6171145248 -1821.0801574084 297.1411939538
1887.3518481705 1115.4974913490 -1460.5124438300
-734.4778606249 1602.6369083594 -980.4488146994
-1543.4433865709 1898.3577910256 -418.5495009829
-696.2487265183 -1265.4115810503 -1907.6620400654
1707.9455738263 869.3194820759 -1671.1993769912
1998.8365288475 -1231.6430378360 993.7940132550
-1133.4516729914 1504.0636318331 756.5695906730
288.8315144969 1723.4734892302 1062.9476033432
-968.3085311055 -1674.4033444860 856.9875225829
-1364.5805107409 1224.5901843183 -687.0427948374
-578.0141929529 -465.5555323834 1860.5389889301
328.8295899307 602.6166192648 1151.0111507611
-996.2732820826 -496.0779236670 1963.8344827489
1588.4730152193 896.3821203485 -108.0878587538
196.5539614920 834.1147072064 -1095.2797934687
1757.6189328639 1988.9928394871 -1965.7164996588
616.1994659390 86.8872756788 -649.5838591886
-203.2602816146 -877.8113732052 1818.1228945999
-1094.0593189584 765.2232551454 -1635.0998642604
962.5265781151 1643.9978879270 -1562.6631117599
-1709.8065688074 1764.7372707320 1165.3056019311
-40.0106370088 1170.3902451015 -457.7989364806
945.2587007552 184.0402965285 1651.4314617754
1403.1431807710 -895.0807217198 1077.9964826149
-1791.3734755260 1495.7545620320 -1699.7926000080
847.5666608928 -1802.6208591620 -1355.8162222922
781.8852726967 1966.6264323146 713.7162421763
-247.6904808367 -1270.7030417613 -899.4707794309
1002.0731851276 -1387.6648124808 -493.9555762024
1249.0950981306 -1386.5505311157 1087.3963261654
1328.2288688379 1102.4216759300 1926.1518827942
233.6805555718 1833.2641032568 457.3652724083
-1710.6825291864 -1327.7418397281 -1702.2258469999
285.4759251954 667.5154518912 688.8005864628
816.8021271208 -1241.7199656188 -549.4005171730
-1946.0671835770 -1505.3239542797 -1849.1649381797
216.6578458114 1531.3160419390 1654.1640688089
-1753.2898209182 -1371.8710358481 -1873.7744568792
1900.2940041385 1283.7786376472 -654.2225577081
-713.9567268540 1095.7986292592 -1743.2033258604
-402.7761427476 -493.3510061444 112.9084891631
-102.4844374138 245.5962708225 417.4116728699
622.1934443918 1598.5223521138 -349.0186181455
1001.7204856108 1847.9311803811 -249.1543572458
1913.5549736249 638.8317844780 1366.4877398413
-485.8232930538 230.8898008829 1968.3727543669
-289.6252950625 -396.8965305639 -1277.7136199958
-75.9026427075 643.1121008711 1559.5399133643
856.6586739902 310.3605562331 -1429.6676284813
228.6134654272 -20.9047753473 -1131.4177496192
1724.4835792333 -110.0745808689 -934.7977662113
299.1188473151 -835.0115616917 -1396.9924560036
878.0572732212 726.7226355633 646.4651507808
1912.9544221367 1026.3243795104 -1645.0918311714
1124.3262419636 -1149.3247954195 -975.1424902324
-1165.7149468537 263.5318817620 1810.0392660078
-774.1436247473 -1226.7403490992 -1903.4871364488
-1768.3654978812 1058.1172283266 -1792.0400200438
1513.5170135587 1961.9197662018 1097.5463420711
-817.0391133438 657.4951137739 -1548.9096544974
1326.9982877387 851.1940550633 257.4976967488
751.9478367658 -934.2798125307 -1128.6035049065
1493.2614445524 -717.0027988881 -1274.5797214498
-833.4421763595 -537.7701586759 1233.6358931367
-594.2546048833 -1502.9168625859 1219.2897002460
-59.4083058562 -1562.0885200484 451.0535479812
-912.2712097551 -1270.1342653587 518.5900365978
71.5601316028 -898.6310452801 862.4163433931
-733.4137407367 -125.9738821773 1288.4436388273
-597.3868008068 -1114.2133692934 1161.4124798830
1529.6590375807 -94.7556558231 702.7560863330
-346.4175773835 1379.9292713148 1347.6824569332
686.1162268537 147.8635801327 -1416.9623512245
1794.1225312989 186.0411721202 1740.6884255216
-1274.1580121325 -436.4173667341 -1402.3564044272
-13.8104931162 1392.0515091667 1382.2525520497
-861.4073540470 844.3741743797 1429.5531969496
-1368.7656886913 -1811.1941912529 513.2498689441
544.1875658168 -933.2786298752 1071.5725355764
-267.1755758584 -1437.2784341814 -1293.6805213731
-1597.7397380957 -1280.3625386779 415.7631326961
-1896.5070340135 1825.0452555016 -1182.3035942317
1519.2950557227 -655.4432757338 -1615.6719121623
-1336.6398539865 1133.1835991480 -1696.1757506010
-1648.4991232998 -1999.6895397852 1791.3742307971
-1701.4327132760 -1798.2493526408 573.9864566049
-1328.4941152587 -1926.6153685145 -58.8297549099
-439.5709988971 1115.8650226397 -327.1080682998
170.3812197984 736.7979805722 -946.9626403210
-1476.3953665721 -1079.5895719987 -644.7786975906
617.2362707985 10.9102260200 1029.2071914365
-1618.1300753363 -1914.6143468171 -1905.9529013251
1250.2978486135 -496.6291585094 -675.8385135833
-1361.9251467491 1738.6181319369 420.3917908896
-1882.2129895813 1208.4116436365 -45.8280889349
-109.4363024267 -505.1681408137 1365.1201379552
180.0392200600 -1141.9958086402 774.2714934982
412.5701492114 -436.7112965165 1706.6042713176
-1106.5194171499 -1004.8453757632 -1725.7328501946
-243.7122736984 -1657.4182240915 210.0486293617
1314.4315989199 -1459.1063663501 482.0734200766
-1391.4439127025 -1038.6839684451 -1689.2357295959
449.4811352753 1977.5096910944 -1495.7605951199
760.0687954763 1366.9694036880 -519.6326186711
1776.6141009443 1673.6439495994 1617.5681499327
1927.3318496669 -1345.2353309297 -949.6843485919
-1997.7881729961 -919.7566117820 -1916.9854866981
544.5654711525 -1975.7794902998 1562.1666133569
1029.1304009618 1805.6542118562 -1350.2909889541
675.0451091258 1449.5602972088 1.2643405160
-744.3014339420 1002.5049431327 -1943.3582097023
-364.4988242515 707.2034521530 -1913.2046816657
1695.2231360550 -319.1553338811 -134.6328322174
-142.1802368897 368.1509637478 -559.8682027583
-127.4324155398 -1188.6159131823 -1664.5714174001
1723.4459778387 -770.4236619197 1491.8514080622
10.7676988655 1936.1113276257 -1750.8809740584
1975.2114747238 492.8178428408 1529.2606806473
666.9706148801 692.9211752617 -449.6671641396
-1046.1995835867 1087.7880831598 -600.0850727815
764.6879112680 -1996.8043525062 -527.3223245833
-576.7881601762 -1863.4854064061 -70.8276661437
1700.6876919593 -1534.4659438611 124.4145542812
142.5287854590 850.3131109233 -221.6275600436
-128.3588831433 -675.7799738590 917.5010212875
-562.7394225369 -1552.7649125197 1813.1265829203
1899.1627806450 -675.6149598113 -766.3933415432
-922.3331777392 -916.5867776008 -1977.8249476535
-1966.9643808630 -1404.3709570981 -1334.6327474653
586.6933478426 953.7667746058 -306.2137697006
731.6065944417 758.2262226163 -1095.6658685414
599.9419770106 -448.5932096274 537.9978344450
1975.4616237880 -25.6899715529 -1954.3095568934
281.0706713062 -1584.6469500632 687.8208749181
301.4364197641 -1783.7707130915 1248.6056418070
1894.0261828295 986.9551457968 327.0465364178
1295.2203078981 1574.9885103826 -173.6778724846
1428.1308068383 1190.8132069706 227.4242452396
563.9429885563 858.1419244697 -1686.7006882424
19.4029159232 144.1774201203 1347.1553839194
919.0346808281 -1555.8892729207 -659.5282422282
558.8765833861 141.1612904024 -1776.1898717955
-438.2454011329 -1709.2719756396 -1276.3674673692
-403.2155831982 1866.7907233601 810.9398532706
558.2442726715 1911.9920292230 626.8431764729
834.5723586789 -199.1375145228 -156.0903639955
1658.9065258666 -1586.9551629001 1729.5728011209
1577.9955881489 256.8396766758 -489.8664436236
391.3077893414 -574.0014113272 882.3184087276
844.6159622275 -1389.6150263394 427.1479588880
-923.9080162977 1221.4992162586 1430.3847225391
-1685.2653325628 499.1064481184 132.0221646430
-1834.9625822247 1523.5377888890 1606.3223375885
-750.8601843009 58.5165717564 330.6865375558
-707.2238514603 -795.3124908834 -115.0848607449
-1025.3127315239 -1022.7748806965 -614.4653374623
120.4828236935 1831.8712490341 1096.2586573409
-1989.6108284848 -1880.3025386656 1562.6177768057
-1058.9387217485 1993.0950817344 -1885.9459017106
1861.1647654049 -1182.0104292207 -1869.8875376601
-230.0049926308 899.0256142690 470.2768659907
18.1286000674 338.6504031543 -1283.9484970920
-879.3247135513 -295.9957287473 -1310.0990087804
-1146.5142587024 943.1771936081 -128.2541431293
-643.0596284894 -1403.0982033263 834.5913501848
-823.0143379839 1978.5489691072 1000.6638664109
350.7854834403 1474.2579411273 377.7148814152
-1565.9855226869 1285.9958777489 1522.6517198761
-1655.6271875815 -241.2132476047 679.1962674369
1290.0217987623 -1756.9699020030 876.6747033403
1617.3390308124 -507.0244338094 367.9057963021
1760.7155952596 -1926.8720551226 -1827.2742262517
1835.7584704178 -1570.9517729401 -1060.9226919476
-1581.8246720783 -1169.9682735119 781.5461890680
898.1132951964 -1262.5350973039 -776.2437622223
-244.5104660791 1470.1069692960 1417.0676199860
956.7143252759 -184.1019531834 802.0085087065
931.7078197643 1283.1809570734 1506.9352169684
-1095.6617786533 -573.3799563978 271.5453123884
562.1878001899 1375.2246348954 -1685.2865391384
-610.4553046677 -771.5798029340 -1427.6367806680
1377.4564539528 -33.9602598771 -862.8079712410
1392.8851163439 1999.4409321352 851.3157719024
719.4708774016 -1524.3245975070 1675.1174364698
735.9933019471 136.1150834224 -1486.5915108450
-1561.6670994460 1483.6428861915 220.6705595047
1478.5359734395 -212.0427865995 -1139.1383489426
1294.2851513742 -1738.8321117078 -1850.3855545332
-336.6268808107 -890.2611991113 -1685.4339603024
1868.9506269844 89.0262733856 1686.9300744476
727.2836197837 1611.9836805476 -542.4553520472
317.4803044101 -719.0576081470 -684.2164042242
344.0493284415 -1661.5384985931 -1677.6282179306
1298.3862394256 -1725.8212611591 -1991.2707995636
782.1566257038 582.7776921896 -916.7207267457
82.7581377172 -962.1270004668 602.7493674775
-1413.0610887585 512.4274401338 -41.4664217296
1831.3642809632 1696.9433611449 1489.7055980040
954.3015682001 1115.8398728342 -553.7154325473
-845.2140671074 -524.5897484817 798.1990908322
-1833.5832323161 -548.8491127020 -1177.8260064599
1965.1828838028 -1536.4195775432 1555.9044051283
-692.6304358463 1031.6931918070 -1472.8576157914
858.6442808953 -1544.6565428808 -474.2139029261
-1442.5727928892 -780.2604107138 1340.2696641227
-1133.0500205863 -1926.7594105734 -1658.0900434518
-1748.8909862019 -1207.1928862998 -1668.1914978993
-1886.6639141862 1269.7606337419 1149.6719892293
-953.1074291759 1721.4381117086 -362.9934900007
552.2117173104 -1127.3972238439 864.2118687220
164.1995453123 -568.4476783542 -186.5456529404
-547.4715551038 596.6114188260 -1197.5863170289
184.5480874578 -1045.2040762183 -730.3644971643
-1385.0978642052 1836.1994184219 421.4810012931
1701.9285832025 300.6926912099 1648.7081447220
-565.7607738924 947.3433509444 1021.7088110675
-1154.8074973490 1684.4533331758 -971.2113766946
1589.0482389415 1346.0716019338 -30.3246666992
299.7870187137 639.6520872060 154.6276909176
525.9369260301 -1468.5808992323 -1040.4055173596
-735.0531999882 -1408.3520696215 -1733.1757691891
-1438.1793001777 -1465.5736261555 -1990.2671169279
389.9685080863 1666.5189674638 1901.5984848305
1115.5849860556 -1181.6304691085 -1216.7105784637
-1193.4211233940 1407.5853432213 1436.1004426377
1008.8091995134 1403.0249984349 -1628.2607090709
-1777.9543612290 1050.6202613352 -860.3609398892
767.0051968761 29.7092934907 1230.7733563750
-1172.4518560111 -808.6087985196 488.8526934029
1176.6673073674 792.4731100209 1533.3851369710
-190.5034387141 1863.7415061727 1906.4732144469
1581.5941079476 1988.7705125240 337.4020276819
33.1101273303 289.8855343042 -388.9599105121
-273.7125013095 -996.8843145108 664.2227738620
-1481.9552835924 -313.4883585658 698.5249062353
-156.1863029578 -1293.8799171588 -1651.4035505715
1155.5437423812 -267.2736299511 -1535.4767041635
996.1253949603 1458.7285185922 -1333.2805989561
-1794.5279115760 1935.3912708448 358.9035722330
-1374.5167955933 1907.5505159583 1973.1588697714
1822.4710328729 -46.9075276264 1460.8186214246
301.4823297108 1804.2988605834 -1879.9027989038
1090.9894353401 -67.6466474860 1069.9753658193
665.4740860479 360.4256567146 -1376.1520467659
-1866.8223262514 1783.1888248647 -586.5313057842
1476.0405516927 549.1173267158 -1116.4954188447
-1530.5372604731 -533.6493821787 -161.2040400708
225.9818177154 -127.6565634426 -1466.6288229388
42.3145270602 -1582.4459567672 1729.5002117070
-1902.9532623142 -1260.4216575323 -798.7169446952
-1662.4743065138 -1802.4154143389 1054.3536596945
1195.9701754753 -1569.4428366597 430.3853266598
-518.3079385328 857.0844606047 747.1052023137
1001.6989508151 -893.5554438355 31.7058772383
903.7812029880 -1624.6042270536 -1432.7781923644
1588.4140335156 868.1665802387 -915.8585527170
-513.8354442988 1558.0109893090 1896.6116217213
-1020.8567885273 983.4793942177 -425.0784075226
-1650.9508232965 -765.6078984120 951.8067136036
1135.8540571424 1742.7296383942 705.8775648484
438.0270029442 490.0947925458 -1696.5722777831
-0.7962805501 -1105.9896590075 -398.9341854389
874.1531198216 699.9787153780 -113.8886741977
131.0231299997 932.4704418836 -257.8157548089
-564.0790168689 1305.1883288467 -1748.0906938567
-520.9086421817 907.6169801901 -634.4785917998
-452.0672023532 1452.0120983787 -1820.3057411043
1764.3923142143 -1215.7342611352 -1506.0000363130
-1648.5184929117 1348.1712548111 1313.3506836886
1456.3418110417 -1572.1492073897 -68.3987345363
1237.8286304504 1239.8744642910 -8.1225966346
-1844.6153769943 -516.9136749519 517.0885515750
384.5529788242 -570.5586949224 1828.6226764796
-1143.8974357781 -1228.3969191426 1437.3988318760
1276.6564052043 539.0771869901 1461.6388155422
689.6687054148 1275.8972019043 -1130.9554610785
137.4878458266 -1862.9593540701 -213.1251457283
-1836.9037236426 -1805.9872953647 -868.2067485133
697.9366596239 385.8612008057 880.0269144937
-114.4104787797 376.6505809067 1095.4309402254
-86.2853631715 -1304.6843320572 -1037.7372688962
119.7100445696 969.7255279115 -1661.2401848789
-423.2242589943 -1485.8893623057 -1515.3480326172
-174.9148201642 -183.2911895270 -390.4321741104
887.8226097862 477.3696560711 855.8784498272
323.8386513018 1877.4799814140 -62.5323682610
-1819.0583196289 68.4175608125 639.5844085545
-479.1302458316 -1460.8180131531 -146.6850423991
15.2729070868 -1657.6835994028 -1244.3248924186
1038.3605497791 -606.9238726386 1535.7439723958
-387.6410032414 -926.7456696627 1355.6323367103
699.2416046977 -939.4239836811 347.0751768965
738.4245953814 719.9684806540 946.0756311469
-84.9032037716 -212.4494745910 -1939.9300578293
1010.1356179515 -574.9438372931 -633.5113745581
306.7726587226 306.7140713916 -1566.2531205674
-1778.1996438777 -1055.8133515858 1084.6937883515
-1852.5083882391 342.9106381402 -924.5197893238
-580.0689038866 -1072.6585986054 -1866.0960363620
-228.0686640619 1496.0624332721 612.8493496664
1089.5797515212 -223.0377300977 1138.6015778465
657.6601011951 -1545.3214581084 -1974.2726560794
-48.4280744263 1832.3652551269 366.2092924697
177.1415866728 -1485.2141173828 -1251.4400143545
1266.8932320784 1369.4590661026 664.5949094661
-1186.8184614655 1914.0741778673 1618.7333864173
-1187.9201261491 612.4481283105 1386.2013233795
546.1268261518 -219.4465084788 1148.6873035821
-513.0703226238 -1375.3301219372 -503.0055796282
-1297.8003758075 -1134.7812952792 -395.9390697788
1988.1464987537 -389.4493595357 -957.2658024249
437.3273804581 -1379.9661381586 -1979.2254552927
-1373.9603620933 -1083.0759528158 -71.0768596034
1567.6877279898 476.6798967675 -1465.5152998081
1512.0260132192 -1713.2283376061 57.1203190370
1529.8868251635 -950.5649522208 -947.0539471726
482.5518059591 -529.1414234902 1904.7863121216
1823.6129500886 413.9175467882 -118.5782078873
-1274.9527954513 -728.6608946137 1229.4277789321
1739.6757862394 1010.3703739522 793.8804047268
-2.2662582476 1091.5667169053 -1091.2517064751
837.9259611261 1298.4274180929 1601.7348217293
701.2562386675 -1171.2662368369 223.2575278618
122.1322048144 -1944.9856392402 -1570.1454198517
-65.9952381747 647.9857529541 793.8233228409
-960.5990584682 1169.4636721704 -173.1315383446
-308.6382422094 1330.1213951740 -919.0103077663
325.7517163795 1715.6806971508 575.6278596140
-368.3413257512 -1169.2207750860 -1465.5843562128
566.6028083366 -469.0601677131 -60.4725069201
-1377.5388949091 -547.2795235802 721.7297919118
903.8193357264 -1918.9150525187 321.4311639517
253.2901642788 -1373.2307464772 -1554.6843478084
621.4032741835 1358.5298884784 1207.0027433200
1802.7096967117 1124.3256651126 -1282.0654145592
231.1461848092 792.1305482832 613.1987976457
-801.8542137348 1235.1630873857 -187.7193999701
-1264.7394319698 -1681.5865298346 -671.1857082460
275.4435407580 -924.7618397529 1566.6275771216
-504.3829256213 292.0013771082 204.7722749903
-1591.5453554793 1860.7033110036 -40.8806237895
1828.5316438186 341.7727699908 -343.1444344630
1261.4099642059 -1928.6127748210 1521.0692564219
1966.0702739905 1075.0000186981 -1468.9326060358
-565.6444808482 1420.2670854303 1538.0808147619
191.4689846603 275.6628548133 490.5215859674
1207.7436559935 -1055.1508172294 -44.9708255285
-1401.2771653535 1744.2370913639 -207.1294609662
1749.6411998679 799.2817733796 28.8933994070
147.5163713158 -1595.8517513404 -285.4054136538
572.3987695219 -476.0912250153 -1739.8674085772
1457.9185143138 -175.3144915818 -1936.9400122074
-858.0611105650 -1694.3537903822 677.8490067498
1448.3365377472 -1029.8767373606 1814.7759536110
1466.1697430756 -211.3714700185 -1663.8413848968
-1326.7691671600 1578.6941380849 -1909.4973358718
-866.4457173785 -831.8138956961 1129.0942457566
1119.6176554925 -731.8124185388 -1606.3521973253
510.6241500428 -261.7134420256 -617.9741982728
726.0003185779 1499.5017022188 -109.8903770090
-679.4146296059 577.6416685361 329.9702200724
874.7899065643 399.6358995681 1275.6063407206
-1714.4838672364 1865.8897684951 -1204.8984943909
-1468.9784327361 888.7023746783 377.6007682747
1711.3280251442 -1550.6608761910 -1546.7504592976
207.5349463060 898.5935228167 1223.8936003759
-1314.5728868843 -747.5485630962 -1102.5283756650
-801.7714696120 72.0068383686 -913.9042517812
198.0604967613 1093.3262322457 698.5232567241
933.0666042733 842.2997337843 646.1517144333
1349.4222586789 1373.3779504192 197.3317223580
1513.6393576924 -881.9648638650 445.1369682944
1623.5676453486 1606.8091032806 322.6050356170
-279.6066893955 1416.0587656279 1918.1881820691
57.0203958220 -933.1871916615 -1921.5311161126
-609.7890620049 768.3997690131 900.6741442152
-1196.8534835397 1640.8016860758 1239.6224080173
-454.7671064992 -650.4017484632 776.2429674390
233.5113732362 111.8544596254 788.9535485565
-703.3837064363 1227.2175906185 -602.1442254896
159.7202341590 -1586.6622656422 -1939.1084793003
1271.6195718735 -704.7362514783 -554.9795682570
1006.7101077925 421.5411475493 1210.9088420003
1432.0011894112 -1501.5610514733 1067.0971346497
1611.9757848786 -972.5296263429 -1945.9048971515
1357.3125933584 -912.8713658931 131.5760437358
418.1880964971 -385.7220258300 -1441.4224861746
1078.5362889629 1860.7875245735 -1685.1946670887
-1420.8720488282 -1849.4820625864 1961.5908587909
-1529.7719377198 1190.0582043005 1183.3547538594
1277.9810268651 -1881.5241506228 1906.6976579480
-952.7171328868 181.7657272606 -405.4452976415
-833.0158483625 -260.1753369334 -947.5804747552
434.8711498486 1244.8891451548 -1519.1844437239
107.4836362367 -630.1519206973 -708.5244052651
1018.0818632579 -1967.8610888182 -504.9348283905
933.9644298221 -1447.5479406916 -606.5313338529
229.2031681821 -900.6428626500 802.8719652685
-610.6045528467 1274.5095639570 -79.6589673560
-1427.2650396256 1125.2439812602 597.0091298880
212.0678381501 -799.5892224462 1527.5187068182
793.9419481380 -1285.2332621640 -160.2486268773
687.8165820460 557.3780381923 823.7600872304
934.0253002731 -1467.9578098506 1956.2954439996
1170.0728331601 1954.9425407512 939.6805926578
136.6084886568 -1387.1354990407 -1287.2520236390
-1842.3666599333 -599.7444018323 114.2520342906
790.8976326621 -1013.8636770116 -1799.8846629139
556.7928614872 1767.7611310392 81.3879896262
-1572.1235708224 -1566.3551898627 -1020.7785728556
1868.6757496703 -1307.6467750376 -1657.8092429442
1196.0940861977 1106.2406928864 -464.1972823365
1664.9590902370 924.0353445366 -1704.5123352355
830.2127276942 -690.6766894762 274.3535726670
873.3368489216 1231.5976083601 1603.7537501648
1083.2275193492 157.7549610170 -924.3289364307
-1559.4509149714 1440.5810793608 -1538.4621585741
913.1765715720 -1051.4724898715 1391.0760499341
-475.4393033411 1828.3448738317 395.5879275363
-114.3162097955 -787.3093504694 -269.0274286139
-1119.4128467224 -502.9165143868 -1610.2853667499
-1031.1089876897 1234.9879515900 1953.0111901039
-1738.2650044000 1467.0112955059 -1490.8997134783
7.9854089138 277.1868253629 1850.8698556436
-1348.9065524064 -416.7249692745 -639.4084392308
1299.5382843914 -971.0857321297 -909.7650890077
-1429.7956291871 647.8237203397 1572.6726561999
-1726.7575970406 1823.8606591789 543.5187394980
271.1007789567 -1577.5506315651 1914.1365289957
1238.2861080387 169.2850359642 982.1283928690
-586.3500160717 217.6431719733 -350.2149772124
555.9401373820 1953.3950823099 -72.4282279099
-1229.2377302913 -1211.0054776123 588.8387059528
1659.4273839230 -269.9004766699 -1471.9335879978
-457.8494348980 1243.5803161014 -1044.5859976962
-734.1912639201 616.0631101196 -534.2371683639
1955.4880705314 -770.7799467035 1734.9378493866
-841.4516544950 571.4507977617 -449.4744466022
-1274.5269941743 1244.8666463287 1077.1061835136
-712.6731064324 42.2036462099 1004.9112958931
-981.3760593917 1954.8443435433 1201.0673625763
843.6045825333 -133.2630008735 -1461.3203059137
-552.4272200517 897.2295883141 -945.3073146721
-1057.1494643609 -86.8023247203 1462.9832489410
582.0754370744 -62.5427681138 -857.1299260809
-1485.9680795065 -1697.8241140924 1003.4154437518
-1764.8292075629 -375.3227954162 1636.3739474733
-513.0174029077 1693.8966829138 -964.8761250718
-773.7657434713 282.1536542280 -1033.2407977587
1355.4907238436 -1608.7020983102 47.3219168266
-1875.4827781009 1208.3025090181 11.3837663672
1904.0487481851 -695.0176838495 1138.6421027027
-1663.7931856844 1754.2372984922 -1836.5436092750
183.1419403785 1941.8785900158 1728.1332650367
-729.9622517315 -1780.1265184711 -404.4737730614
-1852.4428764565 67.4075286349 -1345.9987464191
-1836.2327650830 1680.2430515078 -367.8711563493
-1256.9092069164 -1869.7801210213 -199.1355688140
1086.0612537185 -1198.8323505443 1112.8095277033
1893.4392280982 -1859.9707232740 -566.7290662227
-1118.7235025681 -1012.4261246754 1796.1751185847
810.2292175493 1525.3571677511 -1249.0637701382
-1597.0886809691 -493.9014353828 1405.0797377796
-1059.5228035807 -80.5565456943 772.8484241954
189.1121756800 345.8498290808 451.8198580421
-1960.9349296812 1192.0314824455 -1869.3850162996
-1251.4319021683 -1252.4929292372 -1886.1008313522
1733.6997443931 217.5961299452 356.9255741700
1115.4549512220 444.0235864657 374.4084412541
-210.0273419716 -1371.9459503534 816.0001744324
633.1631223375 -89.3995968325 -1706.8753513466
688.0090980466 958.1090773287 357.0564556025
-898.5277026312 -1408.8405403635 1377.5834493055
-993.8907144754 68.9812065323 -613.8292855371
478.5613255247 -998.8043200176 -1645.1993271492
-1882.3360270993 972.9646544027 -249.3676376467
1867.3678697951 678.9666812322 1039.8461625008
-419.0767219342 -617.2244623738 1633.6415857072
1463.8709207763 1963.9783545217 -868.7695658475
-1700.4988109225 219.1380313704 -1724.9028217137
1152.1863429575 1584.7727956675 -471.1587829552
-1275.9984118351 -264.1017065932 -1218.1048189162
780.7879899187 -1291.9697899550 -1962.8230556295
-794.9474516343 1600.2983278995 -249.0543380709
-326.9152901209 1500.1180439422 1773.2504768082
343.4358535143 1349.5427827559 25.8982530123
1390.8272351582 1660.6354243406 590.8059326547
362.0682033139 962.5888848696 431.6242843833
1581.0186810725 341.6211321529 1608.0896176491
-1288.3749791586 -1810.8549448206 -1073.4483574712
1581.7386263453 -336.3380147727 -250.3532436630
1257.1285390975 153.3330461464 755.7546526949
1541.0425590421 -1584.9522659054 1167.2399734764
1331.8175579492 -321.0691488623 -145.3194084234
-110.0890223090 1230.6024412065 986.0697597312
1941.7385964882 197.0101258989 1291.2098222968
-652.2340011220 81.4823386155 1182.5541503164
1835.3924979414 -1912.3000002009 -1936.0404226838
443.8511507332 1011.3137552363 1018.8630031734
-1674.3724121685 1485.2099964746 1940.7802495873
-1293.5258326134 576.3019145657 -109.0454062853
-382.3414790798 -1687.0190395016 -1095.3860574544
-98.2800625005 -1407.6419707740 1181.9716044481
193.9983719705 -499.5702276581 -1606.8454659628
470.2695368179 288.2853136020 -1415.0381653847
777.4661743015 -891.7278633796 -1260.5600563924
-1208.7237165065 159.4096426261 915.0571579296
851.4389282239 -1461.0348585205 -1406.4869284025
-1318.7801571147 -214.5516521746 251.3907436160
-981.7540306382 -1516.2986909717 -1106.1432841066
601.3646466963 862.8453730704 147.9605253082
835.2424207357 -216.7348403296 -723.4697289062
-1759.1184656686 -112.1988343859 -1993.1690793061
-1159.7559134027 -283.5356317158 -198.6460281862
-572.5661503242 1283.2897210840 1420.3554689056
597.9480851256 -1973.4647733664 -1329.9516643716
-199.4065257554 -692.4832370145 -1307.3825922036
-1376.8346321594 1795.8774737315 1497.5493807377
1647.7279686793 299.4985532286 -1319.2517916058
-1390.9198130374 918.7970126630 -1001.0199056477
556.5235595778 -315.3044345825 -1436.3094117384
1139.3960934055 108.1544897100 -52.8835377110
-624.9754132676 -1111.7510357216 -1684.8999942995
-599.3283745590 1672.6420558355 1479.6554172460
795.2858743769 -1713.1504209183 39.0372207153
-1203.8432867195 -610.4780593299 454.9492795793
836.3886286221 -1864.3725102102 -737.1071030833
-274.4009236185 -1947.6109826571 -317.7926696379
390.5322511486 -327.7895209183 353.4641327902
-1213.6627774041 1890.6457458534 746.8496183305
850.8437187964 -1938.2224823873 -865.9042899283
-1226.9424033333 681.3657122914 -152.7379217815
1252.1017608405 1170.5405043033 -1234.6203906551
-1640.1444484933 1581.6144635825 1037.0554412321
1150.2450381013 1103.2644346511 -275.1654626332
-1182.5393633705 -605.2717153885 1466.3226605738
1670.3646736210 -941.0934638416 -1535.4815084970
895.6632962615 -1885.2212577594 94.6753390769
-781.2682807465 602.2280405168 -107.2795413920
1936.7224463867 -1713.4732024657 -395.9819528575
1445.3441905246 734.7456252181 -176.0828959726
-1833.9363600843 -99.8198072167 -1488.1353922203
-232.4059081778 1257.4053344370 99.8185002444
1935.5084786542 -742.1515253712 1287.1884738801
645.2537913528 4.3063462132 -331.7252351587
-1218.7116970748 -575.7767718087 -1756.9123757308
1625.8280347186 -1881.2601818857 -102.5726540464
-1677.0124403438 904.9956136458 1434.2144609174
-1110.0683578955 -578.9556539801 1579.5320841960
785.1906917017 442.3231316759 -936.4030199658
-164.8594269789 -1789.9581668601 1188.3316622166
-973.0067993901 -1048.4768408941 919.3829973409
-1010.7029501032 960.9496777369 1826.7195309293
-221.8093585409 -875.6190981410 -378.7161714872
-563.8471371001 1703.0003368303 256.8900884578
-1073.0701093734 -293.4788618555 -1030.5759057958
-290.1609687094 902.6421630379 -1088.6389409036
-171.0352054418 -1141.4994167954 -1535.2461551806
944.3231589101 1380.7758580012 396.0781994596
13.4850838987 1369.6023218654 1060.8901419599
-1606.1253363488 -966.6340336448 1355.4501320834
-497.3850996771 1629.3216464228 1790.4310280442
-1385.7965997975 -1074.8872361908 -1513.2112203548
1988.9857492609 1481.7355607536 -1360.0307586982
1494.8678443356 1822.6404809646 -1804.0820453625
1713.8945125904 -1120.8076331232 -1230.0072694569
1414.0952098342 1706.0606122414 1901.4359949719
724.3233877083 -1497.3256014665 1425.2560061405
1224.7506827208 188.5689564086 545.7178880066
260.1515815763 -251.2060748351 -560.8125608102
-24.1243979187 1116.5308411700 126.5666213092
457.3266693656 78.3269558053 -1333.8576279460
-349.2708680363 -1036.5555966559 -967.5657353339
739.8667476025 -1383.3045771235 -1446.6422070192
1259.0520893562 -1710.9222659539 -1424.3994133587
1025.0576745201 936.8902829729 -1210.1722287199
-1718.1396415878 -1626.5184717136 -1028.6620540108
910.3549612588 426.9095548952 1020.0082416869
-438.8292004957 -1951.2412383349 1712.3500953183
-445.0600743411 385.0267090745 -633.0786930895
1909.6818978503 1346.6801587292 1296.0169715635
-671.1864046401 1279.0942036787 611.7395777987
-892.3123695731 -436.9955383109 722.7611014366
822.9885624761 508.5951059365 -1577.4144802187
-209.4453796256 219.0977873771 -1912.2328760160
395.9900422068 1438.1348915465 -1684.1565648182
-1038.7055095697 -187.9694849730 1843.6387528246
1425.6441026488 -195.9585046268 445.4094481041
1051.0280040067 1549.1461219756 1053.0794082431
-1423.2179461751 -303.5600272862 -1782.1266048954
679.4962979059 1015.2889805740 -1893.6300795177
-383.7428895986 503.2592975842 1557.2650000150
-228.0559899295 -1937.4838619298 -864.0623428221
-1295.8594137000 -960.4149900910 -1665.8387601136
-1256.8469622008 320.1984802790 953.4230687164
-231.9343981740 -1176.4856748380 1336.5963599618
-74.9816514478 1165.2440737781 -910.8763148357
700.2713569120 865.2636770611 -1596.8331098250
1828.7324139807 -575.8163665050 -943.8478506992
-624.3789224588 -761.1528963775 869.9234886733
-404.0096001930 -1248.3803026836 -1337.0018810158
-925.8134546217 -1535.6751258689 1913.2812018478
-1722.9172621201 -375.5642687574 1202.8253060193
-1418.4287983990 -860.8976040031 740.3955132673
1889.9740616104 1922.7976082155 -1091.1832189098
-774.5013609092 1349.8471878332 29.0749259858
-1967.0528588144 -152.6809352365 1995.8853257126
-903.3221024377 942.5144401591 354.4464861780
-531.0229117001 -107.9838236290 1405.1397224704
-754.5633335935 -268.0983705598 244.3122529744
930.6890630436 1970.4474609507 -1280.0104706206
-1563.3020879371 610.6473365528 -1050.3390584542
1317.7510834804 -1282.9234999406 1224.4423428454
-220.6860114789 -1445.5296652896 680.8272594508
315.2946109195 -28.9058621129 -1532.7021261439
-1314.7241935108 184.6545766023 -1413.1341130270
1491.5920086972 1568.0944105807 1719.0364552796
1082.2820586260 -1701.8086692987 618.6360094347
752.2663428712 814.8755017662 -902.3066313965
-1787.4154326186 -280.4245725594 1863.6921512538
345.5105542229 -232.8427839428 400.9307611170
216.9630421435 -1432.2406525629 1171.7027338434
15.2170601893 -278.2407562952 -1712.0577115453
1483.2683937929 1065.5371711636 1332.2745891160
-1361.4515393669 -1209.6660595371 92.7961841914
-1126.3554014304 -170.7176552581 1275.8834231738
185.9160613677 530.3130015704 1429.2589521941
-137.6825007599 -261.4274768731 1748.8824216357
1597.1816789936 -1673.1805413972 711.3381219066
-1933.9075034673 1006.8967382526 -550.7101843675
-802.8870262604 72.4446200471 1662.0241877734
378.1444644273 1199.1775569516 -70.5722419601
1708.7188659071 -308.7432464295 175.6928062437
56.3043722915 1134.3050463898 1249.6039158388
-1331.0702808790 1576.1249923064 554.6286655250
-1654.3475523676 -707.3092455985 635.9943942624
1448.8123230709 -555.4157730763 1878.5378622016
-1434.5528504396 675.6220344118 -671.1977030682
-1623.6794818200 765.9703119262 -515.6387148880
-599.1390964947 1207.5161845563 -1688.7137038596
401.1125106290 -460.4131698504 -1184.3691041977
201.1654446106 -485.1572141514 1200.6503190153
555.4899537880 -1476.7527285895 1859.7012625323
-1664.7543590908 -694.9253485194 -576.9895732670
262.3856665046 643.4956943588 1106.3658614812
-1770.4423259129 1099.0581353217 -1498.2220632985
875.2477945743 -1061.1867996715 -449.7154049658
1366.0027579303 -477.0635960444 -1566.3080729554
1983.9447025517 -445.3311093719 887.6523585366
-1885.8300051746 -1451.7175601411 1905.1720632294
-1143.4941911550 1343.0795770244 -1403.8051078627
-28.3444940596 1250.3069460608 -40.1186029362
-1633.5116459441 1781.1968029733 508.5699839678
-183.3700623205 -301.1770070440 -84.4780554818
-137.7779574927 620.7053836737 -309.3521012185
-371.1047616847 650.8254416296 578.5375196584
-234.9837537062 1226.1005858095 1479.5525283890
207.3951631499 545.3939151899 -1275.9963317279
-1039.9674394753 -591.4482981325 -266.6417949116
1328.6983378627 -1705.9896078902 1837.6476799186
1344.4007048985 -1945.9893801754 119.4066580266
-997.6828030661 1274.0993077892 -577.5290256063
-1263.0708585619 -633.8484068669 626.8291283656
-227.4643674543 -1311.0229659097 1500.8773141466
-1564.1117848578 156.7599846526 1017.3631652338
-809.4458621314 548.6480053029 -1669.6501792405
-1010.5989400690 -1384.3624256238 1413.6906043198
-1697.6902627101 491.8261089774 -1918.4642973100
-1001.7334718233 -857.1431478801 10.9249803708
656.5961302775 1318.1460341202 -1453.7163904167
969.9769580952 -30.3245585159 -1284.5908521233
-1147.8451468369 1532.9592814606 846.3520439091
1962.1934889110 -552.3933001249 -964.7954962589
41.1663847283 -697.3958879890 -1242.8936681006
-750.4960941991 -1166.7358169921 843.9132845957
-991.0849033635 1491.5144327114 113.6871915414
-1379.4009409118 930.5564410816 -1991.7420315004
204.0010147500 1355.1301392226 -293.1465294489
-222.1785048800 268.3491219441 -236.1809270159
66.8043444207 -881.1936230940 -867.7495635425
-1127.9597474570 158.8718911895 -1294.1519546247
220.6700086319 1721.4406631508 1406.5744805181
-1091.2553751069 -1787.1280319297 -474.0104741759
-1414.5002978237 -1171.9254146638 -1208.6002937345
1389.2207467332 -1203.4294670682 1914.4895528913
-1063.0984062954 417.5069271527 1291.9761536003
-1345.2557436456 -1754.5905916184 -549.6968375369
-1069.6735785794 81.7134050792 1786.7495702218
836.5335775403 828.0470243385 -495.0552459316
462.0158050964 412.6654734496 -1445.9267216382
803.3482819187 290.3058091935 -1850.2082527400
-1018.6746503837 46.7727168128 -1050.2176640372
561.2797822971 -279.5619928112 974.3640193983
-1310.3693643822 1452.1003820740 946.3153694548
-1943.9760972771 1225.1188657216 -250.7202987033
1965.8294219945 -1330.7989271394 -156.1760872685
-368.9102335346 -454.3150358852 919.7537426502
1457.9107957420 -1077.3384092141 1938.5839085615
695.8436441187 -1255.6835901002 15.3768220502
1807.7768356434 65.9785965565 992.2798114048
1815.4586920746 -1887.0608827124 -800.9320660575
-450.4531052190 -1449.2665597845 -993.6072252297
1525.0233623956 -1992.8808284053 631.9904858301
-1011.1716588032 -178.6121236965 -201.5261004588
-1481.5621959680 1183.7753210226 966.3823195356
-868.6554256116 1045.9722771231 510.0461591532
1153.5455312728 -1307.4864526634 -613.8058612032
-1718.0420857605 604.6849890153 241.1203998614
599.4210645759 1841.2965647094 -977.9869925055
446.4730942477 -478.6129541335 -1764.3672805491
-1037.2154709279 1711.7511938774 811.9510489572
-546.9683114618 -126.9507889991 993.8172305586
-1529.5503572684 1211.4233156070 -588.4055103137
-724.3702757325 -1498.3690632839 1550.6593084343
-1478.2588818108 -650.6641457266 -1819.1016127492
-1018.4600143342 166.6056480209 388.5852753076
1065.6356178923 -1294.0842440389 -1554.7808650521
1183.6979432373 950.0482961272 1643.5126832501
-86.5916353047 1766.4850057637 495.7881284209
400.9375914639 -1216.5545350358 -1628.1618830115
502.7600492671 1188.5696516772 -1660.9818324538
-188.8889672726 619.7531309915 -736.4377742270
-256.0828604371 -350.7355316495 -1093.2414752236
1319.9368746290 -82.7744554477 548.0556123268
-387.5132774903 472.6186372754 -705.7196232237
1409.6256503589 -1810.5430077102 -1109.5644860064
-1184.5511696596 1516.8713090226 519.5610865593
-1953.7439304830 1858.2210969522 1699.1351872744
1210.1998756656 -868.7500201085 -1134.7190883584
13.8827483600 -1305.8128640768 673.4834334601
716.7156001822 -555.2840195167 1133.9606100697
566.9937245496 -529.4153007243 1840.5331883995
1966.4952590481 -1679.2769040312 549.1430669707
-1288.0008418151 -285.9707364532 -1666.2621352822
1922.1837956818 -627.5109004320 286.8297779439
85.5643451825 -16.3932985652 617.7809211091
-499.3315607446 627.9322117297 26.7954703853
-493.0289823482 -677.4111118847 -1409.2854119791
43.6686780058 -631.8754408338 -254.1912493646
-1251.9127500897 1572.0627328620 -1924.7854089682
-1092.7887646145 186.9844690258 -1384.2828195147
1167.8483838228 1986.0292872676 -80.6902441941
1867.8468670277 31.1632360602 933.5624148220
-91.9227068821 -1145.4079436112 1089.9028831133
-823.5304227546 -1304.5967683901 -433.2645737448
1427.7576631957 168.2979249783 -613.9971868816
-1082.6394525573 -977.9647687294 284.7965691189
-585.7144891580 -862.3808158385 1153.4968580271
1594.3117911762 1230.9043651489 113.9689317371
1022.3885596391 1956.1475807880 1518.6439707897
261.3118423732 1805.0516617065 -1482.2055844789
1611.8201592215 766.2738895695 -1938.9422923789
561.8002081181 1345.4223468531 -157.6026572897
455.2538427855 -880.3768075207 315.9520305894
1214.1042963238 1642.9145430342 1657.2813893135
-1047.2516804278 975.9791542835 1662.7671994084
207.3915464969 -1012.2644669398 -1354.5292573114
284.7779574547 109.2020582085 1884.0366296857
1913.2111525189 1789.7086487340 -577.5905303078
-1359.3868399788 -1855.3878827978 -57.4035991151
-1868.0682975787 -177.3539055348 -1738.4906843978
-1354.3602772176 -1091.2309512416 965.6588737681
1585.3175772237 371.4515348635 508.4324653197
1032.0418893635 -182.6551930394 1470.8311558544
1271.6993146533 -1636.5571624112 1524.6124895777
-1564.7277325983 -1928.4031610251 -251.7795583870
1398.9196968769 -1014.2558430792 -612.9463383356
-1333.9816393580 -742.6883811549 1102.3157571109
1307.0477261024 1141.6643115918 903.3348600061
1921.6467871003 1977.0779755351 -1061.3471189597
728.2257733365 -491.5134502740 -272.9991515279
1989.9372454075 -1524.4143482269 -560.3364370305
-567.6249006729 -1539.1107005949 1859.9642953319
-1716.4284008123 -1180.1278312100 887.2557807961
-326.5696272190 1999.9316204674 -237.8732957267
1355.9913751773 -1763.6576805185 -1477.4721593885
-428.1155301902 560.3014400463 413.3602717301
781.3300523571 -1703.0751209961 -1322.3460089455
-969.5594297847 722.0244678925 1583.8160736449
-229.3938637185 -98.4384269626 381.5804375431
-1783.3813002243 359.7188629197 421.6092825344
1214.4797226017 569.9210412900 -977.6456504824
1714.3404656469 -1857.0046496752 1111.3770176703
1854.4272083452 1128.0907641139 1174.6317457274
412.4673501247 -1432.4800139542 1898.7784728760
1563.9846449062 -1261.7541832971 -443.6454364289
-42.7526946251 1905.9513638809 744.7215302411
-157.2835239087 -727.7279978505 1815.4563381968
-1482.7218562456 1032.0156968953 238.1509013309
-1957.8212242507 502.5863744683 1033.4042401641
1394.0878451004 1402.7785227438 622.9133087829
896.2897461002 -1547.0103989345 -610.2030903451
-1178.3239954663 1793.8020811790 924.6578275527
-1713.0922245120 -1027.2933666182 -1761.0976678088
-1703.2181133731 1122.2825743623 -1559.8485257343
1807.7760045776 -648.1924982792 -1547.2808424464
-973.4197338971 -81.3727473372 -1286.4374343522
-189.6517231174 377.8812394044 -146.5647636064
229.2873548342 192.1404113827 -1299.2784580626
-768.8083186788 169.7404234108 1919.6703255247
801.1246090253 1231.3870974984 -335.2159588258
-1870.1824862216 -1358.2912128179 1586.6925911628
-446.1934555920 -1765.6102100892 1537.7971985070
631.6097898722 -442.5086048473 697.5589284733
939.6271636193 -879.9989131292 1292.5667995095
607.5265714434 -391.7252456187 1689.6080388047
1884.1514560914 -1946.7457296729 526.3598633049
1307.1398233457 -963.4198207759 -1430.1100013026
-1632.8676663593 -410.8805928048 357.6394003493
1326.9404535885 -1027.9596913661 -1350.7356336258
-1652.0406075143 32.9585062206 991.9529754814
-348.1635158665 -278.4030186145 60.4017062240
-1881.1067467522 -1479.5396510378 841.7775127037
-1664.0361178744 -1316.8941605107 446.3871242282
-1207.9719072514 -1309.7297114993 -790.5049730615
830.1834015460 215.3441972791 491.1922424022
-1794.2300147930 -297.3557784372 1658.0121467466
-1571.6624318481 -1886.4247075800 341.7377639895
-1303.3899433667 1461.5256994774 1113.5051676593
-1897.9783173888 829.9958167294 -1715.5126860836
-1365.6587400365 758.0924947990 1050.8825036071
663.6596996665 1120.4256913044 252.4314222662
622.8103931387 -282.6421304405 1946.5873299619
-1812.3415324983 1887.3384164199 -1401.7265401963
1760.4721113542 67.8804290891 1822.8508471982
-811.0651699143 -1615.4553595385 1497.7594487212
1061.6648517628 1204.8054844764 784.1732554745
-947.4350804387 -1814.4077854348 -709.0075907954
-937.3868641975 894.0007833030 1829.1974797678
-517.5202711928 -583.8491446077 -1934.6705620101
661.5340990373 -672.8554446880 -852.3410182405
578.1751898489 908.4404388593 706.9117469319
1744.4764484733 -699.5755181960 1563.2743756337
-598.3585655462 1238.2424918808 1132.2982099268
356.5350119862 213.7171137888 -370.3241746325
-1173.3764760352 -6.8959705722 1709.7467586543
1358.3610854936 1178.8045463628 1750.0700740961
-992.8776889494 -881.1833911334 -1216.9216497124
1730.3716827977 1932.5466631072 -907.8580588164
317.0324599675 -407.9245903554 1593.5928678883
-36.8146148753 1366.4365683457 1102.2470719748
-1074.0904737802 -393.3427782965 -580.3736402842
1464.8946959406 -111.6081435009 1074.1657020476
424.5842647268 -1106.9552920616 -350.4441815338
-186.6202708680 -1034.4715300502 746.3860677519
937.2224624464 1840.3824744141 -855.8483351597
1882.9855636530 -259.3473175198 373.6037273351
1377.3737334792 1538.4860591259 75.6836217842
467.5574445169 -658.6751182699 -1431.4338889641
1098.3105878427 -930.5034537028 -38.4862469880
810.2276675802 162.6909810284 892.5611689946
-1522.6009080223 301.9475045526 -375.1839770659
1008.7244672431 -703.0666307677 -140.2354202345
1448.9466367831 -719.2604914022 -1590.8066044619
-1091.4469047332 -1324.2651200355 697.6785632982
-1989.2553870941 -900.6801666122 242.6323107015
507.7436223475 -1236.4143350077 1832.5498975342
-651.4006648198 -1734.6649119340 -1171.9646493355
654.6781539995 1479.1764011503 368.5519496480
369.5335232128 1535.8657577354 1998.2728640461
239.5516688533 1675.7236348948 -184.6768374258
-122.6299347781 -613.7722777179 -1376.4807767967
-1571.9748848289 -1890.5297772614 -85.6209568144
-345.2967416735 1888.0207698754 171.8126862639
-1755.9837361470 -1805.5563728853 211.4720250449
232.8650460684 837.0127391330 -203.2901072339
-1701.4854197145 -204.6878062403 320.8965192494
395.6994458263 139.4107426797 -397.0370023225
1860.3081865821 1226.6301770844 32.8024965934
1633.2424737153 1061.6548029914 -610.2532869411
-1303.8614547798 -400.2044892591 182.6689451155
507.7206189962 -1620.5291321655 -1589.4743973065
1430.5842730276 -89.8361567280 1229.3127088344
717.8342685717 -1573.6748579788 -976.4652953851
-1836.8957080250 1143.6357174316 -932.2355351059
-505.9567518943 508.3364557335 37.0398818020
601.4033552094 -1088.8830888642 387.7864293072
-380.2705034915 1940.1719718844 1344.5701749238
-1271.4866463988 -818.1205324514 686.8687723736
-1930.0851478400 -1225.6578134159 -1349.9091283966
809.4067678704 -349.4937259392 -913.9522073131
-460.8137638441 -745.2574042805 126.8927641061
1565.6096531621 1292.4846075120 -452.6623021613
-976.6725939612 713.5185451394 -170.9971703439
1530.0619552897 597.8297194437 -1045.2177599796
-545.8448392006 -1014.2293631466 -1996.5616465067
-1751.7097580287 246.2849174572 -1383.9193565936
1568.3575991299 105.3131947438 -376.5517112112
-332.6497617711 1247.3201380268 962.0542362990
1385.3435498596 661.7485772971 -818.6388470856
-1977.0496655347 -1200.9901888641 -1753.3122590913
-1041.2231003822 -1381.9393765461 1801.7941384885
-428.7065453800 -1849.3772639223 1388.5212755983
351.8974406191 566.1462716601 1523.3555210686
1534.6551088870 680.9153980064 -1140.9084576970
1067.8133957498 -514.2445192913 1225.3171395862
-1228.8345834462 -697.4872977232 1718.2218019844
1087.5861461030 -344.8467783562 439.2662262038
1489.0906668634 -846.2159587162 -771.8782704075
404.7214100370 1618.3750164510 1357.1790268320
720.2964296451 1335.4138344639 678.4217592587
-1560.6120030353 -1292.4380619574 959.3310541696
1394.4704422635 -1615.1228610462 -1871.5437987880
1029.3766662257 -1632.5979016381 -396.7442801522
1703.5210425384 -1087.8937491146 507.0251426954
-1958.1702340032 -875.7244794356 1192.1366355076
-1213.7416076505 716.6521614067 -1768.7639852272
399.3905252059 -220.9564804409 -899.6165553958
-1530.4277343958 741.9180096528 -678.6628497310
122.2870856817 -1770.1557801782 -1836.7627624411
-1343.3969953313 382.7416276152 1634.8804426942
762.4242192022 923.2319258576 -379.8018168294
-1927.2127779143 -430.2755199078 927.9607681038
399.1467509050 -874.0054032265 -1479.5100687925
-177.6433670734 -902.0126648147 -1397.4997881670
-1329.9648665531 -1046.4693596431 -308.8881157993
128.5766789750 1506.5779660426 1957.2116858158
-1198.5938609248 1113.3980193031 -1994.0526614224
841.2505961825 -1552.8541521327 -718.9108465013
1403.4185274198 -1976.8568083441 -167.5492570677
538.5726325184 -267.0533739737 -1450.9784170494
-551.8278401802 1374.3701965321 185.3066593661
1339.3598491556 -1132.0585330563 -187.2736535161
1079.4980722190 -1511.3208721951 405.0071802256
1239.9188777480 -609.9717126736 1063.3396743486
1378.2346080102 -419.7294499857 726.0641848191
-964.0198669166 1562.9331570791 1377.2240302008
43.7910677508 943.4554620125 -1654.9043259767
97.6821900530 1975.6954181694 -1226.5788539967
425.4970501188 159.9027627741 102.1186103482
1949.6744053710 -603.6434950924 -1799.8509522292
1494.0545142504 -1184.6534250051 -1772.4247166540
790.4474593920 -884.0922072937 880.0570296658
-1961.6482864166 -1069.0494865296 -1700.7684352006
-1222.3056813597 -560.8396545985 1183.4627747431
83.4512235535 -741.2312041093 -1153.4687788618
-255.8596727000 800.6644651851 912.5302263400
-47.9231385240 -1900.5464228134 931.0628150712
-1687.0542880837 1288.9333086581 -1709.9853939189
-1912.0662981598 534.7705287511 -152.5789744152
-880.3148394519 584.2008281932 1163.1972234612
-909.9986512281 -1902.7714990987 -1243.3617888545
-1033.8372433249 1887.8049967421 1477.6620505926
-789.2780744982 -407.3935061674 -1612.8526697695
-276.3073473811 -1725.0057814018 -309.4679574622
1664.2233913234 -319.6224582448 -1073.3892429998
1909.4320785010 -1302.1889510390 1759.7993886147
-876.4982681951 1600.7485079251 1832.3570812003
-620.4109132579 363.7775166135 -757.8509881980
128.2520613915 -1323.6921093826 -705.7560056989
596.4810552449 438.4849862673 1079.1604551078
1979.1667027703 820.1706065115 -11.4722722420
1882.1759431316 -1826.0323778519 -1702.3941468741
-1548.7683240881 52.7749802700 -1664.7513244472
-653.1711072017 -840.4044119493 -765.1057879973
1119.6202417946 185.0295201100 862.3379507480
1761.6620604989 -1232.0973711830 -1277.4073618793
-759.4874243282 -1812.1037720837 1387.6774045640
-1809.4268997135 -662.1750576644 -1032.0657231051
-1140.1307044040 -805.5278847657 459.8356389247
-1148.0290310805 1158.9502412697 -1266.5049030624
1143.7857323300 -1327.9291923608 -398.7860352561
-277.7725920940 1428.0885812207 252.0793080770
1262.3441247803 1120.8821394416 -171.1783152706
-1329.2886007763 1649.3093806422 711.1583558222
-502.5242425869 889.0565119786 -128.7380078021
1061.6124475979 -1890.9388303347 1113.2726533069
31.9300624842 732.2883230820 -1001.9264613715
-311.4098591717 1623.1062480791 105.3276517995
-495.2499928869 -1328.4684511265 -783.5170280956
-1199.2117093903 -1175.4265332289 1875.6504857650
1139.0323785809 160.5865121116 -1490.9712871023
-1757.5599782829 1622.9777335771 -1498.3157761916
957.7577813950 -831.0591263874 -193.9982011007
1725.0358999100 136.1067630615 -1985.8994640554
-1610.7389713056 -528.9466706321 1659.2388438051
-1221.2812581249 -1313.2994499856 -1112.7697865664
1590.4099382236 -293.8148656998 1379.1263785146
907.8623154204 845.3678088797 1219.5354847435
1401.4175039398 -1298.3899196854 -1827.5385173250
1087.9718965659 -1353.6461862215 -930.8296353427
1738.2309439215 822.6634691487 1410.1076529553
-177.9193859629 1838.2452942731 124.6941544693
1794.5076526434 1363.1747499140 1023.8781033412
802.6529752034 -392.8359812517 17.6910840363
1886.3832627017 -490.7520742054 -1422.1208757262
945.8101303274 766.4629358349 1784.4847431531
-34.5739945031 1453.6136946636 1927.6363665708
-1345.2341339668 899.0329620588 -1048.6619033333
269.5235325687 -778.0481579781 866.8762841489
-1783.4584072038 -249.4883973140 1421.3584176370
-85.3657076746 -1426.8062421575 -1741.4520263455
-1455.6498140727 -45.1405826355 1294.5889089639
-557.6411412375 899.0943777892 -1943.0314086811
805.9322211666 -388.4199084300 385.1207443071
-1819.7311070985 122.2964101112 -1226.4709276278
422.7317354250 502.4701499158 333.6115040897
-1021.9502881324 -279.9248928883 259.0318708705
491.5579471566 -1193.9475490485 198.2779746416
1124.3596526992 -32.6771964729 1155.0047852385
-835.8730874629 -1347.3909621276 730.4418028375
-516.7925559631 -1650.0303316012 1419.6669187517
-1156.0124737420 1496.4554824649 -175.9996402957
1108.4155365427 1386.9779960772 944.6852799282
-1607.2988421376 -563.1576805044 -1816.3703288843
-1514.0115383867 812.3439296470 -333.6387305837
-1704.6116012590 -1215.9423235520 -1392.1625341401
1646.1352897404 -1508.8196390184 1271.7355149880
-1307.3567053508 -1244.6213295618 1618.8560250614
73.7237514999 1512.7058038862 341.5452024442
-1033.2848081456 480.7786714383 697.2120438525
418.3480762342 633.2906432264 107.0512187899
-9.2015575911 -660.2145631138 1324.6165766097
-1588.8026376423 1882.8554489714 261.0533327313
1739.0342954942 -680.3932436892 222.6272593764
1781.0173398859 968.1724994588 899.6148012011
540.8032038889 1929.4841836516 187.0785818474
-316.5361163240 414.9516472261 -212.4942527980
-1997.2818448272 -387.5932049336 -1280.8508411642
-60.0895183028 -1339.0047055861 243.5426324196
1880.2446859514 1296.1255997079 457.2869703911
-603.9533079441 484.5016096763 1186.0980629009
-1049.7646705026 -117.7875085795 -1303.9645333370
99.1601279008 -1280.1902039516 129.5848090619
-1209.2547707110 -1124.8043072355 559.5171350804
-418.0884909355 1600.6979807315 -1184.1870271347
-1162.0405317584 410.2808900492 -1018.7909325474
-1650.3149406160 1245.0070536249 -1424.0120739723
-1621.5407953459 411.9815598971 1382.0651057869
913.9400477481 914.9758735180 -97.7343376282
-1242.9428319191 -1808.6886225377 -189.2929396893
-1116.3219135384 594.1037304366 -894.1497772579
492.1858685670 -269.5281576450 -1581.1216317173
-851.0612568486 -790.8747782970 21.9702610005
1505.4125851947 -398.9066353426 736.1679444963
1760.2364061418 668.5655084954 671.7069389459
1140.3160345682 -180.4553877013 96.1233758815
-1722.7071559794 763.1777856349 396.9660488801
1662.7043316417 1073.0342083559 -243.0012669777
-1429.0254095690 -563.8430981662 70.5513947725
658.4832348609 1350.5653700688 568.4564219350
-1081.1078112261 -1209.9983614207 412.1537069640
-51.9436336459 -110.1497037331 1463.3016639597
116.9183340546 1502.1992998138 1716.2117341167
1167.7565697204 -1041.4070641573 -1030.1235114722
-1354.4506862144 -374.4574225841 -666.0901155811
-56.3392117210 -516.9594719358 967.7556750143
1761.7280702827 1975.9247221523 -1419.8146588931
-1685.8823506703 1639.4921124078 -688.6596568263
559.2202640538 1583.3108186713 107.3935400800
1678.4025820373 -258.7215697747 -616.7328340669
1718.2999308634 759.3178345883 -1522.3527662756
1763.1396770461 1116.2108100095 81.8046880224
-1316.2464368866 13.4413666509 -1959.9201492763
1070.6459357391 -1296.3262733186 66.6957946405
1547.4034496759 926.6151968120 -1159.4879361526
-805.3215081454 -1585.1392956338 476.5500433624
1132.0726668273 797.9817065898 1750.5929840654
630.0044290229 -1700.3847821705 -1501.2234725382
695.8951246879 -672.5061707427 -859.0126025533
-1965.3476213079 984.5502096657 1739.3033525211
358.7983828026 967.1506413692 -636.2489219854
-188.0926056733 -1332.4437320407 316.0337628315
114.9658599479 -810.8476288166 273.9659980240
-15.9252246914 -646.2313416746 1304.0676408984
230.1943636644 619.2356528256 -1160.5168182054
1159.2534353041 -1446.3051469787 -179.8341016595
1321.4249506454 1560.1849836123 1751.3060333365
-794.1487565969 677.5978042306 582.4740420631
-687.8784564384 1162.2468894148 -757.8033642334
3.9634532365 894.4155758022 -456.8939236126
-293.0599491366 98.2409666571 449.3389998266
1719.8975991692 1080.0187697495 739.3294242328
-715.6006180942 -1822.9783194376 299.6251630897
-812.5291849590 -1513.8350965542 1807.7121614752
-706.0080368571 -1279.4790285596 734.3254527712
-1748.7161837476 1378.3265754285 -3.9316422931
-1543.1684169028 -402.1077017369 1975.1512417830
-1586.5781410706 -197.6555449466 346.0892427540
-1870.8748150499 1260.3715117043 -1701.4924255595
-884.7707542954 8.8639882279 -1025.3710364189
1176.1476670712 1955.1322670113 -922.8992677065
7.8869486629 -1523.9191622601 -626.3956594095
-1764.2332392832 -1177.2276300277 864.8185938092
-526.0978355208 5.1915511645 1606.1465696797
-1250.6632912576 61.8424980301 -1196.1507998141
1897.1383375059 -589.5485597390 -920.3723279166
1352.5201910464 -1214.7812124103 1897.9545956470
82.1433035374 1396.3720335295 -1354.7641416384
-643.0887971584 119.0649363760 -1559.2287433645
1817.6122018963 623.0271360535 -1223.3970486459
1244.3137464857 -1860.9992629889 -1084.4061629851
1341.2515022553 -1501.5284938504 363.5632187493
-94.2340822760 1413.2567052465 1977.7247021490
1375.8764047681 1580.1297623010 -550.9297109368
1467.7008441049 1927.7378208587 1683.9808212793
-434.0773090874 -1198.9713814101 -546.9164027107
568.3661170618 25.2605538221 -1987.6256735023
-1352.7980625465 1335.6947052456 -1084.0506149273
1764.8288944123 -388.4071775258 1640.4109667114
110.5316062876 1433.1990991420 579.4326583293
-1245.6189477658 1854.0540035636 215.6618771555
336.5201102385 -1480.3191727257 -90.2464522114
-1805.7296157921 992.8249091525 -1843.6882127996
-363.9030213897 1992.6312867970 -591.9578246154
935.0833133398 -1876.7324365215 1087.3075514291
-1090.1906978502 31.4551182097 474.8655701450
1546.0280512103 -23.4631676867 -759.3037262446
1107.3148175978 20.4528650032 -1478.8940494957
1626.8016127063 95.6300502545 938.2126996716
-395.4215707785 1087.9284314768 -674.9969084458
-1304.3037269736 1770.7121902919 -857.1727966319
-1470.0254104374 -120.5881561767 -1931.9683639542
-1362.3344888764 -702.0783489631 -708.4031943757
1510.8943426221 32.4804510123 644.3795768605
-940.6820531084 -603.9331964757 1448.1560284990
1385.5157166926 -989.5116035933 -1455.3767469589
-1376.1237804289 -703.6233260158 -955.0582741287
-846.0452259092 -937.1042611620 167.3735997414
1843.0832379102 57.6310844736 446.7257015441
457.6552526078 447.3656377775 -397.6705486578
-91.6049318405 -1269.5635258355 -100.5130935687
374.2253273725 1293.6533021275 674.7149407984
1529.1884912324 -955.9019711161 -455.3835014158
1334.0615011544 199.7540027392 -103.3657182105
214.9050408802 447.6184440541 562.9828159161
-353.6492714205 605.4608517375 -1291.4900266328
1052.5354124986 -593.4354890665 1987.4829284006
-1478.8215552212 1334.9047767795 -1284.6110735467
1898.7763458173 -1851.5215189346 -1361.4611401308
-633.8977072691 -1650.5586358529 1220.6203350968
-1265.3115683876 1686.7766171732 1249.4984337281
1445.5561415991 -694.3803606687 -82.3413920770
-756.1770607133 1028.8918126244 10.4651801895
1806.0645895351 -359.1841180470 -1629.5079099300
-1455.0471518091 1654.7575098275 996.9641565449
-1130.3396257851 -345.3112604926 -622.1640675527
-1302.3042810505 -493.5823862869 -1328.8205971441
487.6518000952 -538.4471823662 1965.2694429992
-1746.2487472244 -771.6543678218 -228.5494566171
504.4901795032 -1334.5943526567 -1527.7615024049
1188.2143143689 -1687.8859105218 -1656.9840228060
-489.9344448536 -990.9840036739 -1715.5409010387
-1583.2004045217 -1430.7277706296 422.8938094847
-195.5129885048 686.1229741412 648.3678274913
-759.2372462269 1750.0876553211 -11.9117897408
1090.7678805323 1989.5258433817 1745.4595167917
164.5496542487 -1342.7062458314 -1016.5086057208
-962.0604178166 -452.3316242788 -278.5996170925
-1100.2418647856 778.7000463311 -1424.5188373398
-261.1265750098 -1812.3071431744 -1042.9181569334
-1375.5913187500 -651.6352458031 1907.6244512042
-1720.4978395904 -1862.5675677936 -1879.3020553742
-1003.1864234606 1775.9111948256 1536.3085453181
337.9133265004 203.3058271933 1498.2124745094
-709.6588296771 -1986.1342419033 -457.4742461210
-976.7258703784 -374.0323914652 -253.3312999827
-321.0036740513 913.4782966599 1695.6244292896
-923.2265516516 -169.2905170454 -1406.8466761804
414.3899303936 -972.1350562737 1975.3519773707
-1526.9996462699 1743.8442299492 -58.7283717291
-1799.9749398977 -162.7050120545 1813.8199448487
-145.0528106924 1114.8590357990 1956.1493536776
-1285.4826415617 1599.2355597778 672.3227008714
924.2503038859 123.8443498612 1631.3116262521
1368.7819053534 -821.0335120481 112.7028033433
1283.0876070025 1692.7395355620 -1750.2517432666
751.0751902476 -762.1339716358 280.1775057569
-1614.9182595942 -1526.6965762200 -1651.7195690694
207.4004818321 751.4243586729 -962.5674625899
-989.4501093328 -653.7890115646 1418.1678527885
748.0553327008 609.9306545554 196.7537668928
271.0953639423 -1118.7647065356 1652.1691752030
-1557.1311247629 -325.2553671909 9.6084831845
-85.3364938387 1043.1595030964 -51.8002177653
1959.2358618517 21.2650953808 -409.3062751176
-1100.9160867800 1527.1490949498 -549.8833424977
1484.7924186310 742.5886180675 420.3098640473
141.3373680418 -1825.3456503294 -1866.8465101194
-1174.5903550558 -1836.4758008475 153.5160541660
1639.7229448785 -570.1317637001 -149.1423733087
1082.7528868397 415.0857096362 1796.6986934418
643.9032909690 -1430.2022497459 1105.2368337404
1644.1866042683 272.2175370776 -1756.1664164253
23.0492489954 1615.6614490829 1820.1060977567
1091.8044539732 -50.4371048359 -1720.0807989020
-1085.0480216924 1035.9260698498 -296.1646027848
1239.9971650543 -1666.6924331682 -468.4737980748
-1139.6557333008 -1274.5257386455 -43.0402930052
-1888.2443199900 -1332.1829061962 -665.9852611980
-350.4496159871 -739.5917876123 -1987.0727575709
1376.9227307849 1042.8789737384 -723.7323016727
270.5384239393 -342.9283573947 1870.2442621441
-14.2385871027 -1461.3052427375 -364.5336056155
724.7124972315 1601.0193066675 -1303.4925358377
-1887.4965344138 304.3054425059 752.7955010832
1336.4631036383 -1068.0850927357 666.1669303252
781.3944437234 1408.2593268713 978.8322996946
1354.9140391801 -1738.3858813514 1442.7910580622
1466.1955169987 1496.6148360408 422.1638403362
-783.4811617055 -484.6469991883 -1676.4488082712
394.0225980119 -928.9934479583 215.3115222810
-760.1368780425 -980.1288984909 -10.9924915608
-1217.0203307722 -1790.5653946779 -531.1464707741
160.3756398777 -381.5578725757 566.8542538229
1476.3569727806 -1325.1191173299 104.2613901305
-245.5016265476 -1088.8389198088 -1652.7659219217
1686.1598139766 -909.8968420228 700.1770915667
641.4621956669 -397.2915615882 972.0631132175
-1179.7883882113 -1055.3206906156 -1196.9532048649
1996.2887166501 1135.8070350642 216.5504968072
-199.4376190852 -275.7540458749 1741.4169578299
-1554.3522657531 -368.6629682173 -28.5446319918
828.0664949538 1934.2245328803 362.1532591355
-960.2338206346 -776.1588742159 1103.7186400198
588.1851103807 456.0097041084 38.1536881078
813.6735214717 -134.7839278948 1562.3377988349
-241.4887686337 -1674.5690773375 916.9753405417
-1079.6206770350 -675.1247007059 -1895.3671173842
992.3970338212 1094.1162436397 -1428.7924135417
-1639.1243301965 -349.8465338570 -461.1368920146
240.4062321564 531.5228082511 1558.4845090740
-299.2478987107 -31.6464118123 716.7764492167
-875.5392928231 -1469.3860091317 228.9786749323
1990.6608531867 -1516.6935563909 -1394.9120133798
1767.5211495476 1177.3290506356 1374.4447251557
485.6339435754 -934.7688046304 281.7512527479
1953.5596417182 -1842.5049675223 125.7222530123
1344.7508398580 1181.8072154830 -1641.5304975075
-913.1064656851 -1599.2087103238 -1562.1132106331
-634.6679095118 88.0315356816 1800.6721654363
-929.7212670667 350.7545602693 -1971.7593597884
330.5964011328 1588.1823537037 403.2171860299
885.2266841775 338.5994921196 482.9657870969
-1084.6340301642 -1590.1553891284 -1526.9370821917
-1437.0709765797 365.9576815306 -1449.8068180146
1399.5085730491 997.6064693589 -681.0093111197
972.4415422240 -642.4893502240 594.2783684807
349.4130148373 -1877.3730209162 -577.9448170048
84.5387176985 -589.6003379634 672.0795948875
-815.4962740863 998.9031279319 827.1514770677
198.6126142866 449.5985139146 1724.1453150493
-42.8841779671 -432.2725500637 -1578.5767572431
1859.2799583525 1098.7499879099 -426.6749500758
126.4938127465 1155.7563437288 -1412.8588708680
1747.1108025584 -594.5034203135 1509.4672736357
-1829.0581094781 240.0313804113 1946.7983173535
1035.6251188056 -1065.3937606075 -1747.8710009082
730.5288976010 -1040.6714351674 -1366.9438872832
-1262.5679386075 -223.5183177779 1049.6828037970
-659.0710458137 -530.5789263996 -241.0573333656
-1834.5751908420 292.4843262816 -1918.5968896262
-497.9074612026 -484.0549690505 1722.4370120482
-94.4000198840 1107.1299148330 -13.6894167667
-678.0065970749 834.3704441096 -1504.4857456562
-1581.2766058297 1461.0619325340 -1395.9995324546
-401.3679658150 286.7792554041 -1030.5706041783
66.0068412131 -666.3039368621 -1169.9410368971
601.9988613753 166.6079774420 -1351.4045935594
891.5037781104 -754.5465287927 -484.1420397521
-1123.2036672570 -988.4343038779 1662.7757083425
-357.1207938585 -813.2135165336 -1540.3671745572
-1731.1677216340 -1075.4986876128 1219.3132079246
-689.0104281674 -46.5117127903 1450.9842522300
-1639.0095327268 930.9117806407 -1045.7956424100
732.8751269623 -1715.2494961985 -1605.1153931606
-117.8024837319 125.4343039519 -469.0832076093
-1007.6896590653 1356.2788949365 -120.4006472234
-921.5942698057 -1012.4039837803 1095.7732438999
-1142.3600224590 841.2774269519 89.8699327190
-228.1038322328 -352.2414813365 461.7030877739
505.2024292664 -45.1585480285 -1087.1615493113
374.1921706341 -790.7477088705 1484.2962617738
-1905.6876946818 -143.9926925293 1487.1160689384
-1491.2927062890 -1591.1171581030 -1128.1109357784
161.2458193438 -450.7831090015 -700.7839620315
-1365.7999731831 -732.2683966023 1602.0719393580
-517.7907559693 -138.8187363755 812.9215860376
-924.6144030525 -1726.2038744266 -1064.9750197239
-127.5872769794 5.0148323442 -1818.4037799713
1219.1555860475 -48.7072454841 -426.7930503376
462.0541578070 1580.9449375046 -1382.6722805066
-202.2454598394 1472.5414699877 -1494.7457119170
639.2346571002 1427.0871236089 -392.7999957000
327.2464239334 -269.3926229856 1122.8861912887
-1432.4614835634 -418.2188744884 -453.4176975571
-179.8216319198 1428.8599890119 131.6475350460
-1767.8076639034 1367.9553308030 1819.8064409905
931.7098102114 -1586.1769018964 -1819.6136385611
-245.5746017232 1369.9870892866 1863.5976832116
-1452.4104695853 698.6108961494 -903.7599084566
18.0090670817 1549.0471105495 1715.3138886286
-1248.0958251674 -1359.8248912386 -998.4307157041
-1963.5546176994 150.1096035968 677.7015350132
1844.1832706072 -961.5053343632 -912.8419074180
244.9385603601 465.0602365362 -1553.9767530161
-1119.6866919877 -84.6516047887 1370.8430806682
-185.1235239106 -278.8580981423 -914.8010128066
-1207.7821067802 -780.7222192502 353.2055704762
1757.7798074259 1359.9008916686 -1633.2091773941
-56.5333612611 -168.7037262867 1144.4561484608
740.2032506046 -672.8959069297 -1669.6258770476
-737.0908104034 -1438.6817637963 1343.0625034028
-1720.7987729686 1646.3778199514 1020.0125344561
-1421.2901006625 1817.9828087652 1738.3271776203
1920.4459150243 1152.6373468967 -1965.0783379520
1800.9043579430 -1138.6626576915 24.1180424266
-1303.4419164006 1982.8666426775 252.8909071699
1834.8341012825 -828.2653921092 -1059.2729721582
184.0629114623 -424.0042626924 -282.1710547899
-330.0326279602 1043.0663689636 -1584.3390572501
-411.0924907529 -605.1265235274 -1572.2191537211
-451.5097074401 -1508.0659383477 1407.1600186652
1570.7972875657 1771.6038211248 -92.7644166859
-723.3273388653 9.1309281911 -1654.6242282075
1106.1847412982 -874.0476155594 -757.2028201686
-678.0556451383 -1161.4488733602 1203.6851425775
1843.0073748967 -1240.6214750471 -1297.2623428756
1859.3531493531 -1765.6886622826 -484.2211638257
1995.9990845106 -974.7093073842 742.3790783849
294.7964263525 -470.8349570924 879.6245276178
1417.0399692394 -1407.1935333710 -988.5147667074
-1356.0104398472 1404.5674987019 1258.3057819058
-237.4409655648 90.3854464546 -1305.6786416901
666.7921629233 -390.0182092130 91.1133548102
75.4380895798 1642.5681603668 1308.4388549417
-1559.9071844900 1753.5845910683 -692.1382639464
-1145.1294218446 -1841.1629258391 330.6518040266
1112.2543840021 -1540.5646358457 1.1230973414
1314.8482719682 -674.7298428137 1010.8572598691
-84.2156392947 -246.4346458772 -803.2815897803
-1877.4558235443 -1365.1860021473 -1566.7115528118
-1555.8587855094 -1590.7898881383 507.3020923297
1424.7147948891 -716.2890040094 1296.6364689706
-775.4559170562 892.2817403030 -317.4624135341
-1474.0093407342 -627.5940109891 398.9363464982
-1207.2456562233 252.3687315296 1604.0332723536
-271.8572880661 -1539.4950440564 -274.5770733622
1036.3850618144 -1914.5984471877 -1625.4851879475
-642.1391764732 1378.3304506572 -1350.8277444709
-1341.8185984043 54.3635898673 -1507.7384933028
790.7247826277 1790.0815338094 -1860.5479863246
-995.9152481774 -230.7700426612 -667.6522317849
-1412.2260702329 1433.4376775703 -1125.0495560741
-1006.9071680245 -396.1478529919 -910.5038404642
-239.3435052777 850.8041538427 -994.0620444276
-1299.0882339834 -165.2622795360 1490.4872828987
-1367.2785052700 358.3254326151 -628.0660095472
-473.7142398366 1475.9918044708 -1762.5826822026
1993.6571820186 280.9313224572 -70.2309935063
678.5376043985 -268.1897023130 1563.2431556610
-1230.5462865181 470.0809822630 1372.5405715340
246.4588543081 1719.5277541496 -151.8746959704
-807.0325140159 -1006.9147915274 -118.1737601357
-1450.0932431506 1943.5060923500 -125.3359108658
109.6944777403 -1755.7838975037 335.1760350126
-1578.3787310077 1238.9838388685 1581.2987905691
1486.4429885124 1095.0185682274 -674.2355408053
-910.1003715797 -531.7127962659 917.0817166025
-1130.6763640830 -760.2244106191 -448.1415617385
-1723.3304169416 1028.9755009096 157.6892695926
1136.3144941024 944.5906696370 1977.2582438715
101.6708207590 1606.4476425711 -411.4520841756
-1979.5591988598 -1002.4440184230 1633.3552249116
-738.4849702766 -713.8716852425 -130.8968198498
1048.2663180636 -369.0182832806 -993.2357833875
88.9150252481 -1681.6657594284 -1241.2158690194
-1077.1467886088 1685.5425262394 1394.8472189409
664.4328126089 -811.1200680183 -1260.8152038272
-1185.7112088085 -734.9569537718 91.7678173951
1811.8690670879 -710.2290913195 -97.8975341328
-1401.9268371043 1055.3012254614 -1094.9584673939
1628.8108611669 -346.0465152897 -907.2635390915
-1601.2447635326 1782.9576569569 1110.5543151145
-1472.3768264891 904.8647630389 349.7932475891
907.5354890925 -812.0548257235 1143.1679217209
1191.8738046856 398.2095962532 -1607.4826838138
933.9069114859 -747.8110502174 251.4806436626
-161.5196408030 1532.8633534583 -679.3858953391
-1740.8171403984 -974.1077514667 911.9587216764
1068.8697509622 1520.0673982721 -1914.1685534663
1416.0058081852 -1450.0338603380 -1368.3257427619
-283.2961829707 1077.8940266671 1113.0742541972
-839.4635120389 -433.6625468020 -1279.2514069505
-1282.9539470615 1635.7625028382 942.0327513166
-142.2774783509 1224.5341932227 -1521.0366315045
-373.1953689444 -1613.7056213237 -8.1580522557
-1395.2880435705 -1135.2357660305 -1661.8713057725
-417.2061458217 1789.6993396945 1727.8817607353
1088.4400676903 1622.6417538765 305.1306679345
181.2585523140 54.0052441827 -498.2834078448
230.6781500389 192.0259929844 -1213.2863654319
1045.9011736148 -1499.9420000197 227.4370715032
951.1685758428 222.2935586978 -405.6427399022
1899.5162771404 -1095.3115342804 1245.3590531659
-1019.1364111557 1342.2904501188 1094.2087466822
440.9746690825 -893.6387429909 -1848.4687383548
468.4825473006 -1385.5658887411 -112.6649376727
-1046.0257050621 -1132.7447572460 -448.9050988179
-167.5325325652 -419.9370892736 1674.0472317438
-276.8004122582 -25.5447412154 -407.8252399605
843.6243313995 -1143.8443483641 -1926.9071519255
1551.5421023768 -1169.6201685450 166.5808149657
1985.0138193413 -1461.9050213329 1258.6245713855
-659.7609730745 -1981.9475221566 709.4501413946
-1949.5331153552 -1384.0776865419 1978.3894405826
874.2550997292 -318.5621562802 1902.8757173268
-856.5710632196 -1832.0572902774 1937.9244201152
1120.7052524259 99.1778127405 120.5544968093
1208.7049021597 -1262.7183985533 196.9887281282
-1503.9592930589 749.7811756821 273.1767667698
1290.3332974836 -552.1257288904 992.4865228358
1699.6598901223 455.6710376935 -549.5840073137
-919.9270504805 -1410.5037079305 430.7166757075
-588.5163882795 -1553.8608500837 -318.0549386058
517.7828950607 952.6536575873 -577.7717571472
28.0680450066 -1161.8684636898 -855.5091330492
1626.4209772654 1502.5442657133 452.1388104720
299.9825801314 10.3870802985 -1231.9882578782
-1773.2942529640 -524.3691043367 -941.7567218613
1660.9417479227 -1367.6562054126 1583.0615396622
1066.7147041376 1497.8207817715 481.4741246948
716.2621980158 -1430.0785391290 1503.5756015251
179.1150995409 273.7508716204 585.0700822316
-170.4163255711 -377.1329369304 -426.5197125579
-778.7861515878 -308.8245447684 -41.0553076120
-565.1942578670 775.4912576054 -65.0190802162
-369.5102167179 -245.2773758633 1494.4068840175
309.0142142892 1479.3076034991 1392.0901829974
1518.3781141144 -1403.6553761467 -109.6843356605
-1189.0625211694 958.4032314966 -165.6315929141
1844.1265785886 -1315.7637661734 -1854.6057047534
-1354.6814733171 -1092.4081968201 1750.5785542687
-280.4885812913 1057.9384014756 343.8231871183
1596.1444268826 137.9668914658 1347.4434418592
1619.4956967459 1496.7121296067 1965.5508618165
-1844.9112254814 -1807.4254609120 169.7886788423
-1304.9696746171 1282.3314216229 185.4245278491
-806.0189346507 299.9410483655 -1673.2044267825
1861.7975991170 1606.5292149122 -1904.4865179988
-1949.2476439236 -601.4434770021 -173.6875436443
1866.7670702082 1607.5331754463 -1976.1510181562
-1988.3301271629 -1226.4352194229 -205.8219954526
638.5227485384 -1754.6201543634 1490.8733709317
-42.4844086298 1421.8831200773 681.1923984826
-530.5036202285 1435.4399004662 1770.9694800482
607.9995101456 1721.9726097197 -330.5014417361
-202.8910929482 1982.1695376666 -282.0435524103
-1802.2552357914 668.8877556781 1076.0857318244
1178.3291027032 1645.9410539297 341.1845895266
142.4697774840 -554.8393350087 -1837.3775621264
-1164.2173104650 314.5433154943 1658.2570482192
-1318.7381880251 -902.4669095299 1168.9914121938
-1159.7339920524 704.1364588394 -1322.2944064558
-160.2638920410 -1724.8755240582 -620.8115043378
22.6726733121 -1138.1187412383 -909.0259673513
30.9859882309 198.9331451874 -1276.7965095300
-598.1431641354 -1604.7660464866 1569.2834656655
-650.6700621550 -31.9644075634 1221.4717411114
972.8483856695 61.9173905662 -52.8071609131
219.6236332978 459.9681217470 -1237.1842500491
638.0993503704 -745.8563580748 -1225.6211721647
-398.9955350851 -643.8147189742 422.8172299349
-1387.4774185774 -388.9590368492 1771.1415049522
-181.3577873230 -1003.0713069743 -1489.7630567300
1577.3661460457 1498.2259500573 -1751.8242316354
-1411.0035291696 -822.3166855160 -948.4860225923
-67.8914738440 -1667.1958463459 -187.2302028431
-115.2850262993 -1344.1421967398 -1982.8360038636
408.1736383937 -1226.4857381670 -817.0633819141
1616.0659065547 1411.5593396655 1206.0466492938
-1125.4391026232 934.8423944220 -1473.7066117393
1462.9057588495 814.2829778948 883.0285846030
1149.2516281125 1105.1191328862 -1743.6447604938
693.1586744616 -1226.9392836691 1042.1322539835
1146.5563364525 1367.7992400073 1257.7297288238
-1387.0683501598 -216.1778193304 -1980.3027904685
1971.6743284127 -1157.3001948250 1784.5062031545
-156.8835084217 309.7981677462 -1316.7223340442
1973.7265612565 -308.3470708757 1928.9955808458
1868.0111831600 273.4272312320 -1066.0244772905
902.7477670806 136.0034348283 754.8323895108
-1698.3051805202 -1297.2964763249 -523.1771021806
786.3132291747 1313.6875741676 295.6604063411
1007.7395363853 582.1202501129 634.4505234447
545.2903173382 -589.6308505690 1516.0748862731
178.7631553780 1382.5792427519 1892.1588282704
-262.8219732730 8.8478796165 112.7083151518
-750.9631235548 406.4941341887 546.5921960431
673.0425909261 -906.7866942889 -511.0183658652
-1036.9395995546 -1362.0337436484 1631.3081736695
539.2362835219 -1745.8909443416 640.2693227271
-511.5820631708 1976.4538413768 935.9524269560
-800.0819183922 -1630.0513094708 -1838.1547693098
1921.1228914263 289.9331033297 -918.8952707136
582.9407047969 -921.6683577333 884.6152079409
1754.5396052708 -1839.6387066090 1728.8335553987
-1796.9167799785 1437.8593707333 1244.3770371385
809.2934802417 447.9920035052 1373.9631112370
1168.6901062641 -500.8491524432 -795.2170041524
1362.1721184040 -1620.1922266982 -1443.6767054849
295.8882058888 -1666.3331314754 325.5265101406
-1869.5718389748 -504.0724025449 1323.1365419861
1826.8577428537 -1032.7875922469 -668.2819635431
-776.3600267120 -1570.4940077715 -922.0086139968
567.9593118666 -464.0466912504 -1454.0493772885
85.9411931624 806.9962150592 212.9755284680
-313.9557268638 -841.1229318924 391.9491939272
-1816.2075935599 436.6175658765 1055.1525376085
-1085.8054162423 -774.0840857362 -1190.7811762967
280.4883347206 -1459.1172928293 830.0952038846
-407.7134790961 -1391.4332643258 -755.8990534872
1812.0864100545 1951.8702253225 -227.4296884154
-1438.3405716135 909.4064474637 -322.5005024947
-324.5339732746 1497.3171250707 -1512.7673716649
311.1313582884 846.9579599284 789.7505984314
-402.9381323445 -1782.7510985558 1368.5235335397
-990.7146119882 -1372.8438289744 -128.7372032916
-1836.4622116777 1737.0088127701 -627.8675599141
-675.0249971990 928.6664245494 -1588.6555734384
1672.0436503298 285.7989235964 -1534.1155421040
125.0513056743 1053.4075273395 -320.5989754464
161.9071227509 781.3263063601 -884.2086076463
-1169.0639567261 -1851.6971233319 830.0211789900
-307.0603593864 -354.5553777323 1605.6984797645
1605.4022360376 -265.7357051725 110.7956451907
1985.8309261545 216.5656534623 1851.9040927830
-980.3594483303 167.9645653033 1183.1863161667
1068.9511287351 258.8626203023 1632.0576179093
707.4062616887 981.9420635697 -1421.4656054407
1263.1425805531 1770.5627303049 249.5634388702
241.8852865033 -1822.7752932822 -1859.7876015745
286.1923766314 1912.5325763259 -886.5528636883
815.2811889214 1332.2414494328 757.5889885531
1976.6123497435 1120.5765329331 -1789.1827774759
1468.8998802487 1295.8055625194 -1135.3068469830
1909.2576664842 -1969.1516404766 -60.7157603582
1844.4984460740 824.5505588560 603.6664825155
1715.3043974737 -1377.6481414040 -196.2196548165
1495.8803607884 1374.3504838173 1830.8497114144
1270.5093289285 1612.7264458079 -1443.8728694208
1096.9531470039 1757.1662764395 -315.8326703364
158.5905988720 -660.9843131806 1969.8119307697
-473.8688597951 -1555.1816407478 1601.4900575906
-126.8797092665 1913.5923643751 -1379.2388778483
1974.4789124135 -68.1792825614 -1264.3037855810
-1510.3245583559 -1106.8138306700 1704.0858903137
369.6170772771 -1403.0589431901 -526.3437291449
693.8785111369 129.7163218478 997.7145536961
330.1642214313 -523.7944071857 1626.5316589403
1765.8817256172 -688.4630930501 -1338.4067698829
-179.6602513953 1523.9533543243 1974.2164736245
-951.8225985323 -852.4202383333 -181.3412737257
759.1897831328 312.1234749422 739.6419826287
1316.8291013186 1486.1902533354 -820.0670827832
1909.0124332558 523.5055458176 -1268.9056784257
3.4895151257 -187.9273798872 218.5219955926
-652.0346784839 1156.3396802467 276.6017582292
-1131.0148707970 -1614.1435770600 -1507.8282501589
-1274.7498778908 -818.4292584717 1950.1331672525
1711.4280926534 -514.7069462844 -1511.8544505842
1401.4555527440 -846.7817885654 -1945.3209565939
226.7429474290 -1126.9947224999 -1829.7322571614
-1452.0701310649 691.9343666303 1345.9896042688
408.3626511149 -1991.8806921305 307.4371248652
-1785.1066932369 664.1998444556 -325.2744325619
606.0397482870 -510.2561437559 -1729.2315744372
-636.1512591222 -1902.7438638596 -1116.9275159744
1565.1254821456 -242.9528396306 1125.6412458487
1961.3383925125 384.7877469678 379.9653764602
821.8452895868 -568.7905248643 1838.2920683146
-1646.6606604035 -453.2451255917 -1409.8097759529
-1565.9551224750 1334.0601301420 1977.8031700167
1911.1609110602 -203.8354877332 -1147.9049809593
998.4308668814 -1254.9522179885 -1555.2569367295
498.3394913270 -1541.2643656018 -1728.8541114774
-1322.2565257745 1840.1361054672 1030.6894994588
-745.0514678820 -1259.1602227257 718.9320113497
-1869.8636738585 988.4542867553 -1273.2901204852
1726.9370358251 197.1230443315 -166.5167656664
50.5031986965 676.7569356442 63.7595293828
580.0069634198 -290.8740602470 -945.9331984962
-959.4798996131 1850.9213560492 -1717.9003143811
-622.4813884822 -1594.2858788664 1091.5107674100
-808.8872829585 1267.9326381549 -755.8913243323
-1574.5512990843 778.0925623688 76.4878009984
1553.2057185672 28.1182538193 1832.3175550841
-977.2018086621 1296.1169372610 -1131.4198700852
-342.4749156073 -1935.6511140385 1364.9536378521
-439.6828772497 -660.6051185036 95.5329525420
-1222.5850157104 1467.6842218901 1353.5689281702
535.7637758604 118.9524167250 -1236.1273736913
-767.9053967364 376.8106106100 -1560.8326472195
743.0791576686 1564.7689474819 -848.7390540425
521.0255793091 -1146.1602308500 1516.9979983705
573.0617317922 -888.6051007617 1557.2727966776
-1114.5657460796 -790.1355203909 1236.3660038117
1160.9060876897 579.0808110506 -1718.2029345547
-578.4580609654 -1484.9160538299 -1785.7902783095
1891.9663338700 -1182.6710763182 -1510.1741410103
470.0914057626 1706.9257313328 -289.4477442844
1072.2658159196 -1041.6802808647 -823.8632601769
-973.4172128632 530.1765122044 -1658.9305472733
-873.4834895244 1854.2137196311 1551.5306240576
-1025.1972742452 -1136.6165151065 -1670.0746075954
-1070.0118337525 -136.7813061271 436.6840427324
-1324.7518933645 -177.7709942954 -1205.6321837533
-1817.6196651636 -1994.9737341483 1528.2906601335
-1750.3924131768 1980.6563698533 -1219.0981913669
348.7337017896 -901.2127598008 -791.4958838834
1092.0065087196 1476.1601168559 -648.2498777557
1027.0345753774 -809.7271855880 -1491.4403255504
-1807.8757443332 1882.8255153837 1894.3456447375
-1903.0441417876 833.0756062209 -1747.2364112403
-1597.7511023635 1254.6811890253 1245.4800359892
-1302.2865864748 -731.0676249570 294.5965994813
50.1760621447 1307.8001752109 -1213.1757946914
-1112.1575945777 -1459.2296963996 -577.4697956766
-1438.9218175452 1419.0378680015 -1572.5386548909
1346.4636253416 1776.3003537333 -496.1131276488
-1749.1280938388 -631.6124011108 -347.8472081442
1050.8580706432 -1667.3981587888 -836.0628173218
-422.8154933332 -689.2756257833 644.6704982653
862.1329719073 -1690.5325175567 1597.3589787180
157.8801412073 -1545.2739922429 864.5117881835
1550.7162997372 -258.1415003172 -1162.0188089004
658.8514766449 -1755.0189986797 1691.0278916223
-623.6918329142 1663.1214050929 -472.0060446286
-1856.6769453919 306.5606706305 21.0750346935
988.7091094825 -1051.6686728544 -1996.1073621052
593.2177350205 -254.4127713509 -17.2524888656
224.4721332054 -1758.4622367843 1508.1797400710
-1830.9992496480 1325.3169809623 1555.5657919796
476.5619916783 1148.4247610614 -805.8757369376
-1166.4018044589 -1560.0980417310 1363.7161664507
420.4377363714 1184.1691548721 -270.8535044024
-349.5200697144 -1475.7952703036 736.7826821797
909.7503576248 578.3456446463 -859.6776552016
760.1893866408 596.6679188097 -194.4361283974
1232.0111974927 -988.1064280192 1704.4754225388
1862.5969826555 -951.8946468323 -1691.1268752364
-244.6776032821 1435.5697115825 1824.1730105622
1628.3265669588 -1089.2249779105 -58.3397000222
1792.0548512291 60.8749382211 -586.4664793182
654.7878924137 622.4310621343 -347.7961001392
1172.4975694134 681.6386956173 941.4841041171
-1351.9313628555 -80.2819928670 -857.7027875881
-1004.8171219757 35.3327612951 -1308.1923534547
-1210.0529600715 -1139.4392888193 105.3879530462
869.7988196779 -1178.9087937222 -83.7933777067
828.6706655616 -593.4410120428 846.3390062244
-1801.5300317787 1633.1683187896 -1636.4127807101
-826.9728399406 -1970.2698355185 -1133.1786962160
1089.5556224504 136.4194996517 302.0388657754
-615.9752618801 -1880.7239087300 1080.2817255990
102.5401425093 -1869.3109217106 135.0108421420
47.4801494295 1559.7123659628 -447.5784697025
1151.6230108322 -926.5211026115 -418.7636695610
-71.3879108215 -1803.3645605780 -1099.8511542034
-1799.2889381978 -1896.3728334920 1622.4203599823
-1007.9142803921 -826.2319115371 66.1541906848
-109.1303393579 -692.2042899876 -1660.7784990255
-911.3626300898 -1555.6338980092 -725.2650365777
-1966.4980887524 1331.4871933147 -1865.5932786618
-1481.1783346844 281.5774954309 -1908.5413517905
524.7165488218 921.6758286946 -1229.7985833871
727.8643769009 1324.2447037776 -1509.6863189877
-170.5868608324 -736.5423164735 665.2088340145
1590.6914901662 -251.0404806080 -962.2767819794
-220.0490855514 -328.7647066412 -159.6888307303
-1611.9917441281 -1802.1182124872 8.8623703505
445.6621214337 844.9742662927 -854.4142719355
-706.8011862964 685.0707816255 888.3354016707
1350.3272971414 -1102.5001295643 -246.7328534661
-798.6625659489 -1850.0154526922 -1457.1242758044
4.1413103197 223.5239385836 662.7335794527
1542.0184877560 1009.7813178470 -1031.9335796329
-1557.6866096009 -5.1526276290 -76.2498097281
-359.8988845547 -447.6353701070 1290.9118873901
-1989.1324008271 -1270.7348108714 -1534.6753227487
-1370.9912564046 972.2383997654 1829.2405005381
-269.3656153185 1686.9894639413 1315.9081444402
508.4497795071 798.6919331025 152.7938867941
-521.1896216475 -1552.8072063680 1519.4684370890
94.6357176280 352.6315300334 -1887.9462053663
536.0767362881 1058.4570465232 178.6973008993
1925.2644287109 -1370.5465951229 -200.7823748854
1060.6578256631 -270.6072635213 -269.8903718870
-1341.1257126346 -717.4476847412 1148.1634087624
895.1430357821 -399.4084596965 1752.8036709240
-1164.2723365142 836.5405669142 1514.4668767017
1439.9754892943 912.1682865744 270.5494055548
-1805.5372287337 500.8711369022 1726.6846304419
-453.6350342207 -1822.8968458958 609.5989024428
-509.9655903586 637.4346189444 1629.1573807570
471.9131063116 536.9230137497 1926.9362136665
764.7239956861 -1333.4025393680 -866.2747346137
-1452.7573501846 -317.1281688463 -1004.4745630916
-1611.3177022347 -519.6116428971 569.9523944155
-1210.9015968368 -369.6843704095 1894.1792934613
-170.2589448744 371.5877270094 -1125.6360228596
716.5939866321 15.7617285032 1391.6740444586
-1178.6276534432 -376.5337624264 -1335.0793723933
1403.7800777474 -1042.8006397632 -614.2301547985
1321.4521847969 -1119.4639908808 -571.8733265950
-1590.7393559580 -1143.1475369948 1330.9357539575
-1754.3285531185 1447.3720166085 1592.0182069727
483.5202111306 435.0435075594 -778.0909000439
-1078.0373759955 223.3199277346 258.2298033029
1035.1853628192 1713.6170867450 -1610.4967457222
-1824.0032674122 -1771.7563965761 -1400.0839779988
-753.9855032078 -1114.7511863529 -1845.4611106962
-1297.6795360476 -1546.1916033615 -1648.6544368972
-1144.8850784657 1255.8317916964 -1489.6838512942
-655.0263512551 1256.1883776744 -1521.2604478301
-844.7231158227 -550.8626883679 -1228.6583033181
-321.4069215865 1450.9193672045 409.3380274876
-1587.7415100593 769.6091879393 -138.3007003690
-1313.4388905985 1103.6880020659 -1992.1772417631
-1418.7852078869 -582.7012382225 1708.6371041188
-1065.4116156329 438.2731618526 254.6051837734
-664.1455409696 1345.8784924754 -745.0498821567
-1022.0994592358 -500.9731761248 116.1674429951
829.3609644629 -1613.5640545999 -60.0296777302
920.2794955887 -1668.8546023177 702.1484837054
379.0841524141 -458.1423224295 -1498.0110234235
805.0840302266 1694.6647578808 1708.1984694345
-204.1661784961 1229.5957973157 -1461.6499111005
-1690.7423805296 -168.1050590168 -1119.0158924985
1638.1888283980 1771.5764574227 1832.5995375825
-967.1973118471 -78.7424513910 1489.3977630822
1529.3520367717 1442.8581626341 -1422.3271284101
1146.4775677464 -651.4479832858 -1979.0417087652
1432.9239656129 851.4761462376 940.9629422295
1020.1177291363 1763.4759320223 580.9585731378
1276.2456923200 -424.2834580188 -64.6269198634
1336.5722932117 -1889.8870240698 48.8885400434
-454.4383770912 1625.9781365101 -1651.4467939796
-1516.6755537566 630.8804837070 -1873.2369173762
407.1797524657 1568.7816905481 686.5129242252
-374.7978811220 -190.2260400094 -895.7237903289
-1779.6927505511 1922.2619450210 1391.5052400151
-1698.2628753534 1988.8110810129 703.2896476144
-748.1098393294 -1711.4116115601 1077.5106798213
-1530.9977491462 1139.0942448899 1021.1561676970
-641.1988096082 -542.2391654087 -1063.6888390564
1506.7024838696 820.8706183787 -379.6601587910
400.4228854032 1822.0269961410 -1138.4201755396
-1335.0268380366 -471.3606830563 1752.5640854515
-697.7716717753 -621.7121652166 300.2940971469
-1309.3862921994 403.9492565520 -1242.7133814261
356.8314331000 1171.0719777983 -602.0738039616
-598.6804579016 -392.7527424953 1853.8553967482
-547.3697245686 36.6182858691 -1231.5652549569
-1617.7778794345 -1865.5030362600 -1463.4604259285
1039.3514539930 1053.9011129843 -19.5751080146
1712.3681737099 369.6579800861 1343.6200759451
-1591.8399930391 -1146.4590054121 1772.5363957822
-164.4288873449 471.6820931257 -396.3919570705
-712.9910890412 -55.6514027798 842.7499590990
-67.5652773036 -1815.5506231786 1906.6849944402
1644.6489809264 -1059.2407280146 -586.3594936816
131.3017056258 -1149.9704205409 1329.5468709474
-448.5426100963 561.9619496105 -1851.1524559810
-1057.2385218852 402.0892966430 -887.3161369175
618.8440245819 -1317.0014368889 745.8927380819
-1925.2852125211 -952.2961763920 698.3703891878
1742.9548120669 -382.6617853486 241.1438089902
1403.8411618626 -1231.2597161821 -1738.4498037944
-1113.7890275474 1941.1797193866 -149.9609277261
-590.3446744951 595.3154077517 -610.4785454422
663.2911815123 1024.1598378497 -498.7672689024
193.9518731466 34.9582312121 511.9813056021
-1442.0985591116 1893.4579645290 -596.1212910373
462.2142288751 -1091.0969622050 789.5593050434
-1336.6487379993 1103.3411145377 1613.7255506683
534.5645742645 1694.0204280677 -1213.5482899654
-580.2726960133 -775.9997178208 712.8741360245
968.3082712523 -415.7785953561 979.4976187037
-1134.1231624150 -1453.7453861238 -949.3840457961
-1714.7396280278 -1710.7762922299 410.7590432844
62.9327259024 -1964.8681943400 -1285.0876988565
-878.2982842732 -749.8476572394 1899.8329666436
491.7682656190 -1419.5998028252 165.6719797264
-1243.5449716666 1030.1031987878 -999.3525917337
804.9496830527 1768.0523911165 1146.5097381597
1948.1858875887 -1935.8644106472 -1723.1518277411
-1277.0683300650 495.5228466090 -431.5939561821
-1468.6386860305 56.5268801985 -1019.6322034504
777.9283453218 -1254.1548628785 764.7575594556
-1812.1923162078 -1992.7055536309 1600.5525136736
-1571.0975511644 862.9484997342 1965.4508261267
174.9346129582 -1002.6430669692 -1845.0257836763
1645.0088331343 1812.9259566325 -1731.1255914707
-57.0037781691 1395.1051023357 542.1145037205
-1851.5636888591 -1765.2983538872 1571.9654412778
-58.4221910250 1474.1802101276 -24.4001134704
-16.2755909759 -324.0317694847 900.6070746420
789.6000480063 -369.6370949667 -1145.5226565244
-747.8534340899 -350.4964427132 1831.9038560615
-1011.4131936639 -873.9205419393 -789.5111540301
-1453.7132747877 -442.7317550223 -364.8149703210
1176.1452909382 -435.8534480334 718.7703990973
-1603.6203841431 486.2820469725 -1595.4674990365
-1224.6842655892 1156.6238056710 -1820.8957269858
1320.0939072212 -1480.2229282640 385.0507999317
530.4938513904 452.3564936969 1265.4478116889
-1746.6895682250 1605.1106974087 485.6316549439
-1756.9794980535 -1735.8496127242 47.0137769861
-1098.6081357020 768.3622405280 -283.7210850884
185.5208439894 1057.2934188949 -1964.4749975182
817.3806056587 -205.8791334158 1381.2334601826
-1451.9221422120 477.6577900614 -1168.5132045907
1536.6511472893 1737.9129947931 1115.2457324096
1797.1688885550 892.7235081278 -714.9591900327
1128.2948286816 1033.2635733662 -1548.6323913671
973.9312165362 1644.7197810809 944.3542114025
-1831.2770167576 1642.7422823029 -1502.1213144091
-1518.7068210964 -395.2584503819 374.7966823243
1765.3426320297 423.4455696422 637.5516269142
-1814.4618559178 -1175.5804545418 1967.6843913197
1322.3930713720 -234.9047757335 1259.8785513299
399.9204907069 -148.5249820566 -1126.9453911428
389.0248817898 635.8093155160 -610.6731070562
-880.9203075635 -96.8492869878 -669.8167093078
-778.8696904855 -1461.6191214835 -1504.9782642361
-1714.5638762702 1792.2361498190 -1561.9222194300
1773.1916074171 -93.6145294135 -1709.3697178855
-1673.8388180177 -516.8127252176 -634.2951831854
-1313.8865757409 -1279.6248526217 -759.4308032659
-49.2162797310 14.3439256919 -180.4655689327
1412.7092451038 1152.9319043440 1062.8063279998
1188.6245559408 413.5775136962 1510.8948603963
1263.4061241823 -1977.7908457511 1198.7275890112
-369.7497240793 1746.4209729285 1742.4128254021
-1442.0549402713 179.9431542581 1534.3928542599
1283.1936467234 1092.9831302206 -481.9159506341
1648.8698692179 -80.3387283604 1634.3351321290
548.8104231845 -783.6053001957 390.2951182014
1530.5478157505 588.0632195485 1273.9215103172
-1293.8676316720 -1080.4204505323 475.3177356947
841.8377924391 -739.3369304091 1607.3423616270
1596.5061042598 629.9605952699 928.3980197386
-1262.1208398112 -454.9955908568 1928.3609005263
985.6724962784 -1253.9735548100 916.0323683549
998.7775468863 1644.0577113222 -1882.8485356430
-1683.2333197385 -1476.0899075106 -1724.5188217629
-1343.9929081998 -1194.4930707884 -886.4054673768
-1875.7189608239 -899.6970694260 1705.0496510581
1395.1999096746 -595.0967735290 -537.0679922514
1436.7854735657 299.8606174743 -1566.2943121400
-1835.7810863377 1897.8034056154 1979.6915768221
546.9321198256 -1073.1477751615 262.5212430164
-197.6528910951 360.9574309317 1471.0947586507
-1186.4412317426 310.9288988722 -1843.5921385346
-1294.5744046303 -1882.1594573931 595.4050956133
-1227.4959445219 -1779.2546239251 -1449.5823432502
1016.5614727827 -1076.8556474943 -1613.0006832798
-138.5852047301 -595.4899009561 -584.4940952585
67.4502219539 818.5746457939 779.3647500205
-144.2241276189 -1428.1276422943 1949.1339091929
-1873.6004654977 -1354.6482605411 653.1333683833
-625.5428474763 -804.1269221806 1851.0253175458
-821.2669566201 1419.5949054917 1002.6735185548
-1840.0063993718 -131.7490563098 415.8972861038
1495.5680202474 1783.3638259726 378.6709359183
1437.7054855311 1614.6644491556 -553.2083903892
-141.2180105556 1188.6031119705 -46.6753436258
-1560.8251528011 1445.8083788687 1793.7054544439
1902.0732864815 375.5631280274 811.3691314073
1788.8579794344 122.8969795399 1506.5695676365
1310.1774774635 -1964.9812874549 -1326.9147269051
169.1123833665 -1087.9895854393 1955.0843820920
1252.5208902538 -922.8794068688 295.9657490037
-1397.4726154400 -1810.8963842779 -292.1961915029
-590.6841228399 1332.4032239079 603.7773204578
-482.8750247736 280.0041551022 -1623.5989370754
153.0213071823 -368.0018010847 1971.4607826561
-620.7338313068 -1368.4881083941 1222.2199935785
-1985.0727166280 199.9163978516 1866.3668397995
-535.7999835403 199.9253670019 727.1801213707
-1496.3879374897 53.1804815568 -1251.3531247540
-69.2881791039 564.9599880722 1182.0609612038
-1517.1932559216 -248.7845122632 808.9952022261
-846.5865047129 -434.3713002679 1000.2275674597
-1284.5889716668 -60.1396009307 1560.3382415415
-943.8083674706 -1921.0320448757 -1450.5570396570
-1193.1175266369 1784.5039883293 690.6673599102
-573.4797768586 -1866.1459212659 -974.2650046169
1591.3921233514 957.0035892636 1891.5428010116
-386.1586061855 1711.1202134276 1551.2145342014
-972.1747576780 972.4992075657 1590.2901283060
-1327.9541107311 -689.0710918788 1272.0157761992
1914.4943234021 90.8036152725 1575.0499818575
-1946.6464975076 921.5940951078 1265.4245006599
-995.0490178566 -566.8608539148 -1292.7269283462
-159.6821732767 -1175.8539194124 -141.2687101641
1243.2645437631 -1633.5573607166 -1465.2951760999
-508.7183746951 -1370.9929939241 -401.0099495793
-42.5994548249 1061.7211039325 1404.4905601906
-694.5102642041 -1562.3070877261 1554.8372909534
690.2657770947 1756.6359685131 -369.1426080464
-1380.5407302626 1471.6830383591 -197.7418932976
-1527.9628641576 1520.4738993416 -249.3525997124
