-393.9723079033 -1074.5329352072 1271.9347522672
1327.4553200158 1064.6143481607 -1562.8102578241
1481.5039012987 -1907.4235929870 638.3348237321
-204.7727327031 511.3901352058 -1044.4113257129
1380.2048489751 -1005.9164075238 322.3171082436
-1758.2496126898 621.5359971072 1866.5884138984
-720.1508125505 1844.4901650317 1990.8462974743
-1445.2362961005 904.5712816119 -757.6111679760
-1285.8498052807 402.2310917168 1118.5681554501
885.5821714685 1454.7997076063 -1536.8933753023
1186.8993890749 -1393.0950404369 1056.4020381973
358.0593683323 -1811.2837862805 850.7214416243
75.0865267553 1935.9064606470 -413.7978971452
319.6042698481 -1608.9208111181 1636.0943850391
-907.7132579469 1098.2427052255 970.5745611179
-934.2242427144 -1585.4755348214 -872.1549400332
-462.3301512729 -347.1112082223 -1417.6741354818
-886.4154179066 758.2438010042 1524.2655992086
-508.6686878697 567.2722092968 -1508.7730786093
1285.4602196863 1868.9999719331 -1411.2904354497
-1448.9594840980 -1747.2069939522 -670.5610935952
-1671.6366841600 1322.3470423110 360.3813863910
-1339.4018767092 1994.5220110803 -958.6849127120
1297.5786726503 1185.8568759471 442.0868099756
-1824.8475100734 -1576.3993869577 -740.9963681182
-1689.5626216594 1907.0864626108 411.4391990980
1049.2749579630 1103.1582294018 216.3289518739
1820.3942148701 -892.0777376634 -1454.4929133067
459.5822176528 -442.6071503410 999.8559271987
1705.5721429859 -1921.6167912755 -130.9264539273
-301.5296918773 1532.8435596583 259.9879582629
1779.6435595978 1540.6869964016 1303.5646635814
-17.8269345238 -1721.1341208961 313.5687837579
-1716.2765348546 -1239.6952894716 -1374.6569570916
749.8870917257 70.0225170683 -231.2045937522
-1923.3258333932 823.4390355625 -1868.1208114858
1697.9160869358 1435.1696490025 1407.6357641193
-1918.4606613870 595.6173199383 717.4801109307
-749.1831300425 1307.9445453718 715.2952533697
-1679.8058333811 -69.1359018580 -431.2053040023
816.1534593959 -1081.0212473573 -412.6609072531
809.2754931425 -1206.2100366131 -944.0504126691
1193.1624602155 962.7131200367 469.2346808095
-51.5586363484 108.8312077134 -216.9488496392
1819.9828128229 -482.7732570866 1431.0292621220
1088.8762622017 -556.4636326255 894.5036246517
-214.9813239730 -187.4223007597 -568.6748351623
612.0935421236 1121.4704245141 -423.8379183033
1348.4296770986 468.6378457538 998.1967177929
1152.0493705290 -310.8083439600 -1043.3795866200
-656.1290078292 -280.8485994733 1312.2746947593
-1121.2084508409 588.5647625845 1375.5276853172
257.9517831418 1915.9557262359 -800.1363707030
615.8098921618 697.6926978078 28.6701672986
-934.8337054454 648.3900333162 -934.4562263122
-1377.7120366215 338.0254642144 -1270.4125881404
-1903.6656241130 -1272.8737210376 1293.9772560763
-686.0183959034 -1615.8911176886 1144.5692943552
-342.2705816567 902.8027172728 -345.8980242959
-114.8238650844 599.4655775513 -824.3218419565
-1378.4482821740 -1909.6068386170 40.0552060947
-1536.7450628463 185.0618948423 -1591.6827223683
-1746.8389810456 -1414.2148546641 1090.6992786276
-1227.1689481140 -1282.5417985399 74.7456840643
-1706.4044523086 -892.6495137203 -564.8286665311
-1548.7298836022 -1324.4638681130 1401.4788103261
-702.0482031225 -658.6385520326 1000.3352750311
-1748.7114990146 -844.8603859435 1569.7593161079
-938.0816996964 1599.2621592626 1658.4861581659
-921.0742440593 -989.6880228975 -5.9387840827
-579.5403982951 634.1962719904 1422.9154873089
-1305.0968880823 -17.0945599054 1464.3851813437
-848.6074168428 -9.8072018101 -915.6187058615
1910.7307799162 29.0852038801 -1458.3538016602
1920.3595195780 -1615.0158021129 1573.8043140831
1212.4088770301 -744.4578368845 -401.5800212266
-1169.7556631032 185.8967750418 155.3628362244
1936.0956842670 1867.4784371014 -623.2185028401
474.7312194862 474.9587822653 150.8478577502
1918.8264561215 -355.8623304285 -585.6476773945
-1429.6920440470 379.0178820380 -384.6445416348
-1856.4225599444 -905.9354646783 778.4913941209
1963.2608457127 1627.9355014976 -1550.5604501815
719.7757659734 1398.7368447991 836.2980435820
750.5052349845 -261.3046410987 -1030.9137793374
-808.7776798670 -1054.9273552521 -785.2994873965
-992.7348172665 824.9444981787 -1423.7627055346
-902.8540210648 -106.8052942069 -1257.7282452523
668.7285976827 -328.7728582442 -958.7485004654
-407.8348843327 -196.5353913349 -1095.4120702373
1417.8449582410 -811.4946434109 -1076.2446984578
-370.4752615529 -992.1447168265 68.1125516804
74.0972880371 353.3932617418 1494.1980199222
-1319.4363016483 -1478.8464138792 1417.1482653230
-830.2969083688 1244.6743193571 -1102.4456350350
1673.0696932782 1882.9485607939 -604.1745784112
-133.0486698567 -1046.7037612839 405.1786421244
-1477.1878670024 -1003.7965515757 -396.1845449683
300.7345601958 85.5296868499 1007.9752353765
668.7065590589 -226.1135830361 -1992.4916634639
-200.7319284738 -1737.7928852607 -1576.6204355405
1934.8433293530 -152.4803500275 1740.7668609792
1570.5284647104 -1529.0491114611 1735.5825730154
-932.0992801032 -1512.8554317517 -993.7315353557
-1415.7579844944 1104.2350225582 923.6053645417
-471.6682495682 1440.6070132678 -1104.2445022931
-1124.0047807301 -1928.1423897431 1838.1186987338
-1868.6411503030 531.5244513988 131.3618252617
-1298.7434541849 1201.3263876240 -708.5517569352
-1589.6432064383 727.4487201911 142.8842300260
918.6831933212 -282.6745897100 1777.6351408459
618.1267067198 1311.1501380957 1329.6971937855
1960.9055087722 -216.1180948575 -564.4870967496
1696.8161906997 -840.0280470025 535.7455689335
1221.1840745219 19.1626081764 1376.6369071208
1076.0224064793 -1274.1433511990 -1795.1917467895
-1482.3640132933 -988.2703356782 1635.4348139374
127.5023543451 -23.1846894371 -571.3142182541
-664.5555744129 1046.3830159321 -436.8629662848
800.0914850751 -166.0560457731 -588.4363308699
28.1070740310 961.6215726092 -45.9852377040
-14.0629092208 -767.8728526245 382.8730972078
423.8577128725 1944.3737689715 1542.4378912041
-1229.7731933166 1700.5221007108 1396.1069514219
1459.0574505291 314.9459139265 -247.8001353276
-1346.9858170859 -1229.9202284882 -452.5014499584
-23.5762401236 -74.9863663821 1494.0963398137
980.6575206609 1707.1430698689 -252.3089921965
340.9473146035 699.5449493239 563.3885469853
1049.2267941680 -1701.5614175981 -200.9868367607
268.6792949182 883.2041972519 -285.6628152164
-1559.7667333841 -951.1600987246 -1151.4049494943
-361.0494783998 -1137.2326172544 1819.3327110256
-1946.2878338094 276.8626087623 -1203.4380894721
1810.3665018601 894.9114448594 1503.3061126237
-767.4125766585 -1378.2646202794 733.8078960408
-880.0469786512 617.2893647203 -1201.9751661762
-1175.5820482516 1104.9716264519 758.1111565167
1080.8829122532 -846.9041281736 865.5235285741
-1128.9789455761 1804.3776647698 -1609.4063833045
-1511.1998945743 1534.3611060377 1946.7305294651
-1431.8467211680 505.2021547727 1962.7324917511
1622.6792275347 1144.4287088007 -482.2826487648
-689.0427782638 1774.7666302650 -39.4185280235
1584.2596616859 -1953.7368980030 -868.9278496026
-226.2216041749 -1767.1048777901 -954.9817777427
-1286.6316551235 -902.8166643890 -579.4066639388
293.1288063459 1519.0051631147 -561.9703940410
-1296.5735976889 1643.1268206131 299.0005590683
-1974.4315186754 1382.7176626542 827.3046457359
674.9121999932 -308.2863197564 -715.6253230025
-1645.8106708205 -1604.4604425855 -1852.4515323077
1385.2332304155 -1046.6657116106 377.0653014760
1452.8624596436 1382.3644759989 -1176.5673766322
-654.5742216173 1802.4500701159 1177.9145809487
1312.0745724856 -241.9191783058 1297.5138939797
1878.5985933685 56.8300062376 435.7502565581
39.8053819031 191.4119747641 -667.6556518171
-1468.4967796140 -937.5786775654 -156.8701080005
677.8569101489 975.2902584291 781.1832413021
232.9143517656 1235.3920270855 -1497.3453766056
792.4553221430 -1336.0434518277 -1595.8396098266
1502.1609520402 49.0727020718 -319.7529352816
671.5281643913 718.1092132622 -795.8216409383
898.7864618273 1274.5582655544 258.1074684519
-573.5055032548 442.5397660679 -1957.0303264904
-675.5279118434 -1447.8998175227 280.5070966818
958.2642044656 -547.8732284122 -230.6422765410
1581.0238113938 -471.3225879035 -1406.4573010609
-1433.4293849472 -261.7965204220 1322.4996300026
-1153.9343678095 -657.4828474066 391.1037740379
333.4925797036 98.6815732374 313.8451496010
-1705.4235553482 -193.1555305841 -11.8291628816
-481.2458734922 1296.7874258228 -541.9345097896
-1883.3864793994 -856.8769781365 668.5301027749
432.8668929823 -727.5397497585 493.9064723231
236.8439953652 670.7360580693 475.8541252937
-1759.4309414865 44.2586216007 1081.4614017610
-166.4846034372 550.4535099883 -372.1320047000
-1784.9748648965 -377.8404227360 1408.7673280366
94.0048707562 -279.8265381772 959.6107842201
1841.0253120932 -1548.3475515531 1684.8462374826
923.2985637664 -1353.9762968327 969.5889454542
-630.8278268719 -1223.7135330132 5.0992580180
1668.3937310860 -770.8407449263 1256.1765125547
-1936.4699748298 -510.4363794522 1675.1612401771
-870.0026457704 -91.8229692736 -1415.0670781983
-1400.6066433618 1923.5199190480 1346.1762427688
1738.5337866195 999.2776297592 21.4378718461
1230.5225718930 -275.3499571347 -1547.9962117870
1949.3923263880 -727.4972064069 524.2867241947
616.6745448638 -626.9592995999 966.4312738506
-962.0577263444 889.2554929710 90.2825307213
-1815.3510685608 -1454.8448056244 285.7976567480
-1154.2712813801 1213.2468552522 -1859.1335140908
1277.4782197581 666.5139977319 -79.4019506458
961.8969844696 -597.5504039533 1810.5435837449
-1659.8474265769 1876.7445630026 -860.4222465091
-1542.5436008534 784.7854822003 -126.8655421734
-1073.1125166788 -22.7185824566 -452.1491425174
-573.9856625933 -731.0894979463 -778.6688560777
1249.2338434482 -601.4181478590 92.4452524232
-1511.2280332795 1484.5354139781 -1734.1689786534
3.6073369411 485.6273132511 -225.0745912161
760.8649190718 -65.5885904418 -235.1390873558
1386.1911028460 -273.4110647778 -677.1282402462
-1318.2017654213 1633.2757748642 1566.1534844794
-1276.8317152693 686.3031810854 762.5679598289
617.5146933819 -33.4855002500 1866.9363915712
-428.2059848967 -1501.0861661862 -1226.7081342241
1437.7010142564 -1836.3013271721 -278.0624884870
756.9316139011 429.8327311584 -1702.8180629294
229.3796515119 -1075.5209184001 -613.9872190942
1607.8981792087 -668.8487563029 -478.3781535318
1799.4645146270 1753.2185500472 -90.3142875131
-1710.6877862379 -1952.3817771056 1300.7819162466
453.4857173910 -1082.9632236836 -143.7011948052
-24.8368431040 128.6227567913 732.7991019464
1259.0774537384 -499.6183061496 -233.5846927182
482.9528138497 -894.9601804785 736.1764561247
-1619.6707513764 204.6732975074 591.9798556098
-1595.0710779766 -1718.7994367572 1062.4684278915
-1677.9994801825 -1204.7015019526 -440.5517023180
-1865.0700441622 748.1349221488 -456.9926287918
-1512.0610916019 1751.7664372571 -1167.6720120128
1265.5734404068 -51.1134806082 712.5680651494
-105.6188588458 -1852.9731135990 1993.5366439408
64.1510521093 -866.9799323490 -90.5452672963
-22.4756843754 -1050.2114453715 425.5579023818
-1108.1349225189 -1920.7588715728 359.9773222005
-1952.9025423090 347.2443526779 1825.8161999365
-1861.4102351434 -1358.3804692227 -1214.4474207338
-1373.8731757571 -272.6374145364 1608.0731486748
-1255.9486402073 420.9341224148 -1991.3798159788
1719.5181014214 1292.6747784031 1982.0593353288
597.2085551362 -734.0465591034 -1387.1583025046
-1522.8240036739 -1915.0340516204 -1056.9460413746
163.2631328732 148.6850142095 68.3492411731
860.9507977823 608.7423384690 -3.5487551544
-106.5806152606 699.1929890750 -764.3143020443
-971.0215520107 518.5232341087 538.6151167247
1590.9865634961 -723.5298129823 -1441.7751969775
-93.4752755813 -1031.5665634173 -113.3527623897
1163.2400909366 -1383.1105786887 -683.9822069598
810.2169554768 -300.6013568867 -1318.8133692333
1143.1061698955 -766.8019726453 -1388.3851935664
-730.0105002415 -391.6672058051 1641.1119793987
371.7816715221 289.4002964836 -922.9590510084
1020.9385647025 -604.9591693607 -200.7872162908
273.6551675580 -592.5378138919 -916.7854467251
234.0869690239 640.9013876338 -1211.7359357061
59.5015931921 248.7256663821 -1214.6930076963
-260.7344148749 -588.3847082458 1943.9551317032
1124.8539437889 1466.7220732378 -1495.7953191803
138.2390983640 394.6502061565 202.2975245966
-1741.1571217901 -733.6770505622 1272.2825610217
-1917.1279283782 -869.4981918930 1066.1056890736
1239.4459810778 498.6003348478 -1635.9956924791
-1953.5973492099 -1806.2390422038 1782.7577435825
-1026.7690235058 1144.9858571501 -994.3820471493
606.0428497468 289.4651254896 1977.5848948334
-179.9017287495 -828.2262427428 -202.5879600213
-211.8634707920 1578.7825656638 -1179.1351214286
-1903.9134836016 1687.8741826191 -1242.3367757489
668.6992452130 1268.6939455269 -1797.9412353598
-231.2669301310 -331.2779605249 1941.3037098670
-1059.4287986365 1607.0715383038 69.2585969068
-673.0429506824 -41.5658939364 852.8881341436
681.9627121287 1547.3444755693 546.9252145080
1683.4507013561 -519.7861055231 -586.4681101752
-55.2794169670 -218.9947713084 -1858.4250476281
86.6599138223 608.4752002587 1586.9538094009
1652.9049329231 751.5886125560 1749.3946598551
-335.9008831635 -1538.2915548889 1283.0777658217
-21.2623362372 -116.0027050711 -1952.9966638970
1717.1514665342 1850.7462636517 1902.7850240629
115.2494709141 1058.7371263866 -596.3679775221
-175.9974395686 -305.9047460897 1048.4691104520
1687.1541445251 -1698.4933248650 -1384.4319228164
-658.3668997978 309.9280843353 1118.5968918795
-735.5857914856 -916.6366577225 -79.1839294411
-523.1920590879 -1282.8831784491 1532.1932726119
899.3648306395 -1892.1272122874 -323.4936980159
1447.9724014785 53.8974155797 423.9894453748
1093.8293633836 -945.7180649997 1888.6583578496
-415.8928927597 -1522.6115924238 1841.4599825717
1835.9874575785 -976.3397060442 1766.4650589652
1458.9538776076 -1157.4865617739 -1499.9733228423
498.6541959146 1614.4213542941 1354.4043155235
-1653.0139114108 -68.2832324129 77.7268795177
-1636.5649001482 -1924.8846581170 1366.2641843563
1647.7952756508 659.0227533317 1074.5388624622
1199.8714040723 1773.1635211675 99.4465965047
-1936.3160924648 -15.4915838902 -767.5571343258
1221.6528578628 -679.9780593862 1122.3214735029
443.2276488277 -875.4776026406 -1788.7370295279
-1857.2707612139 -852.1921792246 1506.0353234566
-1659.5739981825 1698.4465178314 488.7502336553
1011.9389443002 -436.4224438015 -1528.0160971427
-1684.5626525158 -562.7385885603 824.8822408929
877.6252969594 1640.0660748990 1695.2153696347
-1438.1112385076 406.0109074701 1954.7549308684
-554.6052480525 -197.3660388657 -347.7253282583
225.7593227617 -59.2181212405 -1021.6802583078
-862.0931697708 -1576.9523905646 505.1772634124
1976.3961480170 -1746.3934887711 643.5720157646
-1242.7105777740 1356.5405678620 1071.5234373878
-347.1651087357 1466.1327273177 811.9404825376
1366.6361620735 136.4320408546 711.8486586821
-610.8531310601 1656.7162797314 1007.8976890367
-1898.6168679955 1883.0350531480 -629.1500190620
-1174.8834874564 1631.4451232553 1886.5467600783
1941.7909875120 1568.1185460711 821.4105687529
1496.2448796964 -1791.7353916512 1579.0408940995
1189.8475518373 -1970.4621065548 1920.8451619997
-899.3718612072 767.7156109703 -651.9416390299
-1838.2029957035 965.5388503864 -1806.3126841133
-795.3312906882 -1390.9655010133 1059.0741415223
-1348.8503481780 1147.4523978834 -416.6442179510
-1792.8203622481 -550.7765286072 -1220.5812130377
1204.2446701027 -1704.4154630767 198.2767013671
1311.8859685262 -624.6335680271 17.8122190821
-1692.9733973103 -658.2973759135 -783.9892309084
-1920.8754836052 -936.9501893319 -661.4346710391
1715.6053092664 994.6598886556 1563.3059522741
860.6254456868 463.6615319048 808.6632340071
-1067.7618822407 1387.7722496861 1965.0513988812
-638.0203660899 357.5474995574 -1472.0425534270
488.8010081795 1002.0429354700 -1671.3801143681
1314.7783164712 -1615.9307628752 403.4837392944
-489.3708266111 1085.5679407095 -1485.9814210730
-1717.0003977970 1675.2723332635 -595.9149054620
183.5508923606 321.2342610924 831.7370471567
1548.9624565784 -1792.0166651002 -489.3712029557
941.3900643487 -219.6438214627 -869.6608251832
1838.8407666848 357.6900310294 -510.7420300766
-238.5409353752 1991.0985380073 1056.4387430007
-828.4765724415 886.8687095756 1393.4305530936
-1355.3520426866 1874.3657417268 -979.8025786145
-1990.4451918809 745.9708539062 -674.8077423906
1417.1553870517 596.1784869270 -544.2097486745
1490.2482179336 1083.3426186996 -403.1481179561
-847.8108079418 -1625.8180423232 1295.0188466160
1234.8929768473 -997.1035720850 -1395.4651105286
1060.0346894193 -1050.4298770005 -1700.0869204237
-105.9585125554 1085.6828822639 -935.0511637015
-349.2186365822 856.0844368128 51.8028694079
306.8198686443 -387.6142230483 -337.7874316628
1522.0446050210 -1682.3333545381 -675.0980247939
-1227.6070475018 1942.6507928560 1215.8602464311
-1822.2723524023 888.8521434924 783.1564928414
1935.0479238961 1665.2829605146 -1408.3598879916
-554.9309342644 -1603.8903483097 -662.0777079132
-367.1012200772 1282.6824846479 -1687.7262500718
-1382.4643410919 934.9118899342 478.8216455543
394.0774231897 1487.0570809295 -1924.7846133617
1419.0749662446 1149.3761120336 100.5902021667
-1762.9734902831 -414.0784330840 8.7812374859
-1251.1672436930 -145.0422631154 1348.9290387246
-1778.8643179782 -1540.8300832574 -933.2536587598
1909.4013303555 -1049.3755841720 -1991.2119468150
-22.8901808139 -1371.3922483751 805.4111702926
-538.5782795869 776.1057558191 451.1611690344
142.5965254798 -1000.4466575749 1242.1601679954
-981.4285595626 254.5629047715 -715.0669594274
-910.8796625545 446.1791658185 -1854.6685735715
-1193.0790163718 1431.1142918199 988.9917510524
-1369.2902659215 436.3709593854 -144.8325319546
-674.4182627985 1175.2838169995 -1171.7033165651
250.8412676162 -524.6149260303 -738.1773613403
-914.2047102797 -628.4560801276 -1813.8191110189
-1809.2287976735 1361.2138467335 1477.7778079639
535.1591118551 -1752.6605511957 822.3273116402
589.9596581174 785.0643376408 1320.8047075670
79.0835567679 -837.9899562294 243.3655932843
425.5591730062 1666.5965121628 -1770.0556589639
-556.2271111848 1352.9262628654 1869.2868452879
823.3776080245 358.0231667856 1903.6140129302
-1327.4248189996 1487.3706188885 1245.2695110054
1373.7977348690 -773.9362834053 -339.8469182554
-1209.6756454681 -1789.7217955312 -354.9369252434
769.3999318598 -142.4666095338 -979.1256695094
1517.1907705111 -429.1123595812 -1926.1307309078
-493.8617510298 -1103.4556249485 -823.6365195229
1980.8709958812 174.5230513984 -1207.8347013421
-467.0819633775 1745.2128879121 -206.7207026289
433.5395837269 311.2346652480 1947.2312785355
1690.7378592896 99.6653717480 -1728.5487983759
19.9603476279 -1651.5166510301 -171.4453748412
-1161.1776996236 641.2802511022 528.2249489061
-442.3537983422 1739.3064847602 684.3395019315
205.1944564866 1245.5188377667 -1278.4694290634
1272.7528184492 1231.3068394881 -234.1341819778
843.5132921577 1286.3397345639 1922.5890163110
1592.3876510007 1088.8446512533 1733.8905998704
846.0422174764 -134.2759273802 -292.2588759455
1593.3195580480 1321.0805809441 800.7706479196
334.1700099035 -1675.1962726667 -329.4446329544
-1385.4603691245 -110.4350434852 619.2625293780
890.2949307269 -124.5219437003 34.8670986680
1091.8232840293 1290.0054929132 -1906.3972012755
-1038.0460747468 -1962.7996821517 -563.3371934418
1978.1746112403 895.4026239002 423.3473580832
906.9866140815 -1827.1774684962 984.1911581058
100.1195214598 314.1706431710 291.8909822063
-493.0947010567 969.9761814276 1565.3342332196
1072.6199287551 143.4080328807 -380.2372800434
-386.8763354137 808.3517430770 -1665.4600138888
-1793.8625592336 -1425.9754208963 433.2673323763
-1998.6346657772 -151.4375200227 330.6869430491
-1885.6426548334 369.2940977462 1702.5504919136
-1148.3060306802 -386.9767708898 117.8309202160
871.2273098383 -749.7808981224 -1055.3019646387
-882.7153597572 96.9438498012 -1500.9550841544
1888.0427026503 402.4148260899 1442.7301064978
-270.5798715693 1139.5657828172 -1910.6114935656
813.5726405184 -227.5997897742 1106.3838079369
-396.8295267499 1919.3186620552 1409.8560016833
-278.7400357761 1557.8049269365 -698.9058226638
-1719.9917784778 433.8851835414 731.1586136194
-675.4971591922 -1025.0682663342 1286.7209272270
1569.5591814684 -1438.0780338427 -694.6312349873
520.5174806923 -343.9867915007 -1020.1103005801
973.1698499112 -808.5497761673 1684.8464772271
-1068.5676233248 1420.4095661465 135.1079139454
326.5626268143 1391.2328257424 525.6621433381
1193.3536023207 1695.3043583213 -1419.3510424880
1787.6313080848 1880.8390826079 -720.0891978141
-1632.7305139317 1658.8025153128 -1484.6819247517
-1916.7321550748 -861.1093041065 245.6291846139
-1573.6862567415 -793.1368639838 1332.9398192099
-476.0543086559 -518.2662846693 381.8364054725
1270.0349360026 682.7674213004 876.9693030382
997.0935090978 -1195.8461601400 -1393.9653828755
-110.6103624081 683.4615687204 1312.4634267840
-150.7973345478 -879.1572505636 383.3952956338
462.9184275348 1123.1081734846 -1876.6641241554
-1822.5023424539 -1588.2072957185 1762.9966729287
-1773.4981105926 1158.6971409002 -1560.3630318417
-1110.7824914970 1885.2868917489 652.1078026582
994.3275609561 -1119.5376733239 -649.4416820517
-511.2015394159 1007.0272726095 461.3983815080
1954.9673580707 -801.4067397181 -1668.5203048788
1695.9417930296 1266.3443012204 -686.4562602998
-913.6720242633 -1389.1507518555 -1316.6958657813
286.2915780343 -232.3256289542 857.9372257930
1202.0504880815 779.3578159115 -1889.3782527758
346.5745451128 -1623.4403148775 460.6761607392
-885.1949851240 855.1163744789 197.8359268731
-527.1830742539 1492.7173968793 -1056.1096508777
-1583.4869394545 -187.7744247338 1363.7529454366
289.5832101391 -659.5586164451 1301.3485721719
1951.1668354785 1766.8476411235 1492.9551879510
27.8301188015 -97.4664852956 40.5077597089
-1573.5010679430 129.6606278827 1448.4565015750
-1178.7157233442 -612.2659933630 1073.2494693860
-1598.0279764126 149.9946252879 -1118.2965256069
-979.7070697949 -1083.0530856266 40.3716120162
-1759.6209360351 1273.9023614908 1954.2131348184
1767.4732787389 107.5285887252 1500.5688214089
-1851.5043320605 -140.1241589503 838.9785071968
-1537.1937700205 -1079.1324947276 483.4567933857
478.0208973433 82.2138732318 -1797.2353123638
-1390.2722249627 1686.4660001587 -1582.1770898480
-1184.5842229711 1539.8093095177 434.6291697335
-1005.1232377527 -692.5684620221 463.2144818047
993.5730420995 -1674.9188858697 1933.2049323143
1031.4065782784 71.9537695451 -528.2637673629
-1678.6694393674 1156.9496160984 1543.5359733467
1610.4728753374 1136.4606919018 -1774.6183673546
-1393.0392199786 -1674.2723419703 -1187.4895383060
354.6863633208 1535.2098604073 -363.7294600911
537.9981551444 180.5066522908 507.5334445958
1612.9841792543 1080.1553842848 -606.2103135539
-683.2743477212 310.9795538726 1514.4596805286
-852.3631811432 1260.0348117494 74.0935604732
1463.5076776702 -381.9894487069 632.8368043134
417.4595601228 1739.8957341478 1319.5937164175
1578.1794007112 -1206.8557843127 -772.5954659606
1902.1442799411 448.0937859569 -1953.2344719027
-183.2198212422 -1509.5122580232 -1840.6615954116
-1723.8412841800 1252.2505943734 -810.5417852516
680.9141135341 -817.0781138032 -1681.1497481429
-701.0593368629 511.2231708029 1343.8355584809
773.0514130541 -1097.8697004644 -814.5869382670
675.9888420758 -1168.9568968682 997.2125344692
659.9385058434 629.4162128919 1376.0106349885
652.8209835226 802.9331213958 -1123.4712954016
-521.5303397622 -176.6435813488 -1188.4856839415
1039.4291582929 843.6239067155 1587.8596683131
-794.1369354500 546.1597564222 1788.1967288814
1324.1208248104 -1146.6531654751 -821.4266758477
-224.0833047638 -885.0262327336 1723.7640439973
-923.5185175848 -1065.5094054795 -983.6284701058
-1863.1716534790 685.7131826134 -346.1723995239
584.8186758655 1002.3256182235 1149.4829015760
102.3894610859 275.3795188033 1814.0857221404
-769.6928969525 -1058.6458863164 -333.8032223833
619.3445868793 376.0556395790 -340.0232631217
1348.5446321859 -1997.0907806751 0.7171907906
320.4654665900 -1257.4505173832 978.1931501726
-1039.4251377002 1191.2801843087 -37.8625233876
801.3153221946 595.7587273565 442.9466259430
-119.7769680233 381.8503106647 -1153.6049719066
686.2162753481 1613.6723406808 1562.3968948720
-566.4144068634 94.6253008546 -470.9316346268
242.5010119158 14.3168702043 -126.1831945732
-250.5990690874 1916.5770713868 259.6618555825
-892.7807962096 1161.2162514414 -168.8558790330
1428.4036942824 1418.6256569344 -124.2814062185
-551.9268611027 -1830.7562378371 1461.1257855816
-317.0458426815 155.7087257133 1420.6666185134
775.6719885445 -69.5320019910 613.2775906103
1730.3245587164 1661.7213636500 -860.6529217091
313.6281570151 -1666.5522357713 378.1150705833
1469.4745377216 -642.7476345515 1672.0261778448
458.2728745054 -1253.4354674624 1969.0057648683
991.7049941044 1635.3623959815 716.7032517629
-1602.5396351695 296.4810650805 -869.7770542817
591.7172417290 -826.7487650583 1926.3052489898
444.8006815582 -125.9031215667 -1610.5092031256
1113.9211708513 122.3573547714 1666.6045558700
1658.1486028229 909.6401794416 -270.3534734429
-891.2778238230 1983.8872623022 -1733.0572960191
-1479.7162704509 1898.6678390103 -187.5981949205
351.7553553341 1479.3787917211 621.6811991791
-404.4090962307 -1727.0881072707 -1215.8860616270
643.7311063055 -548.5678049764 -966.7337508155
577.8621009936 -1454.0801929305 20.4207188103
1949.8847551211 -772.6202942020 -835.2908924851
-530.9324299845 -1712.8151582924 1384.2485417322
1462.4194737337 1189.6270564840 1666.8711880755
-1453.8718583092 1233.9167329351 17.3836766208
-1898.8260794392 239.6339642837 1206.2450231339
1318.9914962249 1552.0386572098 -1577.6170993781
1669.1867197494 335.1629218566 -328.1191690018
-1332.4921272964 1949.8822114321 -415.6277883638
1662.1969284663 -1105.7031992138 1720.8822884629
-886.2212805300 854.5560275288 -99.6256751354
1484.2313656669 -1076.9551860097 -797.0275528008
-623.6678289212 587.6912035091 1521.8332687046
1648.1875558824 -1723.7864422460 790.7612111315
-888.9468052488 1610.1525033791 1434.1881169618
207.9586691365 634.3086229861 940.8798706298
-791.5624148854 -865.5240978320 1364.4547656785
-1140.8411307322 1888.8044249508 -145.8236048504
-1446.4709105013 -458.4778955102 -785.0414441551
470.9952026025 1824.3058686724 1311.1531371368
1141.6504089879 9.5072590906 -63.8098589873
-268.5305017237 178.6663689172 -1196.8733321900
-1146.0233891572 -1616.1255502247 -265.7999072847
1427.2703413476 -905.5979545738 858.4725529646
1805.8922070948 92.9892986196 -1271.3478540701
161.7602754472 -25.0534364822 1455.6048593242
-975.0459871308 1666.7197256050 -200.8210767960
915.7299183560 1588.1798971292 -1624.8478401323
1271.0875993888 1820.6256973735 -1288.1944674318
-362.3360793860 321.6412685274 1109.6180916444
140.6847980689 1785.0760668162 496.9368908281
113.7442742816 -1182.1221127744 1729.1228075668
-1909.5627928772 41.8399432064 -947.0471800729
1836.5002089421 56.7333268750 -1980.5050934451
200.6679649155 -766.2673892944 -339.4404357750
-47.1434087440 1712.7071680327 876.8674302315
-583.1146152195 -880.1956692544 -1706.1824861399
1653.8561035400 -1255.2549580888 1714.0257304145
-649.4851470593 -1408.4704846806 -1825.6015940119
1349.1096906662 -861.2490632175 1809.7280492770
0.4647964443 -129.8985652551 970.8589967961
190.6620501149 1339.0283104950 451.6464714163
-1214.5857778312 524.2620995343 -369.2117380746
725.3415510669 -1346.5466777672 -753.9279771661
1639.2472525058 -1796.6854520421 -64.7854557421
1719.8693270881 83.9711842611 -473.2615206877
-777.7463965549 82.0062181182 -550.6587663519
882.7802539360 144.8702161573 -439.3639670710
-473.4621794491 -1868.8824438676 -1984.0863100867
-396.1984712986 1954.5269029796 -1721.9627122564
-1865.9797597807 84.3611689319 968.0704324595
-425.0906916931 -1776.0187494170 959.9722484255
1318.5698631244 394.1698709567 341.6776313151
-15.5842625093 1757.7639596199 1236.6669930912
-1987.6778054357 1731.8402263014 1220.2154074668
-1863.4565453730 939.7046674922 -1375.7883256129
-270.3017711164 -1665.5645418627 630.4886911179
333.4586460334 -1750.2801277797 701.0839335053
-328.4049440785 -374.5928596773 741.5737269349
1526.3407864636 -152.3354694981 1505.5976249639
1751.3853200488 1863.7853107571 -496.3844193649
80.0536886547 -1612.8949587536 -661.2465744459
1635.7780474603 -1925.2658012913 1096.0680743660
-537.8805469635 201.7230770446 -1057.6417282106
698.0298303828 388.5207401427 -1643.0685142023
1554.9096900792 -1360.6533387949 -803.7115108598
-1817.9495639841 -858.8698313037 485.6352405398
1466.5271355997 389.5459315818 1795.5232497163
-1614.5016454398 1626.4231196571 -308.2234487198
1886.6468480665 1570.9171201150 1182.0843008418
-36.5269463348 -125.2858575735 1437.9943523144
-1504.3900356799 1088.7635198396 -1817.0639677105
227.0948514365 63.4129640806 -531.0609558034
-766.7692240696 1355.1921546371 -1929.0000196103
-71.8813732910 1276.4459423170 1195.7730080167
-651.4260883547 492.7531198781 735.5713095901
1973.5273237783 158.3073872010 -304.5948418055
-1773.3713007353 -754.1482362492 338.2961470565
-398.8127441971 1905.2052902013 1081.4493821949
140.4836394660 1719.2878984042 1854.7753532807
-190.6737129556 355.1143182451 676.7814766580
495.6004789437 -495.2922834623 -112.7681822216
-1300.9236298908 1238.2931626626 -227.4399750911
-241.0580952603 -63.2354267791 1466.3308118447
-1589.6675515093 -1472.3475960392 754.1787966963
-484.5787529874 -1933.4984114050 450.6614433326
811.7474893143 -48.3432193100 -784.5848082597
507.5088347780 1173.6551586545 606.1526785091
939.2717487177 1579.0308316972 -405.9276431201
-1379.4059129898 -221.6723874070 225.2773991802
456.6415237251 -1486.2430136422 -1894.2517895615
-624.4030689480 1218.2823808195 1018.7502158000
917.9555465307 -997.1823366026 773.0944987791
1503.6256331734 -1299.4165063691 1561.6642210298
-1462.1100018271 967.3251345397 -576.2253475608
1510.4980537031 1863.3908231648 -841.6990952799
-504.1667577631 498.1393504969 1893.3432251738
-1578.3435001096 456.8641103832 -790.4482718221
-823.8287158196 -851.9188849648 -1254.0775734574
-1487.9248886349 1784.1434765938 1557.6682820740
1409.8089911147 16.7352681938 610.5033671541
208.4969327104 -509.3988861398 -1818.6011152268
894.5203802294 1796.1058310281 1508.7920448098
-592.5918921731 90.0987430688 452.9744683185
427.6016433705 -1798.8107914394 1867.0520309078
-42.7187205955 1633.4782469197 143.0544795445
-936.9397533727 1452.9786082720 1912.5152184910
1952.2729906142 -1182.4284173160 -1332.6313741814
-1478.9996784128 138.9465712379 -960.7627927500
-1082.5641262283 453.7705397475 1681.6145663222
1547.3788473560 -994.6338114997 -786.3296264853
175.3146544048 1638.0228067444 -678.2180748157
-1847.5155493277 1003.2370469548 751.2119837125
1555.2091207304 723.3635391299 784.9005704269
1103.5344582032 85.3962568559 1611.4201980576
-629.3826677153 318.2768380375 1245.7434034061
864.1114813694 255.1974287380 -1966.3908853445
1384.9201206741 -1853.6926282297 -1588.3687931018
11.9531685152 -240.0041199460 -1431.5809726625
-1855.2541103859 -1309.8791641412 1258.4218936366
-1503.9923668675 663.6214096158 -451.0262914907
-368.8122978523 -604.6144238157 -303.9920229563
1351.3781093529 -354.5845737801 856.9425167393
416.7101892091 104.1417132217 1866.8359709800
745.1993627278 -1910.8178398291 1869.6543422570
1368.8211449827 -492.4107782002 -1960.4174229413
1613.0724710895 -714.6976800148 132.4558290491
-1111.4923048386 1696.3572894287 1298.9529779732
-1920.3052371466 -1312.1052315615 -780.5560899222
-870.2729682255 901.8394703195 -1063.4215231469
1943.5887495904 1927.6995119730 -1575.1646464363
1624.1880986404 -1823.5719937699 105.3592263484
736.7096896154 -1566.7169600530 581.3052775958
-1333.5002188443 -411.7714554270 1101.6022305371
1552.4952195209 1111.8996530455 1924.1469427984
836.7581153029 1922.3773718222 1595.5562705960
882.0915149602 -696.5567179622 1681.9200947666
1236.1261765016 533.5106178035 141.9556326260
204.9033991328 1100.6379918587 -1554.1976832475
1013.3918898288 1376.4787705564 862.6396456770
1686.0060622590 -1578.3163248451 -1846.3646613759
1650.2334427037 -223.2134539060 -416.0280304756
-1390.7073202926 993.8145064207 -1024.9300694924
441.1515662856 1491.5746741036 1863.9597478556
1694.3096938537 -1427.8299927987 1100.6789262039
1150.0911505438 -1364.6393897023 -380.2094768857
1723.5868853434 -464.1958244070 -1584.4036862073
273.9713072738 47.5001599011 -951.4036095087
-433.2540688045 -1964.5662835275 -256.4265074644
-1918.7811877760 626.5010303030 -319.2523081512
103.4033595935 -1290.0155302182 886.0291719402
1982.0349750726 308.1653288226 1072.7211353822
288.9665887229 -1307.3385515377 1743.2497223402
1812.8181004010 1144.2873796486 -1802.3362807548
1524.5934240137 1677.4512738153 -886.1867783902
-916.6879816143 150.5015988641 511.8404129022
1123.0556356854 -299.9262021145 783.9054496615
1732.9177049480 -1947.5414704010 341.5956486693
1562.6889582484 1895.0360329209 -1619.7062953611
1762.4907476803 -596.1462224136 580.4805364468
410.0437389962 -1822.9404536716 534.4488204147
1603.5673490996 -721.8614749543 -1262.2924300369
1391.4777282016 -403.1370478123 1150.8914962458
-275.0759391834 1444.9275553958 554.1617177692
1910.9031380026 1999.4665955381 1020.0793694286
-1864.1700033976 -1813.2900378115 719.3026823788
1323.8109507955 1719.7421148303 -1101.5950456136
617.1424680752 1320.6889619042 1867.2201959150
-1416.3631256054 411.5165900865 -185.7093438974
1668.6780606024 -548.9539005267 1162.0229597125
-960.6772963839 902.3909216129 -1046.9254221399
1817.8634225175 1406.7841269387 -1898.5234726222
1087.8690017275 -1177.3898707452 -231.6748900363
319.3798513457 -1788.8144516209 949.7353122468
-1522.9330269304 -131.0015167402 1823.5323546423
899.5968976500 1257.5095831957 1244.0265161473
-150.7922287508 141.9747959140 1243.6558693469
-1632.1044837704 985.2009030919 859.2745064078
751.6714531677 919.3291755579 -1671.6745054052
1750.9614426567 1644.3002805132 -1287.4237425828
-1989.3349560380 -301.0991519017 -2.1307579074
786.9737846918 -680.9331862223 1040.7798761557
131.6983374203 -841.2287517288 1839.5349912173
38.5096808762 -1984.4737381167 -130.0557678846
1529.6837827166 1230.6040375562 -63.2027258290
-227.0393932341 -1327.9643965882 1478.4707951304
1377.2718367334 -1181.0529223053 -1542.1817044550
405.2458902834 761.3917001469 -1358.9995865510
-1127.2963076030 -1778.3097331347 -1321.0378208822
285.0743277618 -1882.6285407456 -380.8211626947
904.5463866203 214.2379292969 -783.2169616947
-232.8167815083 328.9214497510 -9.5052201331
504.3513777742 -1154.4296168756 -363.4182901241
302.2203512322 779.7305559874 -1665.0749593651
92.1919920677 883.7924572687 1025.0612016469
1767.3950844040 1554.4426141429 -1481.8987664553
604.5165183330 191.6417367438 -1313.3884607694
645.7637874396 1057.3152360673 -1166.6165996814
-1150.7505668948 1203.1300477294 -667.8338539888
1179.1050085768 489.4008813646 -283.9925343260
-1508.0418075982 -563.1067777496 -300.6465345364
-1321.6111353733 1228.9042290331 -1543.4284523183
-645.1518436612 1877.0012764943 -1793.7410835267
-315.8479024590 -848.1098810054 1027.5037622847
1351.9721782880 -1586.8682362303 354.7554204631
-1397.4744779686 7.0156631952 -261.7540698410
971.7204506677 -1842.8559270158 -1033.6985320002
1793.9604320659 1372.4760886607 786.0824306712
1894.5536298289 756.9086390960 -968.6225912530
-1956.8280517444 -1891.9293230415 -1820.1197843731
1256.3076947810 1067.5079610216 -118.0191971808
-1682.4964330264 -425.2207625406 1542.8357763513
1486.0341006260 -606.5507996130 -128.6238585552
1673.0045544929 702.9780824851 178.8613001376
1165.8414064447 -1695.4166142881 -836.7488319261
-846.1436990707 -563.3652179120 -1691.1838500625
227.3443700777 1515.5496525682 597.6223699872
-764.1095517904 1123.4010467831 -1817.6439352728
1408.5820564358 1431.3718164123 1506.0528313629
-296.2633840074 -1470.2234693280 -264.9803369600
1906.2446240516 1294.9452237524 751.2201705943
-432.0863883188 356.8671278340 -1294.6136733318
-1044.3020432351 1519.7904553673 1365.2899234334
977.1785860768 -1082.3284872322 68.6772379950
-1679.5769625826 1285.7088367540 1422.9495448879
-1652.9147831398 -1414.6479211319 991.5923989444
292.6082069112 675.3718563095 1082.3889821620
-149.6984339753 -949.1619164139 -503.3732165307
-325.0647196617 1744.8785817034 -1447.4446855013
-1529.9702266578 -230.2396970446 216.6767915221
475.9068515836 -1975.0578036420 -151.1274915012
-1052.5181122192 1559.9175955480 -1553.9911641890
545.9899957332 -1052.3877945719 -153.1388405036
-61.2326611391 -1366.5663215647 -1493.9689766938
-1570.7358289602 1353.3602479462 1895.4857994726
1482.7673555317 593.8460654918 -888.6042025494
835.8208418915 -1525.6489282669 -490.8463725767
-852.0533538355 -822.4522077408 608.4927531870
454.5349248240 -1569.3972830490 -1339.4923599489
1816.4025708148 1700.1960778090 792.3646612033
444.8694127033 -409.5203381757 1313.5235784438
-739.7063092019 831.5913248434 366.4652670026
954.9317869606 -1670.1027689282 -615.5832129170
242.9869583184 -1377.8494228361 -1676.4369323591
-1816.6889213583 1703.6788455084 -1834.9246297281
79.2487614790 1778.6652869118 224.2284444917
1962.0510688960 1241.4262752890 953.8501885302
-125.9359976459 435.3994746272 1019.4596687355
1146.8933832815 1325.5885707427 -1604.8598868964
-1309.6216262391 -331.4741520614 -1869.3161721697
218.4568381574 1344.6767911245 1079.5905281033
-1048.9112227771 -243.1814593312 -909.9024869803
-224.1091379550 150.4779189036 -581.3423945907
-1381.0722306481 1871.8430531858 -1652.7859311928
-1854.0907570329 -212.7941687111 -104.9698055813
1159.2307432088 1965.5110704814 -467.4661467091
-840.3443795453 -1596.5906103032 943.0636773832
-1711.7326441869 1149.2389819010 -1236.7012396460
1288.1737691104 -1895.5085172007 860.1795031477
-743.1021832519 -1366.3671108198 1991.6896333474
325.4530895695 -1632.7680697410 -318.8461716481
1877.9652925928 -1840.2521247838 473.5731823202
850.9078379996 -1837.6937325418 1425.8482003135
1520.1989835607 13.7649757614 1555.0884319651
1178.9010746255 729.2362136996 1492.3492428254
-850.1363248393 461.3727639334 855.9338880245
973.4307979984 1119.0412959459 110.0992774761
-335.2696455837 117.8009116799 -271.1935508635
1520.3374962142 -1432.0797099933 1349.2371832698
-1826.3011234203 1848.2708919248 1122.6555708095
-784.1361679881 242.2743886532 -1685.7500820685
-223.0028505775 368.8261601958 652.1205278538
-1008.9071108464 -694.6187731075 1565.9349261350
1776.7944831003 -1780.3606583388 1670.4912566105
1192.1897461190 -1562.5587947625 1174.9439052472
973.9692172494 -1763.5811662658 536.0029049621
1266.8084442001 -523.9634647622 1806.7276271094
-970.6197146942 1409.2313237700 -671.8479036775
1692.4022342916 1084.8520976895 -1761.5977438742
346.4176851026 -698.6711137443 -1476.0178411434
676.9868661121 223.1050383130 1394.3434222564
599.4839684681 -801.7027380255 1441.4611063653
-292.1365704038 -1454.6160367965 1914.6712404434
1437.5548639004 -723.0423450029 747.9450412723
-1412.1399418570 -1918.3882784936 187.1945894968
-332.2968072824 1288.5224126019 680.5380956622
-1310.9864118405 1750.3594307709 640.8190035872
1354.8421149746 968.1537123688 1788.5822088255
-546.1523831386 1686.0552279587 -1880.2446225782
-83.7420529482 -1178.1697646530 -1009.4181518336
-1125.2392294433 1322.0163636778 1115.0240538771
-874.9859376218 409.2934450609 -1131.7694500132
604.4329557402 791.8994099789 -1360.9325775480
-789.3518968711 387.3864838234 712.4355683204
506.8600743838 -216.7797100619 678.8175752348
1313.3322017920 1738.2000994214 -1268.8439360834
1986.7744921531 -754.5099275641 144.0072473816
-594.5834226714 -1188.3550294322 -1642.7710463236
894.6195015498 1613.5624118818 1926.1117961596
158.1151121801 146.3091967615 -115.1146893654
-1535.2481698655 -1697.7257152708 -966.2355520055
-1569.3215585285 -1267.0722641776 -245.5400823216
-1018.9455018112 -66.6818171886 -1482.5832865988
36.5894477365 265.3144109420 -1636.7003223146
1408.2277197633 -112.0641101288 -357.5959017707
198.4859345088 419.7851073146 1254.2603003731
-638.8585871187 -31.3919776068 -817.0492358672
-1714.6753831770 -1721.8249237519 -682.1156693817
1794.8922984893 354.1783783277 -1056.8328535593
-744.8745493711 -962.3046222309 885.6528166038
-500.6506236356 -1912.0776993032 -1947.4698053507
-1700.4707737528 873.9373651747 -1755.7637182734
444.3924667892 1101.7124217855 -897.1123281425
-676.6965230285 1154.8561234930 1979.8343706899
-1776.7903029503 -436.9837568992 976.4235342719
1463.2181363281 1249.8073016283 1883.3293129612
1264.6466648441 83.0212941991 627.7337824124
166.3458712809 273.9593291162 445.6844165071
1662.8312011080 634.6034429525 729.3447460986
578.1949562972 141.1710886568 -723.9679898143
763.2057033509 424.6405231090 130.0673301244
-358.3541351879 -412.7649100330 -863.5204343669
-188.4825953129 1643.6311079678 1754.8987529779
-704.5721476009 -1184.4816621280 -1488.2054866451
1455.4589778356 1368.8334777105 87.6451381172
-916.2457318406 -363.4898029837 -1271.8846609722
131.5981258890 -1530.1043029545 -458.5673093328
-1360.8967409859 -712.2323264458 80.4236537316
359.5443067856 -882.3653133378 1987.3750852381
-1289.0885167725 541.1616783800 -293.8275025811
-1132.9016378549 938.4964513561 -972.6316724292
682.3533071950 1658.1110078950 97.5630815346
338.1088253288 990.2492191558 535.0036380937
1541.3500601759 370.6448274228 -1084.0016883482
-1493.3021562329 1523.5548498278 764.3554504613
685.2619535335 -993.1808869027 -1784.9489940630
1242.3107967859 1566.5261062440 1271.7000781072
-839.2099374190 -1580.2900591138 423.5991632153
-1671.1491371242 -780.6169711041 -1036.9008044159
-421.7476652628 -1435.1966698553 -1441.7909985540
-815.8074195144 -255.9927128701 -396.8858492731
1919.4660619624 1631.9205954798 208.4628116363
1935.5488597928 573.8714162209 -2.2803865556
-509.0980660802 1047.6716498597 -532.7692148969
1742.3726824447 913.7275289709 -409.6629522281
-339.5691777358 -1611.2161993298 -147.4938929661
-1124.4882157837 -213.3520875141 -893.4603116733
-559.6680042397 783.0574142298 1594.0928726104
233.5526663075 143.3594939068 725.8198551020
1549.7779163473 522.1964709641 -429.2751369827
1746.7383115593 -1877.8525271198 -1966.5939869173
95.0736040233 -1151.0980665923 -1500.4287804013
1879.2749427537 1019.6434166632 466.2865470248
1138.8649087832 284.1935264608 786.6280191584
-1721.6560392192 -881.5017428130 -1988.2117958132
1408.1340082139 10.4073724513 1857.2207939183
-1115.1730027336 -1345.4207397350 -1575.2321798826
1625.0538114352 -771.7113746130 347.1754974373
-1007.0459456232 -838.0004229231 1975.9230017167
736.7031220922 -859.8688455252 -969.2302224313
1133.8169297600 1822.0356446199 555.7745367850
625.8928160944 -89.1287674204 -1192.1094082706
-473.0614767167 -1858.4787718441 -1225.3796468003
1164.0322281255 -1297.1213281154 -501.3817421246
1035.4968336533 1267.0596029006 1447.1960056690
-383.5572689617 1448.1022254408 -636.2690467441
188.7166212502 -1686.2426116926 -427.6544294240
1584.2586514694 -608.0194417982 -1158.1898478400
-519.7358270157 1876.2861983044 916.8290521510
211.6647367048 775.1722017882 257.0855693358
1464.9628972142 -1518.0194461338 -383.3007133045
1623.6006987674 -1214.3948247940 345.9390633687
1085.0013762584 -1801.1486919210 -783.3194559058
-1875.5372266130 -983.5027480021 -135.5527204010
-288.6998431778 -240.0607247000 488.9749332003
1245.5124686604 1793.8340208354 -339.6331077390
-156.7001153552 -7.7735583220 242.9038763560
540.1347300407 -626.5325489849 617.1077854288
-1077.9203693941 -795.2683337413 -128.8027669520
-1523.2430401896 -88.3391019019 -712.8945209178
297.9080957076 -1077.3641219884 47.8429632985
46.9564662716 412.8770738730 521.0739480936
957.4581919377 1833.1691138828 -199.6659248456
-499.0475780275 -955.4764778049 1934.8183917316
1615.5745005264 -1799.4935646829 1821.5917789038
-1418.7219531647 1803.1783647382 624.3112535968
1609.0497115305 420.0464021588 207.8514845167
-503.7575843296 -1402.3020611241 1623.8446998467
-1900.3935704179 1706.1640629015 -1915.0862746057
-85.4831845791 982.3921706723 443.6842973188
-1373.7340233567 -613.1951371539 19.0857454746
-1692.4026209524 23.6198673262 -402.4500363149
-437.6063086254 793.7774668074 993.9724987275
567.4525899466 -877.1873824396 1179.8589422649
951.7201961630 1755.2262212766 -269.9642668922
-444.5223388594 370.9851751778 1653.6876962704
552.4772610642 -620.4879812085 216.2455507018
-760.7502732583 -348.8188051468 -150.9402907173
1533.8296353340 412.6821657117 1492.6605434471
-1709.8086853515 668.1411877560 -304.8372786364
29.9736536120 -863.4038245013 -1627.2211999910
-1656.6301192623 -380.7543884988 761.0531997626
-1061.9944503242 256.5068070659 -155.3781372184
186.0661172665 457.5539066678 -1279.1616399719
-260.5493008908 -1077.5276367685 -335.0785732775
291.0764748422 684.2384015055 698.6200511960
-1313.2687137716 -260.6687937987 -356.8972361872
509.8511224329 -511.9885290743 1527.7412882312
-309.5850663337 -1913.1249140013 -149.0481158465
-160.4087630188 -1653.5504805389 523.7200680446
-214.9224112407 -1306.6501556904 -549.9276710819
13.8036144692 -63.7134143262 -1102.9453694633
-1252.2345234359 1919.8472027073 -264.5355205687
1105.4863685061 1461.7608823457 548.3642062908
-1829.8695921425 1696.6337715109 1990.9612383704
-1935.3259961645 -1611.7144533585 985.9712059601
-1910.3667262502 1581.2842671053 -1241.9598610030
1863.6993703029 -1208.8444363603 -1449.4786967099
390.6770605019 1363.2259548618 1766.6855804823
1079.5628040500 1735.5699911123 -821.9918677446
-342.6839007780 1188.3583457221 1647.7295906768
666.0064197254 -999.6812225749 -64.0025287426
-468.9547195489 -637.2441370058 1570.1539605083
1804.2599962923 1175.3024237172 -1070.4276221843
889.7649570535 924.4716068299 -919.3970239656
903.8868657383 -1460.1746458421 -1577.2707315255
-1211.0141112342 -463.1596159379 1543.0541717839
1673.0615456340 244.5945269963 -446.3312334140
-1051.1837655832 -424.4690253007 -1980.2464797790
-748.0786931797 431.4431912889 195.0843055259
1458.5920483024 1376.3718421433 -1387.0010162723
-1019.2292660132 434.1857967839 337.1737699149
-1912.2014284595 -480.9960424794 -172.1361678211
1329.8725385570 156.2214025155 1875.5302448394
32.8983638634 1450.3614367843 -295.3754471007
636.6992347441 1980.8893216691 -1428.1860915546
806.8772669509 1473.8220291979 -1599.0044979466
217.9974316803 -1490.8310998968 -164.1383048485
1565.7162770817 1027.8433776027 -503.0493978095
1931.8013476950 719.0662171441 -298.1841621015
-1190.5932152150 409.1130685985 1594.5593185191
361.6134732127 925.8453980117 148.3710067599
-1335.4726097126 -1424.6851168095 -1134.3120346767
-1841.7655886655 -1020.0969403399 -76.0539056056
-727.8554856060 -760.3145521341 -748.5714429846
480.5046086656 1154.0919242178 -186.2300217140
593.8781486773 586.4629600376 1314.1302269581
872.1421451595 1085.7768267560 1839.2334547236
1792.0890853192 262.4986378286 483.3459077998
40.3813381843 153.3196145474 -1086.8517983488
-1653.8638794982 1872.1334540286 -1268.2028893896
1238.9663607913 1753.0897208035 699.5915624887
1043.8886265812 395.0543942683 978.9151873070
-1631.6911880319 -1945.3192216635 1754.0275081455
1640.0352966815 1498.3515562827 665.5560003077
536.0195249449 1154.9803223120 -91.6973417110
1827.6873905238 -1019.8045164368 1730.7785224414
1389.7432973016 -1221.0605147429 -1227.2882915009
-1867.1711600599 1442.1871630483 -1413.0420549930
-1143.6121465449 -446.5555632854 -744.4527921918
1924.9985177167 -542.7380791972 -890.2545013734
1443.4829817533 1599.1277100638 -38.8642916531
-1015.7409758591 -700.9690433950 800.5953942283
694.2376906438 1392.9901472600 -1761.6661743334
1142.4024577853 368.7152906323 -524.8846583371
929.6611725160 -1174.8298648884 995.6539089026
-1237.2858304954 1663.8479702595 -1171.5716303505
1625.1944072420 -1940.5285579467 -1460.9465632750
1822.8571314790 1007.3815224164 -1598.4110442830
492.4652667969 -423.9376258912 1447.2483520049
-1270.6143942891 1326.6968918314 -678.1245091812
-934.0852323395 -1982.7678980529 -32.5335465698
1326.7290373537 -35.8196941318 1695.3228753204
-1347.0959819723 -606.0455096321 -1906.4626318509
-817.5201049166 -337.7184064914 1268.2607843906
278.3517028394 1127.2493407614 -304.6137552877
1820.2471099032 1790.1924690380 -329.7143194630
350.8337021363 -513.3314925094 1951.2357535912
1487.4733468770 1795.6115775724 -1088.5826899682
-1312.2368265656 -1177.1708221131 881.5217050516
-1276.7628727854 682.7356634400 545.9080459838
573.2520480007 -1967.2028851967 -1239.3336951357
-1677.0189613856 -1287.0908172071 -87.2084754988
-572.3256949737 -1204.1004137106 -463.1467978760
-952.7208531894 -1935.0349507600 -1012.9505388609
359.5113150366 1466.5921240129 -601.8099585356
169.1835600522 -540.2474259903 401.5851063989
1201.9117154554 661.8261981475 1413.0187802601
-1367.9981411997 1245.4909858755 -850.9755175831
1825.8997304884 -116.7458582506 1541.1321476024
-505.4700198986 1454.1056047377 -1216.5535829960
1906.1704604743 -577.5291523805 351.7717674492
1788.9136004252 1084.1472716443 624.2512206972
285.9616596282 1460.3070463020 1779.7514523822
93.9560982004 1903.8674446037 654.5394772346
1389.1182528843 704.6212965803 -249.4193654262
1110.0358333054 927.0763504753 1620.1317611289
1046.6877657638 -1511.7281029679 1439.2094382817
463.8356635414 1732.8817142940 1792.6568936553
-55.4113842537 -275.3748744112 -986.8908431674
-1446.5251688878 1614.8348652494 -1734.1029482395
-1913.4464045673 -1797.7276626001 -1486.2705188531
-1312.6942447787 -731.2239907338 1145.6479302717
950.6558307905 509.6849730026 972.9784039740
-433.8837020700 508.4697784068 -1894.5670282724
1134.8515435330 -783.3528595359 -1.8814004497
-166.6118991251 -123.1761233780 -1684.5172384622
-381.5582349717 212.1544311223 -1409.1697811104
-1451.8717368397 785.1438935617 -1139.4894102259
910.2679142696 -1717.9554653374 -1280.2425000118
-59.7797204299 -774.8070182004 -62.8625970020
1977.3872041414 -1004.9588667477 1378.2782267451
1980.7859663047 1088.6862193830 -1547.1874384870
-505.6873881091 -251.8791731036 -349.4935655938
788.8209227609 -1546.3987487075 1228.9805215165
-1814.4237035236 487.1353233679 1767.4304751906
1935.6285395033 1010.9672566056 1092.1788726340
-34.6348933796 360.9234137138 -160.9138067406
-1937.6486312921 -1458.4623855301 -181.8638282040
1823.7114734934 -1723.0789746161 -1303.3356699448
1015.6488808790 18.9016026130 -441.9780633937
434.8869012015 475.8805361832 -517.6743397438
-388.7693464629 -1630.4042963095 1106.6436550275
1398.5829605399 -32.0348497207 -110.3774008115
-617.9875856433 -26.1423373346 1855.3622067777
-426.3347433238 -1428.8603049630 575.4755108949
-1651.5986679797 -1081.8943015910 -1893.6881812060
55.8579201555 1462.8983464662 542.2979273537
-440.1724622378 225.4064479810 37.4187576063
-1458.8351758879 -119.5815064366 -898.6759352320
1832.5797826323 -816.2208437958 1889.9959850570
-1324.7338846687 633.9144637401 1599.1993794714
-1696.8260527849 401.2738302987 -4.6560532936
-1963.8908686568 -4.2112986176 1682.0167427762
-515.0264506554 1981.6844337110 -824.0447356507
-192.4875823312 -1934.0458827766 -1628.1020541431
-895.0127650837 642.8516171979 -1776.3454327957
-1487.9176919123 -1509.8538623562 341.4811250036
1517.5129215910 -221.0031234630 -924.9162059051
-1163.3351304600 -433.6527064373 1704.6951631543
-1359.9770917075 578.1850649423 1298.2797150673
-1923.6647680983 -1822.2461586059 1137.7730282357
652.7918008534 -755.0992221989 890.5174902384
-1499.5525743317 1558.4958607797 -928.8010133890
-1115.4538657105 398.4350816409 -1701.6510231190
-1725.0493527659 -787.7160524258 1729.2811242504
1316.8503127272 844.0018939471 -863.4394173201
1974.3085830556 -917.8720804108 1985.9846460536
1225.2013218068 -491.2196975720 -1279.4766025920
-959.6970393657 -1955.3457426808 -1430.9202128861
-665.2455716813 -312.3974547519 1520.9941340989
515.2929154639 1736.3620978875 -734.1696053058
-982.1122733983 -1187.1819294139 -1262.5449857888
-1066.3654368556 1318.5486558967 -1040.9467672533
-705.9356494508 437.2048729785 1325.2189677937
-1331.6914660498 -370.0797508437 855.1828806130
1714.7835191849 1022.3242543776 -1955.0341872821
478.0593732938 1023.1369056497 829.9507369592
-1866.7543732485 -1990.3899794097 848.1789627658
1917.5036337654 -251.4378001951 -1219.5839245995
-1343.9304379255 1518.8487675726 1981.6993720255
-214.7342139227 1036.9176186701 983.5200727399
-1427.8336113183 -767.9611594824 -908.3791593725
634.1784989883 45.5332723472 -1622.1948838978
-1209.8168563226 872.8017016839 -1964.3800076504
-1389.6057373950 -1573.0691232326 -551.2177696229
-1380.3895928802 -1693.3682962305 -1552.4281582132
1339.6040352775 913.5070793137 924.7645080722
-1182.1893016814 342.2906363502 -578.0514260255
1518.6620066032 -740.8561263510 127.4211955609
-1092.4092458166 -1121.3817476753 -374.8452098764
-660.3694934804 -1745.7868928621 815.3345770330
-196.3856571221 906.9405575533 -1560.6251557247
817.1431610236 -1615.6844967027 780.4264325134
-1656.3984536954 1907.5733486169 -1443.8055557828
-1601.2877469596 -376.2462507276 -1844.1295362868
130.8391475262 -563.7834477352 -1718.5842154581
-264.8877232601 -1562.8718308738 1557.3892963272
-1864.3935117391 -101.0784241830 782.2297687928
1007.9786399279 -1748.1012197951 946.1291883149
946.7712636931 -565.9700134153 887.6914859946
-553.1246432508 -1890.1375389236 1674.9567869780
501.9529341973 -1496.7795512744 561.9917973740
-323.4496998032 -1662.0818827664 -1027.4703231199
1566.5258303901 75.4112656281 -1700.8344785653
-1689.2010301329 -103.0476473908 -1076.3343721169
1603.0861718099 -1353.1799910024 -1191.8204085887
-1004.3377720714 1554.7862186701 -1675.9501786731
-372.4702655407 1446.6533020494 276.9572170707
-431.8781753022 -1045.2884809239 95.8242780223
619.8288092283 1373.3141161864 -749.5054462382
-203.9739887216 -1667.5570024719 -1223.8403365283
1070.2011895122 149.3199620199 -497.3657122196
-220.4632853000 64.6669809442 221.9149476805
1719.7954900951 1823.5429639097 -525.3526779952
1160.1411098551 -682.5917312420 -1018.0819873739
-735.9070411443 -400.5318024521 -1425.9889333748
142.9386522330 -1293.9021236447 -598.3390659667
-1653.6928130916 0.9809415125 101.3680272387
-779.6915635383 1078.5976401018 -849.5804490621
562.3533097682 1993.4554601078 -470.4761150852
-1060.9259231618 269.3735769481 -1103.3907230971
33.6537581590 573.7192547196 -1350.2078915436
-420.2864955488 1777.5762969232 1004.6931281213
1705.9752244454 958.4043218321 1317.2695413120
-434.0538600863 1675.6765444023 556.6240272829
711.8515508323 188.7223778602 1553.5849049056
1351.0717883886 -1220.2270488807 940.7662184242
1732.9144126505 681.2541560930 419.2423547088
1419.9279189807 -247.4209083577 -502.1474094980
-933.5081544991 -378.7926677266 -202.8546825268
-1746.4177870211 1659.0616136825 433.3494323449
1380.3615767821 -1075.8659719900 393.8120658520
1647.4156027470 226.5241613857 -1913.7370177955
973.8850114791 751.0768625975 31.0243805698
1618.4704541122 -347.0021844604 1209.8371836802
-1216.5000183883 -1563.4597350575 1395.0040963560
926.4643859693 721.1272024265 -816.5975273008
1771.9860701836 -1688.6928565069 -719.7394777232
-592.5680615731 501.7690725369 134.8141919873
1216.9054147397 -590.2238824569 461.4671095899
1594.7242132550 1628.2407411160 1687.0138040440
1941.8954753217 992.3535494002 586.5150015462
1340.1801096429 1879.1848418392 -310.1876419942
312.1797299854 229.2526481397 942.8563201023
-1482.2038001353 -668.9348282046 1456.1359033412
1609.2443720085 500.3812854256 565.7478996763
76.4873559442 -1051.6772158009 -1283.1681224103
1140.2031667901 -310.2781655107 -814.6621749833
-822.2666254989 -1330.7054267635 -1818.6578667809
1687.3314849069 1541.4264627936 139.6679294781
154.0670309279 1240.1295888197 -999.0073805742
-914.8788675449 -388.3967287477 825.3329149073
301.6259536006 567.6433597676 -1592.0294102088
-146.2808182139 -1091.7825184860 1620.4028253498
-538.7449204722 -882.0451095284 -1595.6804583780
-1773.9746383414 -605.5912770993 -1217.9075895581
-1353.3576334301 261.9770813589 108.7993806264
1956.9437902972 138.4968352202 -1990.5005812930
1225.6011358617 -1255.4031223838 -1298.8264818256
370.0082141088 205.5253305935 1366.6471434312
1848.4054154271 -149.2650401612 1761.7238113243
-1146.9154306553 1611.8958822824 452.2637897357
759.2949324488 -1173.5362201445 1558.8422284473
-1628.4993560106 1654.8544793500 -1215.6523156566
-1002.6689204854 1504.8410248376 -1024.5661385861
-1861.7336185126 1100.9307336333 -1055.5755406073
-548.7759224674 -430.0254242620 238.8826884890
870.7235342547 -1320.2855689832 747.4660553553
1400.7468760770 -562.0395923006 -1825.0477406728
1339.2035072017 -1411.9473935273 -345.3575657467
886.7862975641 1955.3844271575 352.4191347085
-1462.9282725064 -43.2330253735 -53.8184970752
1941.3591949597 -727.3849035724 -194.6962951831
-57.4427915758 389.6477265506 -567.7931505765
19.0081702863 -1033.5783685469 757.3553192009
-1106.6261557873 1388.7616084815 1241.4138362125
-1899.5749120880 141.5355660365 -1095.1366697207
-1311.4255340555 -1103.6702705743 -1272.8710648782
-1228.9257104354 501.4964708394 76.8424876776
969.0349934937 -96.7887534944 846.4095716525
1205.2713359788 -308.5031277470 -1823.1782835176
847.4393555370 -58.9604305596 -1571.8755343008
1072.6957851406 601.6466245180 1033.5923945048
-343.4794199443 1499.7673764068 1998.8262138561
1896.9919694839 -533.0910683411 897.7376318121
1376.6948794384 315.4469770803 1297.4699769517
609.0037350503 151.3896978391 45.4229195347
1823.3820187899 258.4721916188 -1525.9562967637
-1308.5525513059 -4.9448093422 505.3390584352
-1591.5045273070 646.3046321589 -1579.4255567313
141.4619130028 230.2975974667 1168.9925948374
-1715.0156679351 1618.8198268870 360.0342198601
-605.3436019895 -888.7345863262 -220.9343291068
-1378.3272854373 1318.4638068659 1994.1518797378
-1923.0619319769 -1280.2088096343 -1901.8660400426
1219.9204513453 -515.6534591961 1852.1141917724
320.3535132953 -492.4779811576 1347.2105648984
289.0400456447 -1861.8740963250 -416.5400937045
-15.9220084433 -1112.3073245981 402.6589177176
755.2919235208 371.0901774408 -330.3533952671
1039.6725576439 -48.0372663023 1213.6597224774
1109.0084254810 -537.1678664671 501.6995437385
-645.5580720080 -1348.7872849347 -78.3942469051
1811.6375105204 -1040.1120600478 -120.3535432145
793.6446120239 -225.0772356609 -869.9431144029
1534.2700362223 1025.1248104890 -654.1932844866
436.9964958207 1697.8525257680 -1800.6532880779
140.0640055419 116.4343322097 142.4140000952
-1665.4556857533 835.3621272697 900.2847270132
1960.5222095463 -342.4910430902 -152.6699371766
-1062.9499387644 -1586.4879332910 -747.3347441088
1493.8175094388 47.2117960938 507.4149952476
1627.6722134118 121.9996263580 -487.7816883277
-651.8362586962 -266.3580752398 -729.9925274579
1149.5895635945 -843.6377084610 -979.8864534644
1525.7525011290 -129.1837301253 -189.7615924363
-1604.9718904814 -1856.9144472293 858.6308547465
-794.3205161099 -1736.6338550550 -1936.2451040183
1440.0254995940 463.4277793591 204.6780909764
-1032.4827835862 811.8430614685 -408.1954985317
-1248.2553134732 -1827.6674385997 1406.5763131545
99.2148478964 976.3863104886 318.5815655301
-1811.7716801842 1741.3522867586 -793.1481935592
-1582.2023021489 1193.8752695895 -1326.6084732006
686.5519493054 873.4677651288 224.1515900906
-994.6753047563 -381.1780879455 -835.2011709989
89.3284130009 -99.0623696908 -1820.9355748964
1141.3803178224 1093.2319577542 -190.5871035051
-1761.5578814362 963.4193192006 729.2986062446
1115.1714647542 -618.6329899103 667.2776854379
-1658.4988922532 1865.7468540845 -108.5416602179
-1622.6313999632 -415.8719828151 1341.5650638313
77.0729237476 -776.2009710844 1317.4513170337
-1946.1244906856 -723.2614590791 75.6577264186
1022.5048932997 -344.2187089935 -309.9417519822
911.4774437907 573.0659914716 688.4133679833
-860.3698797472 -1807.9045637170 767.9392379299
626.5393541411 -1583.5982748458 -1450.2954971165
-1807.8070791211 1591.9034228154 486.6250760920
327.2653038006 -1300.0541022245 -1509.8754142896
1.1933836015 -940.6914827704 185.8769774641
-101.5028054430 -334.0095022130 -1021.0654303492
1383.3333190036 -152.2365994457 -671.5039313848
-461.7280855313 -646.4231713798 147.4724202646
-1780.9289845951 199.7167894638 -988.5357329959
1753.0940375580 -1793.0322616801 -706.7047534090
-1459.0654111265 558.4750443880 -1635.3930767599
1491.4324126947 -655.7254645259 180.7525842981
-1707.9012297240 1884.1519014451 1166.1802923686
-461.1472057240 1767.2395925758 -1099.5879848090
-292.5352627825 68.8557009826 1763.0990659876
-1834.0779162377 -1355.2115605026 -1286.1529667817
1148.0107295619 -1076.8480777380 1642.4347979678
1558.5817928294 -1470.8564428367 -13.2241167546
-1207.4282069001 -209.6359306131 1599.8009493735
-577.3356224728 1772.4518575340 995.6505114885
1479.6853431838 -319.0756381242 264.0240312315
-1390.0496726552 208.2953919843 1526.7274743921
966.8656283082 -703.9759755211 650.7178339612
-1688.8214353188 741.2855138518 -936.1814727643
-1495.2207809866 -597.4135674831 558.8789624000
-728.0377403987 702.5491580660 332.1927754499
208.8289913847 1629.8930033005 833.4400454216
1775.2412437929 590.4139946104 911.7512707525
-61.7322803390 -402.7425033166 940.9842944590
-1211.8586219654 1963.0631915308 -1101.8139108850
631.7131159302 719.7049150287 315.1724264990
204.3321232159 -262.5151541409 1320.0237147893
536.3225534339 1930.1921494734 -436.1474135863
245.4207495062 -8.6186016881 -1416.2860193115
540.7369282726 57.3310492347 457.5933988319
421.2678266862 903.5839342334 -1588.5837670514
-1486.4097468329 -1948.5532698813 1215.5395335307
1685.8446300038 -1701.6908336935 1641.3730351339
723.4494529427 1206.6190288744 -343.0695420203
-1019.9622420489 -1077.4592581402 -1064.9493701121
1457.4690908802 -1765.6961353918 1391.3781685085
1390.6597048055 -1585.9458709486 1432.4917378026
17.6508293379 -72.8076927526 -335.0232323169
2.2078662241 -563.3918329844 1845.3366456155
-1079.5077887134 304.4125514616 1083.5289579083
-666.9609207793 -886.5986317166 -1563.5808746609
107.6458103300 1594.5832057741 -1579.2875448889
1938.2545368244 -718.3929058921 -211.9883632270
1926.6548231626 -339.4549003201 596.5348084300
-696.7991268756 -563.4092740300 -729.0420347775
816.0897743156 -901.2007795766 1075.7746630623
-1957.3645889632 1995.5071163034 -336.1339207475
1384.5902226012 1607.1749156367 1974.8366740603
74.5477215085 -628.0334347540 -1521.1008206040
-512.9028379160 -1750.1225586175 -286.4936943004
-828.8050764099 -1857.2675427400 1252.7436168791
-1908.6667203850 1457.8520801652 -543.2027671944
655.1463248991 -1941.7382954146 -1052.1836240227
-504.8000468935 -433.9541001784 61.2571287242
-1866.7098896575 855.7054377252 -419.3324943907
-890.9102017815 53.9024164680 1338.1147974213
-1213.4133517699 1160.8621357515 -1346.9662322645
1198.6273713311 1077.9254553228 1658.4975908756
-252.1346788954 -1366.1877192144 -1312.3138143125
-1873.5531851280 -268.9071155136 1735.1349669125
-1822.4406672043 519.6150486272 -1894.9995005875
1037.8090047492 -1123.7498724395 -982.6430450699
-984.3846627996 82.6395373706 -289.8419376248
466.9559104418 278.1418882534 796.2710460104
1534.0127124232 1902.6763313230 -697.2750477750
-836.6233032679 -1613.5177550536 -1071.0006750591
68.8706324771 -169.4186531101 737.8386880438
1167.4186461956 -96.5733006189 1149.4402676128
-306.6713124035 -1687.2399367802 -1359.5167987066
1623.3147512063 1903.9440033447 -215.6890854666
1103.7703561370 1998.3704698537 368.2258281452
-452.5052027274 -1730.5878591567 -1385.5186114023
-1084.2715249898 -1097.4707449524 -1117.4745298833
-1729.0526490747 1141.0284980405 -1336.0730686488
736.9359993713 -1182.9927229604 -1491.2598822803
-1339.2289065139 -624.6093238302 -450.4581850762
1708.8905205630 1743.1605155604 -118.0460386241
649.5563587303 577.2914083580 -1377.2680913835
1742.1828180058 83.5205701982 -1099.7167931369
-26.8603919487 1073.4731893124 1483.7617557163
-1482.4760525403 -758.7314697340 -1281.1559606132
-1498.2642549878 -946.6852728280 610.1232185590
-174.3681763067 1546.0206899227 -1579.7724168029
-991.0615798191 1590.8886697862 627.6599081568
1711.4207619103 587.1938520400 1606.9818666257
1233.5986205723 -381.1110742521 298.2892177055
1853.8023699173 -1112.1907794936 1091.4405093372
1813.3736703156 198.1757921841 338.9311690208
1867.5491229706 1993.9499002067 1268.5453579311
1303.1017107365 1817.0546837778 -1634.5038841883
-1261.4160048850 -1082.0617490062 773.1902548292
205.5157164156 -1200.0399972088 1926.4452579064
-642.4547738885 1454.4840171564 144.5796589305
1926.9137879292 1962.1048789549 -255.2331764246
1510.8501791800 1536.4285203797 1806.8641487825
338.4012108521 189.4139295065 1650.2773578907
-982.4917982160 -384.8397330734 -869.6293082311
1216.9587484592 -1782.9101715302 -1597.0866381257
872.8526229918 1945.2599442969 1846.4626267283
461.0295880126 1155.4792795015 849.8251734257
756.6480751460 1483.7647066395 -1229.8066168092
1298.9880150861 547.5726627389 1353.0526698373
-308.7354072326 778.4540811703 -450.6905647824
1725.9607165045 81.7852897545 -519.2509844363
944.6202811519 24.4654108191 -232.6127845442
-1600.9508259423 1957.4441900899 527.6430801746
863.4459039102 -49.4220246476 244.0120670466
-311.6617331014 1349.8063809753 -1824.2949043897
1927.0457698654 1980.3633989999 -1831.8860625380
1660.2646212905 -390.0414708201 1312.6496925652
1998.8868798319 1003.4541446710 281.9115037676
-183.5865041354 -257.3573009507 -1805.4940945497
1457.6565421957 1871.4415379106 -1443.3103612983
-1344.7544614303 1745.4643571398 1417.5812403560
-1529.0240051659 1215.2113956759 59.8656937770
-1791.7496123356 -1599.3879804109 -130.7758868113
1109.0499553660 3.3662863044 -444.7136903592
1441.0785923382 -108.5517934920 -1023.1597442828
58.3065241824 17.2995451387 961.9103821975
-758.0202228368 -557.2739026283 -70.1810307921
-1967.7087629516 -1188.9327293803 -1042.5304669592
-44.2897342822 227.0796635335 -1881.5599659535
436.7889244132 -753.3009621040 -544.8511377240
1440.2432004206 1313.9107069467 -307.9411123797
1807.1072628231 1812.2760541740 -1601.3782896477
1736.7131781902 468.7040559011 732.3294987348
385.5561525630 735.4835063329 -1281.6657215804
-531.7062324758 150.6395458012 -1580.1006176506
1191.2031710280 -1377.6101131664 99.1350567315
1819.3244798066 -1242.4595627452 280.4275681077
-941.8896506668 -1073.7713838656 699.1399047114
1529.5822970656 984.4699154353 -526.4599303867
-559.7510256853 359.7068966262 237.6969189624
-1723.6423474068 -974.7852346592 -201.4218665997
-847.2497376153 1094.4320735296 1425.3166708655
-796.7799153380 241.1140100354 -987.8220108395
368.2842208450 -1580.4644519904 -1018.9930246827
-25.0091956418 -8.8247850253 -259.7951799163
-511.1305025751 1524.8641334475 -1617.5093337609
844.0088972930 1975.7578681489 1113.2344738511
105.3375963924 -1751.3525791272 1364.0521099152
-1641.4276366812 -808.3753528499 525.2014161636
-991.2913347010 -1929.5288864371 237.7250469386
-574.9039857607 1115.1363310552 -349.2119990618
-1424.4953073400 -1203.3701220239 -557.6921893004
-1728.7016808902 447.7991491614 178.4082163236
-253.9256040090 1556.8510793933 -22.4485698167
-1303.3698842761 -1612.8591601701 -1310.4791942311
-909.7024678598 1022.3077907160 -579.4078706699
1592.4699650818 -574.7499157517 334.2988547994
1913.6896421548 1443.4806785537 194.9235484262
719.5228836858 -1422.6611953849 -1520.3167201666
223.4951400300 305.0824404669 -1930.1540649328
-1817.9977440235 -831.0671406898 1267.2972377011
1296.7907680459 -212.6433679363 741.2955027520
-1995.3406781662 1017.5463187635 -17.3559776719
-258.8402315893 1967.5923967189 -299.8937200692
-1223.8413659335 -808.9859682770 205.5063908809
-1006.6159351017 -484.5484887508 -709.0033320310
1707.3463083086 -1728.0580549290 -1582.1154095627
-1035.0147722856 -68.7623687201 -741.6178122717
-1391.6969262607 -1341.5869937345 -730.2377978275
-1326.4190059304 1291.5756983147 1476.1483688209
1102.4579396535 -1401.2752997675 51.0723039161
1560.6989360798 -1362.4595794397 -821.3827045232
992.7484588386 -663.2471726305 -907.6057144088
1676.8829714410 -803.0189528804 902.9875349654
982.0422714880 -581.6690138807 -180.7007808065
1580.8447282021 1311.5159694924 1712.5596880475
-1464.8699766992 -425.7707133294 1080.9258055312
-1557.0627644229 -133.6168241910 1496.1118885979
-527.0696980566 1432.7296928360 -1421.4249394504
407.0045097585 -1252.2520712828 -1217.0755475352
65.2966525145 -1.9489134837 -274.7939019175
-698.3826526257 1756.1643529838 856.6949097088
386.8066235048 -1195.7280284230 338.9070544601
593.2405028876 -26.4345785518 -1790.5086916763
-1466.4187083779 -910.1583835297 1156.1060908465
-503.0405466076 1782.3042759223 -565.9395788252
-1788.6872688575 -1667.5339094246 245.1764392250
53.3985789818 -1205.4942290495 1849.3357745252
-922.1012900418 -1306.9781544044 -650.7939507798
164.1979532081 825.7778532021 -480.8560386055
-1242.0616781197 1879.2280458719 -694.9327338534
1696.9845750383 461.4807616256 -924.0121944055
119.8432902624 1018.1109932929 -1396.2818271787
-644.4282559849 1009.7534902895 374.8178284723
-271.1094533267 1427.7280800210 -1769.3344332617
469.4971401171 -1846.0271640972 1437.7289717072
-1759.3514698393 824.5344981988 -156.7855375867
494.7875650700 -1502.1199150514 1800.6203622069
-1768.4321123159 417.6911025522 359.0335067760
287.1891896539 -203.1233994174 450.2594921362
-1039.8855896278 -618.3960307046 1240.8356059743
1028.6723021050 1351.7897695894 -566.9874012892
1069.9343950731 799.6151755870 -1177.9834068323
1438.6710231673 -354.0431173135 -540.7224768189
1142.4204175993 1905.7955088560 -12.6324015335
675.3387709282 -1070.2086230754 272.7823006373
-748.5913300147 -282.9325480052 1917.7619286135
-1150.4871763693 -1005.8454713534 1906.9308706550
559.8274731580 -1237.2957961161 -675.0806101368
-737.0550010451 -226.6315029450 1632.6937399743
1005.7584607464 726.7391552796 -1782.2870920607
-1139.1312267083 -476.2210458818 -446.7272588578
-1460.2983004649 1904.4164484427 449.3294656561
1764.4212008225 -1974.4829831550 -1052.9788671681
802.1842737496 1.5485436872 -885.7899275641
1835.8171522626 -1142.6154204589 1954.6722820270
1204.7161006838 -1354.8435592885 -630.5287559506
1702.4816174384 208.1756228476 -1374.9345437514
851.0708064937 -411.1361666516 -1635.7440616991
1376.0647367279 -1755.4136798759 -1623.8674411651
-873.9363227824 -1634.4766977111 1951.3940232948
-94.7509368289 -1834.9460251230 -789.1276287758
84.9885033505 277.2883683299 -857.4476722504
-261.8843227019 -327.3888291295 -1743.2795204008
-1631.7998057929 -1614.1853884619 -80.2668879808
-343.5485615708 1077.2001673846 62.6643430916
1176.9271734849 200.9808650444 1687.3693809157
869.5263465382 -566.9824610182 1700.5843205646
-1824.2912131864 919.2048726423 -791.1525667686
-1989.1115811610 1955.9465407899 824.2906963222
-1990.0124256632 -825.5028844487 -1015.5240542957
-349.8873787983 -1179.1479152676 -1602.9383396790
-1826.1995583953 -1333.1855683153 1421.6603030128
-1871.7770136646 1970.3991925557 -510.0480667704
112.3713301735 634.9719444982 -538.8667919109
-1831.7451284414 556.0069794396 -298.4493520107
1844.1242640875 -270.0889897715 -1094.1572334975
-1775.2801088009 -614.6216179023 489.1534936612
574.8419202842 -1109.8531486971 -549.7266285296
-1326.5826277109 417.1908545364 341.2851520762
-1016.8785571278 -1918.2054439642 -758.2557403453
-1651.4891720981 1738.6832679928 992.0753905706
519.3789060844 -1.8391448648 814.2310350928
1251.4323485050 238.4710950494 -13.2770159804
-1818.3154779262 -844.5517095730 -771.7354625823
-1575.6521837902 -1093.9521729440 -1461.5043564396
-939.9885730691 -1100.4853806132 -1831.7169461598
1310.1094880529 -570.4116023497 1539.6496032761
-1019.7701423458 -811.9614741007 -531.2120188744
-70.1520080936 -952.3117627602 -1759.8437728235
792.6721383167 1138.6279609057 -1021.7849055355
1832.9648641228 260.4165419104 -664.5947141558
-1618.6554112056 1091.5868363383 622.0054401932
1387.2496333374 -1584.3904601816 502.5519309516
1741.5775683360 -1880.2557367980 -1325.2962016605
533.8747439968 -520.5566201151 -1588.6322246125
-942.5062297203 183.6121937219 -1724.7694878424
1974.5491192392 -1921.0602302316 -895.8729936407
580.2928464186 -1836.1227572524 -649.2327796482
1583.4102210451 195.4737062470 -1924.7722742379
-1744.7037910691 -1749.6610848770 1849.2244113093
-1690.9514674737 -140.6186162191 1862.7058049568
490.4205960734 -1498.2483872579 -1155.9281607892
-833.9700155244 -668.3255211799 1959.2331173343
-1476.1799054943 1285.4043210979 -1548.1330303905
1202.1408970714 1947.6117962612 -903.9591062237
1992.6195619286 -214.2698647790 -1053.9423819341
1612.6256182241 -762.1778510835 -842.6221161497
-944.2231928122 -655.2778832414 429.1685944741
759.8803835143 726.1125551765 1469.1676077687
-1696.4807519388 1756.9100971398 -864.1945740909
886.7119189027 -1745.8977635537 1558.4239414590
181.0209307123 876.4129896272 274.2793400317
-641.2146015274 1002.6283711971 -9.9999584498
-557.7677768452 1133.9856998175 -747.7026030753
-1605.0516274264 -1192.9522892042 141.7994539493
422.9147095850 -1620.2135714472 1728.5452852536
-1328.2657712819 711.0595816067 -1759.5190891941
-307.0656612348 1532.1375682523 -246.5661521480
1955.9097426098 -930.3154100052 -1745.9749244045
-787.5268149245 581.3637151720 781.6672912601
-497.6213350984 1148.1141851381 1482.9750640477
-1876.0967221954 -897.9802923694 -394.3946675088
-396.8816246013 665.9705089722 -1533.3859623694
1715.9162422625 1542.9537987564 851.4800177408
62.5276340736 1789.6940918209 1697.2059572511
-207.9552991650 -88.0146358981 584.9213141334
-1211.3744887470 -99.5005337467 812.5499860134
509.2334519075 773.8293175162 1342.9080284002
-1360.7985706315 807.8070853149 -1228.3470635579
67.8764144923 147.3013647733 -1274.0365937265
1007.8238734746 1868.7101082239 875.8260319836
-655.9048386932 21.1303442987 -735.1120698586
529.7818835225 1017.9900632740 549.2871450595
-1677.5898199578 -1229.6543435912 -1932.2017987582
-1379.5784001043 1563.5391163647 -1557.7730973033
1791.0761305922 -1369.6865861237 460.5943441935
-790.0611330238 26.2166284348 -459.7430246279
-1241.6300082086 -1282.4745077533 -207.4455739242
869.2018827644 1920.1888907764 -589.2119923322
996.2905504705 -368.0289307327 -1893.9232263467
-1041.0267164160 -812.6970186646 1381.3661713044
-1452.3088278193 1149.6955998133 -906.8242014279
-517.2137005158 -588.1944647925 138.3789282370
-642.9250125757 1000.0574025652 299.3770000145
94.2253110030 1721.1489553946 -1543.2788896011
-1639.9024764136 -1911.5986623490 -303.5630347316
-1674.8294351889 370.9231520691 -1453.5087570838
-1355.7667861060 854.5459123832 -974.9646283250
-224.8466215699 -1203.7574222044 -566.3305493578
1011.5506037548 -1405.3719009711 932.1368729562
-150.1268032214 -29.2187806263 -157.6393720246
1113.5887173830 1694.5946211006 -582.9214584967
989.8151734520 -1037.8170651874 190.6437686480
-1012.0395782652 -489.0970390678 -998.8571189712
231.6788265812 252.1311378867 1570.2205723829
1487.7444911326 -1258.0479719377 639.3330492340
1297.6708723207 633.3324349342 1762.0417289838
449.9686691215 1270.7618490337 -1533.2188664362
33.1851497185 1419.4924403647 1523.0416047594
-1536.7200004163 531.1978610540 -565.0810408992
-395.3254693491 -1300.3191165187 1923.0467093670
881.8587481950 75.7522716639 1890.2537082547
658.4328400181 1094.1778170110 -1048.4043848456
-642.4465530952 -1094.7352247469 -1092.4773019095
123.9088387187 1487.9857102215 1856.4262619246
-736.6835608006 -489.9367239574 1649.8718778188
1736.6246112490 700.9170688914 -854.2154289905
-1502.3293507968 -1206.6846705182 -52.3788730695
-1084.4698054722 -1773.4524071642 214.2890670988
1654.2911542205 574.7527193470 -1644.4079681824
349.5512510296 873.0079914538 -272.2441435127
1448.8072664500 -1245.4766028682 -1322.3184398100
1062.8768495855 -1343.4143451022 466.4255269145
-671.7168177174 -529.4054338425 -1994.7218393451
367.9539992300 1863.3085488858 163.0958717981
-1231.5048768352 319.9033185325 -506.6989318177
876.3922555476 -1546.0670553030 -1744.3832086489
-1658.3479411594 -1275.0151406345 1680.7825729409
1363.3489756271 -875.3823188904 -802.5935914981
-1181.2514128147 1454.6430585609 125.5818939440
1546.9896850246 450.1589618178 -647.2258328793
1022.3856579000 478.7982488959 1855.1314550472
-420.8377455014 187.0785482246 -681.0481755225
1356.4987938609 -735.7790256768 -1527.8734728827
-1490.4275158405 1154.2800095765 -138.9316664306
704.5146313916 6.5589669122 -1086.1645860568
-1351.6870030729 -186.4442594076 -1842.7704545632
-1469.9368961149 -1461.1351022234 1452.0633844151
428.7769361980 -805.4714461189 -404.4867714339
-1239.8465037247 -789.5500619028 505.3620391687
-1658.0492947207 -1036.2122259410 -213.4132440720
717.9618434081 204.7306905475 -145.7354657750
-1019.6687906349 -1298.6615524184 -1922.4670725570
1246.9163835043 -1884.8197707715 418.2963430684
583.0645963871 -1262.1259456647 -1187.2067966487
-91.2308650366 -1895.0429095890 1448.5856568384
1793.2163314061 48.3509405099 1785.4928163695
1371.9177249082 -1267.4339591356 399.5981307215
-1443.6903271739 -1869.7572846683 -1247.8600536254
358.9452363711 1830.0017914891 -125.3838492100
501.7727220263 408.9826083020 245.7804070621
-1757.8564220177 -1391.3331150283 -76.1349493093
-1040.7381131004 -1137.7675748112 -911.4587566309
1153.5327628314 445.5047727066 1919.0965330250
1474.6781797292 671.0857612022 24.1327264837
-750.2259675684 -869.1440293153 -317.3077323053
1046.8547930136 651.0827072501 252.5761741241
-1781.0219913552 -926.1985755655 -568.8382871701
-1199.5821795946 854.7407117970 1758.7535922087
-684.8272298380 1138.3677060716 1394.1087817942
1502.6924431723 628.5679225784 -1764.8014759322
-252.1565247948 -254.1449547882 -840.5734309986
-557.8772320449 -1903.1876847109 -459.0659773181
1231.4361364182 -167.9973789920 1982.4544670625
552.9662761790 1739.1660431564 -1369.6540576382
-1778.5088673906 1535.7286502653 -463.7490236373
147.7811242422 309.6187692705 1361.4673572466
-1362.7600624589 -1538.3986332941 726.2777711907
696.0845299012 745.4454868638 -401.7893517465
154.2930703954 1556.7834471957 -1368.6286972645
-1973.4545280651 -1583.7801316238 -633.2305289782
-391.6239041367 -244.6327851432 -536.4536735923
-1780.5945986383 1142.1632694099 1095.3585191212
-603.9058549649 -920.0128113206 -1459.1977406270
-700.6823210412 -1187.6697895214 -372.8274567442
-396.0696724606 493.3929413746 -1815.0260894730
-636.7014140772 1883.3030554441 1109.8001820691
-1221.4745684258 -348.8119356449 -807.1607691729
-646.7585440156 -269.3223179176 -653.4176056513
-580.2776195274 -959.6396836337 -300.0921285900
1417.9909941330 -587.2894646653 1001.1413924687
541.6669745779 222.6995783591 -1250.2638531033
-1546.9524291975 1789.3977245409 1594.7276488673
-778.5271142044 -141.9913164342 829.3780641951
1639.6279672708 1919.8575111266 -1728.6695750474
-1741.7092346214 613.3430727281 -36.9476290250
-1247.6228889873 -1788.3372634040 -595.0078928520
-269.9209194933 -533.9174684624 884.7119569823
1903.7010207198 -1280.3162383698 935.4202160750
1854.7375454218 398.6321901584 -1066.9637097293
1394.3670432355 1196.5151165282 1167.8234588511
956.5052892765 -793.0660205648 1800.7386723039
307.0770445350 409.4448157097 -718.5592001269
292.4823236594 -1309.3353829907 -334.4424105977
1338.7706085298 -1680.4654452846 -1849.7115374828
-192.5334030936 1358.2732542694 -420.2029912611
-1741.9498387267 -198.2875680011 496.1386345590
-1419.6150488522 1592.0966384445 999.7609999886
796.8065753803 762.5810753375 -173.2835093549
481.1027401218 322.3514695581 -770.1571909933
-1575.6223576842 -856.0524071939 -1691.1282789683
-460.5355156913 -618.9162249079 1704.0031913539
-1541.6338043870 -1606.7155094381 -959.4615544745
1163.1519343543 1306.5069334078 395.3297713104
568.4380009199 906.1513031991 -1903.1096293597
1477.3460766607 -1616.5968164565 114.0548487211
1656.0072884101 -1486.1530874481 868.1095115936
-10.0156313784 -40.6486849578 -123.5385930809
-363.2776681339 -604.6524108954 -161.7727616687
482.8737985279 -592.4280701828 1655.6690203951
1893.5968738816 1961.9250787736 -1005.1847074207
1787.2593854113 -901.5612272203 490.7886562360
1593.8835340202 1914.4105796271 -31.7191259379
1989.6828538520 -1648.6221382007 1488.4828601697
1620.1017697760 -1909.6585270169 -40.7592749376
-1612.8109573496 -1906.6567676916 611.6745506638
-1556.1376962429 102.7798367336 1634.0645220156
659.6308013436 -357.3978335116 1841.4874429980
118.3185647832 -1333.8184625631 1855.3269442064
-848.9221164809 -62.1598403948 -1406.1072166227
-412.4441333012 1935.0413081096 46.4828395840
336.9228936472 1985.2303530368 866.4924694954
587.0434012491 1398.0333577982 -306.6545670731
918.0977847993 -1017.2360185299 1576.4866643194
1569.2215271296 937.8947600647 1246.4784305745
-1016.4335070838 300.2856401806 602.9249824244
-271.9311055738 -870.8570208039 -399.8281769333
-728.8504057363 208.5452913930 -1281.3534881795
570.1787547446 1515.9801767496 -1714.1433112569
1682.8704748450 161.4048862411 1225.2864128677
-924.7007917431 -754.5573147223 1855.5590280168
377.5947332082 818.9766538653 1482.7451736695
-823.1138617220 -767.4688972761 858.3561464362
1870.1099948974 -143.1196861606 148.7627166237
317.5423096755 1109.8414262237 -1374.8434845823
1896.8511537466 -1252.7954488646 -686.2347603151
-1923.3017482773 -203.3224333098 79.2898744606
-1212.7944550676 212.3577715080 -868.1654601919
-967.9409815016 553.5740162317 1997.1718663031
-579.0010340184 -1471.9459543525 -706.7149742850
-467.3598386037 843.6728425741 1083.6616300344
270.0408903170 438.3933135343 -733.4602046150
-640.3929335939 1284.4082093903 -1178.5233410041
-367.7470878886 1466.2084250324 1668.4300599975
-514.1084941110 634.8426146356 -1292.7328834630
382.0727864847 -404.6153130889 -599.6936210923
735.1473092446 213.8484269535 1862.3376728749
-509.0219324368 1850.4351820915 -867.4834736477
634.6022786364 1272.6468939729 710.0884307433
570.1906966478 -98.5900991430 -1924.9299734274
-1443.8636963526 1861.4082563723 782.8624384590
-930.8328361069 -469.1138144698 501.2325665292
-350.6504005424 1332.4321080717 -298.0395840737
-753.2286098882 -1417.2250407454 840.1473362937
-1827.3630616523 1313.3270068369 -1077.6039855836
-1482.5017667887 -1023.0866879940 682.7943353550
-1350.8003654290 1383.7495717142 -1514.6399362030
-1044.6346968523 1981.1514102395 -1448.3643849674
420.7856259175 -1177.1941521385 1701.3944176858
25.3500673459 1939.1858664913 394.9078872017
-518.3864161355 1461.9496379766 -1979.1964306667
1811.4181972401 1611.0694838341 -1909.2639442013
-1092.6799374706 -139.4485535714 -1405.1620688986
-1762.9975874399 942.1462805548 -530.7589115795
605.2680558923 -1747.3860978180 -1579.9194689859
-1173.9050782843 -903.6810414845 -89.7210426079
300.4201153138 -849.9988103942 -1277.5582144523
170.2023030495 1883.3995396740 160.4500981369
-1218.6129719783 1869.0961192390 -294.9178789882
-1851.5126695763 -896.3108813468 1200.3424826878
-498.0726109225 -335.8108170876 649.5215608121
-582.6217449639 -110.7281402309 -630.7363542511
-1961.5519308601 -85.0920923372 -1502.2679064219
-1844.3592490342 -654.4066165225 -1598.2867455766
529.0055594708 -1054.8887893424 157.5909665948
98.6360621687 -600.9084805801 -1415.5781982151
1140.4083136914 -675.5261229905 -384.5975397607
-603.6571044494 1955.0382701951 1377.8108880416
1306.4473096186 186.0962951247 262.0276565167
-1850.8172732837 1655.5852144667 -1720.9663070145
-495.1120340774 477.4052972809 -1090.0709641721
-591.8058021344 1300.5094928634 909.6262075907
-1227.5082864337 -1374.7162325275 1810.2707363809
-626.3028057366 1748.3589732411 -443.3154824850
-1274.1745829694 511.2633106603 95.9756030183
-299.8424439019 -1090.7557630180 -1672.4879219478
-260.8626986878 -1561.4337532699 -371.3060426443
-1017.6504413686 -847.9924042346 -1915.4661593378
104.0996342854 -1226.6296286392 -510.7019876947
-133.7483822138 -1288.1130809568 52.4006297279
1402.1118617508 -401.5311899858 -902.8331339710
-43.9233742272 1781.7000896505 -441.0691250975
-1200.4776025481 1858.1091045965 881.7304662627
691.1047676863 -1007.4303674782 689.7239158973
451.4246177442 1379.8992421590 -1735.8023184219
-1274.1101059252 -497.0653042106 -865.5788607324
-294.5510361941 -1699.2847749192 -1328.9128188557
-1096.1655583866 439.9355356135 329.1013341675
-159.3838017270 -1163.4665342807 1762.4548037368
1053.9753391111 1346.2752215152 1318.9452795488
327.7971043056 -957.1131825269 53.2348652540
-1907.1727674930 -509.3227224438 -590.1729256609
1128.6340209931 -801.1737175433 114.6139627229
648.2571360197 336.9688823744 -1596.8765726518
264.5487480509 -1116.2956008632 585.7938427348
-1150.9457651310 1817.7985230326 -533.9979838354
738.4840364719 1213.9581967163 -788.9873382635
-1829.7733371543 -466.7385578057 -753.4134130106
-729.8212127470 -158.6221472715 -1734.0392558496
-1513.8006642527 591.0494869958 -161.1540138340
-1845.5594531464 1164.6306197197 1100.1695343303
219.6339008683 -230.6481021260 1497.6257425367
837.6193081961 956.4734515266 1149.9254419371
-680.5895115005 -1980.3256461606 -413.3890749389
1064.3581815269 -359.2823443516 -436.7555256339
-943.2533038210 690.4871886122 -1337.3478454717
-1360.7211673113 795.0515019922 394.3835096810
1935.4178179344 1022.2721394244 1443.3627275031
987.6134143957 1201.1392515621 -668.9233512866
-299.0278085740 852.4887327406 1967.7323421658
-1968.8784044750 276.0531192661 661.2677640063
443.3351628659 1810.4601885890 -1928.4172846961
1488.3073766906 528.1169387106 -1088.9912241038
-1672.6041643532 -1275.1908459233 -36.4333996696
-1661.6344972895 -195.0809658015 351.2683961149
-127.5144602808 479.0794732316 -1770.0852161939
966.0731192736 -800.2985641500 1323.9397035982
289.0794664296 -258.9513275064 -592.8365616389
356.6293787068 611.4903311404 -1063.5165110037
-292.9397930242 -1609.0999310536 -1601.0917407777
-1183.7526633974 1905.1585054516 93.7432080418
-1918.2476530457 1474.5889699191 -1379.1896170042
-724.4923500884 -41.9794612296 -1329.0106374356
-1447.7808008399 -638.4308876936 -1985.9643965496
-1723.7066708197 -686.3080277295 1717.4648821130
1240.7287621523 460.7451626243 -6.6826687496
515.8497957615 368.1892750306 943.5736363565
1107.1740267533 -1470.3728183253 -730.4892531995
1593.6222346736 1360.4164688280 897.2494267804
695.3863590480 -1102.2028690902 -1237.6154727204
90.3100265707 1732.7151492931 -1203.5019289457
1227.6665724072 1099.1353900213 1512.3071854258
-1433.4263968622 -1034.2842133906 -1671.1842014221
-1838.9444973005 1588.3063179779 -1474.6659177608
-952.8247234186 1362.9552468278 1324.4488600702
-1627.7069026669 698.6112688077 -353.1127201544
-476.9874059858 438.4397035458 842.9685842941
-1935.6333487625 -473.3173752623 1267.5434009059
-130.6170634393 1054.2721698752 1849.0069904493
-1230.9939097104 463.7924308516 -1514.6217705328
-883.1326887861 781.3385566477 669.9377462991
-1893.4539139611 873.2490552405 184.4983152065
-581.2880524220 -310.4306287904 -1662.1918441576
-1907.6504047703 -160.7446991212 -1427.0965827159
-1701.8488770581 994.4089012038 363.2453053343
674.4301263853 1435.7623218172 578.4200257895
-1569.4073956366 1732.5406342749 123.8893460096
1257.8860665058 1171.9634563068 -1732.3251889954
558.3491330869 1698.0946063235 975.6520147822
-109.5897919587 190.2086519713 753.5955596476
-1855.8165092768 1749.2684732438 -667.9996174122
1031.6101791104 -533.4040427090 17.0888894678
622.9456916942 -63.2707543945 1247.2825529585
-1557.0961806451 -286.5403719259 1076.4462985806
-1051.2586866505 -1341.8935930068 598.6627364940
1054.1614114683 1564.2878916291 -1939.6349825402
1009.6407612758 -1969.7299207135 -1793.6272796212
409.8705419839 295.4980805014 1442.0248593893
-797.9319039819 -950.0033454377 -1868.5891406900
-101.8754116630 1001.0651860878 -1357.4105694305
-1051.6889391257 -1924.4096912889 -724.5865858640
-1439.2558078048 1664.4967665850 1948.4000136322
1152.0572938562 703.1264432324 -948.3617634322
196.4543705519 1038.9590087481 -1760.0281734833
-948.9350875516 -417.4216346981 925.6685521661
-566.6312139631 -771.4424503627 -1817.1148117126
-1773.8679971456 515.0121145897 347.5586520268
1826.9288510166 872.9661097207 -1698.3113746151
78.5206845747 1356.8022469922 503.6008705482
-268.1031664305 906.6480968639 -285.7661432095
1251.6573687794 461.5879058170 1660.4890408242
224.9278667549 1722.9591694184 540.8359752401
-172.4348846798 1537.2741530049 504.3464274449
1547.5106834460 1095.3553153920 -888.5272953227
604.3550103101 1892.0461401744 -201.9060319937
-1464.4695560019 -1096.1176050156 -59.9098903189
260.1334274257 -628.5218427711 -1816.3634555286
-767.2998288582 288.9890602141 1124.5919654063
183.5866017021 1417.8635979046 -1869.9742155677
-981.7268746896 -1865.0582448650 -362.4460372756
-801.4663276085 1738.4357397180 -1179.2746105112
-721.1781368316 -93.7891518504 -1493.4686163433
-1233.2548895356 699.0223246340 -621.0991544731
366.2551686599 -1297.7116000928 879.8520585231
-1940.4305349513 -1928.5063114112 -240.2725470535
-373.8854308192 -128.6047121373 -192.5991014641
-1114.9624697966 -223.4039866961 -1027.2889084709
148.6090390737 552.8176078329 1492.7489217772
-491.6756842873 248.2858337905 247.5844711104
-337.2912722316 -1014.6164724603 -849.9125148431
979.9187529342 -236.3399097361 1325.7862538118
-1618.0326184529 1405.0021645966 -73.1760648943
-961.1222602408 1333.8249802659 1902.8891745894
124.7576276091 947.1480704729 407.0430271087
-950.1173411352 1627.0776497234 -1615.7591475917
354.1572558884 -1145.5749065722 -1249.1083769958
1973.8484246349 24.3695151772 640.9157046705
476.4964866117 -554.5054578522 802.9504341223
312.6248268631 -1706.4948630307 148.0911433711
-310.9872176531 432.0996832869 -787.5725775656
-1251.7853754701 -1327.3125119306 -1148.7148511823
-216.4595973149 -923.3486163995 1872.2338168207
1960.6908077418 -1007.6144332606 -406.5112529736
-1413.6756017994 -52.3004595456 1378.0927006410
634.4425480012 371.6739347356 1520.4013519449
-835.7846274873 -1087.5783587247 356.5444955171
-1631.8250758674 1533.8601095173 -1763.6788463850
-1388.8114003951 -1329.4345405519 17.5755106769
1972.4087028687 229.4728345859 1101.6395279165
173.3061252091 505.4879188613 544.0084208773
51.1349587523 -1970.8014320085 -1607.7060450540
688.8877729208 -366.2673555519 -226.4271550003
1357.0978461590 -391.7357145954 -375.2146108801
-139.2284993345 1588.4247842101 1593.9403093897
511.4662833040 -586.7619919821 -685.2747443567
-739.3958970972 -548.2742639434 -1110.5068895817
-1145.4656805368 893.6697033683 1806.3568310998
-475.1212168746 811.0830752711 638.6520555525
-936.7640392037 -562.3724411890 850.0200251435
1760.0786494953 1381.2217344176 -561.3883996911
255.1069841722 -1472.0372391973 -504.3197934505
1701.0455368144 772.9087167628 23.9398664370
-1634.6247159778 -1010.0149208432 75.9166086198
22.5239022148 1432.2347141771 1376.6632469460
742.4303322892 1965.6281580668 1314.9397971969
910.3699817214 -134.3218970952 926.4894276408
1509.7021807782 298.6976700798 890.6673810413
1299.5508368168 581.1873765699 -730.4782098757
1202.9700670660 27.2481602720 -1907.2758607459
-640.0989029007 -1189.1467908968 -1781.4712218000
-1192.3946805967 -61.5011617789 -1423.6154584380
791.4624505093 242.6109255393 -877.9215700737
614.0562308742 -217.1422703291 1202.0287549367
183.9584130747 -390.7840527785 845.5127197006
1435.3774355228 -1945.8238927025 -341.7406500436
837.4000383341 -377.0885963306 -1735.4891967282
-79.0210019326 -1494.4916910153 222.1469553561
1989.4504717568 248.0338079504 110.4248418580
21.8446079159 -541.5821396471 -1121.4432364128
213.6630114936 596.5407970627 -1657.2532381401
-243.5134771684 387.1253333526 -1205.7565498532
-1227.2091786439 1893.1554823876 -1010.7238294340
371.7635789283 407.9604919254 -1394.2455995923
590.6694470969 -1171.4944845751 209.8284343848
-1769.1274258208 854.1289770506 385.7451930254
1505.9611649382 535.3490061173 1937.1485258723
-1025.1097595048 -137.9328200793 869.6534478429
1454.4085006878 629.8519725743 -433.1228444319
-601.4835263283 -705.2453491324 -1760.5685249439
-1979.8499212126 747.0377613394 1519.4188697524
1663.8586031098 -1931.0242266830 1221.7291462272
-1904.9285595156 1545.3461729770 -390.5698727514
1257.9402286187 -1803.3729340828 -549.1647348845
-1756.1156612886 -1702.2516701095 -559.8715165780
1047.3530833282 -146.1909930930 959.3347289113
619.2503801097 -1092.2655480291 -348.3883242644
-738.0939601438 397.1413697575 1589.1007668272
753.7139586198 713.9234918859 -792.8518196497
-1100.3251317375 458.7024729803 713.8758298889
-1180.5734517982 790.0727344187 1288.5693562705
-1462.7459347618 -1120.1045691398 -212.1359317742
-1102.9839699500 -1582.3524017720 183.1813624697
-395.0804945793 1651.2107593135 -1775.5063913130
-114.0652432094 1210.0164285039 -1983.8578683865
654.3323223653 1916.1942072386 129.7928852149
-906.7744201921 16.3922974560 1285.0901135553
1708.9775893759 -1297.3165104155 167.2034599047
1312.3902468394 -1143.9646642385 -1791.6994369611
1615.9337398316 621.3127020197 1517.3955008825
-387.1888314713 -920.0742468543 1596.8540409160
-1966.0430419221 -1817.3820314203 1043.5541955252
-1480.0140468829 -807.0854953479 1304.1706408476
114.2875638041 -1723.3362736519 743.8740509599
-1494.9126890397 -1264.9693354572 1642.0304149018
1726.0672904748 26.5592311974 1125.9822358508
1016.2059250906 -553.0443050718 493.0513555617
-461.7396164198 -1707.5844933462 -1109.5064115819
-951.7045155191 -120.5215353030 1299.9506632174
-709.5443038301 -132.7585985255 1027.4515593768
-284.7960436904 -1244.3201382478 -823.4277748315
1201.2880738801 -1874.0299179677 848.6808301468
-1230.0076453511 -1468.0182994525 -480.0797404884
325.2827286083 70.9286904009 806.9009539233
-1031.6619448647 666.1288797244 1106.8989329663
-1426.3730159848 1347.4201592484 994.2063484979
-1066.0492511994 -647.0051345436 -619.6126894362
-295.5571719547 -1019.8873402631 1412.2199469814
-1789.3070801289 -554.6967355086 -400.8568358246
1656.5647054427 701.7468171554 -1568.7750797727
356.4936973818 -1507.4601478308 401.9938976639
624.2229105282 -1260.9435550524 -120.2094619807
-348.5964697763 62.8061716184 -1450.1875863493
297.8043104565 -170.3159608491 -1592.0290352467
-883.6378714761 -1619.1512142498 -85.1134374317
1191.6209366791 -860.6531492167 -1489.0238033178
1261.4487237506 1655.4824431415 848.1151273243
-908.4594484894 -1343.3107786573 285.5321237272
-932.5292140788 141.9699083764 -1513.8922009736
-84.3594905442 -1244.5599432030 -1062.2684487338
-1064.3708847308 0.5754272220 -1251.6964219374
-70.0194047002 -1750.1880420328 745.9468137615
956.6107818367 1672.7418855488 1593.6396712330
1165.6114417933 -1663.2253126040 436.0298255411
-824.2698592545 1889.4978730209 926.4479408842
-851.4505710127 -956.4850114873 -749.7571684525
916.2518139380 -818.8813893906 47.3024510627
1253.0174131436 -770.1077729496 118.0361159041
1865.6170999370 -571.1781084856 1726.1887919402
1184.1545764828 -1110.7075774413 1003.2435720525
63.4155988807 -515.0104457567 -1581.5934479431
731.6459972658 1061.7561066616 -1852.6695622836
225.5366837997 1987.0637750035 1477.6858024475
468.6355762667 1839.2637551220 727.5593990734
-345.3346478208 -1250.4769810256 -936.0963780870
-555.9154271034 1783.7576222653 1452.3791930822
326.8028764963 -911.3297873409 1790.8709204384
-1219.3727527929 1230.5604297385 -771.9047845970
158.0649168667 162.8549401558 -1650.1027976317
-142.0889267548 -1317.8442556969 1859.5379832324
1720.9253647182 1554.1934404519 -1231.3467442334
998.7310608531 1528.8777506441 1850.5837133981
-1089.7323117603 1727.2773115136 1302.6905214997
1302.5679594429 -1917.0181071085 1744.7962576327
-255.7044697792 -37.8850498111 -1964.7955088210
1224.6580559118 -1419.4719668547 690.7832286603
1818.8444522464 505.0258504357 1810.5571867845
935.5534297697 -236.4547961202 -840.1101456650
1369.6939324294 -1189.3113647639 1024.7050210910
209.4229774435 925.4411775581 -554.6963575100
-452.9134588913 279.6409261649 1565.3488279250
1392.6226384008 -1338.8476306813 193.6429223569
1324.2659854494 607.7271110518 817.1701001049
1529.0179863208 -515.7112713398 -744.7420406094
165.9450278402 -1994.0780306984 -691.5181303194
-754.6224433035 1899.1446393849 -1691.6588972195
-361.6070038472 -1726.7343666731 -426.6124240102
