3.0659104762 -2.4210313773 99.9236648648
-80.4489175153 13.0107320684 57.9542278152
86.7385744717 -21.2178183699 45.0135966375
-1.2859032276 90.2895460660 42.9667816352
-46.4668421580 -42.6838425967 77.5817128004
33.1959580361 -86.5167987357 37.5881883919
-33.8628749842 -16.3265802402 92.6647099789
92.4207709467 11.3878939665 36.4515701806
99.0923813780 -9.6174454504 9.3917355076
-13.7892771572 68.6455787642 71.3977615308
7.1685164419 64.0095613038 76.4943686406
-14.0626026374 -8.6843050651 98.6246726362
-3.2985741354 -4.7945578760 99.8305144905
-21.1264673171 22.5182243942 95.1136265150
4.3189551122 85.6694917243 51.4012141339
-88.5176119012 37.2613487061 27.8608017815
-29.3598472715 -53.2244053345 79.4050505005
-87.6387955678 43.1083290491 21.4735529903
14.4900634056 -46.9178997589 87.1134245953
-51.7209385782 70.2388278339 48.9024700513
-21.3113062314 -6.8126263429 97.4649493358
18.1211653882 68.7301631033 70.3405149595
5.1882056412 10.6352697101 99.2973995652
30.2066879239 61.9982778539 72.4138767628
41.7885245677 50.4450151133 75.5580549292
19.6414083940 43.3932410614 87.9274798142
99.8156874349 -2.2885335469 5.6206010452
-52.8559415599 12.4667815325 83.9692134061
-42.3849060534 73.9760001452 52.2596511791
58.4902327532 31.8480628505 74.5962034231
15.5334339911 37.0311835855 91.5827705996
89.3910484017 32.8667116833 30.4798249467
80.5131071835 -57.9098938848 12.8095184108
25.6943446894 11.8626674897 95.9118228948
6.8826076729 -21.4361167302 97.4326568002
34.2070227561 75.4454203477 56.0166773625
37.5520792896 7.1515040968 92.4050719938
61.3294432774 34.4826214569 71.0608767519
45.0963566291 -76.0813316566 46.6685074985
9.3637682798 -98.7079867019 13.0020461794
98.7785908031 -5.3831711038 14.6222935209
-3.8164472608 26.2827372181 96.4087778920
2.3674358728 21.7297276045 97.5818332766
-39.3004443609 -16.2630552660 90.5040778443
-31.5695644455 -59.0026560838 74.3104916938
72.5731382229 68.1689998559 9.2804669669
5.9260806356 -53.1546985599 84.4953228842
70.7359299235 -42.6519660731 56.3669939588
27.4535310429 33.2194230002 90.2373180497
-17.4625579498 -90.5297324699 38.7224303056
42.7750544344 62.2319976927 65.5551155999
-60.6323080114 -68.8971912556 39.7102035035
-38.5851379057 52.5020586681 75.8598771974
-3.4493339600 -99.1352030287 12.6615013204
-49.6617613636 -55.8592183145 66.4338557330
-74.3353597603 -22.7718143371 62.8943460185
45.1742244886 -69.9216186463 55.4098970196
24.3710308504 2.9342240423 96.9404104827
-6.5054280112 -42.6362860854 90.2209871107
19.7371317638 15.1372569398 96.8571581355
-37.0620899382 53.9261626493 75.6199079035
-42.5759760862 -52.3425129425 73.8075036780
-66.4465808481 -63.9434774772 38.6792396735
19.9838061941 95.1158241511 23.5292899605
-66.8858606882 57.8406480783 46.6984054319
-82.9616729287 53.0620991160 17.3716568660
-0.7388696590 -3.7963916120 99.9251794212
32.5740568154 -33.2520212796 88.5055586017
-2.8003513692 -19.7819039744 97.9838471757
0.0480889628 -73.4215120995 67.8916728949
17.9092668079 96.3308071990 19.9908415727
-65.3302201149 10.3356846536 75.0009064110
53.1823402084 -13.0313362735 83.6768962431
-35.4486293780 -90.5495004572 23.3277226100
56.7162208094 45.9696393606 68.3378559376
23.3967672208 32.0914616660 91.7754290197
34.7617129497 49.4691160627 79.6519294731
95.4695814747 10.6176053184 27.7997386742
71.5036301428 21.6433208124 66.4740365904
-26.9934895796 23.4387496592 93.3915228205
14.1578964447 -26.0312054504 95.5087970349
-73.3926708035 -40.2561773685 54.7079158442
57.9972151447 80.7430638628 10.8111365505
50.1084712686 -18.9557626799 84.4382624664
74.0150724458 64.4918636599 19.0412334820
31.2073052405 -13.3833643335 94.0584374671
37.0671535226 60.8414435438 70.1736765265
21.0112882632 -74.9271664540 62.8048206167
38.7295063028 -85.2918915918 35.0045507075
40.1528884476 91.5824232922 0.6366264459
-57.5861824747 27.7349083333 76.9064785810
-29.7979178915 -36.5640623876 88.1768304661
-14.2286144128 5.7643013761 98.8145705933
-55.0550860719 50.8088068309 66.2374716157
-90.2425480208 -38.5808307105 19.1781654075
-40.7894332823 71.5009715743 56.7788093961
40.9132641241 -9.8104635924 90.7185737477
10.8681877556 16.7339928191 97.9890605080
-31.6996111487 23.5056960838 91.8837140338
96.0406026084 -21.2367594249 18.0333773801
