-97.6107557342 -11.9062150700 18.1764245030
74.3231131075 49.6556410313 44.8373970228
76.4132179438 -8.0140272592 64.0062144683
83.2476892732 -6.0913225842 55.0701191197
63.4109917654 0.6264949807 77.3217539078
22.7068744230 -27.8254394649 93.3281456610
52.6652728437 8.0126111069 84.6295876130
-12.6992983523 18.6250284028 97.4260547202
61.6013015733 -71.7203652297 32.5801911565
47.0064819482 57.0851147082 67.3177564510
-40.4186486289 -70.3914736392 58.4069626151
-50.1109405833 42.4833932048 75.3926716310
-19.1205283054 -12.1991614898 97.3939723816
-22.3508015330 43.8461350908 87.0514681578
-98.3881580080 16.2505950205 7.4624744744
2.2709946473 -1.8297352830 99.9574642141
6.5077071541 -52.1721759070 85.0629990579
20.2877843289 73.1760003772 65.0667255655
18.4595342222 82.0142910919 54.1562706710
12.1055585604 -64.5868146440 75.3790343934
-64.7417160239 -5.5627530691 76.0103018318
-35.8494813363 91.2109873134 19.8839251966
24.4094410007 1.2196895682 96.9674767507
9.7673484804 2.7645740940 99.4834460287
95.1676894454 -19.4789156605 23.7420035025
36.2717313753 90.7390826634 21.2315892113
43.0545054558 17.3706587237 88.5695759020
-88.8747438270 -20.0213132677 41.2362331539
-24.3479391270 52.5760746207 81.5041976695
99.3634008869 -10.1064519476 4.9773681010
2.9061093337 -37.2172994379 92.7708313593
41.9759473239 -17.5800394267 89.0447194392
66.2121731040 74.9117472002 2.0440802959
-2.3917688721 -8.0382932295 99.6477058623
-95.4051156308 2.7897442129 29.8342293129
51.7339295521 -26.1996079441 81.4688963757
-21.1634679922 -6.3283375703 97.5297891218
5.1466231327 6.0041597071 99.6868212782
28.7699739794 -12.2199653651 94.9892680449
-31.3699504739 59.7844115546 73.7682204092
20.4569878816 -1.8427731263 97.8678488270
-23.5920545287 14.0980571556 96.1491536497
1.8842465261 -15.7207749061 98.7385783338
-82.7738806878 50.5080603241 24.4421872627
6.8658289766 9.6112487251 99.2999712508
-60.2825659987 25.9425706707 75.4519400917
-0.0100295596 -1.4661765327 99.9892505512
-9.5135355790 58.3296129025 80.6669008915
73.9936891901 29.0547290306 60.6692399903
-72.9286884991 -63.6445304588 25.1153366784
-32.6651519672 -38.6218419630 86.2632086717
-49.7275704915 -84.8295005478 18.1968285651
45.8657344718 -88.8508680538 1.3629554096
62.1450493904 -66.4522468189 41.4980930765
-9.9554826209 52.7321564042 84.3813252251
-39.0300322454 -37.8707265144 83.9193938026
11.0147416023 1.2304973910 99.3839088767
19.8706350723 -32.8550448413 92.3347382641
-55.2433620149 64.6004895508 52.6777723816
69.3349125072 -61.7613346196 37.1242165388
47.5786106772 19.7829984160 85.7024432540
2.7626849547 -14.9756710594 98.8336827613
98.8234259677 -10.9392472496 10.6894036134
-12.3660231018 6.1471954280 99.0418773096
72.3736310075 -20.2583858872 65.9670776678
-58.5042380175 80.8968001905 5.7412414104
45.5339394673 -83.5817924807 30.6715555898
-11.7810358077 -13.8584752284 98.3318354331
44.1477076752 -89.6384911960 3.9900881100
50.4647087586 72.8358282393 46.3492750170
-14.2036631059 -76.2116380956 63.1667806142
76.0319416905 -63.2130377062 14.9417437643
14.6996058325 -62.0426282218 77.0365748959
-58.7828418719 -80.0433977100 11.7316658880
-31.0733229390 84.0931940628 44.3033104163
-8.5227210940 -65.5696620440 75.0198816620
-44.7042797713 53.6866905594 71.5490504962
32.7932015457 89.8161895546 29.2857990548
-20.6829708080 -53.6991911662 81.7839323256
-26.4867910951 3.5235730995 96.3640717804
-7.1539180541 63.6029756563 76.8341261689
2.6378673955 13.8053410473 99.0073442436
5.1308487742 -11.3312914237 99.2233653205
-3.5069780749 -97.9665057884 19.7551220799
-24.9182812172 -33.5350861102 90.8541537892
-49.2819724236 -2.1604779214 86.9863180574
37.6480587879 -42.1884432851 82.4788392418
-73.1232325713 -49.2865685899 47.1574704045
53.5287738308 -35.2242005448 76.7719093689
-28.4296013271 43.3007557800 85.5383090625
10.2666751622 4.4776905924 99.3707485534
31.9969434788 -29.1742813279 90.1390976048
-90.1799832750 15.0555445668 40.5080386383
-28.1356218681 -72.5200066250 62.8429424932
5.9857055783 -22.4674751329 97.2593640216
73.3712474267 42.3382246559 53.1425891732
59.0141431096 80.7239245083 0.9894063976
40.5321707967 65.1447925779 64.1350070593
-6.4010723743 -15.5504833406 98.5759034467
-53.6502997509 36.4770812647 76.0990662167
