40.2796851515 -51.2440998793 75.8392325360
0.6094874039 24.8159036893 96.8700131578
88.4920750665 46.5060804973 2.5173651325
-8.9643921877 -52.2487177211 84.7921645508
11.6876994748 16.7274737860 97.8958083971
-93.1202368487 -4.7566451820 36.1385641089
10.8364791494 -93.6098845097 33.4628187953
-24.8393929865 -8.3596358817 96.5045130757
-39.3850719960 -9.9273821267 91.3797745017
53.4756396689 -80.4068209696 25.9826692925
-45.1514272182 81.0872801533 37.2317286397
19.7545382559 -89.2603383440 40.5259203104
69.0299445311 -72.2091397248 4.5504832977
-67.9812221778 29.4165296720 67.1805121539
67.1543858907 23.9459249961 70.1204758378
-86.2392745441 -38.7875466680 32.5317345000
38.8548396634 -13.8231938033 91.1000589890
11.2103816268 99.0069551636 8.4823447826
54.7118022436 -28.5487979148 78.6866242310
-41.5859402676 -77.4256374049 47.7061866481
-9.7534866515 99.5220032962 0.4902632539
-57.3299635608 -67.4629599507 46.4975731926
-32.2514145570 -75.0870952946 57.6348365080
22.7392725460 93.7371736147 26.3868862659
-87.3341852517 32.9726800999 35.8544621136
-76.9835495239 -63.1579448760 9.1982118781
30.3163770326 1.9463714615 95.2739677024
-24.5653947431 -15.0448538795 95.7611286110
31.0236515793 -15.1371877687 93.8530691514
-3.3677589402 -67.6473811945 73.5696270022
-31.0666432712 -52.8973176065 78.9730173281
-82.4606457618 0.1022223352 56.5705882163
-67.1987440280 -67.5037828350 30.4560027586
9.9768412211 13.3921444328 98.5957053159
-63.2660591784 47.0076435497 61.5441890348
72.2452471164 47.8143886510 49.9440537704
-99.5786654655 9.1065819455 1.0768237429
12.3850766036 -12.6347059883 98.4224267233
80.6622670078 -18.1117186271 56.2633480121
-79.8666093867 -22.4066316198 55.8504034410
-39.5365307670 -6.8157101081 91.5991748360
71.9559732185 -24.7025229505 64.9008727064
52.9144245472 57.9169768263 62.0136071370
49.2207515292 -11.7800368602 86.2470193715
15.5543732530 36.5736431169 91.7629015554
-71.7492056619 50.9500522965 47.4988805961
15.8819910469 -1.7987454064 98.7143701563
-50.2929286837 65.8391583710 55.9984513127
-73.5750241061 16.7822584426 65.6130446584
35.4835137751 -63.0011597621 69.0780292047
-61.0244109695 76.9474816439 18.8442652944
-38.1628431827 -89.4588046504 23.2533797700
-39.1904174338 -9.5062133070 91.5081585976
91.1038281818 -35.0729940232 21.6789663239
-26.8541403848 69.3880635022 66.8143082551
-9.5501036650 36.7683070610 92.5034438054
16.9311748520 3.1728246072 98.5051699260
27.3188866737 -54.7277475740 79.1110110944
-74.6144078835 65.6184867276 11.2651824559
3.7895717354 47.1820153195 88.0880047251
-4.4500978381 -98.0850733987 18.9608809287
-88.4392035097 -11.8430866551 45.1469664657
19.7496858960 -10.3819151703 97.4790528493
44.7245589684 -70.0391308036 55.6258391519
55.8994759599 34.3072656959 75.4868207562
-26.6374145016 4.1203138654 96.2988637644
-94.9420836593 -24.6748604664 19.4204019369
45.4451652711 86.2834612999 22.1337131902
67.6846898303 57.2300290389 46.2980187350
-74.9947329718 43.6104669093 49.7384881399
91.6987756160 -26.2104163799 30.0723897241
-55.1456294561 -82.1685137699 14.3977392923
-0.7689236074 21.3306739328 97.6955019746
-45.7528154404 -78.3028392038 42.1348460528
7.1377417764 4.4841589246 99.6440914509
85.5866437788 41.1646513545 31.3113060337
35.9528224796 -80.7384601107 46.7834972475
20.3833965219 20.5607486971 95.7171497656
57.5587876419 -80.4947642830 14.4075982808
-90.9122479296 -8.5739354308 40.7608980228
18.3322371890 -95.1466245373 24.7194036904
-8.0290786166 -31.6136920132 94.5309916052
-74.2624765504 -35.2402989766 56.9491519220
88.9813710791 -11.7219988655 44.1011376666
-52.3609741943 -84.6558081563 9.5771878346
4.2883056377 0.0793190779 99.9079783763
-42.7280463564 -82.5106729209 36.9635348514
-84.0633156362 20.5020210083 50.1300917497
-21.6944874903 26.3172362525 94.0040014497
-81.1621197517 57.8326545227 8.2519323962
-0.9105806997 -1.5036830389 99.9845477067
-40.7243337190 -37.7363622157 83.1714831530
-63.5911378680 -65.3121405968 41.1155867685
-40.4763661195 -88.8077450837 21.7910118836
73.1128200401 46.5434535051 49.8820857783
-37.8912306614 86.7548573084 32.2156696713
20.6704764672 0.8409640297 97.8367220532
31.6490044975 65.6559994109 68.4662709344
-65.0316991083 -11.5733623168 75.0795271414
28.2459920838 20.6037591534 93.6891084382
