-87.4477931397 37.6058763487 30.6379101612
-22.0900320910 -42.5393413293 87.7635170301
70.4844046474 -27.8845417857 65.2257696843
-16.3550832029 -77.0756029490 61.5781023049
-82.4842961697 -9.3426685552 55.7589044876
-78.8630274197 -18.8416406991 58.5287577346
-11.4568788955 14.5580020751 98.2690414197
98.7834273873 -15.5422716082 0.5217919773
-39.4881194757 81.1228204536 43.1251251816
45.1033207078 -10.6913908094 88.6080392723
81.6217055848 -49.3180575723 30.0936268125
21.2550403932 -2.2114609542 97.6899825895
-10.0509512039 -98.5606633056 13.5931610988
-34.0569335639 4.4361040938 93.9172308828
-37.3067601116 -42.8332212083 82.3014022414
21.2698376114 -87.7571248645 42.9683725955
4.0849594941 -91.1892552183 40.8391091807
-45.6607609484 -31.2621979576 83.2932763701
86.6369444841 5.2971900407 49.6586309531
-72.4976940294 -34.3154230567 59.7204830929
-25.8552681573 -90.9256301213 32.6195477521
-76.0924108809 64.2001077938 9.3963378825
-47.1373437976 52.1719419372 71.1066754546
-61.1834098341 47.7923660723 63.0276138394
-40.7816449565 -1.6221921690 91.2919817246
-25.6450227621 -18.2131908646 94.9242460389
39.7875611977 80.0520099660 44.8176937641
-20.3285421291 5.9761563485 97.7294015648
87.1097644700 30.6944576074 38.3371778586
35.2975698726 -36.9278119467 85.9675419325
81.5606000522 -51.6085391687 26.1615596629
-42.7324677845 -54.1277863999 72.4162891655
69.0029348547 -70.1111007837 17.9729944176
-77.0737527453 -53.2683175054 34.9588756671
94.4404139131 -31.9169138043 7.8942278358
-68.0993632746 -7.8327610717 72.8088220999
1.7579433081 -27.9055510265 96.0114048290
-53.3668430202 -28.4332712579 79.6462751899
83.0671390823 45.6280254118 31.9050732909
-97.5410326283 1.5396591322 21.9858227855
16.6671502457 -24.1345196313 95.6019406961
14.7180750145 62.0927925898 76.9926189727
37.7263525609 6.5705000258 92.3772204164
-58.9971281006 0.0538421325 80.7424050726
83.9695215338 -29.7557137600 45.4281515365
-24.1199489104 -95.0548746412 19.5652465228
-78.1273719291 -12.1737646019 61.2202026366
-38.0529171219 -91.9459254677 9.8955691296
76.2901923860 19.9612929741 61.4927095558
12.9068536383 -23.8112956852 96.2623255846
80.0025372945 -17.5602247603 57.3692647051
5.6999092237 14.7265252026 98.7453314861
12.2297315976 -46.7724157452 87.5372765764
60.1760348779 0.7082714559 79.8645301615
-93.7210958266 29.4913484413 18.6176412084
-30.5281183801 -18.2558192966 93.4599328588
-39.4859685390 -15.2653391181 90.5970623704
-69.6371539000 21.0568602123 68.6095870466
12.2861927679 -26.2197678626 95.7161075290
6.7056509905 -41.5921083877 90.6925066621
-37.7241986639 12.0527535141 91.8238311545
58.1363178096 -71.3589039259 39.0906047795
62.4548122426 13.6383119018 76.8985882589
78.2772840765 60.3805417259 15.0617720904
16.5427737822 -9.5487799940 98.1588377897
14.0961140782 -97.6929850055 16.0430747865
31.2885541794 38.4733949967 86.8379194522
12.7538741570 -89.9617650043 41.7638543634
-68.5305497485 62.8332463250 36.8177526124
47.7951803011 30.7889369425 82.2658015334
54.0352814729 1.3739253543 84.1326374558
-77.1914799875 -63.5615397216 1.1857847831
-17.8848233446 24.7046830408 95.2355591666
-92.3686912968 -20.4563894784 32.3969288303
-7.0285824140 5.2425755835 99.6148303743
55.8679309037 -5.1230886096 82.7799991522
3.5492003297 2.3898702714 99.9084165479
65.2607922618 58.7024616711 47.9066799844
45.6133161952 -52.9568215814 71.5192312156
-65.2372639435 75.2452301980 9.0694391016
67.5438196918 57.2486214845 46.4804018870
24.1295333217 -97.0399051445 1.0111534113
-13.0031516716 12.9209094048 98.3054838082
-36.3197193129 67.8990002095 63.8012833694
-16.9880777663 -66.8356068181 72.4182772169
21.9861607138 39.1337750686 89.3597022485
93.8459055627 13.4982186816 31.7922018982
-13.2334901635 -98.6487470133 9.6591640842
-6.1628672173 30.3674324128 95.0780632760
45.0383346794 -5.0163756443 89.1424948311
56.4633681686 -77.8269456647 27.4746170776
-95.0443602134 23.7581188654 20.0529643594
50.4093270387 61.6266346584 60.5066744102
33.7051589816 33.8414769219 87.8562274274
-57.2397508045 -80.7902798738 14.0193297182
-26.6629217877 -4.7231208720 96.2641196447
-0.1263390680 1.6659656628 99.9860420101
29.8730445145 -62.7180095536 71.9308868920
-29.0665321631 -77.2477178860 56.4617285373
87.6767879683 -0.8974143523 48.0830063436
