85.2080072291 52.1219349032 4.7853323806
5.4013415670 -0.0732761350 99.8539941108
-86.1312856096 -47.5794767796 17.8211960489
-6.2299246921 4.1224616874 99.7205763520
91.7345243521 -12.7820845593 37.7013972713
-68.3485417825 -50.6728337332 52.5427517138
-5.1205130923 -93.5225645855 35.0329881544
-91.5529593976 -39.8695267914 5.3363338502
68.3271513435 49.6222524342 53.5633499012
-25.0332953987 63.6076289630 72.9890653398
11.8267125867 -45.9472910952 88.0282642701
-29.3915458833 -47.3457256797 83.0332420808
-49.2715989497 -29.5550739882 81.8462408330
20.1944668982 -34.6332793382 91.6117867361
30.0056281833 57.3116736567 76.2563724550
-50.4632062050 -81.9162661755 27.2615141798
-86.1794028808 50.6342994318 3.0460203792
-57.0459349790 7.0594328423 81.8286362487
-95.3292501586 -15.7792375650 25.7555766015
-25.4502207187 36.6551901934 89.4912470427
-34.7076884046 66.2355623247 66.3944775500
22.2786487163 51.2879776849 82.9047957381
-50.2712116362 -84.8172829236 16.6983172233
-82.7982622891 -30.4205728686 47.1066503612
-11.3724597394 1.9151548573 99.3327707323
49.0328016976 26.6048703973 82.9937662046
-29.6825052919 -11.8978969560 94.7490840463
-80.9872555471 5.1174661551 58.4369401928
-64.4134229628 7.3118656556 76.1409716437
-0.8844631248 -56.8170322801 82.2863449660
-25.2896746396 -68.9572496328 67.8625823242
28.5942490264 5.0669201242 95.6906225451
-48.1222165227 12.2991853703 86.7927549751
59.5535256707 -77.3654676586 21.6324292247
-21.5751493763 55.2087497582 80.5388532295
-7.0168436648 -93.3254208774 35.2296710606
73.2033821158 -67.9327264385 5.1390198914
-39.5590931556 -91.0906363494 11.7291993835
25.1603625308 -9.0053926340 96.3631623642
-29.3898977407 -35.0922598068 88.9087577938
68.8921149828 71.7393004856 10.3609487518
-8.6482115423 12.4820420829 98.8403109190
0.3707528608 65.2063040858 75.8155686504
-64.4152810674 35.0208326131 68.0015650415
-35.5717759038 -73.7536480457 57.4025100409
-10.8802123045 77.1326009410 62.7071196300
12.1741337523 11.3644952054 98.6034417052
35.6034391829 45.2381398119 81.7673885159
-3.4458936170 36.6421979585 92.9810472406
41.1862033849 -7.9765835264 90.7748355327
-16.1569428873 63.8509300131 75.2463416586
63.2382122074 73.1097645704 25.6103658950
26.9564931456 -75.1260378418 60.2447169093
52.2695641883 -34.0860719013 78.1411054561
9.0605922517 -6.7891333763 99.3569994316
18.0563340639 27.1339378150 94.5395061274
-90.8589618809 -41.6819281634 2.6955352926
78.6309431730 61.7694248551 1.3087890575
-32.1146008219 -12.1444352847 93.9210578394
-92.5029244704 -23.0836463622 30.1720770756
35.5637492748 93.4618944974 0.3066177961
76.9054161445 41.4883986550 48.6237569988
72.7037970326 -22.8417302819 64.7488475169
-76.7648017251 -44.7079699885 45.9169101270
-8.3594149020 -14.6702354139 98.5642144766
-96.6128985328 -3.5029880427 25.5671060520
83.3334011416 -55.2348451791 2.1578072698
31.1133402207 0.5168905087 95.0352191796
2.3978913674 -24.8569356601 96.8317244842
-0.1193124436 40.7446730090 91.3228196341
-42.1460091894 41.6094073322 80.5752513547
-38.0282578310 52.5627534427 76.0986764462
32.4783000526 -5.3390111487 94.4280413100
98.6843883684 -16.1674420539 0.0728683183
-33.1975863302 77.7566115086 53.4025245522
-29.3976327253 8.3646809013 95.2145540533
-0.5169296568 -33.8784819551 94.0849682157
-18.3836638882 -23.5029971245 95.4444866308
12.0275943872 -23.4624871857 96.4616435083
-47.7332770267 36.3950020637 79.9808607673
-25.0143933082 66.2629533669 70.5939171496
22.9989766720 -63.8857731521 73.4142701442
-62.4430958279 -44.4057272816 64.2572265821
69.7283334588 -71.5348347333 4.5526841244
53.1228577140 28.7930390414 79.6801285833
-51.2248952111 80.7231625967 29.3220246742
-34.3889591342 93.2548901651 10.9965881053
-18.9812301866 95.5023110713 22.7820429426
-24.7259709525 19.3637878177 94.9403501247
-85.8565650669 -39.5383690306 32.6399695054
46.7116697400 -87.8453221058 10.0607800014
85.1791599831 -38.4526020548 35.5796022994
-7.0907647610 33.5057158811 93.9525840964
-32.9292299280 88.1270148538 33.9012546864
51.0240994809 81.9893437236 25.9670712237
84.6907398350 -12.5833876394 51.6636907482
94.0099117953 29.8536515856 16.4589176813
1.3648334010 5.9560004860 99.8131418602
5.6146492526 37.2412289850 92.6367452875
18.3605214844 87.0470425047 45.6695045080
