85.4061774690 4.9389876857 51.7821518554
89.5473714492 -37.6124911130 23.8027052835
36.2280118601 -28.4964196398 88.7439306340
1.6430130864 0.7528667656 99.9836671643
-11.8671079024 -15.2971457061 98.1079460761
-67.2852079660 31.6626366547 66.8593914798
87.5527931692 -36.7432363658 31.3758344851
-34.1620166941 49.4620482981 79.9153451694
-3.1604008643 0.1135482668 99.9499823570
-14.2322912826 8.9022135122 98.5808930748
-58.1463841383 70.9531103876 39.8077145534
44.4510375119 -84.4420893901 29.8937920568
32.9578944017 -6.1881898206 94.2097845415
-8.8173593089 -5.6796805628 99.4484560138
56.8656432296 -16.8855163991 80.5057634957
13.7467504152 -1.4289956420 99.0403191861
69.5246651208 -27.3360164004 66.4760343824
9.3852505572 -15.5552401013 98.3359119415
2.6046515182 -46.9879515832 88.2346201697
-3.9544511454 -11.9944081026 99.1992766627
-4.5381922234 -4.1798100289 99.8094885242
44.1903197762 -29.8491452683 84.5945870894
-67.4731720849 31.9322140576 66.5410005499
15.8921664599 -10.0177658900 98.2195673569
-94.6267629056 32.2992338657 1.5922417199
-43.6690267527 -11.0309271101 89.2823316763
-13.5521071500 98.3451919364 12.0234610155
1.6010744152 -17.0760118273 98.5182540486
44.5992316947 -11.3193607786 88.7850246596
18.3425061917 9.3190354522 97.8606562662
70.4007586598 -69.6586463388 13.8349618856
75.2189811332 19.9456346876 62.8034754946
6.7261989792 -18.4754939312 98.0480207413
-65.9461991443 -45.5752331020 59.7829151691
14.2039430755 -41.9507807714 89.6570130764
-31.2554734116 -17.3461613531 93.3927516895
2.9868639550 4.6571362767 99.8468313239
-81.2427719665 24.5248022213 52.8975054157
8.2972372550 -6.3068076071 99.4554173072
-72.0377450838 -64.9444415143 24.3471312404
-27.2072474822 76.9551353198 57.7725958595
-0.5301988773 -0.0857285618 99.9985576884
11.4813405903 -83.3786131926 54.0017192350
-5.3241596823 -15.9444722772 98.5770111511
63.5410804809 -73.3297986421 24.1923897625
-50.4038212914 48.9046132945 71.1884372475
-33.5274993734 -24.4584026288 90.9818296509
58.2263936036 69.5977234732 42.0219463527
-56.5966660702 67.9866225805 46.6329984007
-50.4649288577 86.1618730396 5.4242593681
43.8332376840 -33.9785411078 83.2112132968
-23.2678801850 -52.4387305388 81.9071748455
-22.8735365127 46.3388014897 85.6125972267
45.8265939368 22.4259677399 86.0058094496
77.8537113140 -59.5447725194 19.8297680334
48.1039655637 40.2188289661 77.9002842976
15.2142824135 -44.0133107891 88.4949381831
18.6761016103 -94.7472550856 25.9646082655
79.8264900721 59.1451291888 11.3835484805
1.1634772301 -10.8067840500 99.4075436737
3.7395862499 17.3998686293 98.4035571835
69.6306434453 -0.7090677530 71.7709601184
-85.8260180037 -44.5709935356 25.4425071266
47.6102406577 -63.5351256074 60.7992828787
37.0336345962 -3.9977662538 92.8037056026
6.7546807996 98.6180469587 15.1279576069
88.5531956428 -10.2896016298 45.3040355790
30.1616321817 -93.2077606013 20.0646282755
-50.3791261634 -79.9607910410 32.6835668666
75.0755054743 54.6954992270 37.0414746210
3.4503669827 2.7531854971 99.9025271818
-37.8021068030 -68.2182948331 62.5880577372
36.2323682470 83.7708851875 40.8614033792
65.8376339998 16.0553301396 73.5366053297
45.2741533068 19.7878818782 86.9407313814
90.4987138219 -5.8020722710 42.1463966899
-41.7585038993 41.3355236663 80.9172530140
95.6352383129 -4.5199634926 28.8698999454
-7.2687440546 6.7729682686 99.5052373531
-92.2466389936 34.0096603147 18.2729472082
-84.5739251228 -53.2436856701 3.5158392435
-81.5638165029 -53.3300862658 22.4331392443
32.9336552818 39.2994374471 85.8541121096
-69.1020023894 -2.7498592562 72.2312365937
22.3754786319 -72.0654916134 65.6193788031
95.8101450208 28.3847584840 3.8368733229
25.9908809750 -57.8885552644 77.2877045561
-17.6822273963 -27.0990957512 94.6201767266
4.1004105112 -5.0090396151 99.7902608263
0.2234546260 -98.1587634571 19.0999273454
-64.6891964536 -76.2236962700 2.2925944089
85.1634597977 31.9259001534 41.5682813535
-34.1169069829 -3.7918005385 93.9236866110
94.3443229268 32.7421402111 5.2058607253
-83.0934593267 29.3244042733 47.2816701390
72.9300142133 -50.9067899463 45.7133652690
-10.1400788819 -88.8274738420 44.7979764177
29.1501540364 5.7086238786 95.4865442514
-5.5701444793 -40.2327743239 91.3799614833
-7.3484294876 9.8672828207 99.2403008551
