-4.7762388563 31.2700326327 94.8650230672
-34.4066716749 -38.3661638084 85.6984154981
-2.6418078574 10.1168990812 99.4518436442
8.8255303586 -99.2235447049 8.7634576559
-9.4119381459 85.7754878189 50.5369281790
-66.2655673123 16.0400240621 73.1545775524
-49.0553820312 -23.0370482569 84.0408466246
55.2622733998 30.2508814709 77.6592899074
-87.4555287255 -48.3019187494 4.2959446547
-93.3608995115 -12.6450873693 33.5237857026
-8.6157199927 28.2556627267 95.5373586242
-21.0424920432 97.6127497245 5.3818788394
38.3726593893 20.7609701810 89.9806708607
-56.9014535719 -15.3444823777 80.7884363134
71.0356955313 -6.7934486730 70.0555423612
-64.0517513699 39.0027307500 66.1525520330
16.2134922210 20.3512584588 96.5554190563
-14.1167825770 -1.1514757278 98.9918711477
47.3995490398 57.5625366639 66.6321028007
-2.4315665560 50.4711648060 86.2945479576
53.5833715252 63.0777300100 56.1250592229
98.6687417797 13.2137030130 9.4803717384
64.5620560167 75.6287613723 10.5844875256
-95.0922411412 7.7408517254 29.9590535450
74.5526132965 -65.7560802851 10.8648863873
-1.7195385473 -34.9856432083 93.6645501590
-8.9464210366 -7.0489402798 99.3492525969
2.1264158922 -34.4451053297 93.8563427493
-41.7046193934 -7.6019859087 90.5700531716
90.9620261701 -22.5782017984 34.8731214343
-70.0335846980 -62.8378923047 33.8629045572
-9.2956416049 -41.0060679593 90.7308846957
82.3634947682 -24.5518380562 51.1220302574
95.1612650443 -19.2177500107 23.9794019879
-33.3437911937 32.8029518198 88.3864126477
-89.7758150976 43.9678540341 2.6703623713
53.4471708510 -63.1878047924 56.1311077170
-89.6504016755 -37.4708507602 23.6376991844
-85.9471460909 -19.8390181316 47.1115849702
20.3071774981 -3.0122733695 97.8700401104
-28.0256942301 -93.6361824904 21.1382542218
-0.2424518858 0.4024781903 99.9988961359
23.8847864767 -91.4046011011 32.7828594315
13.6083298664 -14.4976611961 98.0032202435
56.7899419022 -67.3551847539 47.3094238552
-8.1137761378 11.4450732955 99.0109940060
96.5049270681 -11.9544877178 23.3214338107
-69.0206462223 57.3256796381 44.1578628230
72.2707567089 -68.3980564859 9.9319481309
-4.8779784081 -6.5593322174 99.6653424592
2.2231798803 11.7198321164 99.2859658078
40.5529855615 -26.5323104165 87.4728064373
-44.8267301965 87.8892340663 16.3109409638
7.0655639927 -34.4554613021 93.6103572898
-52.8970403273 55.8047588826 63.9353737040
25.5859396521 40.1953802844 87.9186618183
-21.1154423389 9.0986856417 97.3208714225
-29.2627832417 -4.7601820354 95.5040846453
50.3127535128 -40.9611138753 76.0973980110
-62.4164572104 -77.3558587936 10.9661743376
0.2125991058 -1.8691427364 99.9823039695
12.9577405913 -8.9862662422 98.7488935522
-83.3496172328 -26.9576346459 48.2299413377
-3.7670922534 78.5646190483 61.7528108652
18.9792047259 73.0428517739 65.6089292148
-50.9699403499 -9.5577583999 85.5027159516
-80.5626454189 15.4114429774 57.2026886471
-96.1680479839 15.1849327846 22.8281484858
-56.8394272063 -77.2428295732 28.3341630262
-5.9920570305 -98.3690832576 16.9593252106
-50.1690032247 -27.9590238222 81.8618598759
-53.1557716451 -47.7025522448 69.9923599412
-65.8954499119 -71.9885596600 21.8045169399
-53.7986067995 63.1973930063 55.7835049422
-8.5756170227 -18.8470921008 97.8327445798
-62.1539579665 61.9470929419 47.9525096855
91.3060399123 37.4865396413 16.0613331096
-92.6297019111 -29.0267703255 24.0246733243
14.1757990825 7.3943391849 98.7135779333
78.0886385453 -15.8926334583 60.4118260932
-25.5770539669 65.6122519893 70.9989204092
-45.1229231683 77.3114492874 44.5742258916
-12.6677885638 -44.1138346270 88.8453528746
-6.8829131986 -97.0917374811 22.9307657703
13.5364868694 88.4655598316 44.6162329979
2.2734338085 3.9634202180 99.8955594553
67.0248134027 -28.6683393695 68.4529086754
44.8196172144 -59.9807166115 66.2835993857
-23.4487549783 17.4143107054 95.6394148488
71.0474124397 -23.1830178422 66.4440581945
-50.9735449611 84.4913063024 16.2147116356
-0.2073843566 54.4649284692 83.8661347540
-37.0101335044 -58.1393878076 72.4573088331
-58.8406067285 75.3255058367 29.3913451592
-76.6766004857 -62.2338691971 15.7367233792
23.4319314721 75.0197756265 61.8302341289
-77.4482157355 32.4290565459 54.3151007634
-12.4078754240 -7.7108789849 98.9271801516
-21.4379631120 -53.5023665942 81.7184832607
56.5589552866 80.0755872390 19.7227002517
