11.0730975663 -90.6612918099 40.7175229802
46.2050066053 6.6617716646 88.4348243787
-0.3160484560 5.0204415561 99.8733962572
35.3985702476 43.3535526415 82.8698419076
62.1783882666 41.6600345045 66.3196016096
16.9273721228 25.3592845817 95.2384941004
-47.3488117978 75.4114178565 45.5105271143
-13.8967741762 52.3133870497 84.0844171228
68.5650056168 15.0769817666 71.2146377199
6.2244453947 -91.5946288736 39.6444225717
-94.6757070633 -18.7676567219 26.1588522921
7.2339038610 -94.9665834830 30.4798073565
-5.6254700826 -97.1707591207 22.9389986325
-34.2826138947 7.8023839616 93.6153042460
11.3017743731 -1.7218887249 99.3443757605
-32.1852166800 -84.7401319351 42.2282117415
-0.3922079860 0.4070910157 99.9984022362
-44.5166359237 10.1713907959 88.9652287993
35.6319109352 -93.2699969651 5.5744586494
4.4462411862 38.2203384272 92.3007945243
-95.9620257013 -6.9489566882 27.2580561347
-55.8397891688 7.9790676856 82.5727099256
-15.9853926852 64.9027297384 74.3781076205
0.6083545668 -87.4041862991 48.5812527846
76.9610783396 2.9989566522 63.7808645269
-6.1555897319 -15.4759956370 98.6032569142
-51.8495696660 12.5292703120 84.5851021806
37.8827127425 -23.4859199404 89.5171024991
-52.2939086454 -65.5522680618 54.4816232371
-50.3691829412 -76.9888286630 39.1875703628
20.7117528504 -51.4304454281 83.2221880085
91.0647312977 5.7510854034 40.9162526431
19.6991141295 31.0141618597 93.0057345902
30.0301945681 39.0326827353 87.0323910546
-0.7527534205 -63.9656780737 76.8623795550
-26.8952747663 -87.1778267599 40.9471698248
-46.4231924833 -1.4952538101 88.5587455630
-59.5710638048 18.8334775323 78.0806536935
50.5143275735 26.2322487388 82.2202641440
49.5257591012 53.6755316400 68.3091244901
15.2652964657 0.9574688786 98.8233473282
-35.8808017378 19.2725396938 91.3298268935
-44.5064700423 -20.1337346153 87.2571306818
14.8991332685 -23.5588655256 96.0364289371
5.2092557961 -14.8440936074 98.7548304592
14.0427263113 46.9690087899 87.1591306235
12.8352191261 90.4598568633 40.6481419779
-53.2000416527 82.5816769919 18.7088800668
13.6863946082 -3.9485461373 98.9802585672
1.4263626707 -0.0462420018 99.9898162375
-8.8891868377 -50.2244198744 86.0144755587
-39.1242724059 -64.4910548070 65.6520765748
5.6002813921 -15.0468382374 98.7027330290
48.1028497872 -82.2832949162 30.2584735254
16.3613477262 95.3152309233 25.4423476633
-8.9390330028 -98.9705776028 11.1766926207
88.2346206178 -46.6924740974 5.8706547426
0.3758529400 -10.5164832265 99.4447701748
-2.3463987095 -8.5063118163 99.6099245677
61.8820754957 -51.7029925279 59.1388983327
-46.6170450950 85.4320302109 22.9830224437
42.4026638432 -83.5799757974 34.8769514824
-29.0906512491 53.1827846161 79.5319145399
36.1553931945 -10.3695216972 92.6566811553
80.6344969093 8.7989023128 58.4863849651
-84.0475860943 -14.3948277986 52.2378426465
-50.3606829585 -48.8396795895 71.2635061553
-84.6846428392 -16.5251067310 50.5512820284
-2.0949546272 -7.1603550859 99.7213140715
23.6458796151 -22.8413398691 94.4412281274
48.3190207944 79.3486630146 37.0008365752
87.9009990860 -45.2321872060 15.0818964403
-55.9839855983 -82.0110074608 11.8316529614
-1.1721436102 -99.6748156584 7.9722771421
-16.0668649748 -32.0433569348 93.3545881370
-44.8255965902 88.7537216337 10.6509523749
98.2255993023 14.2862840233 12.1504621522
-11.3034594896 -40.7954551175 90.5978070668
-75.3071474399 -3.5986898266 65.6953801725
-57.2751700416 -77.8953326407 25.5317850825
8.3517709523 -44.7389352695 89.0431108672
-19.1740993796 43.0712203627 88.1885700612
-73.3381009906 -67.6971223555 6.2147057747
23.6722299674 65.0165051381 72.1975040289
-0.4902533569 -3.9148371878 99.9221381949
71.0556727336 3.9473793535 70.2531819109
-80.7469296213 26.9146955200 52.4931664295
8.7441488315 18.0122995797 97.9749811179
-56.3758870370 -76.7949555852 30.4022064571
-16.5627300159 62.2436256606 76.4944902528
-92.0228967664 38.3551457251 7.7890478963
-39.1436395791 -50.3427238079 77.0284729181
40.0787543154 -78.6791367384 46.9391829353
-5.9001613243 52.5955151362 84.8463309985
51.0355708196 64.7191896971 56.6285881518
-80.5417740570 -32.9066508557 49.2968047770
-28.8367779287 -94.6334841259 14.5925981540
71.2706471595 -63.2030992971 30.4279984998
-6.5369712857 23.0529058603 97.0867217379
-21.5087027418 19.0984668558 95.7738182914
