46.1539199871 -1.1257211156 88.7048387733
57.6847809040 -72.4980252474 37.6364502482
-79.5086172882 46.9548404283 38.3877941183
-83.5065873087 -54.7814561528 5.0637869075
-58.9746423018 -80.7545451196 0.8336713353
63.8298587024 65.2236360108 40.8855285347
2.1233154391 22.8000105391 97.3429558364
-90.9633363467 -5.0702163880 41.2306238912
-96.7549272052 10.5971231382 22.9387236506
-1.9213303586 -64.3499120010 76.5205679221
29.0344516947 -28.8654680997 91.2347815593
21.0132380599 93.8651641688 27.3454709560
-57.8215420165 -25.4063492017 77.5318431297
31.0298522447 -72.0738002806 61.9880277375
-33.9731577917 -45.7212722751 82.1911784270
31.5158997332 -62.9584276874 71.0139736047
-46.8613293373 -6.0986482342 88.1295767745
-46.1020311532 65.5087346205 59.8599065483
-61.7759047955 -56.6615410565 54.5271249177
-17.8235782050 97.8966923163 9.9276227516
23.6056231180 -97.1496500623 2.1725676022
7.2869356183 0.0783254321 99.7341187078
35.1466066072 -29.5011491096 88.8504262523
-34.2111121059 -35.7812951891 86.8867004959
-66.0477868760 54.9692853602 51.1475074247
-12.6502400792 -30.5967298942 94.3600103101
-27.1518736026 3.5692543571 96.1771084157
-4.0536885298 4.0814126193 99.8344113036
93.2409538607 -26.9619479466 24.0661148935
-61.8584777789 20.5942727096 75.8248287729
62.4225156267 -49.3819048051 60.5380625776
-64.4359251921 -56.1959478431 51.8654701188
-56.0916564092 65.8128524162 50.2234460996
-28.3689245544 -49.2430759701 82.2819760861
80.4987866174 -55.5080192868 20.9476764339
11.1495509438 99.0433310268 8.1305653477
-52.3939230858 -64.3550682227 55.7969714029
-28.4175103722 -20.6370485124 93.6298955086
3.9195123756 2.0738421370 99.9016346289
70.1959124196 63.9091804529 31.4348617527
-27.7802688116 30.8590102075 90.9724032538
-1.6029166860 70.4777738925 70.9247068747
-50.6096997292 -86.2294714845 1.7710281823
-91.0872049668 -15.6175328115 38.1996565458
73.3043407011 39.9742957304 55.0320753310
-19.0420809056 43.9150072627 87.8001781997
0.9285230453 -0.1776164374 99.9955313869
-2.8369867450 -80.1556886370 59.7245099212
97.3653295545 -17.9974743391 14.0029824738
-85.3396998199 -25.4882017100 45.4696295151
26.4378683729 -95.8557476783 10.6167204413
-28.7725515304 22.9730240545 92.9751603614
-2.3051558545 -6.3019384217 99.7746051288
42.7572484455 -11.3667716658 89.6806233657
-60.2169739031 -30.0604844875 73.9613637404
-18.2663432304 9.3541454331 97.8715518841
-49.0729533079 50.6707750290 70.8824224445
0.8524641534 -27.5177663505 96.1355597058
-43.3942517495 -3.5915398911 90.0224402930
-11.2535814887 29.2647808372 94.9575142168
-21.1362813313 78.6677993904 58.0054734534
55.8791666591 40.3241924119 72.4670838368
-68.0018470721 -60.0786444440 42.0274348081
19.5559883915 11.3145166286 97.4142958271
62.1232800262 46.1200533366 63.3532853056
-6.8486037916 83.1524422447 55.1250213137
-65.5302270929 -75.1644040973 7.4901063979
-58.6920959533 69.7130128198 41.1744303688
-84.2308426741 30.9570470311 44.1228555460
43.5025439630 -58.5172427564 68.4343551803
15.5314481468 -96.3324222157 21.8823798641
57.9837025925 -48.9397681491 65.1366972388
49.6683371830 70.9343773504 50.0137020364
27.5300492804 -47.4747463652 83.5957226428
-49.9710070519 55.7068470738 66.3298246893
-80.7411296150 -27.4111932877 52.2445831740
37.7464759013 -16.0121963099 91.2075277944
72.5467572758 6.6197506875 68.5065464726
-16.2577826897 27.4936978358 94.7617068300
49.1132288175 79.5202218511 35.5587552070
-78.3116032419 25.6272226617 56.6616118402
-22.4225244532 77.8070821000 58.6795396388
90.6946590534 18.9618156821 37.6155335630
2.3774861480 39.6931285636 91.7540359028
28.9378873062 -86.8935663283 40.1510499117
92.7619115354 -25.0984796777 27.6639492150
-79.0917537756 -3.2376697021 61.1065624921
-17.3473328527 77.8766624231 60.2851183355
-81.4407372910 31.9035807172 48.4723410505
-32.0038856775 -63.1650168931 70.6111318592
-1.2752142458 -6.2519770579 99.7962254371
-62.9641853375 2.1517497883 77.6587492665
41.0457440786 88.1137391906 23.4779866872
71.0841669127 45.2832912438 53.8188140752
73.4399053786 -58.8731745097 33.7717281337
-56.2335095395 -50.0534974647 65.8212716105
80.9317484291 -8.5632676865 58.1095735893
-36.1290011638 -7.8959589912 92.9104359397
-65.5077478342 -32.4146199201 68.2497427770
41.3400983739 68.3755258930 60.1313871892
