-4.6046581310 -10.9062706814 99.2967793200
23.7587743073 -25.2663910494 93.7930174733
24.9734065434 26.4794859894 93.1405700399
14.5095488871 40.2043069018 90.4051253947
29.7879474277 55.2859341559 77.8212289324
3.3185588858 -21.8100462228 97.5361935421
36.2369341314 -13.4368542370 92.2297975330
3.9387297535 -8.1205716509 99.5918808136
-34.8086536055 0.1999987521 93.7460273007
37.9759383270 -44.0034405430 81.3727554441
-42.1870790179 16.4014868214 89.1697347421
31.8200663757 52.9299192582 78.6505373355
-55.5717590738 -21.0630464330 80.4246707696
-36.2064734607 37.8588599123 85.1809720870
11.5843518810 -2.3002066136 99.3001099749
-80.2465054732 31.5028242748 50.6761326667
7.9900220071 -45.2893015884 88.7977404553
-3.1763241844 6.2534726276 99.7537219595
11.3402468000 2.9256717860 99.3118283344
16.4732589645 -77.7861512827 60.6460749572
-51.5179780581 8.2009222137 85.3149624137
-28.6747039606 -32.1405037583 90.2482651963
8.1895624868 22.4468388685 97.1034010274
16.4255724975 -17.2892528245 97.1147893212
-62.9493652591 62.8215030841 45.7256619824
51.1239218181 5.9684646791 85.7363519594
-25.1763984539 69.1044558853 67.7548753795
-68.1214208444 46.8621501604 56.2442077417
10.6672840897 -30.9850360523 94.4782334243
14.9588194173 -88.6714808228 43.7447392304
-33.0228648507 -85.3776320257 40.2510912489
83.3107855848 54.6593179702 8.4659296167
-76.4075217622 47.5439822902 43.6057377664
0.1480918271 -77.2343256305 63.5203669166
-83.5170681367 3.4749855324 54.8891957073
-66.5223124640 30.8679054542 67.9849568458
-46.1392058849 -58.9533852918 66.2998645771
69.8444297675 17.5571875648 69.3793974842
-86.5975398502 -25.6703852812 42.9173322960
-36.9268324934 52.6172598780 76.6017819958
29.9939709062 -10.7523636764 94.7879126506
-81.2387878551 -20.3163290355 54.6580837786
6.2481571169 -93.7004399946 34.3684168601
20.6733877359 5.1739684755 97.7028202752
-59.1381182921 35.8118166135 72.2509290993
14.8375940222 28.2854721360 94.7616898840
-74.4644889070 -51.6820639612 42.2374733682
-37.9790315088 -70.2155742125 60.2276207704
-6.8505609101 20.0965504462 97.7200003857
82.8779199660 -31.8962108018 45.9769737868
-5.7741434019 75.8615325209 64.8975126762
-47.1764596885 71.2034220315 52.0043684921
28.5343203326 -16.9851133554 94.3254922461
-50.3808076549 67.3458306892 54.0954093137
-30.4210250414 7.8900191706 94.9331808849
-33.2539955755 30.2626253900 89.3215835214
-27.7280129928 17.7641138702 94.4224208220
3.7603465123 -13.8694292940 98.9621075218
-91.4206642559 -39.6361708987 8.4401483105
29.3818982818 -28.4270269043 91.2612085978
-19.0563071548 -72.2798694251 66.4264829229
-20.5980965503 -28.7436973925 93.5388597253
6.9273713140 -83.5522566956 54.5071731771
96.7339823481 20.4317698728 15.0026477310
-41.3405662741 89.6695426773 15.8218423761
21.3448820984 75.6393053749 61.8311530752
85.2906630963 -8.3049091552 51.5415489922
-70.6015659420 64.8133346474 28.5420836385
11.8258029166 -12.9129107102 98.4551020637
-73.5325320188 10.3951049856 66.9694596606
8.4684902664 68.0895905641 72.7467685154
56.3202864613 40.1762790286 72.2072845102
-41.0317473230 -43.5049315335 80.1480919541
8.1149005342 33.0958577597 94.0149593866
13.2309023867 22.8921474072 96.4411364985
13.3881231164 -61.7792110459 77.4860454660
44.2593191261 56.0177288893 70.0223301567
49.0457575506 -14.5949899339 85.9156559372
71.8087436923 -33.9309367639 60.7634418023
-6.6467823758 -77.4764765712 62.8746042705
99.9409100953 -1.9666949038 2.8189715281
12.5027428413 18.3855859449 97.4969314948
-29.1060160822 -93.8054959784 18.7981050129
4.8274507785 95.4273744139 29.5010496670
30.0222724392 3.3753540501 95.3271742087
18.7219020393 -19.6005906328 96.2564659172
-17.5515604208 69.4145937392 69.8108652204
56.5894122968 -58.9789261111 57.6118450554
-12.6156849425 -13.4160766831 98.2896402469
46.4845698291 53.1333980896 70.8239138657
-9.5842904558 10.1163905661 99.0242395496
91.2746023930 37.7185541404 15.6925979860
77.1356286543 -29.0814821257 56.6070860359
-44.1605736012 67.3464806736 59.2814918849
-34.3304178014 -87.1785348033 34.9474674780
-25.1651191617 37.4164660038 89.2565115236
26.6631527445 96.1723910088 6.3204029435
7.2305611260 -66.4690886306 74.3611406746
-1.0349804857 -5.6458659508 99.8351291533
-39.8085010461 -91.0641959805 11.0722831829
