-24.0303122697 -79.4407179663 55.7827609681
62.7309411907 -39.9578137464 66.8446118841
-38.2387772990 73.3862637731 56.1449214097
-61.5524132822 -46.1650579428 63.8755653147
85.8795517187 41.9808391931 29.3651449382
-70.0980537947 -18.0891641567 68.9858318375
46.2510155850 58.8459445740 66.3174061959
-1.1963511586 -7.4072753567 99.7181077623
-11.9114604425 -42.3442228565 89.8058121772
-56.2605176531 -20.0698224412 80.1994786803
65.8246815654 -24.1093715726 71.3151421452
97.1092087962 20.8240832672 11.6687241398
50.6434089955 26.9611465309 81.9044669298
59.8387219986 -18.2853103854 78.0062482990
-13.2391242569 -42.4061496178 89.5904239498
64.0795080780 51.5990057569 56.8450459529
-18.6906824439 77.7919045916 59.9923159229
-86.1609210081 -49.5441684294 11.0304608098
52.1740343521 -84.1674558617 13.9179565023
13.4853188063 -56.4708637966 81.4198238684
60.1458587669 -30.9397025491 73.6560281265
34.9657282401 -93.2728580648 8.8074852856
62.3003390237 41.8875690987 66.0613299331
6.1322544517 -1.9547498926 99.7926570856
2.8887844668 -0.8263202431 99.9548504034
2.1655018772 4.8033176146 99.8610972377
59.0021978404 34.8418735975 72.8339515214
20.0752786888 -14.4433167299 96.8936209841
11.7442957531 -7.2611199009 99.0421509008
10.3194899540 -45.5376335485 88.4298143043
-88.1050602057 -34.3457205411 32.5249111709
-11.8107266751 -16.2831392855 97.9559396383
-33.3883728345 -72.1814891252 60.6221839522
-49.8798647441 -10.9476628949 85.9776003983
0.7784628927 -0.7684252069 99.9940174122
3.0574868211 -21.6963366272 97.5700812304
4.5455554671 -6.8569431660 99.6610267653
31.0517294759 -47.5568359699 82.3051483754
25.4044366638 -74.2653772839 61.9618296588
-55.1347905899 -40.6792690792 72.8378468503
90.0136950668 -43.2405695149 5.2714180672
38.4859535147 90.1760349427 19.6752154772
-41.9128079153 -28.1873232341 86.3063806538
77.8609402712 -34.9644998833 52.1071753983
18.2543395351 -55.9391894626 80.8553410135
26.0299446766 -33.5367764408 90.5412977933
51.2139755339 -22.6947554303 82.8376531897
3.2863783815 -0.8484719758 99.9423824633
-73.5983184310 67.5888010985 3.8783360080
-36.3738534473 25.9610240795 89.4593092648
-2.6519322924 18.0108762727 98.3289153352
-1.7796138873 -69.8089691351 71.5789131149
95.2614329467 3.6242409868 30.2013951700
-16.0093326135 -70.3558980608 69.2369040132
77.8100586689 -23.1797920255 58.3805790618
9.9724359601 -19.7980886438 97.5119798131
28.0808901799 6.1576566960 95.7786347299
95.1794878191 -29.9696202233 6.5335260130
-0.2025963852 0.4677674320 99.9987007332
63.3503804806 -75.4148987820 17.3009345024
-0.7077584181 12.4755688772 99.2162247781
-7.6685841313 0.7094970105 99.7030061303
-63.7052633208 52.9043018478 56.0604519356
18.6141354235 -62.2121332597 76.0471198516
-1.7559943891 -95.3854347433 29.9755787690
15.7966879622 11.7770359739 98.0396148151
-49.8700473356 21.6092383125 83.9405694423
-56.7301321635 -81.3441528135 12.8382595303
58.0473675696 53.6360237440 61.2672838893
-56.7070823792 73.3483009659 37.4744386676
-72.9757598230 -6.7896322132 68.0326346150
-59.0321325540 80.2996827229 8.1956257071
-63.5558254222 -43.7529045095 63.6108512904
-0.9214395153 3.9088617208 99.9193262050
-51.9279472780 80.9130264058 27.5058257347
16.8137249774 78.7211580752 59.3319300519
30.2942411333 -41.7871186166 85.6510109215
-25.9010827282 -95.8777625047 11.6871113028
-18.9118321635 26.1075819033 94.6611682338
-12.7371542025 -15.9955629436 97.8872150433
-73.1425263641 29.0158675641 61.7110222454
-1.1907654681 -7.8413741965 99.6849784487
65.6507075456 64.4701888184 39.1609416699
0.8616077307 1.4761610234 99.9853918368
57.9956707277 52.2702088649 62.4846176436
-28.8110482267 90.0055001248 32.6945476701
-40.1380489537 -15.3955340043 90.2879535648
-17.9615478053 -16.6853680153 96.9483434342
-63.8258099808 -65.8409497943 39.8902909299
2.9929378600 4.2068277522 99.8666356859
6.6687413670 6.5508770627 99.5621107565
-41.6670270221 -18.6714700646 88.9676068284
-63.8832609137 -4.2486351502 76.8171730435
-45.9847001272 50.1041323247 73.3142774512
-62.4440413425 3.5996099040 78.0242559039
50.6341164963 62.3358669327 59.5854507442
-71.7359746633 -41.9151444776 55.6513306448
-62.4108751107 -12.0355617747 77.2012170933
17.7965151637 -96.8840434384 17.2269026541
-95.1130223521 -30.1787027426 6.5390274368
