7.6841851021 8.8687358952 99.3091074521
-17.8152997953 72.5329751029 66.4949818853
-28.1371550029 -34.0381622406 89.7201427753
-45.3376226766 18.8839981583 87.1085218770
21.3178718235 33.5851900892 91.7473887780
-55.3353516903 82.5192528796 11.3389486951
-14.7310561096 -25.9980659469 95.4311089368
83.4978088933 39.1990936123 38.6205511353
48.3381574791 86.4536749975 13.7544396815
2.0530588830 -66.7234478661 74.4564735539
-46.4394005752 15.7327726619 87.1542422294
81.7734922111 -28.2223202449 50.1656915790
-26.0474711409 -94.5541903854 19.5201006074
-3.9721692025 -0.0401392918 99.9210701537
-26.9347470165 -62.2228642936 73.5039765064
52.1044109461 47.9519134627 70.6098035348
-25.7646936062 86.0442038245 43.9610685903
34.8388342191 20.7610659619 91.4069678437
62.6322165505 26.9038064070 73.1668685321
86.2457772484 21.4155305795 45.8589245057
-67.3655737478 61.1377007708 41.5218137620
-9.0111127387 -65.4154545214 75.0973911462
66.5662144558 -41.3821808763 62.1003558681
84.5280546464 45.9169310476 27.3247766848
-55.3156543094 20.0348793644 80.8627355286
-85.5635937469 40.8143666500 31.8285862091
-63.6188985915 -70.5654578228 31.1953827394
-5.8570999177 -57.3955973396 81.6788821335
-7.3496056361 5.0410260344 99.6020650063
10.6799657746 90.2040835751 41.8229797771
73.5650081529 -67.2691200674 7.9407216821
56.3477276390 11.6454698344 81.7882425674
-18.7826017472 0.4364952269 98.2192615709
-87.0553112523 -47.0576872975 14.3856473253
-54.9269953304 -18.7707260886 81.4290183294
-90.6110724633 -7.8638679473 41.5667310232
-2.9535695212 12.6530187238 99.1522946999
73.2328516214 35.1814626544 58.3027797700
-1.2648370843 0.5246131028 99.9906244017
-42.4286402507 -48.0189217091 76.7723494780
-12.9724991794 16.7107986746 97.7367048386
-6.0357731588 -7.1690023129 99.5599058267
13.9198222524 -18.2381102921 97.3324708483
55.3440700149 0.9108900549 83.2838771522
16.9399892615 74.1600573787 64.9101121044
71.6477976090 -35.9211897713 59.8018496636
13.2636700799 -5.4202175616 98.9681579984
17.0894565675 -33.7553301270 92.5663446521
-28.1325345653 -35.5035074930 89.1519010152
59.3907656194 67.2122725256 44.2181793054
-0.8657504097 -21.2078488481 97.7214286810
97.2713573066 -22.9812850545 3.1848995245
-31.5473600425 15.9348605886 93.5459474930
-54.2169282380 -12.9487186854 83.0232219131
-0.5276925110 11.2594557601 99.3627002280
-86.8447618855 21.1899457887 44.8215743869
86.3551372201 -2.7919392995 50.3487373293
-63.8259230067 -76.8835762706 3.8945156550
-74.6632579887 22.2408459105 62.6956352524
7.6802339090 -91.0540344544 40.6223684279
49.8190956098 -25.3686982425 82.9125253632
-6.0810842090 -99.2291104581 10.7983356372
3.0653973208 -0.4114479696 99.9521588053
6.4675891845 -0.6732141335 99.7883614099
15.2354060462 22.6380713750 96.2049901358
-7.2603804302 94.1892472617 32.7974477098
65.0989354331 -75.4091877149 8.6938491852
-33.1042080289 -57.5282276933 74.7971552216
4.2139607157 8.7103459428 99.5307611176
76.0373209067 9.2616852710 64.2848894786
-80.2898774342 40.1762366797 44.0386828579
-50.7613445822 31.1494036191 80.3305704597
-97.5001223741 -5.0618217101 21.6357134853
-1.0129368989 36.8658976080 92.9509524017
-14.0121216772 -72.4068132315 67.5345381546
-88.0290367203 33.2970514796 33.7963763864
9.0054042182 -99.1321954208 9.5765612785
5.4619627637 -8.1974800864 99.5136587761
-28.2660848383 20.6099720450 93.6816817752
-6.9639613743 -28.6519889693 95.5539992365
8.0773087491 -95.1056671214 29.8273224540
-1.9890820411 25.7064008144 96.6189655803
84.3370265180 52.5542415297 11.1945368525
89.1144383723 -5.8401911952 44.9945445627
16.2541922969 1.7041699468 98.6554460614
-31.7231216107 -85.0413287873 41.9716088965
63.7600213329 -70.0973297237 31.9534668735
-31.4105634812 -22.5066846140 92.2324544262
0.3210893463 0.7242130334 99.9968620363
-65.6013497983 33.9414478857 67.4124693218
-80.4626813464 -14.7469103426 57.5176976756
-0.4372735478 8.1756587203 99.6642734200
-58.3939699552 -50.5204933264 63.5438748183
-55.9649499323 49.1132129238 66.7519040580
-91.3986939372 35.4840454162 19.6764139893
72.0242260455 -68.8374947686 8.5971027983
29.4421035504 38.0876047342 87.6498539881
-71.2144808908 -69.8464882172 7.0686487515
-2.3416225219 -93.4113058890 35.6208469308
-20.9161840048 -30.4144413640 92.9380169962
