57.9864012674 77.5258757222 25.0462744047
10.1584439539 2.8031537704 99.4431915486
53.9759130700 42.4978273057 72.6672930730
13.5383618231 89.7568841470 41.9572938519
56.5827298124 36.7856972731 73.7916469738
73.9405671576 -49.9633560718 45.1271046984
1.8092884298 53.6927332788 84.3434459127
-20.0974004847 63.1729788652 74.8683460152
42.0078971574 -57.4174123813 70.2750121440
47.3185446868 26.4270801181 84.0390668984
99.1165495762 -13.0907935165 2.1308977488
48.2809444623 -49.1028470068 72.5111082363
-24.6267932620 75.5882156912 60.6625312878
11.3937992739 9.1126003759 98.9299845977
-11.1436488075 -23.9929796540 96.4373165252
-32.7591493656 -24.9089838138 91.1393474752
10.8303463447 95.0985374477 28.9650094661
1.2975665443 -0.4088943345 99.9907452042
-34.6288175526 26.2164583177 90.0752036256
-49.0603554996 -31.4856849225 81.2510502284
-77.3195309271 35.3833889416 52.6279956318
1.2773685095 -22.3639159708 97.4588302420
37.1385299317 -49.9108986026 78.2919650743
88.4302087415 -44.4355615825 14.3380280649
29.8050314665 93.5765659047 18.8437366985
-71.9624549973 -18.5429947680 66.9145904553
97.4009824264 17.3835144665 14.5210897374
-74.8266170769 50.0096340392 43.5891486507
6.8100674384 -12.1422952695 99.0261967717
83.7407678368 -47.5986955605 26.8672287935
30.1287102560 92.6608341968 22.4995694241
-50.1061004838 80.9060888799 30.7178039003
9.5852778694 97.9940743432 17.4723736733
-52.3235058752 -85.0479908160 5.3935137984
-44.8216403372 -88.1003189638 15.1444496747
-77.6359028385 57.4779473176 25.8641095458
73.1360502404 -50.1616891030 46.2052280761
48.1802394560 63.3751281292 60.5165899615
61.2552863103 -6.3871708750 78.7844778320
91.1525333386 16.7993135139 37.5366318603
-1.2991807445 -2.6749390383 99.9557743731
-1.0807249132 -0.3899835116 99.9933995148
-97.8632002655 -18.2046665533 9.5595057131
59.2070468171 -6.5084811344 80.3253713376
-22.1488260261 -47.0376632517 85.4218223962
-85.6773049189 8.6393170087 50.8405509751
38.4267303306 -90.6260738014 17.6153666850
7.5510598128 -26.3111014336 96.1805980281
-11.8421461176 -29.0419170496 94.9543607709
-12.8776106531 72.6303801428 67.5203304508
10.7984546691 7.3416313184 99.1438037718
-64.5630051611 19.3304484973 73.8779542588
-14.2135829510 -40.5593914345 90.2934650247
15.0750853577 9.7409058730 98.3760974741
-48.0739468671 -50.6624259640 71.5696459964
-69.7345398515 -61.6953107658 36.4798928345
0.5302300452 17.4535069214 98.4636681840
-17.3237891231 10.9277453100 97.8798789990
-59.6004154153 13.0561285105 79.2295903728
-74.6259144329 60.0095773990 28.8066574849
20.8421317580 10.7623078839 97.2099700277
-37.7940345251 15.6991952512 91.2422392468
-43.2222210833 20.8297814686 87.7380180344
40.7415190513 -89.3419174561 18.9248622363
-10.9360167179 -49.4916969293 86.2031059383
7.4006828579 -8.9825356805 99.3204105206
38.2488933065 76.7322256658 51.4702603956
5.3996723105 -17.8307326970 98.2492163349
59.1787643546 3.3295823817 80.5405967859
-50.9827704282 85.9648907049 3.2855266786
-42.7243035196 76.7030184559 47.8673254790
-93.8349457855 -32.8441037031 10.7827548135
44.5606204769 -58.9775903375 67.3497954020
-34.2904094519 87.1620893260 35.0276748292
-34.4228282662 29.1052184812 89.2634032027
91.7313432587 6.6135933957 39.2634823513
-58.8543787444 -32.0920402730 74.2041983565
-4.5721487296 -12.3955980138 99.1233807226
0.0682182454 -0.5184344589 99.9986328506
58.4972860045 -59.9616499164 54.6138084133
55.0758508208 -30.5325738664 77.6814816379
-28.6947071016 11.6833895250 95.0795045925
-38.3355626708 -48.7861451347 78.4238272313
93.7283295187 17.9919167169 29.8545001380
-76.5816817419 -61.6048969547 18.4413311013
4.1761341488 17.0463267688 98.4478676623
56.2732717504 80.6076042150 18.3230191076
74.6622945677 35.4609302639 56.2855593799
1.5235056631 1.1763450714 99.9814739978
-23.7000397365 56.7213611302 78.8732864031
-15.9223392624 94.5934362070 28.2588205515
92.9286874305 -36.6379139040 4.6821274223
-1.1392835886 -49.9904063549 86.6005849021
19.5321110057 11.6046224586 97.3849545734
-90.5885237941 30.9546891189 28.9054766153
0.4476195495 -3.7879842270 99.9272275821
-87.2433471053 -8.2875091299 48.1655019519
81.9439067408 15.1226697002 55.2856311277
28.3591787265 -54.5866142385 78.8419845509
-43.3563273883 -80.6407964267 40.2155545414
