-25.5588627253 33.3975617541 90.7267733641
24.9614137250 -33.2841918913 90.9345390652
7.2956809826 20.8377986657 97.5323494322
14.8589884232 0.8864954387 98.8859170402
90.2014206527 -39.3725650096 17.7060677960
61.7251750661 -9.4050697928 78.1124025060
27.0709147070 -0.3564215984 96.2654587096
55.5684242234 77.1357422859 31.0197919292
-59.0666348153 37.2883899691 71.5591267771
-52.6452751513 -15.4582148078 83.6033408375
-18.3010170182 72.5673154617 66.3253910865
31.7605481181 1.2152530182 94.8145070300
11.4574510598 -97.1481272368 20.7597733513
98.2279885406 -18.4565242209 3.2586777908
-24.8352146830 13.1582783025 95.9691191153
14.4729400685 -21.6567969865 96.5480043815
28.3322320983 -79.1035517019 54.2209621131
-88.3754225560 37.0474817591 28.5879132389
-22.2228904150 21.0292101806 95.2045978973
-70.3703591200 -67.5975935252 21.8764235405
-89.6526384176 -21.5397778803 38.7097196275
79.5271032206 -1.1496629498 60.6145042745
-69.2429332220 -68.9125613218 21.3652776927
-49.7551408559 54.0173403656 67.8715912458
36.7060543760 5.2541672797 92.8711973560
-32.6197974094 81.9251558636 47.1616120770
-56.4228709751 20.6518644433 79.9372261587
55.6169890320 1.5275679537 83.0928219954
1.4346235570 -6.9315344771 99.7491638313
-24.1025636226 48.9586843860 83.7980527817
42.1789688288 77.5323622134 47.0070994442
-70.0250605696 69.6755325816 15.5502749717
0.0812860976 16.3305187446 98.6575265760
-82.6852146753 -40.7035360939 38.8120783204
-19.6448562197 -83.7509606887 50.9887851182
-39.2722576401 38.8210267381 83.3703644160
-74.6079328425 64.1219506501 17.9452445454
18.2453224458 32.8254765014 92.6800749962
21.8808486248 91.2348105240 34.6040143930
-0.9019998804 -6.6691422700 99.7732876956
11.0332623874 -67.7596747646 72.7110280280
93.7552705365 29.5745006067 18.3111485300
-30.9477872657 94.6278600037 9.3703027952
-23.7651713170 -63.2445462414 73.7247855405
-37.5030795999 -69.0905939970 61.8062200888
4.5967826656 -28.9362533047 95.6115204032
3.6279918278 -1.0848988206 99.9282776287
-97.4406243516 -20.9780734751 8.0774475697
5.8287735444 24.0327959121 96.8940148803
-68.2363775277 46.9504486813 56.0308142947
-91.8205542572 -27.1348816230 28.8562647479
-35.9470543528 -13.3561719846 92.3548696782
-88.2088133061 11.7197476243 45.6273248257
13.5115829218 91.9956040984 36.8000808902
25.0631863711 31.5973398550 91.5065287453
54.9795474013 82.0176699857 15.8224896166
-14.4366535932 1.2391727639 98.9446687997
-42.2364564345 48.2687444517 76.7216400822
-26.3772626085 -95.7920278662 11.3193380796
30.0988392253 94.8748434300 9.6345192630
53.2224991032 0.0322661326 84.6602890859
-59.0027355834 -79.9692382338 11.1174695850
60.5004190405 -53.0650935476 59.3615628392
-56.8048043297 3.0573940725 82.2427294450
-43.0912899354 57.6228950252 69.4459696500
-72.4925576440 68.6133546230 6.0857746923
11.8379974163 -64.4502973226 75.5382088231
0.0304548158 0.0279083877 99.9999914681
-1.8522594215 23.6269465019 97.1511015585
-12.4568101428 41.5485121495 90.1029911780
69.1618663141 44.5149002301 56.8775870221
0.6134603124 0.0567010651 99.9981022392
87.0893053718 47.7573426454 11.6055638943
-74.7321504904 -19.0207655247 63.6656592044
27.2392725973 7.9626262423 95.8885739371
-2.3143008448 37.2446684603 92.7764985483
91.3576574050 -21.3938455333 34.5844156631
20.8040223340 -97.3083483372 9.9135260431
25.4915903126 66.5854221718 70.1181886356
34.9542236861 93.5754437594 4.6731757652
-17.9715841777 13.2793372502 97.4714387107
-97.9999541337 -0.6685692484 19.8887406577
42.9138297243 18.2690118946 88.4570315056
-92.4566260490 28.7487269980 25.0056592719
-69.1486438662 71.9901209295 5.9906210046
-80.1502244431 46.6613549278 37.3986560992
84.3499081318 45.5355815944 28.4886610252
-75.7030330720 46.6982949003 45.6981404118
-45.6224695464 -11.4983151414 88.2404613621
-11.5237603023 10.7627349435 98.7490075142
-11.7088318471 39.1281468229 91.2791946885
69.6983612292 -69.9690497414 15.6993796135
94.3174378245 26.7286473141 19.7433617955
-11.0622567282 6.3117741143 99.1856238757
-14.7683604753 -5.2567081904 98.7636701823
-34.2099257569 -20.1470285034 91.7811430643
-9.8720470942 -18.8758200488 97.7048929361
6.6798334457 -63.6099504030 76.8710220750
-3.5923798327 -0.5915149717 99.9337026092
-38.8131982390 27.6583772004 87.9121710180
