-52.1541968571 -85.1916637453 4.7244236151
-58.3986183357 -54.4169815485 60.2361477490
2.8264389558 -7.8657840044 99.6500912434
-48.1437925321 73.7478036029 47.3649311661
21.4213007681 -87.6977228973 43.0143844782
1.1627003866 16.2484564536 98.6642579189
20.1104504296 63.9313940704 74.2182365443
77.6380640393 35.5571804955 52.0386195767
-33.5586154740 65.5949415152 67.6100804250
-1.8340796350 -12.4266716020 99.2079330739
5.5193457142 5.7878346212 99.6796759289
-7.1703927858 -44.5154135644 89.2578479602
40.9841964375 80.8784032069 42.1779508402
25.1464437443 15.5767727176 95.5249732726
68.5972361315 15.3398195747 71.1274147606
63.1446312180 4.7530738721 77.3961487228
4.1082414534 -30.5077983651 95.1440833214
7.1754509677 21.5736758554 97.3811553305
-47.3069461095 43.2904771620 76.7332225107
87.4260238780 -34.1879309687 34.4655730397
95.1001684950 8.4213164796 29.7496114425
-72.0619798812 60.3899716667 34.0605692510
66.9508145466 -19.6163498702 71.6434731801
-41.7973955370 73.1533905386 53.8661227399
-8.1820454512 44.0347433680 89.4091466728
-0.0635976345 6.8095724158 99.7678589469
47.9683761157 -34.1182063329 80.8392410247
8.3254172323 83.8955600654 53.7793866571
-1.1993403208 4.1938482609 99.9048208024
0.2417470132 -71.2371911686 70.1797987515
6.0209122139 -3.3678235416 99.7617480836
52.7926157186 33.1850744541 78.1773020708
84.0008029411 48.6162136043 24.0900161902
-73.8296936675 24.7993597648 62.7229470626
31.1575035017 82.1604507117 47.7375147488
17.5674255751 -89.6026954703 40.7767399765
92.1815677675 -9.1523096209 37.6668792512
-51.0488108320 -36.0372212643 78.0726430716
-90.8494639844 41.5303550891 4.6480641057
-12.2443815659 42.0536484111 89.8975293064
3.7683384083 19.0376679451 98.0987605674
53.6635502762 -39.2679751294 74.6876797135
73.7725966003 -18.9866647241 64.7851105849
79.5974674320 60.1900243729 6.4346052253
37.0036262185 -13.9171162616 91.8533914542
-52.7425907059 53.9268541452 65.6514548783
82.6105300924 -5.8918528619 56.0427193105
-1.8443886405 -3.9002970431 99.9068862167
-8.3936070802 -12.6941035235 98.8352522935
-69.8241417287 13.6221682851 70.2782026169
54.6845801226 -83.6777048857 2.7637658886
-6.0460720089 -10.1133413478 99.3034004455
-28.9558162888 81.8824128243 49.5664319183
-38.2456294532 18.2294311722 90.5812324208
-43.7292269205 -3.7313504990 89.8545031503
-11.8546492879 85.8333177995 49.9210260892
-64.2163487340 60.1064476706 47.5759971382
-94.1936624740 -20.5017736076 26.5938193699
-63.7121762042 -37.6963179360 67.2290578350
-26.6971309942 -47.4555240088 83.8763163099
-90.7909433451 -12.6884386247 39.9500704853
27.8769429734 83.1567555291 48.0398798950
-39.2330272479 80.4651174777 44.5660682836
37.1730916557 -40.9173058542 83.3302786410
28.4633266328 -13.9856248944 94.8379741101
61.2583592227 -79.0204014344 1.7859402240
56.3186999963 81.0681766313 16.0048357817
-15.8234572921 66.4672968047 73.0186048539
-12.3324738176 -29.4413011844 94.7687705635
4.1412026830 -6.0703776320 99.7296393042
-54.5629497574 -25.9024975169 79.6990911877
-4.9721096643 16.6121908055 98.4850914714
-83.2472993245 50.1860615631 23.4786366717
28.5779520360 -45.3442473253 84.4227451101
-15.7826699353 -24.8623487469 95.5655321991
-61.4361377887 40.7955426939 67.5375796865
33.9257518492 91.9642253815 19.7895076102
-75.7344296493 -55.9488582878 33.6752345498
29.5932625056 72.9470909325 61.6681501162
-91.9968771117 -18.1671216874 34.7351449009
66.1551799186 -5.8316541687 74.7628516016
-0.3598646966 2.6808243509 99.9634116975
0.3401422600 0.7897138123 99.9963032084
-68.3527426746 -66.3552860218 30.4118165491
-1.6300839597 -88.6890591210 46.1691847288
79.0984677663 -27.2318721363 54.7892100416
-10.7432901240 35.3511193924 92.9240554163
72.9348521021 -67.7059430392 9.8189931268
-89.4367296143 -23.7857600806 37.8854723250
-54.1500572287 -2.3900944193 84.0360562544
-24.0588753602 -35.4428722056 90.3602419553
-69.5976685812 38.7505291707 60.4529653289
5.4180849504 -17.9118345312 98.2334491871
41.0668772776 -54.1159104398 73.3824217911
0.0551269024 -3.9609705153 99.9215075627
-6.9216487382 -41.3289030984 90.7965447989
49.2246075944 12.3534845988 86.1645485420
47.6125850213 42.3824293232 77.0504473202
-34.0874492407 3.8043270365 93.9338751466
47.6888241132 -82.9445943653 29.0855689350
