74.9616129409 44.3531821153 49.1279128557
71.3330767582 -69.8393432342 5.8359486655
-89.0314274709 -40.3211144901 21.1568581971
71.5309973571 67.4265125647 18.3570645927
-22.9068510781 85.2884314928 46.9165176370
-14.6448683240 -90.5737913273 39.7733095979
-34.5900166714 45.7549792960 81.9146666739
-88.0137977780 9.7293593004 46.4640825617
-4.9143759250 -33.2125401433 94.1954143603
30.9702096140 89.6552963545 31.6666062605
35.3059113232 -93.3413468161 6.3941848737
1.8702754644 -99.0939581199 13.2999824746
-51.5726062454 -52.1586753695 67.9686609311
66.3446615694 -66.8445225860 33.6183830887
-20.2124230928 9.6295887922 97.4614229960
-26.3758677013 -42.1515339913 86.7615224923
-4.3807336822 -15.2239737252 98.7372259911
46.7878504011 4.4964529849 88.2648229217
-17.5667675050 72.4327737264 66.6700980179
-87.3188723503 6.4210139942 48.3134050835
-17.7150622798 -70.0891005226 69.0919283011
35.1114534304 -91.9875683742 17.4777888363
-90.7150704712 41.5078125227 6.9193561108
-93.9026639610 29.7807503125 17.1871059766
-12.8602619750 -6.6916222692 98.9435993551
-39.6954652608 51.2350641293 76.1527297042
-24.3551879389 -55.4746215607 79.5574709449
80.8741118388 4.5977664760 58.6364952714
-33.7525093927 84.1423090881 42.1999991827
-29.5832766239 48.4916780488 82.3005887233
35.0022099729 91.4506799599 20.2883816971
78.6842062658 -61.2799476176 7.3187228599
-82.3682844355 50.6775161343 25.4412082577
-10.0139940375 -53.5787267606 83.8393700008
11.9031149654 0.0112258371 99.2890514009
-83.9342501175 41.2689255836 35.3824453422
97.0479009003 23.0352581720 7.1471541048
26.2162940722 -0.1846325199 96.5021856538
88.1073950569 -45.9835128598 11.0726456352
-45.8663625588 3.6313797666 88.7867662809
26.7298656644 49.3599622477 82.7593403095
-90.1482100719 15.0433032133 40.5832385261
-3.5776845870 -25.3175808324 96.6758515545
-90.1852550329 24.5447704917 35.5552248784
93.4240005432 -19.2440889976 30.0270071961
30.7932776263 4.8111702400 95.0190859457
-23.2920396393 -5.4553218326 97.0964487154
76.7728936327 -14.8830136047 62.3251049682
27.2851912928 7.1952215475 95.9361617066
22.9144616540 -90.2935747233 36.3592878202
50.8416975016 1.0189419147 86.1050727456
3.7374979963 -55.9291585509 82.8128029505
-36.9354086600 -2.5740654783 92.8932170507
-55.8249713432 77.5600450563 29.4620431299
99.3956011101 -10.9738239317 0.2994466215
-56.1732601255 6.1466667251 82.5032322703
-20.7125507191 -49.1650960786 84.5800423876
7.7409005031 -17.3054836518 98.1865504791
20.2194189950 97.4850460178 9.3723475397
53.6513411036 46.1862093964 70.6283771538
21.0047810362 -96.9937360037 12.2887895930
-90.1217439034 40.2184864784 16.1413946485
6.6180029341 -49.4803950455 86.6480960166
-0.7147862195 -0.3655798627 99.9967771082
25.3617052786 58.8008958696 76.8065007033
-36.4374259081 -87.3495855766 32.2856607921
24.4589720985 4.7964481309 96.8439609331
10.1913465395 94.9921941283 29.5401338927
45.9852959863 2.2552154233 88.7708654709
3.4616384078 -21.5591504506 97.5869873056
-17.2915006348 93.7426457802 30.2211907101
24.7068555782 50.4591408207 82.7251255368
-29.8632827730 -25.3776064981 92.0008773352
29.5063633262 -66.2341147837 68.8652057434
15.1257987863 19.9717438611 96.8108447346
-24.8788414933 -22.8417380518 94.1238452717
67.0829307163 -74.1609522925 0.1831981703
66.1017179382 -62.4257737061 41.6363502581
-6.6046678635 41.6261071224 90.6843182047
-61.9430032554 42.5702262437 65.9608989119
24.7269625737 34.1438412899 90.6795204213
-86.6006579207 -0.3798340196 50.0018177052
66.5045108349 -31.3869369866 67.7643728312
70.8417064128 -15.8029898398 68.7874853781
83.6308506007 29.6855308057 46.0939268081
1.7254797061 3.1874844563 99.9342917252
-92.2682362575 33.4917986293 19.1016230332
-1.6054956469 -5.0350063873 99.8602578327
-55.3481659283 -12.7192678378 82.3091778239
6.6075190691 -55.5352379333 82.8986009498
-13.9981308113 -25.9795109847 95.5464145993
-64.5615570073 23.4910833320 72.6634320734
38.5784131445 36.9844200612 84.5213506280
28.4450836751 95.3154233201 10.2882113136
-89.8136678414 -9.4943459080 42.9343972200
30.0625342475 2.2938263523 95.3466433352
-6.1652288992 -9.2078309034 99.3841325498
-15.4315008898 87.3517300652 46.1686477483
-90.1579599334 12.5686962752 41.3952912127
2.6534361202 90.8797888509 41.6392033445
