74.8346105007 -64.7422224200 14.4300279740
6.0265800335 9.4325735521 99.3715597607
12.6621457072 5.4051320390 99.0477390642
21.4755221046 17.9728653931 95.9988440550
-17.6966770969 -69.8091041440 69.3795113729
-77.0084064795 21.6653544551 60.0026478401
-96.8653230964 16.2673008148 18.7745600651
-6.2270342270 -95.4950698982 29.0157831167
-19.9331733575 -26.5879255496 94.3172879957
-71.6390559343 30.6113985214 62.6959962470
-21.6606259297 -52.5310753911 82.2879298718
11.6355723243 82.5928962383 55.1636379117
17.6949766686 -42.4916471197 88.7769549250
-7.7573249221 6.3886659528 99.4937629070
-96.9483398295 22.4941097912 9.7485603551
13.6087381702 -4.3836127754 98.9726537204
-3.1630706148 5.3955824975 99.8042217233
-62.9551913859 63.6183659776 44.6021007118
75.2090919496 -8.4135991926 65.3666875154
8.9606622959 7.0502051375 99.3478793872
68.1016994810 -73.0887989039 4.4928835481
-21.0586915575 -3.5310970497 97.6937196728
-15.6170964763 -26.4344129252 95.1699958545
-19.8961950300 -30.4398912925 93.1533920017
41.0749881116 -61.1355712808 67.6408698629
-3.6957786785 -18.0990329395 98.2790223121
-29.5559364738 49.3572363639 81.7943142136
89.2309313456 -6.5487194783 44.6649209604
-17.8294078737 14.5458921861 97.3166441848
57.8796461381 1.0779934503 81.5400790597
50.4400310569 61.5168128396 60.5927801395
23.0194544297 -77.3180289726 59.0933762240
22.1023796158 18.1228381047 95.8282189877
-19.8763024616 -45.7115883324 86.6913103637
-52.6081333924 16.7431329124 83.3789649807
-7.6970562943 8.4609027620 99.3436885205
37.8284178918 -76.0299507924 52.8058460997
33.9408252574 15.3095919437 92.8096803968
-43.0584250435 86.9714436603 24.1234330146
0.0891326914 -80.5818293364 59.2162210561
0.4756896521 -0.1542324572 99.9987496507
28.4140219387 -5.7037052095 95.7084693439
-22.7516694071 11.1229662518 96.7400700896
3.1230786686 -84.6326846943 53.1747596239
4.5029739175 -8.6874543994 99.5201053152
-0.3734654793 -0.8631376038 99.9955774873
46.2416256165 -67.8787396410 57.0454973253
-89.3314897283 19.4368121032 40.5227748085
87.2684211999 48.7011933891 3.5236946171
-2.3009977154 -2.6929499485 99.9372474610
-40.0598556308 6.8726636158 91.3672504876
63.6821897552 10.8669947394 76.3314295249
77.9198257997 1.2382051890 62.6655215828
-18.5636661605 78.0947911637 59.6371854783
-76.9889676656 -63.8134486777 0.7366312829
-64.5549290425 52.4043349808 55.5557990811
-85.0351427411 50.1715388566 15.8695049627
15.1526845456 73.3920678763 66.2117853852
-94.4296905597 25.5505140033 20.7413783286
15.2912769468 -7.4867543350 98.5399683320
67.3696324314 65.4734151048 34.2719205848
98.9774571438 13.5089384467 4.5794715190
16.3204836390 -33.5459891527 92.7809701693
-62.3058737165 -61.9188024080 47.7916311584
-14.1571397642 -83.3808986422 53.3591710516
26.2036537613 -59.4083370396 76.0527318362
26.1738491424 -4.6612488913 96.4012571487
55.8145727543 -49.0850745044 66.8983477312
58.5271151395 1.1582250956 81.0754914143
71.0057939059 6.9217396757 70.0732955672
2.0183478741 13.1102455424 99.1163343434
64.3109004469 -47.3915124217 60.1510817367
-11.6101088523 -54.2518075292 83.1982376752
-22.8393699339 50.7736189577 83.0686631586
-50.5451549068 -14.2894190247 85.0940645368
-3.0598407489 3.2563218476 99.9001188318
38.0662017158 54.5954758309 74.6344311008
10.5013415228 -81.4856732291 57.0070774959
34.2651140545 -10.6450289020 93.3412305388
30.5018751688 1.4185068912 95.2240696956
-40.0189158943 -43.3026435138 80.7673661535
12.6025274077 7.3102380577 98.9329910721
96.1605608092 -2.1006910609 27.3629976781
-47.2583052615 68.7109215987 55.1857031927
-76.2961269335 60.3445481856 23.1826771365
-31.8665273677 62.0706226753 71.6363192398
30.4010825268 -25.8542295343 91.6915099472
-53.3620442619 -24.0163576226 81.0907318917
18.3365061902 44.8296887522 87.4875508122
2.6117750144 -1.5885692444 99.9532644741
0.3931422364 31.1346576282 95.0288300126
87.7556552851 3.7470883719 47.8006725289
-20.7635276512 -4.9837290533 97.6935942844
-20.2652353278 85.5418236670 47.6646267249
67.9939763014 -49.9092483173 53.7204441449
51.0205256448 9.0074960488 85.5322803266
85.2224736775 47.5530204323 21.8137623543
-81.7495351107 -55.3135632826 16.0444141731
16.5887241947 10.4986777554 98.0540258989
55.0745189566 -83.4480379775 1.7950820030
