8.6406109987 -67.9180921409 72.8867107332
-33.2731465631 -87.9119251555 34.1231758963
61.2083876558 -78.5455655087 9.1721000595
-81.4711130735 37.2605286713 44.4309659776
-37.7543461498 -90.7015734447 18.6503062029
-86.5587782076 -37.6322335027 33.0362364202
-12.4974863453 -84.1197849011 52.6086934188
-43.5918791355 -5.3629097035 89.8386735930
-43.7495147965 -79.6776398015 41.6827742686
-24.9864867533 -2.8114930473 96.7872459913
12.5836833084 20.4215531732 97.0804361362
-26.6218493110 6.1668694747 96.1937984495
9.4253920043 -7.7881981515 99.2497151387
-78.0189091840 -43.7461386529 44.7138140030
53.1220701495 36.9492112991 76.2417303542
-1.3365955041 90.3708543346 42.7939504987
53.3089748862 -1.5770678682 84.5911700683
-48.5712177427 -87.2146938102 5.8680482769
50.3544065448 -51.9810782941 69.0101531725
99.2789756685 0.1875086445 11.9854007326
0.9564513207 91.5253866391 40.2764050212
-16.4254223970 -84.3643587500 51.1161468792
-70.4313147574 -49.7730464352 50.6169314568
2.1426195269 -99.6478701856 8.1062413630
-87.3068582108 17.3403077129 45.5722090509
6.2505200907 -12.9139883079 98.9654480340
-0.6384070480 1.7935718143 99.9818760405
67.0473401391 38.0660099116 63.6838525035
-72.8620264736 33.5500483475 59.7119699394
-91.1149999586 -27.3970307312 30.7808299052
75.7732589086 -20.9393058022 61.8058145071
-71.5538243502 69.5328927111 6.7251061022
-23.9277086385 60.6608197409 75.8137830983
-19.0756131110 -36.6368462952 91.0706455340
-19.0488465703 0.3667195184 98.1682584196
5.5545411281 -6.6348994914 99.6249224923
7.1917626932 -31.8441858858 94.5210366778
0.8463272151 2.8423983386 99.9560128353
6.6458415191 -65.3686967361 75.3841248376
-16.5309348244 27.3077977519 94.7682034006
65.4287776454 -15.6627516350 73.9848178145
47.2799629127 -21.9882712232 85.3294851478
-1.0379552354 27.4523318377 96.1524421198
-23.9313860794 -74.9343208389 61.7425001172
47.9559724687 12.0031165496 86.9261174658
-40.7272290906 -33.4611878093 84.9802431215
-60.5519266986 26.8232167294 74.9264920931
70.8024705752 49.7950913998 50.0745347750
-20.5056401628 96.7764149182 14.6234140029
99.0163626240 -13.9044384395 1.5577305272
75.1866847819 -56.5813101122 33.8454986297
-41.4499826998 8.6762801847 90.5904028931
4.0548453235 -15.3505552301 98.7315485725
44.4040083014 -2.8357025473 89.5558085097
-13.5341966430 -25.6504450865 95.7020385786
85.4318910147 -9.8167104392 51.0394376322
-25.4167185376 -87.7216585431 40.7296089010
-19.2461745276 -5.9595178994 97.9493180806
55.1244590198 34.3054489477 76.0554415560
73.9166165296 -45.6452713006 49.5261850814
26.6673316738 30.8574503197 91.3053732327
0.3588655881 0.2869948170 99.9989442418
24.1791136011 -52.1588851151 81.8218868581
-72.9830274859 27.1133201666 62.7562392797
-44.1586150187 78.6555247234 43.1662501281
-75.5222550804 -50.4748060657 41.8172564883
10.5985756246 61.9295206473 77.7972021805
-28.3100722806 -91.4751300122 28.8243021897
-3.5117753366 -47.0650639375 88.1620507392
-48.1941728756 -6.2909996078 87.3941933127
61.3854129074 -60.2029662482 51.0630388549
-64.4403521466 0.5785230875 76.4663738271
-4.6735146437 1.7305589963 99.8757399294
73.3209192499 53.9445423692 41.4008351234
52.3592366595 -84.5407295446 10.5534536762
-11.8572715869 -17.1960261589 97.7941807822
-64.0182826709 -63.1709640684 43.7160014473
-9.7178731386 -31.9070491971 94.2735548985
-94.9276279957 12.2632039429 28.9544344127
87.9734231145 33.0741997013 34.1580757601
-56.4907430659 -22.5356815413 79.3784542891
23.4852885664 -22.8107748015 94.4886753739
64.5693378053 6.7303741969 76.0624919297
0.6591342835 4.5335327993 99.8950079952
89.3899879273 -15.4450084298 42.0818461210
-9.0211911860 43.7840948726 89.4515016407
47.1678535460 -8.1404653588 87.8004921148
74.4586142436 -36.5920427382 55.8295367451
84.3862992305 -41.3311572346 34.2153173861
-6.9352719436 -14.0974485608 98.7581082603
-21.4992347931 76.4991160147 60.7097039384
4.7591998384 24.1557376924 96.9218775790
-39.8056132862 4.8960217560 91.6053607704
60.9985358095 -26.4805018745 74.6857526545
0.4514052472 -7.8723153824 99.6886296617
-95.6904546551 -25.0903965864 14.6222052726
-15.5776347202 9.6291546819 98.3087822966
-62.5515328754 7.0768700694 77.6995730037
75.6833296290 -17.0677637522 63.0929873818
-55.8969626939 44.1185216943 70.2074469348
