-1333.2208552253 -1638.9932408788 634.5172939389
-1333.2208552253 -1638.9932408788 -2000.0000000000
-1167.0519059149 -1282.2245320792 367.9614737833
-1167.0519059149 -1282.2245320792 -2000.0000000000
-1167.0519059149 -1282.2245320792 -2000.0000000000
-1167.0519059149 -1282.2245320792 -2000.0000000000
-1167.0519059149 -1282.2245320792 -2000.0000000000
-1167.0519059149 -1282.2245320792 -2000.0000000000
-1167.0519059149 -1282.2245320792 -2000.0000000000
-1167.0519059149 -1282.2245320792 -2000.0000000000
-1496.4640652665 1835.0704631572 707.9200628331
35.5063908570 -1512.8855098789 898.3322851712
35.5063908570 -1512.8855098789 -2000.0000000000
35.5063908570 -1512.8855098789 -2000.0000000000
-429.0986108516 1861.2150433732 -793.8236170609
-429.0986108516 1861.2150433732 -2000.0000000000
20.8384542722 879.7079449387 -1982.6433483032
20.8384542722 879.7079449387 -2000.0000000000
20.8384542722 879.7079449387 -2000.0000000000
20.8384542722 879.7079449387 -2000.0000000000
20.8384542722 879.7079449387 -2000.0000000000
20.8384542722 879.7079449387 -2000.0000000000
1990.1720256392 173.9564052513 2.2889375457
1990.1720256392 173.9564052513 -2000.0000000000
1990.1720256392 173.9564052513 -2000.0000000000
1990.1720256392 173.9564052513 -2000.0000000000
1990.1720256392 173.9564052513 -2000.0000000000
-554.8973771297 -1421.6779132660 1504.5785214447
641.3951428958 1425.8498081863 -977.3287049363
641.3951428958 1425.8498081863 -2000.0000000000
641.3951428958 1425.8498081863 -2000.0000000000
-1124.9656208323 -1729.2230252701 -722.5258061668
-1124.9656208323 -1729.2230252701 -2000.0000000000
-1708.5115444673 -842.2630485174 -854.8907211226
-1708.5115444673 -842.2630485174 -2000.0000000000
-1708.5115444673 -842.2630485174 -2000.0000000000
-1708.5115444673 -842.2630485174 -2000.0000000000
-1708.5115444673 -842.2630485174 -2000.0000000000
-1708.5115444673 -842.2630485174 -2000.0000000000
-1708.5115444673 -842.2630485174 -2000.0000000000
-238.4307030345 431.5570163371 -1206.3019618194
-238.4307030345 431.5570163371 -2000.0000000000
-238.4307030345 431.5570163371 -2000.0000000000
-238.4307030345 431.5570163371 -2000.0000000000
-238.4307030345 431.5570163371 -2000.0000000000
-1440.9088365353 -1245.3356339543 440.2353771846
798.6788487604 1201.6978275295 1391.0426395619
798.6788487604 1201.6978275295 -2000.0000000000
-644.2342858461 -285.5434618305 1041.7708168540
113.0917752356 100.2669659257 491.4326373140
-964.6347175461 -1272.5932219921 -760.1737889874
106.1696248607 -651.5316239605 1323.4647581990
881.3647987752 9.7985097061 1870.3430448870
881.3647987752 9.7985097061 -2000.0000000000
881.3647987752 9.7985097061 -2000.0000000000
881.3647987752 9.7985097061 -2000.0000000000
881.3647987752 9.7985097061 -2000.0000000000
881.3647987752 9.7985097061 -2000.0000000000
881.3647987752 9.7985097061 -2000.0000000000
881.3647987752 9.7985097061 -2000.0000000000
-1470.9093926368 503.0856906186 -356.1088537613
-1470.9093926368 503.0856906186 -2000.0000000000
-1470.9093926368 503.0856906186 -2000.0000000000
-179.9217478080 1236.0522453990 -392.9891078310
-179.9217478080 1236.0522453990 -2000.0000000000
-179.9217478080 1236.0522453990 -2000.0000000000
-179.9217478080 1236.0522453990 -2000.0000000000
-179.9217478080 1236.0522453990 -2000.0000000000
512.1292792491 -869.1607418573 -1262.4808003740
313.5717541208 -1520.1912001404 -1416.5781123958
313.5717541208 -1520.1912001404 -2000.0000000000
313.5717541208 -1520.1912001404 -2000.0000000000
313.5717541208 -1520.1912001404 -2000.0000000000
313.5717541208 -1520.1912001404 -2000.0000000000
-927.2050072112 -210.5803709268 -976.7303627939
-538.4993211474 751.5167040804 -1345.4641065320
-986.2850982582 467.6865130509 1456.1342183950
-986.2850982582 467.6865130509 -2000.0000000000
-986.2850982582 467.6865130509 -2000.0000000000
1991.7524694533 -1734.0103068945 1062.4863803992
1855.8244512631 -1953.0073697775 -625.6693598307
1855.8244512631 -1953.0073697775 -2000.0000000000
1472.1884162674 1315.1472681439 -1828.7182667265
1472.1884162674 1315.1472681439 -2000.0000000000
1472.1884162674 1315.1472681439 -2000.0000000000
1472.1884162674 1315.1472681439 -2000.0000000000
1472.1884162674 1315.1472681439 -2000.0000000000
1472.1884162674 1315.1472681439 -2000.0000000000
76.1812032844 -681.4385171100 410.7520458578
76.1812032844 -681.4385171100 -2000.0000000000
-1099.3538289290 1061.5844896958 101.0472982597
-1099.3538289290 1061.5844896958 -2000.0000000000
119.6174640301 -319.0568618637 -932.3469737073
1051.2090552664 1051.8605186355 1018.6147709912
1051.2090552664 1051.8605186355 -2000.0000000000
1051.2090552664 1051.8605186355 -2000.0000000000
-1704.2287428642 824.0610583070 -1679.1848787775
1922.8242736870 1376.0987372277 650.6836531452
1922.8242736870 1376.0987372277 -2000.0000000000
1922.8242736870 1376.0987372277 -2000.0000000000
1922.8242736870 1376.0987372277 -2000.0000000000
1922.8242736870 1376.0987372277 -2000.0000000000
1922.8242736870 1376.0987372277 -2000.0000000000
1922.8242736870 1376.0987372277 -2000.0000000000
-1044.7188719314 549.7567885202 1845.4696630830
-1044.7188719314 549.7567885202 -2000.0000000000
-1044.7188719314 549.7567885202 -2000.0000000000
-1044.7188719314 549.7567885202 -2000.0000000000
-846.2919450494 -1352.5296370295 -1021.1499600533
717.3740138217 255.1112475218 -944.5189712154
-660.9808639120 1529.3142513628 -1447.2545113004
-660.9808639120 1529.3142513628 -2000.0000000000
1030.3835428291 1714.9336658456 205.6692927971
-1452.9057875381 739.6023382056 611.1973285464
-803.4850406684 860.5269019766 1528.5533387602
-803.4850406684 860.5269019766 -2000.0000000000
-803.4850406684 860.5269019766 -2000.0000000000
-803.4850406684 860.5269019766 -2000.0000000000
122.7642138190 -1560.9642478558 151.2499964053
1367.7234576803 -1067.3708203035 1841.3648992438
1367.7234576803 -1067.3708203035 -2000.0000000000
616.0316626639 985.4394156140 44.1740046398
616.0316626639 985.4394156140 -2000.0000000000
616.0316626639 985.4394156140 -2000.0000000000
616.0316626639 985.4394156140 -2000.0000000000
616.0316626639 985.4394156140 -2000.0000000000
616.0316626639 985.4394156140 -2000.0000000000
60.0164090446 166.5905713638 136.0025055551
60.0164090446 166.5905713638 -2000.0000000000
60.0164090446 166.5905713638 -2000.0000000000
-779.5702999515 -932.4970369151 1222.3479402841
-779.5702999515 -932.4970369151 -2000.0000000000
1041.5312359770 145.0330386870 -325.4892762343
1624.0275906204 138.9330957683 -834.5327712746
1624.0275906204 138.9330957683 -2000.0000000000
-1724.1754914599 -1494.4014811396 -917.6253123199
-1724.1754914599 -1494.4014811396 -2000.0000000000
-1724.1754914599 -1494.4014811396 -2000.0000000000
-1724.1754914599 -1494.4014811396 -2000.0000000000
1308.6394380959 -744.8077129938 -931.7042245980
-1325.1933171615 1921.9943390627 -1725.3213343444
-1325.1933171615 1921.9943390627 -2000.0000000000
1759.4352571697 855.4970734091 1885.5187360306
1759.4352571697 855.4970734091 -2000.0000000000
1759.4352571697 855.4970734091 -2000.0000000000
1759.4352571697 855.4970734091 -2000.0000000000
1759.4352571697 855.4970734091 -2000.0000000000
1759.4352571697 855.4970734091 -2000.0000000000
1759.4352571697 855.4970734091 -2000.0000000000
1759.4352571697 855.4970734091 -2000.0000000000
1759.4352571697 855.4970734091 -2000.0000000000
1759.4352571697 855.4970734091 -2000.0000000000
1759.4352571697 855.4970734091 -2000.0000000000
1934.3191684864 -1243.7756630030 441.1604256486
19.4059735834 1549.6745344400 105.2845528411
19.4059735834 1549.6745344400 -2000.0000000000
19.4059735834 1549.6745344400 -2000.0000000000
19.4059735834 1549.6745344400 -2000.0000000000
19.4059735834 1549.6745344400 -2000.0000000000
-181.0756054567 -807.5092471501 1218.6077875907
-181.0756054567 -807.5092471501 -2000.0000000000
619.6429409533 916.3635299694 -1886.3993557846
619.6429409533 916.3635299694 -2000.0000000000
619.6429409533 916.3635299694 -2000.0000000000
619.6429409533 916.3635299694 -2000.0000000000
-1943.7907869636 1056.9561956428 1679.0259378611
-1943.7907869636 1056.9561956428 -2000.0000000000
-1943.7907869636 1056.9561956428 -2000.0000000000
-1943.7907869636 1056.9561956428 -2000.0000000000
1916.5241037030 -1033.2414343220 724.3935029966
1916.5241037030 -1033.2414343220 -2000.0000000000
1916.5241037030 -1033.2414343220 -2000.0000000000
1916.5241037030 -1033.2414343220 -2000.0000000000
1397.8917772793 446.3832907724 1271.3194472840
1397.8917772793 446.3832907724 -2000.0000000000
-1291.8037333879 659.6447542749 -1329.7330910272
187.0748444760 -576.5601021362 -1611.1255052665
187.0748444760 -576.5601021362 -2000.0000000000
187.0748444760 -576.5601021362 -2000.0000000000
187.0748444760 -576.5601021362 -2000.0000000000
187.0748444760 -576.5601021362 -2000.0000000000
-1781.5623015135 -612.2239934507 904.4227838499
-1781.5623015135 -612.2239934507 -2000.0000000000
-1781.5623015135 -612.2239934507 -2000.0000000000
-1781.5623015135 -612.2239934507 -2000.0000000000
-1781.5623015135 -612.2239934507 -2000.0000000000
-1781.5623015135 -612.2239934507 -2000.0000000000
-1781.5623015135 -612.2239934507 -2000.0000000000
-1781.5623015135 -612.2239934507 -2000.0000000000
-1781.5623015135 -612.2239934507 -2000.0000000000
-1781.5623015135 -612.2239934507 -2000.0000000000
-1781.5623015135 -612.2239934507 -2000.0000000000
-1781.5623015135 -612.2239934507 -2000.0000000000
1921.2619368354 -617.1394813725 -1536.2537753744
1921.2619368354 -617.1394813725 -2000.0000000000
1921.2619368354 -617.1394813725 -2000.0000000000
1921.2619368354 -617.1394813725 -2000.0000000000
-1349.3929212030 -1412.2178010417 -44.0933769161
-1349.3929212030 -1412.2178010417 -2000.0000000000
-1349.3929212030 -1412.2178010417 -2000.0000000000
-1349.3929212030 -1412.2178010417 -2000.0000000000
-667.5751929010 -353.3587640139 121.4710155396
-667.5751929010 -353.3587640139 -2000.0000000000
-667.5751929010 -353.3587640139 -2000.0000000000
-667.5751929010 -353.3587640139 -2000.0000000000
-667.5751929010 -353.3587640139 -2000.0000000000
-667.5751929010 -353.3587640139 -2000.0000000000
-1934.9106225549 -359.9720945871 431.1246318994
-1934.9106225549 -359.9720945871 -2000.0000000000
-1934.9106225549 -359.9720945871 -2000.0000000000
-1934.9106225549 -359.9720945871 -2000.0000000000
1649.3014290623 -723.3516273754 1758.7858186435
1649.3014290623 -723.3516273754 -2000.0000000000
1783.9166429141 -666.5262080488 95.2735981459
1783.9166429141 -666.5262080488 -2000.0000000000
1783.9166429141 -666.5262080488 -2000.0000000000
1783.9166429141 -666.5262080488 -2000.0000000000
1783.9166429141 -666.5262080488 -2000.0000000000
1783.9166429141 -666.5262080488 -2000.0000000000
1783.9166429141 -666.5262080488 -2000.0000000000
1783.9166429141 -666.5262080488 -2000.0000000000
-808.0187498003 1361.5461190940 -1210.1252757996
-180.6408805437 1716.3539634271 -924.8961129730
-180.6408805437 1716.3539634271 -2000.0000000000
1445.6939326739 -973.8959496942 1075.6649436007
1445.6939326739 -973.8959496942 -2000.0000000000
1445.6939326739 -973.8959496942 -2000.0000000000
1445.6939326739 -973.8959496942 -2000.0000000000
1445.6939326739 -973.8959496942 -2000.0000000000
1445.6939326739 -973.8959496942 -2000.0000000000
1445.6939326739 -973.8959496942 -2000.0000000000
1445.6939326739 -973.8959496942 -2000.0000000000
-1039.7480211419 -533.9837297145 1280.1635276815
-1039.7480211419 -533.9837297145 -2000.0000000000
-1039.7480211419 -533.9837297145 -2000.0000000000
-1039.7480211419 -533.9837297145 -2000.0000000000
-114.0584892718 -1733.1410785285 1646.9719641411
-114.0584892718 -1733.1410785285 -2000.0000000000
-114.0584892718 -1733.1410785285 -2000.0000000000
-1924.6431759762 190.9536841918 1551.8321385255
-400.2582052433 -97.2262587586 -1456.0285346833
-400.2582052433 -97.2262587586 -2000.0000000000
-400.2582052433 -97.2262587586 -2000.0000000000
-400.2582052433 -97.2262587586 -2000.0000000000
-400.2582052433 -97.2262587586 -2000.0000000000
-400.2582052433 -97.2262587586 -2000.0000000000
-400.2582052433 -97.2262587586 -2000.0000000000
-400.2582052433 -97.2262587586 -2000.0000000000
-400.2582052433 -97.2262587586 -2000.0000000000
-400.2582052433 -97.2262587586 -2000.0000000000
-815.5861849697 1004.5071645472 -1266.3275140245
-815.5861849697 1004.5071645472 -2000.0000000000
-819.7728503389 -599.2406262820 1100.7731126495
-819.7728503389 -599.2406262820 -2000.0000000000
-819.7728503389 -599.2406262820 -2000.0000000000
-1675.2645100651 363.0902494692 1593.2753047380
1723.2700828767 1673.7636021661 1855.9481592301
1723.2700828767 1673.7636021661 -2000.0000000000
1723.2700828767 1673.7636021661 -2000.0000000000
1723.2700828767 1673.7636021661 -2000.0000000000
1723.2700828767 1673.7636021661 -2000.0000000000
204.4011355397 -350.5281634434 -1622.2695363364
204.4011355397 -350.5281634434 -2000.0000000000
204.4011355397 -350.5281634434 -2000.0000000000
204.4011355397 -350.5281634434 -2000.0000000000
204.4011355397 -350.5281634434 -2000.0000000000
204.4011355397 -350.5281634434 -2000.0000000000
204.4011355397 -350.5281634434 -2000.0000000000
-8.5885175204 809.5570990461 -1655.2002933488
-8.5885175204 809.5570990461 -2000.0000000000
-8.5885175204 809.5570990461 -2000.0000000000
-374.6498404555 -1091.9626620689 1397.9459887835
-374.6498404555 -1091.9626620689 -2000.0000000000
-374.6498404555 -1091.9626620689 -2000.0000000000
-374.6498404555 -1091.9626620689 -2000.0000000000
-374.6498404555 -1091.9626620689 -2000.0000000000
-374.6498404555 -1091.9626620689 -2000.0000000000
-682.2671146703 -813.1321797028 -706.2206962756
-682.2671146703 -813.1321797028 -2000.0000000000
-682.2671146703 -813.1321797028 -2000.0000000000
-682.2671146703 -813.1321797028 -2000.0000000000
851.0696250109 1611.9233920563 -1356.5677327079
-307.9123521959 1902.9298225542 -1851.2016252782
-307.9123521959 1902.9298225542 -2000.0000000000
-307.9123521959 1902.9298225542 -2000.0000000000
-307.9123521959 1902.9298225542 -2000.0000000000
-307.9123521959 1902.9298225542 -2000.0000000000
-307.9123521959 1902.9298225542 -2000.0000000000
-307.9123521959 1902.9298225542 -2000.0000000000
1641.6649981529 -1307.1840335757 -31.3329948215
1641.6649981529 -1307.1840335757 -2000.0000000000
1641.6649981529 -1307.1840335757 -2000.0000000000
930.9669851097 -1131.7031692510 947.5132871434
-1100.7235114939 1943.8664342880 -990.0866770653
-1887.4515276120 567.1615757070 -516.5827989496
-1887.4515276120 567.1615757070 -2000.0000000000
-1887.4515276120 567.1615757070 -2000.0000000000
-1887.4515276120 567.1615757070 -2000.0000000000
-1887.4515276120 567.1615757070 -2000.0000000000
-850.6810040116 999.1965353319 1332.7093247556
-850.6810040116 999.1965353319 -2000.0000000000
-850.6810040116 999.1965353319 -2000.0000000000
364.3327254499 -893.8277298214 422.6081632169
364.3327254499 -893.8277298214 -2000.0000000000
364.3327254499 -893.8277298214 -2000.0000000000
1957.0912480789 1391.3732966567 1485.7793193239
-181.2495553419 -264.0798080066 1488.0808128791
-181.2495553419 -264.0798080066 -2000.0000000000
-181.2495553419 -264.0798080066 -2000.0000000000
1500.7058914867 685.4818169756 1149.6816746170
1500.7058914867 685.4818169756 -2000.0000000000
1500.7058914867 685.4818169756 -2000.0000000000
1500.7058914867 685.4818169756 -2000.0000000000
1500.7058914867 685.4818169756 -2000.0000000000
1500.7058914867 685.4818169756 -2000.0000000000
1323.7002077005 33.9802086345 1207.1095563938
1323.7002077005 33.9802086345 -2000.0000000000
1323.7002077005 33.9802086345 -2000.0000000000
1323.7002077005 33.9802086345 -2000.0000000000
1285.6569786725 242.7897186486 656.4799534750
1285.6569786725 242.7897186486 -2000.0000000000
1285.6569786725 242.7897186486 -2000.0000000000
-1969.7989300493 1576.3665120417 -1857.1873850915
-1969.7989300493 1576.3665120417 -2000.0000000000
-1969.7989300493 1576.3665120417 -2000.0000000000
-1969.7989300493 1576.3665120417 -2000.0000000000
-1969.7989300493 1576.3665120417 -2000.0000000000
-1969.7989300493 1576.3665120417 -2000.0000000000
-1969.7989300493 1576.3665120417 -2000.0000000000
189.7853644988 -624.2583902138 238.3490555037
529.0615685322 1210.1305665940 796.2298240251
529.0615685322 1210.1305665940 -2000.0000000000
529.0615685322 1210.1305665940 -2000.0000000000
529.0615685322 1210.1305665940 -2000.0000000000
-1130.5390489770 -132.6016755097 32.4939768069
-1130.5390489770 -132.6016755097 -2000.0000000000
-1016.1796095755 -1291.1723263761 -1242.4836241676
-1016.1796095755 -1291.1723263761 -2000.0000000000
-1016.1796095755 -1291.1723263761 -2000.0000000000
-1016.1796095755 -1291.1723263761 -2000.0000000000
-1016.1796095755 -1291.1723263761 -2000.0000000000
-1016.1796095755 -1291.1723263761 -2000.0000000000
-1016.1796095755 -1291.1723263761 -2000.0000000000
-1616.9906981874 909.2569403732 488.5539829839
-1616.9906981874 909.2569403732 -2000.0000000000
-1616.9906981874 909.2569403732 -2000.0000000000
41.9220959228 88.0302967760 1608.4315403091
41.9220959228 88.0302967760 -2000.0000000000
41.9220959228 88.0302967760 -2000.0000000000
41.9220959228 88.0302967760 -2000.0000000000
41.9220959228 88.0302967760 -2000.0000000000
41.9220959228 88.0302967760 -2000.0000000000
41.9220959228 88.0302967760 -2000.0000000000
41.9220959228 88.0302967760 -2000.0000000000
-538.4293016999 1652.3809604856 960.2984935757
-538.4293016999 1652.3809604856 -2000.0000000000
-538.4293016999 1652.3809604856 -2000.0000000000
-538.4293016999 1652.3809604856 -2000.0000000000
-538.4293016999 1652.3809604856 -2000.0000000000
-538.4293016999 1652.3809604856 -2000.0000000000
-538.4293016999 1652.3809604856 -2000.0000000000
-538.4293016999 1652.3809604856 -2000.0000000000
-1747.5687684157 -1171.1007840677 -1203.2663262070
-1747.5687684157 -1171.1007840677 -2000.0000000000
-1747.5687684157 -1171.1007840677 -2000.0000000000
-1747.5687684157 -1171.1007840677 -2000.0000000000
1760.0981092105 445.4285572128 -1823.6612437747
1760.0981092105 445.4285572128 -2000.0000000000
1419.3805469513 -1247.0700096036 309.3522834375
1419.3805469513 -1247.0700096036 -2000.0000000000
-660.4334213553 1276.8758413972 -84.7094450250
-1945.6820059610 1044.5756288959 -992.3646741190
-1945.6820059610 1044.5756288959 -2000.0000000000
-1945.6820059610 1044.5756288959 -2000.0000000000
-1945.6820059610 1044.5756288959 -2000.0000000000
-1945.6820059610 1044.5756288959 -2000.0000000000
-1945.6820059610 1044.5756288959 -2000.0000000000
-1945.6820059610 1044.5756288959 -2000.0000000000
1151.8450746027 -242.1127673674 1815.4458584225
1151.8450746027 -242.1127673674 -2000.0000000000
1151.8450746027 -242.1127673674 -2000.0000000000
1151.8450746027 -242.1127673674 -2000.0000000000
-816.0161680682 374.7213609972 1863.2127503594
-816.0161680682 374.7213609972 -2000.0000000000
-634.6870857171 871.7881991075 329.2974509594
-634.6870857171 871.7881991075 -2000.0000000000
-1613.4899683470 1408.2937202459 -1509.8603200937
-1613.4899683470 1408.2937202459 -2000.0000000000
-1613.4899683470 1408.2937202459 -2000.0000000000
-1850.9829623325 -497.3068592449 1958.3403081629
-1850.9829623325 -497.3068592449 -2000.0000000000
-1850.9829623325 -497.3068592449 -2000.0000000000
-1850.9829623325 -497.3068592449 -2000.0000000000
-1850.9829623325 -497.3068592449 -2000.0000000000
-1850.9829623325 -497.3068592449 -2000.0000000000
-1850.9829623325 -497.3068592449 -2000.0000000000
-1850.9829623325 -497.3068592449 -2000.0000000000
-1850.9829623325 -497.3068592449 -2000.0000000000
-1850.9829623325 -497.3068592449 -2000.0000000000
-1850.9829623325 -497.3068592449 -2000.0000000000
1119.0895833935 -727.5364292213 -147.1633333237
1119.0895833935 -727.5364292213 -2000.0000000000
1119.0895833935 -727.5364292213 -2000.0000000000
-1596.0731982468 883.7773445228 -892.2691538465
964.1794384008 623.8661206328 -1448.7196516610
228.2805075204 110.1238323779 -184.9098376756
228.2805075204 110.1238323779 -2000.0000000000
228.2805075204 110.1238323779 -2000.0000000000
228.2805075204 110.1238323779 -2000.0000000000
228.2805075204 110.1238323779 -2000.0000000000
-322.3778268373 -660.0775676258 -1999.0190920965
497.1626607258 -1684.8174453275 872.1349827805
403.8744180386 407.3681802428 -1072.6348458518
403.8744180386 407.3681802428 -2000.0000000000
403.8744180386 407.3681802428 -2000.0000000000
403.8744180386 407.3681802428 -2000.0000000000
403.8744180386 407.3681802428 -2000.0000000000
403.8744180386 407.3681802428 -2000.0000000000
650.3072721050 1739.1662505090 -1437.3695233186
650.3072721050 1739.1662505090 -2000.0000000000
650.3072721050 1739.1662505090 -2000.0000000000
650.3072721050 1739.1662505090 -2000.0000000000
9.9023117631 -934.8559700772 -1818.1596172792
9.9023117631 -934.8559700772 -2000.0000000000
9.9023117631 -934.8559700772 -2000.0000000000
793.9112948592 -805.2072605441 -1110.4097950048
793.9112948592 -805.2072605441 -2000.0000000000
-1903.6168588412 973.3671995569 -62.0293653396
-1903.6168588412 973.3671995569 -2000.0000000000
901.1724998940 -996.5263009503 1014.1841940041
901.1724998940 -996.5263009503 -2000.0000000000
901.1724998940 -996.5263009503 -2000.0000000000
995.3820680814 1600.4248829617 883.3739637050
995.3820680814 1600.4248829617 -2000.0000000000
995.3820680814 1600.4248829617 -2000.0000000000
995.3820680814 1600.4248829617 -2000.0000000000
995.3820680814 1600.4248829617 -2000.0000000000
1709.3760988512 1732.5065602329 682.5789762627
1709.3760988512 1732.5065602329 -2000.0000000000
1264.8534422599 -75.7430569705 -243.3012831568
-1455.7153169722 -468.4517129684 -7.3944392238
-1455.7153169722 -468.4517129684 -2000.0000000000
-1188.7586352946 -840.6153187806 -1607.1828388132
-1188.7586352946 -840.6153187806 -2000.0000000000
1114.8070811616 -1278.3955499431 -854.4656410878
1114.8070811616 -1278.3955499431 -2000.0000000000
1114.8070811616 -1278.3955499431 -2000.0000000000
262.5277509289 -1601.2278020947 -1087.5936163667
262.5277509289 -1601.2278020947 -2000.0000000000
262.5277509289 -1601.2278020947 -2000.0000000000
262.5277509289 -1601.2278020947 -2000.0000000000
262.5277509289 -1601.2278020947 -2000.0000000000
-1511.1724471608 -1519.9433043720 -1363.5268537996
-1511.1724471608 -1519.9433043720 -2000.0000000000
-1511.1724471608 -1519.9433043720 -2000.0000000000
-1511.1724471608 -1519.9433043720 -2000.0000000000
-1511.1724471608 -1519.9433043720 -2000.0000000000
-331.1293536852 248.5946057154 -1327.1385310553
294.3286839984 1727.5601264388 -658.9836547240
1020.3797232955 1695.0805179665 711.0787932913
-1106.4157408182 -593.7018267166 -587.9092555499
-1106.4157408182 -593.7018267166 -2000.0000000000
-1106.4157408182 -593.7018267166 -2000.0000000000
-1106.4157408182 -593.7018267166 -2000.0000000000
-1106.4157408182 -593.7018267166 -2000.0000000000
-1704.8237579019 -136.4080154433 -396.7035051949
-1704.8237579019 -136.4080154433 -2000.0000000000
-1579.2806867405 995.3736996961 -1368.9989326430
-1579.2806867405 995.3736996961 -2000.0000000000
-1579.2806867405 995.3736996961 -2000.0000000000
-1579.2806867405 995.3736996961 -2000.0000000000
1577.8506171900 879.3578916781 1931.9858949917
-1475.4303819713 359.8819968949 -580.0858317465
-1150.8073402614 710.8896440006 1422.7890286675
901.6960917509 -1107.4524673976 664.1751342959
901.6960917509 -1107.4524673976 -2000.0000000000
901.6960917509 -1107.4524673976 -2000.0000000000
-1257.4616591818 -1835.1180433749 1768.8210584839
-1257.4616591818 -1835.1180433749 -2000.0000000000
-1257.4616591818 -1835.1180433749 -2000.0000000000
-1257.4616591818 -1835.1180433749 -2000.0000000000
-1257.4616591818 -1835.1180433749 -2000.0000000000
-1257.4616591818 -1835.1180433749 -2000.0000000000
-1257.4616591818 -1835.1180433749 -2000.0000000000
-1257.4616591818 -1835.1180433749 -2000.0000000000
-1257.4616591818 -1835.1180433749 -2000.0000000000
-1257.4616591818 -1835.1180433749 -2000.0000000000
-98.4867602217 -1074.5711497483 659.8732175856
-98.4867602217 -1074.5711497483 -2000.0000000000
-98.4867602217 -1074.5711497483 -2000.0000000000
-98.4867602217 -1074.5711497483 -2000.0000000000
876.9087499181 -1727.7257366041 -1062.2345932597
876.9087499181 -1727.7257366041 -2000.0000000000
-116.6806640258 20.6362433766 217.9431621234
-116.6806640258 20.6362433766 -2000.0000000000
-1760.0091987515 -1218.8938189262 -64.9901419848
-1527.5395180208 -271.1465717983 1396.3989428136
-1527.5395180208 -271.1465717983 -2000.0000000000
-1527.5395180208 -271.1465717983 -2000.0000000000
-1527.5395180208 -271.1465717983 -2000.0000000000
-1527.5395180208 -271.1465717983 -2000.0000000000
-1527.5395180208 -271.1465717983 -2000.0000000000
-1527.5395180208 -271.1465717983 -2000.0000000000
-1527.5395180208 -271.1465717983 -2000.0000000000
-1527.5395180208 -271.1465717983 -2000.0000000000
824.0639752649 -1454.7622017737 -1692.4067602856
824.0639752649 -1454.7622017737 -2000.0000000000
1341.8342958225 730.4029444217 882.4313336526
1341.8342958225 730.4029444217 -2000.0000000000
1341.8342958225 730.4029444217 -2000.0000000000
1341.8342958225 730.4029444217 -2000.0000000000
468.2423246712 1471.3929126540 522.9006763527
468.2423246712 1471.3929126540 -2000.0000000000
-180.3460647625 194.0929894680 1558.6534066760
-180.3460647625 194.0929894680 -2000.0000000000
-180.3460647625 194.0929894680 -2000.0000000000
-180.3460647625 194.0929894680 -2000.0000000000
578.1576209624 155.7692866920 1030.1058376386
37.4452166241 -1490.9468629147 -1499.1242709631
37.4452166241 -1490.9468629147 -2000.0000000000
1120.6856040467 1077.9632004351 1918.3625773435
1120.6856040467 1077.9632004351 -2000.0000000000
-1482.5839152252 785.5771308850 -305.2493941557
-1482.5839152252 785.5771308850 -2000.0000000000
-1482.5839152252 785.5771308850 -2000.0000000000
-1482.5839152252 785.5771308850 -2000.0000000000
-1482.5839152252 785.5771308850 -2000.0000000000
-1482.5839152252 785.5771308850 -2000.0000000000
-1482.5839152252 785.5771308850 -2000.0000000000
-1482.5839152252 785.5771308850 -2000.0000000000
-1482.5839152252 785.5771308850 -2000.0000000000
-1482.5839152252 785.5771308850 -2000.0000000000
-1482.5839152252 785.5771308850 -2000.0000000000
1240.8196209503 1364.7403927779 466.1778922203
1240.8196209503 1364.7403927779 -2000.0000000000
1240.8196209503 1364.7403927779 -2000.0000000000
-1478.9764615701 933.9930407060 -1187.1403106241
-1478.9764615701 933.9930407060 -2000.0000000000
-1478.9764615701 933.9930407060 -2000.0000000000
-221.3828506613 1109.3514630053 1966.5009315867
-221.3828506613 1109.3514630053 -2000.0000000000
1610.3539114106 1511.2307680571 -528.7185987167
642.3659986472 -1422.6762875194 -951.8801034706
-870.1092467055 1537.9520909978 58.0423305394
-870.1092467055 1537.9520909978 -2000.0000000000
-870.1092467055 1537.9520909978 -2000.0000000000
-1876.5190429941 127.1737354171 63.7620351840
510.7046683165 1695.2497536844 -1076.1845413961
510.7046683165 1695.2497536844 -2000.0000000000
510.7046683165 1695.2497536844 -2000.0000000000
1106.1759634810 -602.3843903688 1283.3479960589
1106.1759634810 -602.3843903688 -2000.0000000000
898.6034421141 -1948.0050852655 -1551.6219469059
898.6034421141 -1948.0050852655 -2000.0000000000
-872.9100450605 1092.1934382484 -871.9698146138
-872.9100450605 1092.1934382484 -2000.0000000000
-872.9100450605 1092.1934382484 -2000.0000000000
-1312.8325646405 1799.0187248792 -407.1191673257
-1312.8325646405 1799.0187248792 -2000.0000000000
-620.4811447496 861.9250487937 458.5562383565
-620.4811447496 861.9250487937 -2000.0000000000
-620.4811447496 861.9250487937 -2000.0000000000
-620.4811447496 861.9250487937 -2000.0000000000
-620.4811447496 861.9250487937 -2000.0000000000
-620.4811447496 861.9250487937 -2000.0000000000
-620.4811447496 861.9250487937 -2000.0000000000
-620.4811447496 861.9250487937 -2000.0000000000
-1679.9300247141 432.3964724317 1544.2148802953
664.7518334743 -1109.6767357897 249.5071129706
664.7518334743 -1109.6767357897 -2000.0000000000
664.7518334743 -1109.6767357897 -2000.0000000000
664.7518334743 -1109.6767357897 -2000.0000000000
664.7518334743 -1109.6767357897 -2000.0000000000
664.7518334743 -1109.6767357897 -2000.0000000000
664.7518334743 -1109.6767357897 -2000.0000000000
1460.0417961759 1542.7668580023 -650.8883564323
1460.0417961759 1542.7668580023 -2000.0000000000
1460.0417961759 1542.7668580023 -2000.0000000000
-898.9314058621 -1357.5755369412 -1146.9684510756
-315.1049473586 -1456.4914471714 470.6435378834
1867.1069276783 -497.9922123248 68.4591754698
1867.1069276783 -497.9922123248 -2000.0000000000
1867.1069276783 -497.9922123248 -2000.0000000000
1867.1069276783 -497.9922123248 -2000.0000000000
1867.1069276783 -497.9922123248 -2000.0000000000
1867.1069276783 -497.9922123248 -2000.0000000000
-856.7593759829 1286.5620764108 -544.1335121058
-1448.8177434249 556.8548623155 1909.5888325426
-1448.8177434249 556.8548623155 -2000.0000000000
-1448.8177434249 556.8548623155 -2000.0000000000
-1448.8177434249 556.8548623155 -2000.0000000000
-1448.8177434249 556.8548623155 -2000.0000000000
-1448.8177434249 556.8548623155 -2000.0000000000
-1448.8177434249 556.8548623155 -2000.0000000000
-1448.8177434249 556.8548623155 -2000.0000000000
-1448.8177434249 556.8548623155 -2000.0000000000
748.0396108509 -676.8568642010 723.9150957320
748.0396108509 -676.8568642010 -2000.0000000000
748.0396108509 -676.8568642010 -2000.0000000000
748.0396108509 -676.8568642010 -2000.0000000000
748.0396108509 -676.8568642010 -2000.0000000000
352.4976003159 1723.8816868931 -120.4128318641
352.4976003159 1723.8816868931 -2000.0000000000
-263.8474450579 -125.0616868442 -1994.0926222156
-263.8474450579 -125.0616868442 -2000.0000000000
-263.8474450579 -125.0616868442 -2000.0000000000
-263.8474450579 -125.0616868442 -2000.0000000000
-263.8474450579 -125.0616868442 -2000.0000000000
-263.8474450579 -125.0616868442 -2000.0000000000
-263.8474450579 -125.0616868442 -2000.0000000000
-263.8474450579 -125.0616868442 -2000.0000000000
-263.8474450579 -125.0616868442 -2000.0000000000
-263.8474450579 -125.0616868442 -2000.0000000000
-263.8474450579 -125.0616868442 -2000.0000000000
-263.8474450579 -125.0616868442 -2000.0000000000
-1257.4574123536 250.9795412320 1346.8927465332
-666.5489753297 1327.1731728091 369.2199651166
-666.5489753297 1327.1731728091 -2000.0000000000
-666.5489753297 1327.1731728091 -2000.0000000000
-666.5489753297 1327.1731728091 -2000.0000000000
-666.5489753297 1327.1731728091 -2000.0000000000
-666.5489753297 1327.1731728091 -2000.0000000000
1201.5371178989 1220.1984970005 -130.0054117618
1201.5371178989 1220.1984970005 -2000.0000000000
-1667.0595849417 -1793.7405515605 1629.0024658712
-1667.0595849417 -1793.7405515605 -2000.0000000000
-1667.0595849417 -1793.7405515605 -2000.0000000000
-1667.0595849417 -1793.7405515605 -2000.0000000000
-1667.0595849417 -1793.7405515605 -2000.0000000000
-1667.0595849417 -1793.7405515605 -2000.0000000000
-1667.0595849417 -1793.7405515605 -2000.0000000000
-1667.0595849417 -1793.7405515605 -2000.0000000000
-1667.0595849417 -1793.7405515605 -2000.0000000000
-1667.0595849417 -1793.7405515605 -2000.0000000000
-1667.0595849417 -1793.7405515605 -2000.0000000000
1749.3679943147 -1667.9553695999 -1298.5562605949
1749.3679943147 -1667.9553695999 -2000.0000000000
1749.3679943147 -1667.9553695999 -2000.0000000000
1749.3679943147 -1667.9553695999 -2000.0000000000
-1731.0246558411 201.3113736805 1300.6815901543
171.7100936166 -901.6842479158 -242.5121788394
171.7100936166 -901.6842479158 -2000.0000000000
171.7100936166 -901.6842479158 -2000.0000000000
171.7100936166 -901.6842479158 -2000.0000000000
-991.6247314996 -1552.6279102371 1619.1087575904
859.0080205322 -1382.3245869891 -1279.2081156454
859.0080205322 -1382.3245869891 -2000.0000000000
859.0080205322 -1382.3245869891 -2000.0000000000
859.0080205322 -1382.3245869891 -2000.0000000000
1031.3505503217 -1083.1270271023 -877.5349392116
1031.3505503217 -1083.1270271023 -2000.0000000000
1031.3505503217 -1083.1270271023 -2000.0000000000
1031.3505503217 -1083.1270271023 -2000.0000000000
1031.3505503217 -1083.1270271023 -2000.0000000000
1031.3505503217 -1083.1270271023 -2000.0000000000
-27.7978719286 1041.5077134250 384.4156357370
-27.7978719286 1041.5077134250 -2000.0000000000
-27.7978719286 1041.5077134250 -2000.0000000000
-27.7978719286 1041.5077134250 -2000.0000000000
-27.7978719286 1041.5077134250 -2000.0000000000
-27.7978719286 1041.5077134250 -2000.0000000000
-27.7978719286 1041.5077134250 -2000.0000000000
-27.7978719286 1041.5077134250 -2000.0000000000
-27.7978719286 1041.5077134250 -2000.0000000000
-27.7978719286 1041.5077134250 -2000.0000000000
-27.7978719286 1041.5077134250 -2000.0000000000
-27.7978719286 1041.5077134250 -2000.0000000000
-27.7978719286 1041.5077134250 -2000.0000000000
423.7079559671 1159.9643146264 -368.9026634172
423.7079559671 1159.9643146264 -2000.0000000000
922.2471881700 -1099.9770679442 710.8351097507
922.2471881700 -1099.9770679442 -2000.0000000000
922.2471881700 -1099.9770679442 -2000.0000000000
922.2471881700 -1099.9770679442 -2000.0000000000
922.2471881700 -1099.9770679442 -2000.0000000000
-505.2658097611 1890.2057796881 298.2624773692
-505.2658097611 1890.2057796881 -2000.0000000000
-505.2658097611 1890.2057796881 -2000.0000000000
-505.2658097611 1890.2057796881 -2000.0000000000
-505.2658097611 1890.2057796881 -2000.0000000000
-505.2658097611 1890.2057796881 -2000.0000000000
-456.2459325372 -1368.4969594094 1830.6559640228
26.7187065347 1849.5170128792 -328.8262144750
753.2446037184 1439.7382077150 -28.4563515105
753.2446037184 1439.7382077150 -2000.0000000000
753.2446037184 1439.7382077150 -2000.0000000000
-1978.3036684431 -498.9814375226 -935.2095047616
-1978.3036684431 -498.9814375226 -2000.0000000000
-1978.3036684431 -498.9814375226 -2000.0000000000
-1978.3036684431 -498.9814375226 -2000.0000000000
340.6284300036 -1776.4063737337 -1218.3554746516
340.6284300036 -1776.4063737337 -2000.0000000000
-1726.4686254020 637.0359277680 1630.7782262035
301.2066365923 -868.9776994050 -1165.0827758950
301.2066365923 -868.9776994050 -2000.0000000000
301.2066365923 -868.9776994050 -2000.0000000000
301.2066365923 -868.9776994050 -2000.0000000000
301.2066365923 -868.9776994050 -2000.0000000000
1325.7396717756 -1168.9568762933 1998.4233431485
1325.7396717756 -1168.9568762933 -2000.0000000000
1325.7396717756 -1168.9568762933 -2000.0000000000
1134.0250490603 -1267.6218162319 181.4896825660
1134.0250490603 -1267.6218162319 -2000.0000000000
1134.0250490603 -1267.6218162319 -2000.0000000000
1134.0250490603 -1267.6218162319 -2000.0000000000
1146.9671702170 -1617.3738492000 564.5174954502
-583.8209599325 -1915.1615820337 927.4943346227
-583.8209599325 -1915.1615820337 -2000.0000000000
-583.8209599325 -1915.1615820337 -2000.0000000000
-583.8209599325 -1915.1615820337 -2000.0000000000
-583.8209599325 -1915.1615820337 -2000.0000000000
-583.8209599325 -1915.1615820337 -2000.0000000000
268.5466118814 -1814.3601054835 -1816.3087823461
268.5466118814 -1814.3601054835 -2000.0000000000
268.5466118814 -1814.3601054835 -2000.0000000000
268.5466118814 -1814.3601054835 -2000.0000000000
1511.9758980217 -881.1991497675 332.6955156115
1511.9758980217 -881.1991497675 -2000.0000000000
1511.9758980217 -881.1991497675 -2000.0000000000
1511.9758980217 -881.1991497675 -2000.0000000000
1511.9758980217 -881.1991497675 -2000.0000000000
1511.9758980217 -881.1991497675 -2000.0000000000
1511.9758980217 -881.1991497675 -2000.0000000000
1511.9758980217 -881.1991497675 -2000.0000000000
1511.9758980217 -881.1991497675 -2000.0000000000
1511.9758980217 -881.1991497675 -2000.0000000000
-1096.0614900505 -975.1577999689 1181.2000078423
1343.3446769642 -932.1565277174 1882.8006526969
1343.3446769642 -932.1565277174 -2000.0000000000
1343.3446769642 -932.1565277174 -2000.0000000000
1343.3446769642 -932.1565277174 -2000.0000000000
1343.3446769642 -932.1565277174 -2000.0000000000
-590.2114992009 812.2486137435 -532.9326532195
-590.2114992009 812.2486137435 -2000.0000000000
-590.2114992009 812.2486137435 -2000.0000000000
-590.2114992009 812.2486137435 -2000.0000000000
-590.2114992009 812.2486137435 -2000.0000000000
-590.2114992009 812.2486137435 -2000.0000000000
420.2786003264 171.9614365999 -1742.0462684617
1179.2908731649 1207.8605877020 1365.4506888290
1302.8367248330 -1814.7017942324 251.6779848943
1302.8367248330 -1814.7017942324 -2000.0000000000
1302.8367248330 -1814.7017942324 -2000.0000000000
295.9541836262 1863.1617768379 -1474.3803299322
295.9541836262 1863.1617768379 -2000.0000000000
295.9541836262 1863.1617768379 -2000.0000000000
295.9541836262 1863.1617768379 -2000.0000000000
295.9541836262 1863.1617768379 -2000.0000000000
295.9541836262 1863.1617768379 -2000.0000000000
295.9541836262 1863.1617768379 -2000.0000000000
295.9541836262 1863.1617768379 -2000.0000000000
295.9541836262 1863.1617768379 -2000.0000000000
295.9541836262 1863.1617768379 -2000.0000000000
-1683.4856191987 -1249.1482017201 529.2020068922
-1683.4856191987 -1249.1482017201 -2000.0000000000
-614.3559634726 -284.2155339095 -29.2837192807
-614.3559634726 -284.2155339095 -2000.0000000000
1460.0257677525 -1753.9413348295 583.3288600232
1460.0257677525 -1753.9413348295 -2000.0000000000
1535.0009956942 -235.0565262413 730.5704258268
1058.9149492321 -1667.9993621027 -238.5461110944
1587.9844550924 352.7049429288 293.5590732896
1587.9844550924 352.7049429288 -2000.0000000000
1587.9844550924 352.7049429288 -2000.0000000000
-1759.5414027389 1890.4069199300 1114.6802505940
-1759.5414027389 1890.4069199300 -2000.0000000000
-1759.5414027389 1890.4069199300 -2000.0000000000
-1759.5414027389 1890.4069199300 -2000.0000000000
-1759.5414027389 1890.4069199300 -2000.0000000000
-1759.5414027389 1890.4069199300 -2000.0000000000
1394.0653049949 -1895.5582717358 1580.7482247232
1394.0653049949 -1895.5582717358 -2000.0000000000
24.0489926062 -524.8835989269 962.6042372213
24.0489926062 -524.8835989269 -2000.0000000000
24.0489926062 -524.8835989269 -2000.0000000000
24.0489926062 -524.8835989269 -2000.0000000000
24.0489926062 -524.8835989269 -2000.0000000000
24.0489926062 -524.8835989269 -2000.0000000000
24.0489926062 -524.8835989269 -2000.0000000000
-859.5364945221 1270.9482428697 -1188.4431694330
-859.5364945221 1270.9482428697 -2000.0000000000
881.8139782209 1282.2206402149 1400.7803584265
1316.1524279616 614.8150254699 -29.4308085956
-1599.5553206340 1579.0569033465 1154.0814043070
-1599.5553206340 1579.0569033465 -2000.0000000000
-1599.5553206340 1579.0569033465 -2000.0000000000
-1599.5553206340 1579.0569033465 -2000.0000000000
1283.5321610980 -1927.4022234174 -1610.0544354571
1283.5321610980 -1927.4022234174 -2000.0000000000
1283.5321610980 -1927.4022234174 -2000.0000000000
-1517.3912166967 -1416.3597885702 -157.4510137371
-1517.3912166967 -1416.3597885702 -2000.0000000000
-1326.3443442673 898.7696130828 777.7453216008
-1326.3443442673 898.7696130828 -2000.0000000000
-1326.3443442673 898.7696130828 -2000.0000000000
-1326.3443442673 898.7696130828 -2000.0000000000
-849.5633400862 329.4884048286 764.4682076514
-849.5633400862 329.4884048286 -2000.0000000000
-849.5633400862 329.4884048286 -2000.0000000000
-679.1187875393 53.2053317899 1992.7181963179
-679.1187875393 53.2053317899 -2000.0000000000
615.1359114859 -842.0827781139 689.4324870309
615.1359114859 -842.0827781139 -2000.0000000000
615.1359114859 -842.0827781139 -2000.0000000000
615.1359114859 -842.0827781139 -2000.0000000000
-544.3118832682 1388.2408077756 -1507.7857437736
-544.3118832682 1388.2408077756 -2000.0000000000
-544.3118832682 1388.2408077756 -2000.0000000000
-1281.9583476600 -1890.3593087542 1981.7071098348
-1281.9583476600 -1890.3593087542 -2000.0000000000
-1281.9583476600 -1890.3593087542 -2000.0000000000
-1753.0505022916 -852.0020972489 582.5055968895
-1753.0505022916 -852.0020972489 -2000.0000000000
117.4341170960 870.4577799951 1199.0033424387
1071.1356979678 564.2703110513 -1549.1069042604
1071.1356979678 564.2703110513 -2000.0000000000
-1192.9346315790 961.3236853908 -1690.3788058576
774.8366707912 -7.0921168698 -717.5583851821
774.8366707912 -7.0921168698 -2000.0000000000
97.1586830827 692.9095711166 65.0780156395
97.1586830827 692.9095711166 -2000.0000000000
1268.8770487487 1508.2564651591 1220.7947898448
1268.8770487487 1508.2564651591 -2000.0000000000
1268.8770487487 1508.2564651591 -2000.0000000000
1268.8770487487 1508.2564651591 -2000.0000000000
1268.8770487487 1508.2564651591 -2000.0000000000
1268.8770487487 1508.2564651591 -2000.0000000000
1268.8770487487 1508.2564651591 -2000.0000000000
1268.8770487487 1508.2564651591 -2000.0000000000
-1101.7046197668 916.1200476786 -36.7520693003
-1101.7046197668 916.1200476786 -2000.0000000000
-1101.7046197668 916.1200476786 -2000.0000000000
-1101.7046197668 916.1200476786 -2000.0000000000
-1101.7046197668 916.1200476786 -2000.0000000000
-408.4152874251 1916.7848189778 -1699.3364695886
-408.4152874251 1916.7848189778 -2000.0000000000
-408.4152874251 1916.7848189778 -2000.0000000000
-408.4152874251 1916.7848189778 -2000.0000000000
-408.4152874251 1916.7848189778 -2000.0000000000
-408.4152874251 1916.7848189778 -2000.0000000000
-408.4152874251 1916.7848189778 -2000.0000000000
-408.4152874251 1916.7848189778 -2000.0000000000
-408.4152874251 1916.7848189778 -2000.0000000000
-408.4152874251 1916.7848189778 -2000.0000000000
-408.4152874251 1916.7848189778 -2000.0000000000
572.4106580429 1041.3443319151 -1078.1772578582
572.4106580429 1041.3443319151 -2000.0000000000
572.4106580429 1041.3443319151 -2000.0000000000
572.4106580429 1041.3443319151 -2000.0000000000
572.4106580429 1041.3443319151 -2000.0000000000
-1507.3567645182 616.2906341983 -1373.0092643829
1380.4709331099 -1493.6083753145 -313.7753155271
1380.4709331099 -1493.6083753145 -2000.0000000000
1380.4709331099 -1493.6083753145 -2000.0000000000
1353.6478596274 824.8752760913 -235.8935442562
1353.6478596274 824.8752760913 -2000.0000000000
1353.6478596274 824.8752760913 -2000.0000000000
1353.6478596274 824.8752760913 -2000.0000000000
1353.6478596274 824.8752760913 -2000.0000000000
1353.6478596274 824.8752760913 -2000.0000000000
1353.6478596274 824.8752760913 -2000.0000000000
1353.6478596274 824.8752760913 -2000.0000000000
1353.6478596274 824.8752760913 -2000.0000000000
1353.6478596274 824.8752760913 -2000.0000000000
1353.6478596274 824.8752760913 -2000.0000000000
1353.6478596274 824.8752760913 -2000.0000000000
1353.6478596274 824.8752760913 -2000.0000000000
-1862.5193295784 851.0864445139 -876.8338583743
-1862.5193295784 851.0864445139 -2000.0000000000
-1073.1479343154 213.7999338675 -889.3661241639
937.6681308389 -845.6708731018 1661.0665767323
937.6681308389 -845.6708731018 -2000.0000000000
1254.6684015491 -661.8156096069 -1888.0290003029
1254.6684015491 -661.8156096069 -2000.0000000000
1254.6684015491 -661.8156096069 -2000.0000000000
1254.6684015491 -661.8156096069 -2000.0000000000
1254.6684015491 -661.8156096069 -2000.0000000000
1254.6684015491 -661.8156096069 -2000.0000000000
701.2866693779 129.7847513620 1630.3130038038
701.2866693779 129.7847513620 -2000.0000000000
-1828.3354247150 -1014.4236846980 -538.7926775661
-740.2691967224 -1098.9458523043 -119.1084943012
-740.2691967224 -1098.9458523043 -2000.0000000000
-740.2691967224 -1098.9458523043 -2000.0000000000
-976.6312491351 -293.7889827762 676.7569071007
-976.6312491351 -293.7889827762 -2000.0000000000
-976.6312491351 -293.7889827762 -2000.0000000000
-976.6312491351 -293.7889827762 -2000.0000000000
-976.6312491351 -293.7889827762 -2000.0000000000
899.4809447692 1400.8771835985 -212.9254136500
899.4809447692 1400.8771835985 -2000.0000000000
899.4809447692 1400.8771835985 -2000.0000000000
-562.4577147162 371.5743062198 -417.1867824884
-562.4577147162 371.5743062198 -2000.0000000000
49.9284395396 -1516.3875527030 1973.9195012801
-1239.8472584886 -1587.8383715931 -522.0416401855
1965.0090126511 -1748.0526756135 -1070.2020540936
1965.0090126511 -1748.0526756135 -2000.0000000000
777.0733121366 452.3449458923 -1145.7165667694
1006.6132021810 -1253.9646950541 -1755.2797164056
1006.6132021810 -1253.9646950541 -2000.0000000000
1006.6132021810 -1253.9646950541 -2000.0000000000
-1771.4554153550 -1062.8754324071 -66.9480653664
-1771.4554153550 -1062.8754324071 -2000.0000000000
-1771.4554153550 -1062.8754324071 -2000.0000000000
-1771.4554153550 -1062.8754324071 -2000.0000000000
1747.3961984378 654.1758428907 1017.9760281102
1747.3961984378 654.1758428907 -2000.0000000000
1747.3961984378 654.1758428907 -2000.0000000000
1747.3961984378 654.1758428907 -2000.0000000000
961.5279919249 1887.9715055814 504.0849645592
961.5279919249 1887.9715055814 -2000.0000000000
961.5279919249 1887.9715055814 -2000.0000000000
961.5279919249 1887.9715055814 -2000.0000000000
961.5279919249 1887.9715055814 -2000.0000000000
1014.8785997455 1775.4499688193 -1139.1209137465
1014.8785997455 1775.4499688193 -2000.0000000000
1014.8785997455 1775.4499688193 -2000.0000000000
1014.8785997455 1775.4499688193 -2000.0000000000
1014.8785997455 1775.4499688193 -2000.0000000000
1014.8785997455 1775.4499688193 -2000.0000000000
1014.8785997455 1775.4499688193 -2000.0000000000
1014.8785997455 1775.4499688193 -2000.0000000000
1014.8785997455 1775.4499688193 -2000.0000000000
1014.8785997455 1775.4499688193 -2000.0000000000
1014.8785997455 1775.4499688193 -2000.0000000000
1014.8785997455 1775.4499688193 -2000.0000000000
-495.1578355669 -145.1842889334 975.2272573284
-898.8307863934 1137.9906369737 -304.3952243093
762.0503940608 1440.7000731354 1445.8173099727
-1774.5963122215 -828.6109521304 -886.3188758929
1105.0390367879 -283.5438713867 1445.4632220687
-1152.4485175468 -1550.9865935942 -1802.0036072048
1740.8502075595 241.2260804033 1644.4917340200
1740.8502075595 241.2260804033 -2000.0000000000
124.7431629192 -776.6419880569 -464.3089668419
124.7431629192 -776.6419880569 -2000.0000000000
124.7431629192 -776.6419880569 -2000.0000000000
124.7431629192 -776.6419880569 -2000.0000000000
124.7431629192 -776.6419880569 -2000.0000000000
-1857.1041535358 -113.4454099948 760.8302148797
-1291.7161060348 1569.4002252474 1371.2257184983
-1291.7161060348 1569.4002252474 -2000.0000000000
-1291.7161060348 1569.4002252474 -2000.0000000000
-1634.7816071498 -1243.9324102728 1159.9102767251
-1634.7816071498 -1243.9324102728 -2000.0000000000
-1634.7816071498 -1243.9324102728 -2000.0000000000
-1634.7816071498 -1243.9324102728 -2000.0000000000
-1634.7816071498 -1243.9324102728 -2000.0000000000
-1634.7816071498 -1243.9324102728 -2000.0000000000
447.9447215727 475.3082215420 -857.4180181288
447.9447215727 475.3082215420 -2000.0000000000
447.9447215727 475.3082215420 -2000.0000000000
-1334.4331536102 -1794.0776674780 -1429.9656717811
-1334.4331536102 -1794.0776674780 -2000.0000000000
-1334.4331536102 -1794.0776674780 -2000.0000000000
-1334.4331536102 -1794.0776674780 -2000.0000000000
-1334.4331536102 -1794.0776674780 -2000.0000000000
-1334.4331536102 -1794.0776674780 -2000.0000000000
-101.4959790794 113.1917690845 457.9525759080
1469.2082990755 -1399.0295875933 -948.3631249715
1375.5367961786 818.9227932378 -1605.7651130507
1375.5367961786 818.9227932378 -2000.0000000000
1375.5367961786 818.9227932378 -2000.0000000000
1375.5367961786 818.9227932378 -2000.0000000000
1793.1244651274 1930.0702254037 1885.1482571849
1267.5737931325 1346.3449409614 1441.1363949927
-1458.1006262291 1705.6708147299 -993.2769015305
-1458.1006262291 1705.6708147299 -2000.0000000000
-1458.1006262291 1705.6708147299 -2000.0000000000
-1458.1006262291 1705.6708147299 -2000.0000000000
-1458.1006262291 1705.6708147299 -2000.0000000000
-1458.1006262291 1705.6708147299 -2000.0000000000
-111.6416151172 -1061.1737157324 1053.6108605107
-111.6416151172 -1061.1737157324 -2000.0000000000
-1639.0273729875 621.3556152938 972.5755264666
-1639.0273729875 621.3556152938 -2000.0000000000
-1639.0273729875 621.3556152938 -2000.0000000000
-1639.0273729875 621.3556152938 -2000.0000000000
577.7392084756 -1070.2758442905 -1730.9992707304
577.7392084756 -1070.2758442905 -2000.0000000000
577.7392084756 -1070.2758442905 -2000.0000000000
577.7392084756 -1070.2758442905 -2000.0000000000
577.7392084756 -1070.2758442905 -2000.0000000000
274.1614851697 835.6442945329 -1009.1284137281
274.1614851697 835.6442945329 -2000.0000000000
274.1614851697 835.6442945329 -2000.0000000000
274.1614851697 835.6442945329 -2000.0000000000
-1292.0729784605 -1852.9411909273 -620.7691739289
-964.8679955313 -594.4109356846 31.0878015247
1213.2016269710 -789.5580200321 -1376.9481891468
-73.1915687962 1506.8320931672 172.9053059777
-621.3876123386 256.5854788964 213.2993378535
-621.3876123386 256.5854788964 -2000.0000000000
-621.3876123386 256.5854788964 -2000.0000000000
-621.3876123386 256.5854788964 -2000.0000000000
-621.3876123386 256.5854788964 -2000.0000000000
-527.7402980824 1339.6857178289 -1523.5665731612
-352.3046671734 185.3340334264 1268.0621815989
-1003.5051918206 -1839.2245696457 1174.1845822912
-1003.5051918206 -1839.2245696457 -2000.0000000000
-1003.5051918206 -1839.2245696457 -2000.0000000000
95.5522733563 50.8407560956 624.7170930107
-48.7800636035 -232.9720493188 -393.6070201905
-48.7800636035 -232.9720493188 -2000.0000000000
-48.7800636035 -232.9720493188 -2000.0000000000
-48.7800636035 -232.9720493188 -2000.0000000000
-48.7800636035 -232.9720493188 -2000.0000000000
-48.7800636035 -232.9720493188 -2000.0000000000
-48.7800636035 -232.9720493188 -2000.0000000000
-1015.8143908925 1948.6468853881 -1960.2739213124
-1015.8143908925 1948.6468853881 -2000.0000000000
-1015.8143908925 1948.6468853881 -2000.0000000000
-1015.8143908925 1948.6468853881 -2000.0000000000
1037.0649625523 1195.1026692126 1124.0811277067
-1100.7707719438 834.3147520993 -725.6678867287
-1100.7707719438 834.3147520993 -2000.0000000000
438.0954569442 -1876.7971085094 -1710.3606533474
438.0954569442 -1876.7971085094 -2000.0000000000
438.0954569442 -1876.7971085094 -2000.0000000000
438.0954569442 -1876.7971085094 -2000.0000000000
415.2394828383 1828.0466150617 -90.2953366260
-1001.1949217001 -1263.1797936425 1587.3431507477
-1001.1949217001 -1263.1797936425 -2000.0000000000
-1001.1949217001 -1263.1797936425 -2000.0000000000
-1001.1949217001 -1263.1797936425 -2000.0000000000
-1001.1949217001 -1263.1797936425 -2000.0000000000
-1001.1949217001 -1263.1797936425 -2000.0000000000
-834.1974590856 1101.2582982313 -785.4542006126
-834.1974590856 1101.2582982313 -2000.0000000000
-1546.5520699955 -920.2964402525 -1637.7527603106
-1546.5520699955 -920.2964402525 -2000.0000000000
-1546.5520699955 -920.2964402525 -2000.0000000000
-1210.8311258090 1109.2796898387 1317.9658129453
-1210.8311258090 1109.2796898387 -2000.0000000000
-1210.8311258090 1109.2796898387 -2000.0000000000
-1210.8311258090 1109.2796898387 -2000.0000000000
-1210.8311258090 1109.2796898387 -2000.0000000000
-1750.8589104422 -1111.5099828331 -867.6637792140
-1812.8190993595 1656.2419341154 -1103.4650160815
-1812.8190993595 1656.2419341154 -2000.0000000000
-1812.8190993595 1656.2419341154 -2000.0000000000
-1812.8190993595 1656.2419341154 -2000.0000000000
-1812.8190993595 1656.2419341154 -2000.0000000000
-1812.8190993595 1656.2419341154 -2000.0000000000
-1846.9922158775 190.7422547659 -1189.4555817170
-1846.9922158775 190.7422547659 -2000.0000000000
-89.9086294664 1032.3660555322 1298.8476357946
-89.9086294664 1032.3660555322 -2000.0000000000
1274.5455442035 -1784.7984061254 1058.6801321725
1274.5455442035 -1784.7984061254 -2000.0000000000
1274.5455442035 -1784.7984061254 -2000.0000000000
1274.5455442035 -1784.7984061254 -2000.0000000000
1274.5455442035 -1784.7984061254 -2000.0000000000
1274.5455442035 -1784.7984061254 -2000.0000000000
1274.5455442035 -1784.7984061254 -2000.0000000000
1274.5455442035 -1784.7984061254 -2000.0000000000
-1307.3265294460 -1386.3614830958 1458.8080688412
-1307.3265294460 -1386.3614830958 -2000.0000000000
-1307.3265294460 -1386.3614830958 -2000.0000000000
-1274.5928553292 -1516.7290289428 -225.8084218473
-962.4685232781 1921.4793359457 1151.4740630682
-962.4685232781 1921.4793359457 -2000.0000000000
-962.4685232781 1921.4793359457 -2000.0000000000
-962.4685232781 1921.4793359457 -2000.0000000000
636.0205550287 -222.4170450585 391.5719853352
636.0205550287 -222.4170450585 -2000.0000000000
636.0205550287 -222.4170450585 -2000.0000000000
636.0205550287 -222.4170450585 -2000.0000000000
636.0205550287 -222.4170450585 -2000.0000000000
636.0205550287 -222.4170450585 -2000.0000000000
521.4046833582 -119.0011649148 1434.3804889465
521.4046833582 -119.0011649148 -2000.0000000000
521.4046833582 -119.0011649148 -2000.0000000000
521.4046833582 -119.0011649148 -2000.0000000000
521.4046833582 -119.0011649148 -2000.0000000000
521.4046833582 -119.0011649148 -2000.0000000000
521.4046833582 -119.0011649148 -2000.0000000000
521.4046833582 -119.0011649148 -2000.0000000000
521.4046833582 -119.0011649148 -2000.0000000000
521.4046833582 -119.0011649148 -2000.0000000000
521.4046833582 -119.0011649148 -2000.0000000000
521.4046833582 -119.0011649148 -2000.0000000000
521.4046833582 -119.0011649148 -2000.0000000000
521.4046833582 -119.0011649148 -2000.0000000000
464.9587935517 1935.5567407120 -1791.1622911693
624.7700441595 -1983.6720887286 -1993.8359151501
544.1020597052 -1015.3243843221 1275.8089603665
544.1020597052 -1015.3243843221 -2000.0000000000
544.1020597052 -1015.3243843221 -2000.0000000000
544.1020597052 -1015.3243843221 -2000.0000000000
544.1020597052 -1015.3243843221 -2000.0000000000
544.1020597052 -1015.3243843221 -2000.0000000000
544.1020597052 -1015.3243843221 -2000.0000000000
544.1020597052 -1015.3243843221 -2000.0000000000
544.1020597052 -1015.3243843221 -2000.0000000000
544.1020597052 -1015.3243843221 -2000.0000000000
544.1020597052 -1015.3243843221 -2000.0000000000
544.1020597052 -1015.3243843221 -2000.0000000000
544.1020597052 -1015.3243843221 -2000.0000000000
-907.6467854349 -611.1599760057 -275.2920207752
-907.6467854349 -611.1599760057 -2000.0000000000
-907.6467854349 -611.1599760057 -2000.0000000000
-907.6467854349 -611.1599760057 -2000.0000000000
1357.2769128608 342.1640117549 -1182.7939766908
1357.2769128608 342.1640117549 -2000.0000000000
1357.2769128608 342.1640117549 -2000.0000000000
1357.2769128608 342.1640117549 -2000.0000000000
1357.2769128608 342.1640117549 -2000.0000000000
595.1287369238 -627.7916725530 -363.2708999540
595.1287369238 -627.7916725530 -2000.0000000000
595.1287369238 -627.7916725530 -2000.0000000000
208.3118830254 1342.7832090704 749.6352483110
208.3118830254 1342.7832090704 -2000.0000000000
208.3118830254 1342.7832090704 -2000.0000000000
208.3118830254 1342.7832090704 -2000.0000000000
-841.5784806424 1054.9789115297 954.2211328137
-841.5784806424 1054.9789115297 -2000.0000000000
-841.5784806424 1054.9789115297 -2000.0000000000
-841.5784806424 1054.9789115297 -2000.0000000000
-841.5784806424 1054.9789115297 -2000.0000000000
-841.5784806424 1054.9789115297 -2000.0000000000
-841.5784806424 1054.9789115297 -2000.0000000000
-7.2143679086 -1965.6466173645 -144.4711892349
-7.2143679086 -1965.6466173645 -2000.0000000000
-7.2143679086 -1965.6466173645 -2000.0000000000
-7.2143679086 -1965.6466173645 -2000.0000000000
-7.2143679086 -1965.6466173645 -2000.0000000000
-1971.4471952757 906.6548743487 1572.2582506240
-1694.2545930217 1979.8633086316 -1991.0044240487
-1694.2545930217 1979.8633086316 -2000.0000000000
-1694.2545930217 1979.8633086316 -2000.0000000000
-1694.2545930217 1979.8633086316 -2000.0000000000
-1694.2545930217 1979.8633086316 -2000.0000000000
1555.4090959865 340.3142494729 -880.2133230593
1227.1848935118 -1136.2625388774 58.1712170921
1227.1848935118 -1136.2625388774 -2000.0000000000
1227.1848935118 -1136.2625388774 -2000.0000000000
-1288.5548677324 -96.5126593223 754.1624154856
-783.9520156819 728.1941023441 -1656.9696063789
-783.9520156819 728.1941023441 -2000.0000000000
1844.2307952374 164.1310199848 -1292.0044426350
-858.1282339637 1435.9448211224 -1079.8128404077
-858.1282339637 1435.9448211224 -2000.0000000000
-858.1282339637 1435.9448211224 -2000.0000000000
-858.1282339637 1435.9448211224 -2000.0000000000
-858.1282339637 1435.9448211224 -2000.0000000000
-858.1282339637 1435.9448211224 -2000.0000000000
-858.1282339637 1435.9448211224 -2000.0000000000
-1595.5965149053 1822.9713708981 -244.2002703371
-1595.5965149053 1822.9713708981 -2000.0000000000
-1595.5965149053 1822.9713708981 -2000.0000000000
-1595.5965149053 1822.9713708981 -2000.0000000000
-1595.5965149053 1822.9713708981 -2000.0000000000
-1076.4454041094 -1175.0823618382 -622.0242121966
-1076.4454041094 -1175.0823618382 -2000.0000000000
-1170.5505951129 -1865.7814551435 -110.6975786673
-1170.5505951129 -1865.7814551435 -2000.0000000000
-1170.5505951129 -1865.7814551435 -2000.0000000000
-417.4752639375 23.9959973015 -1752.4445121161
-417.4752639375 23.9959973015 -2000.0000000000
-404.8511242363 -446.3118786702 1124.7910129916
-404.8511242363 -446.3118786702 -2000.0000000000
-404.8511242363 -446.3118786702 -2000.0000000000
-404.8511242363 -446.3118786702 -2000.0000000000
-404.8511242363 -446.3118786702 -2000.0000000000
-404.8511242363 -446.3118786702 -2000.0000000000
-404.8511242363 -446.3118786702 -2000.0000000000
-765.8999413704 -236.9553855563 -120.1876516640
-765.8999413704 -236.9553855563 -2000.0000000000
-765.8999413704 -236.9553855563 -2000.0000000000
1716.8028668714 1307.1399484448 1328.2733112501
1716.8028668714 1307.1399484448 -2000.0000000000
1716.8028668714 1307.1399484448 -2000.0000000000
1716.8028668714 1307.1399484448 -2000.0000000000
-83.9787759085 -73.7223787062 -695.5187071201
-83.9787759085 -73.7223787062 -2000.0000000000
-1884.3637721977 -601.3484448348 -1535.2226936980
947.6236853416 -1329.9539411536 -412.4899840655
947.6236853416 -1329.9539411536 -2000.0000000000
947.6236853416 -1329.9539411536 -2000.0000000000
596.6166133434 -1579.5860600780 590.0151479400
596.6166133434 -1579.5860600780 -2000.0000000000
596.6166133434 -1579.5860600780 -2000.0000000000
1429.6337175675 -472.3363919451 -949.2544890898
-42.8966042637 -189.4631195274 -1191.8628901833
39.0607128217 717.9102925424 -1826.3830837316
39.0607128217 717.9102925424 -2000.0000000000
491.3963363495 -170.5449399767 402.4737120548
491.3963363495 -170.5449399767 -2000.0000000000
491.3963363495 -170.5449399767 -2000.0000000000
491.3963363495 -170.5449399767 -2000.0000000000
-1652.1551450547 1153.4776424236 -1449.3128056715
-1652.1551450547 1153.4776424236 -2000.0000000000
-1652.1551450547 1153.4776424236 -2000.0000000000
-1652.1551450547 1153.4776424236 -2000.0000000000
-1652.1551450547 1153.4776424236 -2000.0000000000
-1652.1551450547 1153.4776424236 -2000.0000000000
-1652.1551450547 1153.4776424236 -2000.0000000000
-1652.1551450547 1153.4776424236 -2000.0000000000
-1652.1551450547 1153.4776424236 -2000.0000000000
-1652.1551450547 1153.4776424236 -2000.0000000000
-1652.1551450547 1153.4776424236 -2000.0000000000
-1652.1551450547 1153.4776424236 -2000.0000000000
-567.5347070932 -1825.6347921175 -1483.3351293157
-160.2373504405 -1021.6847286270 1860.6545703851
-160.2373504405 -1021.6847286270 -2000.0000000000
-160.2373504405 -1021.6847286270 -2000.0000000000
-160.2373504405 -1021.6847286270 -2000.0000000000
-160.2373504405 -1021.6847286270 -2000.0000000000
-160.2373504405 -1021.6847286270 -2000.0000000000
954.9461251390 22.6451804704 -1234.0264326493
892.3420038118 1080.5755172553 -1461.4893479646
-62.8213242300 284.0293272549 -1421.0651555897
-62.8213242300 284.0293272549 -2000.0000000000
-62.8213242300 284.0293272549 -2000.0000000000
-1717.6910967699 549.9442601364 123.2492321359
-1717.6910967699 549.9442601364 -2000.0000000000
-1717.6910967699 549.9442601364 -2000.0000000000
-1717.6910967699 549.9442601364 -2000.0000000000
-274.3727960929 1763.9450113647 925.9302267096
-274.3727960929 1763.9450113647 -2000.0000000000
701.0962404457 896.7070774060 -896.8952944390
701.0962404457 896.7070774060 -2000.0000000000
701.0962404457 896.7070774060 -2000.0000000000
701.0962404457 896.7070774060 -2000.0000000000
701.0962404457 896.7070774060 -2000.0000000000
701.0962404457 896.7070774060 -2000.0000000000
-1377.4895078760 1434.6302734791 -1372.0750961559
773.9950977023 1551.1152207235 1857.8937257494
773.9950977023 1551.1152207235 -2000.0000000000
773.9950977023 1551.1152207235 -2000.0000000000
1713.2522769676 64.5283783569 610.9765115821
1713.2522769676 64.5283783569 -2000.0000000000
1713.2522769676 64.5283783569 -2000.0000000000
-514.4607391836 1404.3090094955 -1100.8333099651
-514.4607391836 1404.3090094955 -2000.0000000000
-514.4607391836 1404.3090094955 -2000.0000000000
-514.4607391836 1404.3090094955 -2000.0000000000
-514.4607391836 1404.3090094955 -2000.0000000000
-514.4607391836 1404.3090094955 -2000.0000000000
-514.4607391836 1404.3090094955 -2000.0000000000
-514.4607391836 1404.3090094955 -2000.0000000000
1360.2905911024 305.5555985236 -1469.8220013697
1360.2905911024 305.5555985236 -2000.0000000000
188.0036484359 -1230.4546405224 -1317.2221540389
188.0036484359 -1230.4546405224 -2000.0000000000
188.0036484359 -1230.4546405224 -2000.0000000000
718.7878207645 -1663.5130424537 988.3047946537
718.7878207645 -1663.5130424537 -2000.0000000000
718.7878207645 -1663.5130424537 -2000.0000000000
-759.5926340944 519.0968940071 -1305.4817797318
-759.5926340944 519.0968940071 -2000.0000000000
-1660.1255375640 1516.3177664709 -104.5952809946
-1660.1255375640 1516.3177664709 -2000.0000000000
-1660.1255375640 1516.3177664709 -2000.0000000000
-1660.1255375640 1516.3177664709 -2000.0000000000
-1660.1255375640 1516.3177664709 -2000.0000000000
-1660.1255375640 1516.3177664709 -2000.0000000000
69.1250380644 -888.8658513741 -1706.6114265552
-730.5409419333 -824.6664753548 -1672.7477576390
-730.5409419333 -824.6664753548 -2000.0000000000
-730.5409419333 -824.6664753548 -2000.0000000000
-730.5409419333 -824.6664753548 -2000.0000000000
1191.8669938782 -463.0463267083 1668.5272548444
1191.8669938782 -463.0463267083 -2000.0000000000
-1624.7759633333 89.7326250186 -1475.7765747137
-1624.7759633333 89.7326250186 -2000.0000000000
-1624.7759633333 89.7326250186 -2000.0000000000
-1624.7759633333 89.7326250186 -2000.0000000000
-1624.7759633333 89.7326250186 -2000.0000000000
-1624.7759633333 89.7326250186 -2000.0000000000
-1624.7759633333 89.7326250186 -2000.0000000000
-1624.7759633333 89.7326250186 -2000.0000000000
-1624.7759633333 89.7326250186 -2000.0000000000
-1624.7759633333 89.7326250186 -2000.0000000000
-1624.7759633333 89.7326250186 -2000.0000000000
-1624.7759633333 89.7326250186 -2000.0000000000
-1624.7759633333 89.7326250186 -2000.0000000000
-1624.7759633333 89.7326250186 -2000.0000000000
-1624.7759633333 89.7326250186 -2000.0000000000
-1624.7759633333 89.7326250186 -2000.0000000000
84.2270907030 1440.9761130488 1605.5156068081
84.2270907030 1440.9761130488 -2000.0000000000
-267.0143456060 849.1392284570 -585.6631132070
-267.0143456060 849.1392284570 -2000.0000000000
-267.0143456060 849.1392284570 -2000.0000000000
-267.0143456060 849.1392284570 -2000.0000000000
-267.0143456060 849.1392284570 -2000.0000000000
-998.4802352315 -89.0023802806 593.6536126206
-796.9005099239 -180.2447906431 -747.5494982716
-796.9005099239 -180.2447906431 -2000.0000000000
-796.9005099239 -180.2447906431 -2000.0000000000
-796.9005099239 -180.2447906431 -2000.0000000000
-116.4983834719 -780.1273779955 1102.2513779593
-116.4983834719 -780.1273779955 -2000.0000000000
-116.4983834719 -780.1273779955 -2000.0000000000
-116.4983834719 -780.1273779955 -2000.0000000000
-116.4983834719 -780.1273779955 -2000.0000000000
-116.4983834719 -780.1273779955 -2000.0000000000
-116.4983834719 -780.1273779955 -2000.0000000000
-116.4983834719 -780.1273779955 -2000.0000000000
-116.4983834719 -780.1273779955 -2000.0000000000
-116.4983834719 -780.1273779955 -2000.0000000000
-116.4983834719 -780.1273779955 -2000.0000000000
-116.4983834719 -780.1273779955 -2000.0000000000
-116.4983834719 -780.1273779955 -2000.0000000000
-1168.8703756238 916.0359600237 1359.0493604476
-1168.8703756238 916.0359600237 -2000.0000000000
-1168.8703756238 916.0359600237 -2000.0000000000
320.1266623072 -720.9403042010 844.5938189601
320.1266623072 -720.9403042010 -2000.0000000000
320.1266623072 -720.9403042010 -2000.0000000000
320.1266623072 -720.9403042010 -2000.0000000000
320.1266623072 -720.9403042010 -2000.0000000000
-588.9389171467 695.7559463396 497.9940471997
-588.9389171467 695.7559463396 -2000.0000000000
-588.9389171467 695.7559463396 -2000.0000000000
-588.9389171467 695.7559463396 -2000.0000000000
-728.2223544204 -287.9395779240 -1032.9153615405
-728.2223544204 -287.9395779240 -2000.0000000000
-728.2223544204 -287.9395779240 -2000.0000000000
-728.2223544204 -287.9395779240 -2000.0000000000
-728.2223544204 -287.9395779240 -2000.0000000000
-728.2223544204 -287.9395779240 -2000.0000000000
-808.9654459762 1117.1300345097 281.6504262054
234.8435758153 -836.3092381317 -449.4207020359
234.8435758153 -836.3092381317 -2000.0000000000
234.8435758153 -836.3092381317 -2000.0000000000
234.8435758153 -836.3092381317 -2000.0000000000
234.8435758153 -836.3092381317 -2000.0000000000
234.8435758153 -836.3092381317 -2000.0000000000
234.8435758153 -836.3092381317 -2000.0000000000
234.8435758153 -836.3092381317 -2000.0000000000
1534.4144709684 61.8983570899 118.4455526936
1534.4144709684 61.8983570899 -2000.0000000000
1534.4144709684 61.8983570899 -2000.0000000000
1534.4144709684 61.8983570899 -2000.0000000000
-1981.7530144202 -1542.6208179987 -1981.9766978423
875.5646421023 -1528.4487515498 -189.2071085049
875.5646421023 -1528.4487515498 -2000.0000000000
875.5646421023 -1528.4487515498 -2000.0000000000
1965.5575844457 782.3414505299 330.9986392263
1965.5575844457 782.3414505299 -2000.0000000000
1965.5575844457 782.3414505299 -2000.0000000000
1965.5575844457 782.3414505299 -2000.0000000000
1965.5575844457 782.3414505299 -2000.0000000000
1965.5575844457 782.3414505299 -2000.0000000000
-1574.1556920224 -1544.8512541644 571.7250775771
-1574.1556920224 -1544.8512541644 -2000.0000000000
-1574.1556920224 -1544.8512541644 -2000.0000000000
-1574.1556920224 -1544.8512541644 -2000.0000000000
-1574.1556920224 -1544.8512541644 -2000.0000000000
1656.4748525528 -1184.1035488750 909.9199518083
1389.0873205496 1887.1420447286 -1740.7605034975
1389.0873205496 1887.1420447286 -2000.0000000000
1389.0873205496 1887.1420447286 -2000.0000000000
1094.7345018796 1317.4446817183 834.6939938305
1094.7345018796 1317.4446817183 -2000.0000000000
1094.7345018796 1317.4446817183 -2000.0000000000
1094.7345018796 1317.4446817183 -2000.0000000000
1094.7345018796 1317.4446817183 -2000.0000000000
1094.7345018796 1317.4446817183 -2000.0000000000
1457.8048375848 1150.3102958758 -1283.2528813341
1036.7823995839 1937.3779106125 -913.7979003699
1036.7823995839 1937.3779106125 -2000.0000000000
1036.7823995839 1937.3779106125 -2000.0000000000
1036.7823995839 1937.3779106125 -2000.0000000000
1036.7823995839 1937.3779106125 -2000.0000000000
1036.7823995839 1937.3779106125 -2000.0000000000
1036.7823995839 1937.3779106125 -2000.0000000000
1036.7823995839 1937.3779106125 -2000.0000000000
1343.0387779460 -500.5862662137 -623.6604643772
1343.0387779460 -500.5862662137 -2000.0000000000
1343.0387779460 -500.5862662137 -2000.0000000000
1343.0387779460 -500.5862662137 -2000.0000000000
1343.0387779460 -500.5862662137 -2000.0000000000
1343.0387779460 -500.5862662137 -2000.0000000000
1343.0387779460 -500.5862662137 -2000.0000000000
707.1687545148 -474.0415661382 -801.9409869344
707.1687545148 -474.0415661382 -2000.0000000000
707.1687545148 -474.0415661382 -2000.0000000000
603.2258119762 517.3358550793 -472.6898994457
962.8562058370 589.2519559978 -1330.4539769965
-269.5433115845 1269.8782735699 923.1731252512
-269.5433115845 1269.8782735699 -2000.0000000000
-269.5433115845 1269.8782735699 -2000.0000000000
-269.5433115845 1269.8782735699 -2000.0000000000
-1166.4262127959 1956.0007737719 -534.4199098452
-1166.4262127959 1956.0007737719 -2000.0000000000
-1166.4262127959 1956.0007737719 -2000.0000000000
1345.3104312700 -1256.5987567597 -234.9666641861
-1368.6925624102 1445.9297715456 1734.7661496941
-1612.4778061496 1536.4031687822 -55.8062760192
-999.2226869487 -1981.3862693123 -941.2197547334
-340.3224195978 1900.4900606750 839.1983944656
-340.3224195978 1900.4900606750 -2000.0000000000
799.2603919524 -703.9416841200 -666.9449981771
799.2603919524 -703.9416841200 -2000.0000000000
799.2603919524 -703.9416841200 -2000.0000000000
799.2603919524 -703.9416841200 -2000.0000000000
799.2603919524 -703.9416841200 -2000.0000000000
799.2603919524 -703.9416841200 -2000.0000000000
1873.0383500213 132.1708351572 682.8408406115
1873.0383500213 132.1708351572 -2000.0000000000
-709.4389275621 -1728.6150419186 -515.1328829098
-709.4389275621 -1728.6150419186 -2000.0000000000
-709.4389275621 -1728.6150419186 -2000.0000000000
1905.1821069614 214.4312238684 -439.9702559471
1905.1821069614 214.4312238684 -2000.0000000000
1905.1821069614 214.4312238684 -2000.0000000000
1905.1821069614 214.4312238684 -2000.0000000000
-648.2934583660 -1742.0343929769 740.4592223360
-1335.1637156413 -1042.5658443870 95.3055252684
-1335.1637156413 -1042.5658443870 -2000.0000000000
1481.7773660393 1138.8890417151 71.6653257667
1481.7773660393 1138.8890417151 -2000.0000000000
1481.7773660393 1138.8890417151 -2000.0000000000
1481.7773660393 1138.8890417151 -2000.0000000000
1226.6669012827 -49.3786289268 601.0886285885
1226.6669012827 -49.3786289268 -2000.0000000000
1226.6669012827 -49.3786289268 -2000.0000000000
-1896.2514939070 1890.5876723662 76.5474496449
943.3725986564 1720.4576049007 -694.1879669586
943.3725986564 1720.4576049007 -2000.0000000000
943.3725986564 1720.4576049007 -2000.0000000000
943.3725986564 1720.4576049007 -2000.0000000000
943.3725986564 1720.4576049007 -2000.0000000000
943.3725986564 1720.4576049007 -2000.0000000000
943.3725986564 1720.4576049007 -2000.0000000000
137.1181117111 -663.1238330668 1865.7030687686
-404.7745099613 1544.1001589611 307.8923040008
-404.7745099613 1544.1001589611 -2000.0000000000
-404.7745099613 1544.1001589611 -2000.0000000000
-404.7745099613 1544.1001589611 -2000.0000000000
-404.7745099613 1544.1001589611 -2000.0000000000
-404.7745099613 1544.1001589611 -2000.0000000000
-404.7745099613 1544.1001589611 -2000.0000000000
-404.7745099613 1544.1001589611 -2000.0000000000
-404.7745099613 1544.1001589611 -2000.0000000000
-404.7745099613 1544.1001589611 -2000.0000000000
-1756.6707617236 -351.4254032283 1548.3547384478
-1756.6707617236 -351.4254032283 -2000.0000000000
-1756.6707617236 -351.4254032283 -2000.0000000000
-1756.6707617236 -351.4254032283 -2000.0000000000
-1756.6707617236 -351.4254032283 -2000.0000000000
-1756.6707617236 -351.4254032283 -2000.0000000000
937.5077633186 -263.1286115479 -792.9869517339
937.5077633186 -263.1286115479 -2000.0000000000
937.5077633186 -263.1286115479 -2000.0000000000
-1306.8058927541 -142.1115449116 -1813.2253867456
-1306.8058927541 -142.1115449116 -2000.0000000000
-1306.8058927541 -142.1115449116 -2000.0000000000
-1306.8058927541 -142.1115449116 -2000.0000000000
-1306.8058927541 -142.1115449116 -2000.0000000000
-1090.2095635424 -309.6644332655 1047.1227078942
-1090.2095635424 -309.6644332655 -2000.0000000000
-1090.2095635424 -309.6644332655 -2000.0000000000
-1090.2095635424 -309.6644332655 -2000.0000000000
-1090.2095635424 -309.6644332655 -2000.0000000000
-1090.2095635424 -309.6644332655 -2000.0000000000
-1090.2095635424 -309.6644332655 -2000.0000000000
-1090.2095635424 -309.6644332655 -2000.0000000000
1533.4385230660 238.7911940227 1557.4069007572
1533.4385230660 238.7911940227 -2000.0000000000
1533.4385230660 238.7911940227 -2000.0000000000
329.5018642228 -825.5490624940 -257.7059597272
329.5018642228 -825.5490624940 -2000.0000000000
660.8562816347 -1620.6336932836 779.2929031804
660.8562816347 -1620.6336932836 -2000.0000000000
660.8562816347 -1620.6336932836 -2000.0000000000
660.8562816347 -1620.6336932836 -2000.0000000000
660.8562816347 -1620.6336932836 -2000.0000000000
-1463.2377169780 -1856.1689063680 -871.9669070904
-1463.2377169780 -1856.1689063680 -2000.0000000000
1945.4482129930 -686.3473674667 -675.2768569166
1945.4482129930 -686.3473674667 -2000.0000000000
1046.7068198148 1985.8712837451 -1617.2327069381
1046.7068198148 1985.8712837451 -2000.0000000000
-962.7201091182 1752.2529595254 1427.6733915165
-962.7201091182 1752.2529595254 -2000.0000000000
1614.9800432601 907.3236821484 -61.4465426911
1614.9800432601 907.3236821484 -2000.0000000000
1455.3324954787 1401.7244607742 -805.7202503549
1455.3324954787 1401.7244607742 -2000.0000000000
1455.3324954787 1401.7244607742 -2000.0000000000
1455.3324954787 1401.7244607742 -2000.0000000000
582.2109845621 -941.2386146510 -1075.6285531178
582.2109845621 -941.2386146510 -2000.0000000000
582.2109845621 -941.2386146510 -2000.0000000000
582.2109845621 -941.2386146510 -2000.0000000000
582.2109845621 -941.2386146510 -2000.0000000000
582.2109845621 -941.2386146510 -2000.0000000000
582.2109845621 -941.2386146510 -2000.0000000000
582.2109845621 -941.2386146510 -2000.0000000000
1876.8109541420 1070.6690620663 -980.7541147634
1876.8109541420 1070.6690620663 -2000.0000000000
177.1072068128 -1915.0035870739 -1471.2601420770
177.1072068128 -1915.0035870739 -2000.0000000000
177.1072068128 -1915.0035870739 -2000.0000000000
177.1072068128 -1915.0035870739 -2000.0000000000
599.2118514423 978.4621122664 -1212.4683851401
599.2118514423 978.4621122664 -2000.0000000000
599.2118514423 978.4621122664 -2000.0000000000
599.2118514423 978.4621122664 -2000.0000000000
599.2118514423 978.4621122664 -2000.0000000000
-387.2835461477 -550.1434587024 484.3885569560
-387.2835461477 -550.1434587024 -2000.0000000000
-1548.9494682093 974.8476971605 343.7747788596
-1548.9494682093 974.8476971605 -2000.0000000000
-1548.9494682093 974.8476971605 -2000.0000000000
-1548.9494682093 974.8476971605 -2000.0000000000
-1548.9494682093 974.8476971605 -2000.0000000000
393.9106163296 1716.9132430889 -671.0216915046
393.9106163296 1716.9132430889 -2000.0000000000
393.9106163296 1716.9132430889 -2000.0000000000
261.8072559877 576.2100077010 -181.5016628132
261.8072559877 576.2100077010 -2000.0000000000
261.8072559877 576.2100077010 -2000.0000000000
1096.2356836692 758.6178917391 -1389.2560773148
1096.2356836692 758.6178917391 -2000.0000000000
1096.2356836692 758.6178917391 -2000.0000000000
1547.8195907882 -252.1793016981 -1934.6095653003
1547.8195907882 -252.1793016981 -2000.0000000000
1547.8195907882 -252.1793016981 -2000.0000000000
1547.8195907882 -252.1793016981 -2000.0000000000
1547.8195907882 -252.1793016981 -2000.0000000000
-1993.5931069045 -1040.1647664883 1819.7448347713
-1993.5931069045 -1040.1647664883 -2000.0000000000
-1993.5931069045 -1040.1647664883 -2000.0000000000
-297.0178877077 1525.6093263036 -1135.0701483714
-297.0178877077 1525.6093263036 -2000.0000000000
-297.0178877077 1525.6093263036 -2000.0000000000
-297.0178877077 1525.6093263036 -2000.0000000000
-297.0178877077 1525.6093263036 -2000.0000000000
-297.0178877077 1525.6093263036 -2000.0000000000
-907.5534271041 741.5225383282 1512.7916602834
1632.4096342704 -594.2026306008 -1744.5027296033
1632.4096342704 -594.2026306008 -2000.0000000000
1632.4096342704 -594.2026306008 -2000.0000000000
1632.4096342704 -594.2026306008 -2000.0000000000
1632.4096342704 -594.2026306008 -2000.0000000000
506.6711981128 821.2243699849 1093.9837485061
-964.3969219361 1556.6159820558 1688.0518868991
-964.3969219361 1556.6159820558 -2000.0000000000
-964.3969219361 1556.6159820558 -2000.0000000000
-964.3969219361 1556.6159820558 -2000.0000000000
-964.3969219361 1556.6159820558 -2000.0000000000
-964.3969219361 1556.6159820558 -2000.0000000000
-964.3969219361 1556.6159820558 -2000.0000000000
684.4531814363 -1384.8937904702 -859.6943959835
684.4531814363 -1384.8937904702 -2000.0000000000
684.4531814363 -1384.8937904702 -2000.0000000000
684.4531814363 -1384.8937904702 -2000.0000000000
-1236.8358722480 -1127.1754472673 -1509.5579300771
-1236.8358722480 -1127.1754472673 -2000.0000000000
-1236.8358722480 -1127.1754472673 -2000.0000000000
-1236.8358722480 -1127.1754472673 -2000.0000000000
-1236.8358722480 -1127.1754472673 -2000.0000000000
-1236.8358722480 -1127.1754472673 -2000.0000000000
-1236.8358722480 -1127.1754472673 -2000.0000000000
1989.0255176871 1652.0425667624 1801.2677916138
1989.0255176871 1652.0425667624 -2000.0000000000
1989.0255176871 1652.0425667624 -2000.0000000000
-352.4936447897 1639.6643171824 136.7297502365
-352.4936447897 1639.6643171824 -2000.0000000000
-352.4936447897 1639.6643171824 -2000.0000000000
-1325.5329580578 1049.8739116321 -1631.4277445317
-878.2687535382 -941.4701282226 -951.1376260302
959.3089327364 782.2476270594 -1670.6243717357
-1164.9187959917 362.3104894935 1447.8703703554
-1164.9187959917 362.3104894935 -2000.0000000000
131.3625476209 1622.9307113084 -1516.6735095730
51.1635791152 317.4518414048 -118.8567021729
51.1635791152 317.4518414048 -2000.0000000000
1250.8129375153 -515.2081546715 -1344.6359023055
1250.8129375153 -515.2081546715 -2000.0000000000
1250.8129375153 -515.2081546715 -2000.0000000000
1250.8129375153 -515.2081546715 -2000.0000000000
1250.8129375153 -515.2081546715 -2000.0000000000
1250.8129375153 -515.2081546715 -2000.0000000000
1250.8129375153 -515.2081546715 -2000.0000000000
1250.8129375153 -515.2081546715 -2000.0000000000
1040.1283984422 -1410.8080668532 387.5958005718
1040.1283984422 -1410.8080668532 -2000.0000000000
1040.1283984422 -1410.8080668532 -2000.0000000000
1040.1283984422 -1410.8080668532 -2000.0000000000
1040.1283984422 -1410.8080668532 -2000.0000000000
1040.1283984422 -1410.8080668532 -2000.0000000000
1040.1283984422 -1410.8080668532 -2000.0000000000
1040.1283984422 -1410.8080668532 -2000.0000000000
1040.1283984422 -1410.8080668532 -2000.0000000000
-1735.4008038407 -1302.8135467725 1672.8685513497
-1735.4008038407 -1302.8135467725 -2000.0000000000
-1735.4008038407 -1302.8135467725 -2000.0000000000
1734.4156707592 -1831.5351744314 894.4690626443
1734.4156707592 -1831.5351744314 -2000.0000000000
1734.4156707592 -1831.5351744314 -2000.0000000000
1221.6417492553 698.8913942516 -1443.4754907068
1221.6417492553 698.8913942516 -2000.0000000000
1221.6417492553 698.8913942516 -2000.0000000000
1221.6417492553 698.8913942516 -2000.0000000000
1221.6417492553 698.8913942516 -2000.0000000000
1221.6417492553 698.8913942516 -2000.0000000000
1221.6417492553 698.8913942516 -2000.0000000000
1221.6417492553 698.8913942516 -2000.0000000000
53.2931014811 1301.3321913840 1145.0505008072
-795.0286702011 -1658.0703237601 -1197.9136473051
-795.0286702011 -1658.0703237601 -2000.0000000000
-795.0286702011 -1658.0703237601 -2000.0000000000
929.8372696390 1879.7236904510 -1756.3665573290
929.8372696390 1879.7236904510 -2000.0000000000
929.8372696390 1879.7236904510 -2000.0000000000
-352.4918426743 520.5386765177 -1251.9618308376
-352.4918426743 520.5386765177 -2000.0000000000
-352.4918426743 520.5386765177 -2000.0000000000
-352.4918426743 520.5386765177 -2000.0000000000
-352.4918426743 520.5386765177 -2000.0000000000
-1881.7147594362 1957.3207443642 1598.0587792940
-498.5734020668 914.7843322171 450.0569074201
-166.9847153598 1624.5897847514 -1855.5611934734
-166.9847153598 1624.5897847514 -2000.0000000000
-166.9847153598 1624.5897847514 -2000.0000000000
-166.9847153598 1624.5897847514 -2000.0000000000
-166.9847153598 1624.5897847514 -2000.0000000000
-166.9847153598 1624.5897847514 -2000.0000000000
-166.9847153598 1624.5897847514 -2000.0000000000
-166.9847153598 1624.5897847514 -2000.0000000000
1508.3819075176 1845.0956510124 419.6024138747
1508.3819075176 1845.0956510124 -2000.0000000000
1508.3819075176 1845.0956510124 -2000.0000000000
1508.3819075176 1845.0956510124 -2000.0000000000
1508.3819075176 1845.0956510124 -2000.0000000000
-761.1178474899 -1600.9589961959 1131.5618888746
-761.1178474899 -1600.9589961959 -2000.0000000000
-761.1178474899 -1600.9589961959 -2000.0000000000
-545.8172622894 -168.4841958626 -374.7896953575
-545.8172622894 -168.4841958626 -2000.0000000000
-545.8172622894 -168.4841958626 -2000.0000000000
-545.8172622894 -168.4841958626 -2000.0000000000
772.6530028910 493.0038346679 -335.3600273769
1173.8727533947 -1296.6873737874 1667.8590983402
-113.5506143062 -137.1990319780 1631.7641917558
-113.5506143062 -137.1990319780 -2000.0000000000
-113.5506143062 -137.1990319780 -2000.0000000000
-1370.0201199823 -1732.1213747490 -1068.6950548369
-1265.0878996427 -1844.2166267654 -755.9484412741
1036.1175098461 1070.2964602053 -1594.1632443196
1036.1175098461 1070.2964602053 -2000.0000000000
-643.8178837456 -422.2233230266 519.1201485327
-643.8178837456 -422.2233230266 -2000.0000000000
-1801.0479220198 773.9080415060 1397.1792730135
1568.4024373167 -1503.5071173881 1212.0709379400
716.5111065596 -1578.7696923719 28.4687996575
716.5111065596 -1578.7696923719 -2000.0000000000
716.5111065596 -1578.7696923719 -2000.0000000000
716.5111065596 -1578.7696923719 -2000.0000000000
716.5111065596 -1578.7696923719 -2000.0000000000
716.5111065596 -1578.7696923719 -2000.0000000000
716.5111065596 -1578.7696923719 -2000.0000000000
738.9466845233 1463.3517837961 -916.0194775431
738.9466845233 1463.3517837961 -2000.0000000000
-421.1898220533 -1532.6641453076 -838.1733880668
1146.9829698082 -846.4577829593 790.2958048391
1146.9829698082 -846.4577829593 -2000.0000000000
1146.9829698082 -846.4577829593 -2000.0000000000
1146.9829698082 -846.4577829593 -2000.0000000000
1146.9829698082 -846.4577829593 -2000.0000000000
10.0618539727 -834.5641046191 -82.2471235937
668.0367697192 262.1001192273 -1396.8946135978
938.5531766774 1957.2046920225 -1235.3522422431
1042.0302791211 -963.1419029913 872.2016898327
1042.0302791211 -963.1419029913 -2000.0000000000
1042.0302791211 -963.1419029913 -2000.0000000000
1042.0302791211 -963.1419029913 -2000.0000000000
1042.0302791211 -963.1419029913 -2000.0000000000
792.8644644080 -1041.0797044250 -429.2328222226
792.8644644080 -1041.0797044250 -2000.0000000000
-1173.7493798013 1358.8603868871 1828.0010741904
-1173.7493798013 1358.8603868871 -2000.0000000000
-1173.7493798013 1358.8603868871 -2000.0000000000
-1173.7493798013 1358.8603868871 -2000.0000000000
-1173.7493798013 1358.8603868871 -2000.0000000000
-1173.7493798013 1358.8603868871 -2000.0000000000
-1173.7493798013 1358.8603868871 -2000.0000000000
545.0956311103 1134.3187725168 -556.5969812781
545.0956311103 1134.3187725168 -2000.0000000000
545.0956311103 1134.3187725168 -2000.0000000000
545.0956311103 1134.3187725168 -2000.0000000000
545.0956311103 1134.3187725168 -2000.0000000000
545.0956311103 1134.3187725168 -2000.0000000000
545.0956311103 1134.3187725168 -2000.0000000000
545.0956311103 1134.3187725168 -2000.0000000000
545.0956311103 1134.3187725168 -2000.0000000000
545.0956311103 1134.3187725168 -2000.0000000000
545.0956311103 1134.3187725168 -2000.0000000000
545.0956311103 1134.3187725168 -2000.0000000000
545.0956311103 1134.3187725168 -2000.0000000000
1806.0221141497 56.9035039527 784.5768840525
1806.0221141497 56.9035039527 -2000.0000000000
-423.6186831287 -1754.1078748213 -651.2114556792
-1503.6608661854 -1579.8355595860 874.3815108393
1342.2352334710 -1423.1206041534 -1380.7571843396
1342.2352334710 -1423.1206041534 -2000.0000000000
-1890.8648845687 193.0985098085 592.6123796455
-1890.8648845687 193.0985098085 -2000.0000000000
-1890.8648845687 193.0985098085 -2000.0000000000
-1890.8648845687 193.0985098085 -2000.0000000000
-1890.8648845687 193.0985098085 -2000.0000000000
1499.2299335316 1874.0830752189 -472.5523231707
-1307.7270653209 -1616.4054151359 438.9485688389
-1307.7270653209 -1616.4054151359 -2000.0000000000
-1307.7270653209 -1616.4054151359 -2000.0000000000
-1307.7270653209 -1616.4054151359 -2000.0000000000
-1301.9477684264 573.9244787350 -230.4226062284
1027.9104944323 -1189.3358206118 862.9603790987
1027.9104944323 -1189.3358206118 -2000.0000000000
1027.9104944323 -1189.3358206118 -2000.0000000000
1027.9104944323 -1189.3358206118 -2000.0000000000
1027.9104944323 -1189.3358206118 -2000.0000000000
1027.9104944323 -1189.3358206118 -2000.0000000000
956.6832956427 -1227.3305122879 -1196.1341904151
1446.1394725618 -1531.0388896375 -804.0330704405
1446.1394725618 -1531.0388896375 -2000.0000000000
1446.1394725618 -1531.0388896375 -2000.0000000000
601.7538833593 -1858.8253141847 -1276.8222800320
-411.4921669609 -646.5819816144 -567.7276687639
-993.9214615380 -1680.2973466488 35.4998575000
-1618.5998490085 1230.3806021452 -986.7117220076
-1618.5998490085 1230.3806021452 -2000.0000000000
-1618.5998490085 1230.3806021452 -2000.0000000000
-1618.5998490085 1230.3806021452 -2000.0000000000
-1618.5998490085 1230.3806021452 -2000.0000000000
-1618.5998490085 1230.3806021452 -2000.0000000000
-1618.5998490085 1230.3806021452 -2000.0000000000
-1618.5998490085 1230.3806021452 -2000.0000000000
-1618.5998490085 1230.3806021452 -2000.0000000000
-1618.5998490085 1230.3806021452 -2000.0000000000
-1618.5998490085 1230.3806021452 -2000.0000000000
-1618.5998490085 1230.3806021452 -2000.0000000000
-461.9477169466 -352.3030924918 1530.4649396263
-1370.1707600969 -128.4418470929 1099.9420257634
-1370.1707600969 -128.4418470929 -2000.0000000000
-1370.1707600969 -128.4418470929 -2000.0000000000
-1370.1707600969 -128.4418470929 -2000.0000000000
-1850.4191314350 150.6243519728 558.9553771323
-1850.4191314350 150.6243519728 -2000.0000000000
-1850.4191314350 150.6243519728 -2000.0000000000
-1850.4191314350 150.6243519728 -2000.0000000000
-1850.4191314350 150.6243519728 -2000.0000000000
-1173.0867264108 -1646.8572177993 -691.6542269773
-1173.0867264108 -1646.8572177993 -2000.0000000000
-1378.3763800750 1044.1215398088 -1910.6322925504
-1378.3763800750 1044.1215398088 -2000.0000000000
-1378.3763800750 1044.1215398088 -2000.0000000000
1994.3051048660 -1605.5991578157 -240.7533410939
1994.3051048660 -1605.5991578157 -2000.0000000000
1994.3051048660 -1605.5991578157 -2000.0000000000
-1250.3232774230 1336.3691826710 -1887.8376460948
-780.3705877762 -1651.8524344032 674.2757526035
-780.3705877762 -1651.8524344032 -2000.0000000000
-780.3705877762 -1651.8524344032 -2000.0000000000
-780.3705877762 -1651.8524344032 -2000.0000000000
-780.3705877762 -1651.8524344032 -2000.0000000000
-780.3705877762 -1651.8524344032 -2000.0000000000
1606.7787949494 -394.0169293984 381.3437087545
1606.7787949494 -394.0169293984 -2000.0000000000
1606.7787949494 -394.0169293984 -2000.0000000000
1606.7787949494 -394.0169293984 -2000.0000000000
1606.7787949494 -394.0169293984 -2000.0000000000
1606.7787949494 -394.0169293984 -2000.0000000000
920.1153332369 -635.9372350515 699.4169473704
920.1153332369 -635.9372350515 -2000.0000000000
920.1153332369 -635.9372350515 -2000.0000000000
920.1153332369 -635.9372350515 -2000.0000000000
920.1153332369 -635.9372350515 -2000.0000000000
872.9591496202 -1147.1939086504 -1259.3669996914
872.9591496202 -1147.1939086504 -2000.0000000000
872.9591496202 -1147.1939086504 -2000.0000000000
872.9591496202 -1147.1939086504 -2000.0000000000
872.9591496202 -1147.1939086504 -2000.0000000000
872.9591496202 -1147.1939086504 -2000.0000000000
872.9591496202 -1147.1939086504 -2000.0000000000
872.9591496202 -1147.1939086504 -2000.0000000000
872.9591496202 -1147.1939086504 -2000.0000000000
872.9591496202 -1147.1939086504 -2000.0000000000
-356.7096521672 -63.1070146412 -194.6095009395
-356.7096521672 -63.1070146412 -2000.0000000000
147.0940438015 919.2808520906 -1935.5842731986
996.2806341857 411.9870356732 128.2458247875
717.0406639385 1106.0738745912 1537.4225246605
717.0406639385 1106.0738745912 -2000.0000000000
-810.6021358327 -957.3567344035 -577.7858224607
-536.1614064121 1869.7236807305 -725.4187429476
-1509.8823515068 1624.6925345103 362.2844469015
-1509.8823515068 1624.6925345103 -2000.0000000000
-1509.8823515068 1624.6925345103 -2000.0000000000
72.9165827277 -1068.0414423342 762.4086824027
72.9165827277 -1068.0414423342 -2000.0000000000
72.9165827277 -1068.0414423342 -2000.0000000000
72.9165827277 -1068.0414423342 -2000.0000000000
72.9165827277 -1068.0414423342 -2000.0000000000
72.9165827277 -1068.0414423342 -2000.0000000000
1273.1351604256 1288.7863321636 -989.1691598505
1273.1351604256 1288.7863321636 -2000.0000000000
1273.1351604256 1288.7863321636 -2000.0000000000
1273.1351604256 1288.7863321636 -2000.0000000000
1273.1351604256 1288.7863321636 -2000.0000000000
1273.1351604256 1288.7863321636 -2000.0000000000
1273.1351604256 1288.7863321636 -2000.0000000000
1273.1351604256 1288.7863321636 -2000.0000000000
1273.1351604256 1288.7863321636 -2000.0000000000
82.7961618681 -653.4900388330 -82.8208138633
82.7961618681 -653.4900388330 -2000.0000000000
82.7961618681 -653.4900388330 -2000.0000000000
-491.1405668036 -806.3523215045 1334.1044843328
814.5676183596 1125.5464298945 5.8359841594
1567.0221129890 284.8998243700 1527.6090560142
1567.0221129890 284.8998243700 -2000.0000000000
1567.0221129890 284.8998243700 -2000.0000000000
1567.0221129890 284.8998243700 -2000.0000000000
1567.0221129890 284.8998243700 -2000.0000000000
1567.0221129890 284.8998243700 -2000.0000000000
1567.0221129890 284.8998243700 -2000.0000000000
503.8236464044 -1251.4011005324 896.9761528982
503.8236464044 -1251.4011005324 -2000.0000000000
1048.8939874895 -1345.2868216967 6.8611376136
1048.8939874895 -1345.2868216967 -2000.0000000000
1048.8939874895 -1345.2868216967 -2000.0000000000
1048.8939874895 -1345.2868216967 -2000.0000000000
1048.8939874895 -1345.2868216967 -2000.0000000000
1048.8939874895 -1345.2868216967 -2000.0000000000
1048.8939874895 -1345.2868216967 -2000.0000000000
1048.8939874895 -1345.2868216967 -2000.0000000000
-425.3059831972 476.5950507673 -258.6659541362
-425.3059831972 476.5950507673 -2000.0000000000
-425.3059831972 476.5950507673 -2000.0000000000
-461.4821094958 1056.1077321708 -1393.6138467429
-461.4821094958 1056.1077321708 -2000.0000000000
-461.4821094958 1056.1077321708 -2000.0000000000
734.6799083533 -1017.2754801898 1206.3000161013
734.6799083533 -1017.2754801898 -2000.0000000000
1615.5571803638 -1846.4864683045 1974.5913422994
1837.9079623196 671.7876473666 -1967.0402172098
1837.9079623196 671.7876473666 -2000.0000000000
1837.9079623196 671.7876473666 -2000.0000000000
1837.9079623196 671.7876473666 -2000.0000000000
-701.5184059370 -274.1711022975 1421.6652340383
-1801.9509711980 -84.5404921173 -518.6275340922
-1801.9509711980 -84.5404921173 -2000.0000000000
-557.0196603276 1887.0098670966 1354.2562466140
-557.0196603276 1887.0098670966 -2000.0000000000
-557.0196603276 1887.0098670966 -2000.0000000000
-557.0196603276 1887.0098670966 -2000.0000000000
-1013.4699352536 693.3244128745 -1972.0174114136
-1013.4699352536 693.3244128745 -2000.0000000000
-1013.4699352536 693.3244128745 -2000.0000000000
1062.9540351830 1644.7823713887 -1445.9454202334
1062.9540351830 1644.7823713887 -2000.0000000000
-978.3108967864 -36.3409606507 -694.5196487587
-41.2581459604 303.6105206765 1117.3175551697
-41.2581459604 303.6105206765 -2000.0000000000
1956.2216001912 -72.7881820111 -555.8503852326
1310.2735769121 -615.6504075982 -1212.8058901165
1310.2735769121 -615.6504075982 -2000.0000000000
-1928.4420451300 582.8135105553 -1815.6533740001
-1928.4420451300 582.8135105553 -2000.0000000000
-1300.5158503146 219.7438375006 303.3910149246
-1300.5158503146 219.7438375006 -2000.0000000000
-234.0902193289 -736.3715889110 -112.6595649303
-234.0902193289 -736.3715889110 -2000.0000000000
-234.0902193289 -736.3715889110 -2000.0000000000
-234.0902193289 -736.3715889110 -2000.0000000000
-960.6709446562 -1349.6421324905 -1417.1555260047
-960.6709446562 -1349.6421324905 -2000.0000000000
714.0918826324 -550.9427690349 631.3801329162
1641.8252400369 233.3630561097 254.9208562790
1641.8252400369 233.3630561097 -2000.0000000000
1641.8252400369 233.3630561097 -2000.0000000000
269.3084746752 -942.3064509466 1304.6766720556
269.3084746752 -942.3064509466 -2000.0000000000
-1582.1369939238 -677.1932139895 22.6088630873
-1582.1369939238 -677.1932139895 -2000.0000000000
-1582.1369939238 -677.1932139895 -2000.0000000000
-1582.1369939238 -677.1932139895 -2000.0000000000
-648.3350562519 1140.5138454395 967.8532920177
-648.3350562519 1140.5138454395 -2000.0000000000
-1824.5013731814 -1773.2342121972 790.5622677160
-1824.5013731814 -1773.2342121972 -2000.0000000000
-1824.5013731814 -1773.2342121972 -2000.0000000000
-1824.5013731814 -1773.2342121972 -2000.0000000000
-990.9035319298 461.6692282843 135.4479639516
-990.9035319298 461.6692282843 -2000.0000000000
-990.9035319298 461.6692282843 -2000.0000000000
1420.7093292095 -1570.5949762446 98.4933199434
1420.7093292095 -1570.5949762446 -2000.0000000000
1420.7093292095 -1570.5949762446 -2000.0000000000
1420.7093292095 -1570.5949762446 -2000.0000000000
1420.7093292095 -1570.5949762446 -2000.0000000000
1420.7093292095 -1570.5949762446 -2000.0000000000
1420.7093292095 -1570.5949762446 -2000.0000000000
1420.7093292095 -1570.5949762446 -2000.0000000000
587.1335839062 -1751.5395599158 1137.6582744274
1765.7644998436 517.6056520873 -1419.0302572806
616.3905732798 -1905.6139494857 1440.6339190529
616.3905732798 -1905.6139494857 -2000.0000000000
934.1474061767 420.6142930902 -1617.8223050347
934.1474061767 420.6142930902 -2000.0000000000
934.1474061767 420.6142930902 -2000.0000000000
-1630.4710859956 1919.5090519217 -645.7060967459
-243.0411876061 -885.2931592295 -1005.1313680347
1235.1197587890 -1314.0239963109 -159.2474307929
1235.1197587890 -1314.0239963109 -2000.0000000000
1235.1197587890 -1314.0239963109 -2000.0000000000
-358.2165982077 545.2986918432 -175.9997406174
-358.2165982077 545.2986918432 -2000.0000000000
-358.2165982077 545.2986918432 -2000.0000000000
-358.2165982077 545.2986918432 -2000.0000000000
-358.2165982077 545.2986918432 -2000.0000000000
-358.2165982077 545.2986918432 -2000.0000000000
-358.2165982077 545.2986918432 -2000.0000000000
-851.7258740715 -316.2186764047 476.7191049957
-851.7258740715 -316.2186764047 -2000.0000000000
-851.7258740715 -316.2186764047 -2000.0000000000
-851.7258740715 -316.2186764047 -2000.0000000000
-851.7258740715 -316.2186764047 -2000.0000000000
-851.7258740715 -316.2186764047 -2000.0000000000
-851.7258740715 -316.2186764047 -2000.0000000000
1056.8629204563 1048.8293520512 -757.6121366675
1056.8629204563 1048.8293520512 -2000.0000000000
-1132.6598449985 1217.0691598882 -1801.1996032009
-1132.6598449985 1217.0691598882 -2000.0000000000
-1132.6598449985 1217.0691598882 -2000.0000000000
-1132.6598449985 1217.0691598882 -2000.0000000000
-1132.6598449985 1217.0691598882 -2000.0000000000
-1132.6598449985 1217.0691598882 -2000.0000000000
-1304.4779746151 1058.1571188002 1683.2549210136
-1304.4779746151 1058.1571188002 -2000.0000000000
-1304.4779746151 1058.1571188002 -2000.0000000000
-1304.4779746151 1058.1571188002 -2000.0000000000
-1304.4779746151 1058.1571188002 -2000.0000000000
-1304.4779746151 1058.1571188002 -2000.0000000000
-1304.4779746151 1058.1571188002 -2000.0000000000
-485.0873138981 -1766.0813049087 329.7467934817
-485.0873138981 -1766.0813049087 -2000.0000000000
-485.0873138981 -1766.0813049087 -2000.0000000000
-485.0873138981 -1766.0813049087 -2000.0000000000
-1773.6254860988 -699.0858208117 519.0800676664
-1773.6254860988 -699.0858208117 -2000.0000000000
427.6452248856 -983.2165004543 353.5828390444
427.6452248856 -983.2165004543 -2000.0000000000
427.6452248856 -983.2165004543 -2000.0000000000
427.6452248856 -983.2165004543 -2000.0000000000
-308.8133042743 -1514.2332015740 -1947.4688354014
-308.8133042743 -1514.2332015740 -2000.0000000000
-308.8133042743 -1514.2332015740 -2000.0000000000
-308.8133042743 -1514.2332015740 -2000.0000000000
-308.8133042743 -1514.2332015740 -2000.0000000000
-308.8133042743 -1514.2332015740 -2000.0000000000
-308.8133042743 -1514.2332015740 -2000.0000000000
-308.8133042743 -1514.2332015740 -2000.0000000000
-308.8133042743 -1514.2332015740 -2000.0000000000
-308.8133042743 -1514.2332015740 -2000.0000000000
-308.8133042743 -1514.2332015740 -2000.0000000000
109.0221203009 -41.6020568336 1138.8884927104
-1581.8261725034 253.1307875068 89.9788844653
1286.3776061207 847.1731888135 580.4626052039
1286.3776061207 847.1731888135 -2000.0000000000
1286.3776061207 847.1731888135 -2000.0000000000
358.8263131711 972.1669857269 187.1462860591
358.8263131711 972.1669857269 -2000.0000000000
358.8263131711 972.1669857269 -2000.0000000000
358.8263131711 972.1669857269 -2000.0000000000
358.8263131711 972.1669857269 -2000.0000000000
358.8263131711 972.1669857269 -2000.0000000000
358.8263131711 972.1669857269 -2000.0000000000
358.8263131711 972.1669857269 -2000.0000000000
1054.6863418303 34.4249373475 -162.3704090313
1054.6863418303 34.4249373475 -2000.0000000000
1054.6863418303 34.4249373475 -2000.0000000000
1054.6863418303 34.4249373475 -2000.0000000000
1054.6863418303 34.4249373475 -2000.0000000000
1410.0799614017 1661.4788347727 -1788.9952333333
1410.0799614017 1661.4788347727 -2000.0000000000
-1792.5830853663 -1830.6243023720 -1555.7397214536
-1792.5830853663 -1830.6243023720 -2000.0000000000
1967.0469308962 612.0713925034 -1740.2542279284
1967.0469308962 612.0713925034 -2000.0000000000
1967.0469308962 612.0713925034 -2000.0000000000
1967.0469308962 612.0713925034 -2000.0000000000
995.9685660096 1362.6464870698 1999.8354097816
-529.1930101820 1938.0385671425 1423.4149037327
-529.1930101820 1938.0385671425 -2000.0000000000
-428.6552803413 1550.0198792752 -1150.5119117548
-152.4779193470 884.0083002373 -847.1453857976
-152.4779193470 884.0083002373 -2000.0000000000
-152.4779193470 884.0083002373 -2000.0000000000
-152.4779193470 884.0083002373 -2000.0000000000
-152.4779193470 884.0083002373 -2000.0000000000
-152.4779193470 884.0083002373 -2000.0000000000
