-14.0594213954 98.8550223801 5.4787973364
-50.8029649993 26.6686345816 -81.9014204812
65.6020224126 0.4797402018 -75.4728063922
29.1623690956 39.8848182808 86.9411151265
25.9439036955 -58.3701395540 -76.9405008399
-20.3828928960 10.8423830925 97.2984090624
37.2369307901 -50.5122391461 77.8583629534
-5.3351913035 -7.4316653715 -99.5806511505
63.3853780761 43.9669967024 -63.6333014004
87.7488653633 -47.9529446240 -0.8072975570
46.1945154706 -46.5352583223 75.5018971505
-1.2588595270 0.4414288191 -99.9911016705
19.1791618661 81.7980273316 -54.2332229797
-19.1532592185 -53.2403821214 82.4537104858
-11.0116330860 11.8209563554 98.6864171384
-83.8660420035 -50.8244590174 -19.5796160394
-1.9338135433 -86.7886586109 49.6385848075
13.2771047025 42.2475324782 89.6597149796
-61.6950174589 73.6027916268 -27.8631277049
56.1781472148 -78.8682574143 -24.9762636904
-15.4671586658 -97.3008238250 -17.1264907612
17.9706578157 27.2647788643 94.5181849760
-48.0201847135 -11.0881943419 -87.0121474641
-4.4210290337 4.6771119002 99.7926807264
30.1660641859 67.7832745536 67.0480146039
6.5648322682 -3.7300177530 -99.7145422938
-77.8387021005 49.8367342553 38.1763850316
17.7276499840 -97.2546729665 -15.0751123451
-34.2459924387 8.6294429940 -93.5561046405
74.1067737058 52.1909788777 42.2408311318
-13.3370250184 -10.8391956568 98.5121089063
-25.2325791982 -35.6954581290 89.9397087830
-32.5391254334 71.1904720840 -62.2344117068
95.5607655816 -2.1154937176 -29.3881739446
11.9457820342 -8.3777756300 -98.9298295110
37.1080164111 -59.2103066315 71.5341506320
-72.4109613606 68.9305864888 2.2862460806
-23.2924219710 62.5504641949 74.4641021414
-2.9364158797 -2.4816848345 -99.9260661798
-37.2689789828 71.2310058347 -59.4740869064
11.9849264121 2.6278925798 -99.2444241229
-38.9180128146 71.9917314484 57.4680683651
45.6465060031 -3.8085824797 88.8925823070
29.0810466807 11.8719569272 -94.9386610537
-4.4184561090 -92.3320862876 38.1479106556
-90.9427929746 -18.9495138165 37.0178920535
-70.3490915202 6.3852992472 70.7830013196
20.2696913333 97.9206031049 0.8337270735
3.4784268340 -55.1651007378 83.3349398953
49.3680553299 83.1104253749 25.6018028065
-51.3395116364 27.4845074890 -81.2948731041
-8.3269178137 -7.2328451937 -99.3898807230
-87.1225936839 -14.9479438240 -46.7569529078
71.0724493254 25.6074106789 -65.5207407255
5.9263637335 94.0842668987 -33.3620882895
4.0570847522 -15.3646747817 98.7292602634
21.1490726545 -53.3310285547 81.9055438854
34.5578276417 93.6850061931 5.3736545555
17.2338337472 -20.3942265706 -96.3694479436
71.5071965001 46.1895468869 -52.4713884615
-29.9875649951 -74.6046965911 59.4549004895
-53.9031608496 80.7115663174 24.0851056260
99.2785049124 -10.6416803125 5.5256766536
-72.6660054958 12.3717106693 67.5765670954
19.7782720629 -64.5585940994 -73.7631878522
9.5752685511 0.9629314990 99.5358578358
56.9564410577 31.4025236681 -75.9594979533
-34.9093433154 72.5500185412 -59.3113189784
6.0187970418 75.3625039443 -65.4543129321
55.9905746364 -77.0941873993 -30.3569073050
-70.1478596242 47.8469033445 -52.8199927157
-84.4002753989 -29.0550366722 -45.0821290155
0.9545879131 -1.7032179796 99.9809372352
54.3674521880 -11.0820988887 83.1947548034
63.7381854073 -37.3830170459 -67.3791789615
-68.8185317929 38.0811948737 -61.7562327127
44.8780496523 -31.1098125030 83.7743410922
-19.6218706872 23.4154118379 95.2192243152
-80.6725428912 31.8478783114 49.7760330936
14.7327044919 -5.6715580482 -98.7460421873
-36.5000053492 7.0616293579 92.8325535592
10.4995424914 -87.3125143966 47.6055084755
-76.7315913722 -36.0276627556 -53.0496974718
97.0770587460 -23.4908939758 4.9216425562
12.6669546144 -91.7312796451 37.7481204230
76.7839924860 -53.6153519614 35.0658314028
29.4201279500 -14.1066882421 -94.5275484620
-1.9519707471 4.4019492510 99.8839959803
-69.9340468880 -1.4389303522 -71.4643866923
81.5127353570 -40.2436424350 -41.6668119512
-2.6955994028 -2.0464364282 99.9427127999
-86.6787007515 47.3775415070 15.5618571123
54.0446480576 57.9988069471 60.9533789796
-75.9673694148 53.4375876646 37.0591825164
40.5999706816 25.1477331867 -87.8591708146
77.4391675174 -61.0978621695 16.4385696617
32.8330335556 9.8122870628 93.9452549634
78.9661455494 3.8685077631 61.2322015345
-45.0268885928 -7.5413855806 -88.9702579921
75.0187919123 9.4861383559 65.4384752200
