46.9660446228 1.5624344661 -88.2708867692
-9.3804335313 18.1527609622 97.8901666983
-14.3808121445 95.2936326122 26.6892455052
-14.1692394432 10.3467331594 98.4488586350
46.1891664862 -0.6203733920 -88.6914654077
22.4531872136 -70.8559070456 66.8976443584
-45.8816868975 49.7527465157 73.6174912747
-23.2241483388 58.3870095118 77.7920050790
-79.6866961117 40.3307129105 -44.9829307508
-59.5250430593 -78.0006042297 -19.3047918556
-3.2555700964 0.3096717597 99.9465125292
0.0084432384 12.2929498993 -99.2415402515
1.9799302825 81.6869165298 57.6483091160
1.3520154075 2.4520795737 -99.9607891130
-68.9944419722 -66.4207648840 -28.7758400255
85.2766830479 -51.4444616841 -9.0196834972
65.7399261011 -25.0734309633 71.0604332660
38.7906063849 36.4082845064 -84.6742326543
91.8959790964 -13.7688169267 -36.9533314650
65.0570572170 -66.9389608036 35.8713650813
-39.1515983385 28.1292738964 -87.6121926309
-56.9258599351 -80.0647908100 18.6835688027
31.9300422314 -89.7428618697 -30.4416022335
-13.1232405020 84.2442479144 52.2559781467
-3.5332889936 1.8233514165 -99.9209250282
82.7391763317 -53.9092380122 15.7487382634
-65.7482405370 34.5734924185 -66.9465644248
-4.1470978591 -99.2727685128 11.3012836064
83.9291528825 -16.7635785107 -51.7192394756
-79.3518207078 -57.3179001971 -20.4437488575
62.3875068294 -32.8679484334 -70.9048443859
16.5666580112 -18.8812560140 96.7938221876
-25.6528759226 -82.4613158136 50.4188590827
7.4409628806 14.8972938222 -98.6037661968
-7.1772979929 -20.2015662562 97.6748847674
-2.9311621148 -57.7742153447 81.5692854570
13.5866395374 -10.1701404474 98.5493352051
81.1429019716 -46.9323959146 -34.8307288660
36.7661017942 55.6318519007 74.5208079194
8.7944735177 30.1309225371 94.9462202650
-29.4569986891 9.2638048996 95.1129178767
14.2822163980 66.1903665673 73.5856892911
15.7454648980 -8.9485544873 -98.3463456755
-5.4935962896 7.7087329675 -99.5509710442
-93.5493742186 18.1059879757 -30.3428374207
-11.0624387006 78.6659676040 60.7395093076
88.3761110530 -5.0608007770 -46.5193646844
46.9883233672 -29.0758990525 83.3468029467
-5.5525987906 -30.0091475700 -95.2293006841
-33.7681017507 -89.9323333769 27.7829213284
45.2058138922 16.1180423245 -87.7305140870
76.1779012711 60.8446901864 -22.2452474488
-18.0546926867 0.6770535807 98.3543068220
32.1810187285 8.0631675929 94.3364582861
-17.0139889606 11.0982213537 -97.9150328726
-44.4597421198 86.8524143153 -21.9086617173
37.4500582077 -62.1193502872 -68.8380669407
-6.1738720623 -9.9941025013 -99.3076090688
-44.1272138305 67.1169612141 -59.5659509866
-28.8680084700 -74.7043897278 59.8823199481
-4.5458275447 -44.7622382981 89.3066485458
-4.8657097395 15.1992824032 98.7183198964
-95.5718898123 28.0766367131 -8.8156876407
-85.1326334709 33.1012608311 40.7030864887
-42.4163946248 -30.7730369012 -85.1696522649
59.9283327276 52.8289592988 -60.1472858564
-30.7996541611 1.1119528839 -95.1322493392
35.0414549597 41.0822340671 84.1685599162
-35.8943745952 -61.4457932664 70.2567317933
-59.8650810403 -74.6198231768 -29.1213677752
-6.7119336000 -62.5444952799 -77.7376103153
4.7906954989 19.7245042556 -97.9182984355
-96.5910456842 8.9073087260 24.3069896303
60.2075609153 -64.2658079840 -47.3809617125
-32.1142718028 73.1793036356 -60.1120875198
-79.6996582897 59.7190991495 -9.0329211931
-75.3530022489 35.5084345732 -55.3269927452
-49.0706956938 -9.5989175363 86.6021224120
-39.9229835787 -25.1929422167 -88.1559473016
2.4350655109 70.5725077577 70.8067200535
40.4513324083 17.1464942067 89.8314390557
6.1611776082 24.4220466956 96.7760483058
-89.5497791709 -5.0500364163 -44.2191608089
55.2659501794 -26.9985545393 -78.8463873843
37.5356605512 -12.2203976703 -91.8789206933
-29.5631798527 -95.1788938815 8.1851424231
-32.5719985601 80.0291236738 -50.3428671593
-75.8777862193 -60.4052727717 -24.3672850321
65.8735023830 -17.6865073031 73.1291265038
21.4085691340 -56.7609246693 79.4976137901
-15.9202248636 -55.6263624306 -81.5613526312
-95.0174437596 -3.9246825339 -30.9238136133
-47.3267259438 -30.6901951757 -82.5729552064
91.3556030456 -14.7046495738 -37.9200088751
-80.9550518826 -4.1646434243 58.5571116077
-89.8070145208 14.9438783395 41.3688366170
-52.7624914912 -73.8947333264 41.9009293246
22.8826326897 16.1214408072 -96.0025221934
23.8527579035 94.1714694666 -23.7229905136
-70.4311834767 49.8138764255 -50.5769325834
