759.2417853241 151.2897757658 -1012.1610445098
759.2417853241 151.2897757658 -2000.0000000000
759.2417853241 151.2897757658 -2000.0000000000
1333.7703217566 1166.9943475869 1552.7904682143
1333.7703217566 1166.9943475869 -2000.0000000000
1333.7703217566 1166.9943475869 -2000.0000000000
1333.7703217566 1166.9943475869 -2000.0000000000
1446.6084830515 1230.0253260797 663.3601844947
665.6668732312 321.1046315560 -1093.7359929214
1504.1525136730 1973.3279310342 -825.0011890612
1504.1525136730 1973.3279310342 -2000.0000000000
1504.1525136730 1973.3279310342 -2000.0000000000
1504.1525136730 1973.3279310342 -2000.0000000000
1504.1525136730 1973.3279310342 -2000.0000000000
1504.1525136730 1973.3279310342 -2000.0000000000
1504.1525136730 1973.3279310342 -2000.0000000000
1504.1525136730 1973.3279310342 -2000.0000000000
1848.9336251390 -1908.4151586410 -1639.6993411688
1848.9336251390 -1908.4151586410 -2000.0000000000
1848.9336251390 -1908.4151586410 -2000.0000000000
1848.9336251390 -1908.4151586410 -2000.0000000000
-556.6486160593 415.5435703597 120.6366818391
-556.6486160593 415.5435703597 -2000.0000000000
1172.6109513731 -481.2848983685 -220.1826877187
1172.6109513731 -481.2848983685 -2000.0000000000
1172.6109513731 -481.2848983685 -2000.0000000000
1172.6109513731 -481.2848983685 -2000.0000000000
1172.6109513731 -481.2848983685 -2000.0000000000
1172.6109513731 -481.2848983685 -2000.0000000000
1172.6109513731 -481.2848983685 -2000.0000000000
1172.6109513731 -481.2848983685 -2000.0000000000
1172.6109513731 -481.2848983685 -2000.0000000000
1172.6109513731 -481.2848983685 -2000.0000000000
1172.6109513731 -481.2848983685 -2000.0000000000
-34.0321559181 -738.8798422876 498.7612080358
-1343.4373949042 1316.6580974398 -1298.5134624281
-1343.4373949042 1316.6580974398 -2000.0000000000
-1343.4373949042 1316.6580974398 -2000.0000000000
1196.0637389681 1580.8978931527 -1253.2224974584
1345.5205249640 -1623.8765351714 1535.1107597498
1345.5205249640 -1623.8765351714 -2000.0000000000
1345.5205249640 -1623.8765351714 -2000.0000000000
1345.5205249640 -1623.8765351714 -2000.0000000000
1529.5527322762 1146.2025518014 -1264.7381767081
1529.5527322762 1146.2025518014 -2000.0000000000
1222.3257747792 1496.3622755836 740.7111270857
1222.3257747792 1496.3622755836 -2000.0000000000
1222.3257747792 1496.3622755836 -2000.0000000000
-259.8101472679 1800.1599998192 202.0209706558
-259.8101472679 1800.1599998192 -2000.0000000000
-259.8101472679 1800.1599998192 -2000.0000000000
-259.8101472679 1800.1599998192 -2000.0000000000
-1636.0632848249 -451.1266797378 1686.1335019098
-1636.0632848249 -451.1266797378 -2000.0000000000
-1636.0632848249 -451.1266797378 -2000.0000000000
-1621.3653820532 -1449.2142734755 1869.7250123130
-1621.3653820532 -1449.2142734755 -2000.0000000000
-1621.3653820532 -1449.2142734755 -2000.0000000000
-116.5501030864 -165.2375150442 984.0566914344
-116.5501030864 -165.2375150442 -2000.0000000000
-116.5501030864 -165.2375150442 -2000.0000000000
-116.5501030864 -165.2375150442 -2000.0000000000
-116.5501030864 -165.2375150442 -2000.0000000000
970.8984379149 -247.1391831322 -1004.7607936389
970.8984379149 -247.1391831322 -2000.0000000000
970.8984379149 -247.1391831322 -2000.0000000000
-1249.1400740016 -235.4452447508 849.0197241934
-1249.1400740016 -235.4452447508 -2000.0000000000
-1249.1400740016 -235.4452447508 -2000.0000000000
960.4523903325 1199.2488697059 -1301.0692375012
960.4523903325 1199.2488697059 -2000.0000000000
-780.9752844063 -348.1514965596 293.5919105593
-780.9752844063 -348.1514965596 -2000.0000000000
-780.9752844063 -348.1514965596 -2000.0000000000
1491.3090006896 -26.9648555972 1076.7655220719
1491.3090006896 -26.9648555972 -2000.0000000000
755.4538035801 277.5010435248 1739.3117478465
755.4538035801 277.5010435248 -2000.0000000000
755.4538035801 277.5010435248 -2000.0000000000
-1288.2940398976 1563.2289001221 1412.3141915749
-1288.2940398976 1563.2289001221 -2000.0000000000
-1288.2940398976 1563.2289001221 -2000.0000000000
-1288.2940398976 1563.2289001221 -2000.0000000000
-1288.2940398976 1563.2289001221 -2000.0000000000
11.3607243557 1788.5777174462 1195.8172024444
11.3607243557 1788.5777174462 -2000.0000000000
-702.2005176244 -1474.3554385990 1353.2408349241
290.7796246861 -53.6109439036 -1512.0204570884
290.7796246861 -53.6109439036 -2000.0000000000
484.2215632517 142.2849783902 1479.9218708167
484.2215632517 142.2849783902 -2000.0000000000
484.2215632517 142.2849783902 -2000.0000000000
484.2215632517 142.2849783902 -2000.0000000000
484.2215632517 142.2849783902 -2000.0000000000
484.2215632517 142.2849783902 -2000.0000000000
-452.2677980431 1514.4776807018 78.5199195094
-452.2677980431 1514.4776807018 -2000.0000000000
-1334.4058493822 -479.6950782606 -1933.5253636054
-1334.4058493822 -479.6950782606 -2000.0000000000
-1334.4058493822 -479.6950782606 -2000.0000000000
-1334.4058493822 -479.6950782606 -2000.0000000000
-1334.4058493822 -479.6950782606 -2000.0000000000
-1334.4058493822 -479.6950782606 -2000.0000000000
-1334.4058493822 -479.6950782606 -2000.0000000000
-1017.6197434957 -799.0778125137 226.6188993193
1136.5617381526 -1279.3512294709 -455.4795989006
1136.5617381526 -1279.3512294709 -2000.0000000000
1136.5617381526 -1279.3512294709 -2000.0000000000
-1265.3795933433 -1369.9343013199 1884.4286008307
-1265.3795933433 -1369.9343013199 -2000.0000000000
-1265.3795933433 -1369.9343013199 -2000.0000000000
1864.0978857506 -1832.4027521295 1254.6383586902
1864.0978857506 -1832.4027521295 -2000.0000000000
1864.0978857506 -1832.4027521295 -2000.0000000000
-1124.4802107005 -517.3510214148 -302.2848640173
-1124.4802107005 -517.3510214148 -2000.0000000000
42.7330675459 1716.7188108697 21.9420534846
-78.3534478329 -1974.7406795714 -498.2686466250
-78.3534478329 -1974.7406795714 -2000.0000000000
-78.3534478329 -1974.7406795714 -2000.0000000000
-78.3534478329 -1974.7406795714 -2000.0000000000
1325.5851464378 -1533.7949835870 897.9277515794
1325.5851464378 -1533.7949835870 -2000.0000000000
1325.5851464378 -1533.7949835870 -2000.0000000000
939.2940022317 630.5219328827 -1732.2469319808
939.2940022317 630.5219328827 -2000.0000000000
939.2940022317 630.5219328827 -2000.0000000000
939.2940022317 630.5219328827 -2000.0000000000
939.2940022317 630.5219328827 -2000.0000000000
-882.1655197570 -966.7008307368 224.5082032230
-882.1655197570 -966.7008307368 -2000.0000000000
-882.1655197570 -966.7008307368 -2000.0000000000
-882.1655197570 -966.7008307368 -2000.0000000000
-882.1655197570 -966.7008307368 -2000.0000000000
-882.1655197570 -966.7008307368 -2000.0000000000
-882.1655197570 -966.7008307368 -2000.0000000000
-882.1655197570 -966.7008307368 -2000.0000000000
-882.1655197570 -966.7008307368 -2000.0000000000
-882.1655197570 -966.7008307368 -2000.0000000000
-882.1655197570 -966.7008307368 -2000.0000000000
-1670.5524604830 805.7230249087 802.8111012315
-1374.6483260302 -1333.1843077169 298.0422730346
-1374.6483260302 -1333.1843077169 -2000.0000000000
-498.5499042103 -1642.3935494954 -1107.0752498583
-272.2314723442 1064.9592628879 969.5505899732
-272.2314723442 1064.9592628879 -2000.0000000000
-272.2314723442 1064.9592628879 -2000.0000000000
-272.2314723442 1064.9592628879 -2000.0000000000
-272.2314723442 1064.9592628879 -2000.0000000000
-272.2314723442 1064.9592628879 -2000.0000000000
-272.2314723442 1064.9592628879 -2000.0000000000
-272.2314723442 1064.9592628879 -2000.0000000000
-766.5356429519 1877.3325700460 -1788.3917287733
-935.2895869046 121.2952590974 505.9190974532
-935.2895869046 121.2952590974 -2000.0000000000
-935.2895869046 121.2952590974 -2000.0000000000
646.7028365812 -211.4109364592 -656.2198318784
646.7028365812 -211.4109364592 -2000.0000000000
646.7028365812 -211.4109364592 -2000.0000000000
646.7028365812 -211.4109364592 -2000.0000000000
646.7028365812 -211.4109364592 -2000.0000000000
-313.2621316316 -1703.4119145990 1339.5438797155
-313.2621316316 -1703.4119145990 -2000.0000000000
-313.2621316316 -1703.4119145990 -2000.0000000000
-313.2621316316 -1703.4119145990 -2000.0000000000
-313.2621316316 -1703.4119145990 -2000.0000000000
-313.2621316316 -1703.4119145990 -2000.0000000000
-313.2621316316 -1703.4119145990 -2000.0000000000
510.0608539036 341.6157432322 -1161.3499715806
510.0608539036 341.6157432322 -2000.0000000000
-815.7392348538 751.9424325334 678.2779487850
-815.7392348538 751.9424325334 -2000.0000000000
-815.7392348538 751.9424325334 -2000.0000000000
-815.7392348538 751.9424325334 -2000.0000000000
-1973.1424879079 -436.4205028748 1629.5505576689
347.6382584055 -1766.6733950803 -89.6059299830
347.6382584055 -1766.6733950803 -2000.0000000000
347.6382584055 -1766.6733950803 -2000.0000000000
347.6382584055 -1766.6733950803 -2000.0000000000
347.6382584055 -1766.6733950803 -2000.0000000000
988.4615982234 -1388.5009361133 -435.0540127097
988.4615982234 -1388.5009361133 -2000.0000000000
988.4615982234 -1388.5009361133 -2000.0000000000
988.4615982234 -1388.5009361133 -2000.0000000000
-348.4002730396 -361.6794024547 -501.6866952859
-1370.8142934898 1268.2390316084 -1564.9254981454
-1370.8142934898 1268.2390316084 -2000.0000000000
-1370.8142934898 1268.2390316084 -2000.0000000000
-1370.8142934898 1268.2390316084 -2000.0000000000
-663.5157958111 -1786.5834340179 -1087.1401599958
-663.5157958111 -1786.5834340179 -2000.0000000000
-204.3098911098 -690.1191077644 -601.4937505073
-204.3098911098 -690.1191077644 -2000.0000000000
-1156.4594922476 149.5338958014 -1387.8754941771
-1156.4594922476 149.5338958014 -2000.0000000000
-1156.4594922476 149.5338958014 -2000.0000000000
-1156.4594922476 149.5338958014 -2000.0000000000
1011.3832453604 1215.4348223009 -1446.4514489759
-301.3308771701 -1070.5482793949 858.3424738036
-301.3308771701 -1070.5482793949 -2000.0000000000
-301.3308771701 -1070.5482793949 -2000.0000000000
-301.3308771701 -1070.5482793949 -2000.0000000000
-636.3064126476 -120.0756366747 -1256.3418570014
-5.3342722189 -429.7410334298 617.1341293980
-5.3342722189 -429.7410334298 -2000.0000000000
1945.7298895149 -549.0795166334 1293.7247752359
1945.7298895149 -549.0795166334 -2000.0000000000
1945.7298895149 -549.0795166334 -2000.0000000000
1945.7298895149 -549.0795166334 -2000.0000000000
1945.7298895149 -549.0795166334 -2000.0000000000
1033.8532695415 1661.8509767483 1578.8651264304
1033.8532695415 1661.8509767483 -2000.0000000000
1033.8532695415 1661.8509767483 -2000.0000000000
1029.3722787253 905.6362013620 1097.2483183479
1029.3722787253 905.6362013620 -2000.0000000000
1029.3722787253 905.6362013620 -2000.0000000000
1029.3722787253 905.6362013620 -2000.0000000000
1067.8475971952 687.4193241825 761.6075759245
1067.8475971952 687.4193241825 -2000.0000000000
1067.8475971952 687.4193241825 -2000.0000000000
1067.8475971952 687.4193241825 -2000.0000000000
1067.8475971952 687.4193241825 -2000.0000000000
1067.8475971952 687.4193241825 -2000.0000000000
1067.8475971952 687.4193241825 -2000.0000000000
1304.3663800653 -500.3190669094 -651.6851398633
1304.3663800653 -500.3190669094 -2000.0000000000
1304.3663800653 -500.3190669094 -2000.0000000000
-1657.0188627526 75.7657990126 1411.5685920883
-1657.0188627526 75.7657990126 -2000.0000000000
-1657.0188627526 75.7657990126 -2000.0000000000
-1657.0188627526 75.7657990126 -2000.0000000000
-639.0464648293 -523.4552927541 1438.5497269213
-639.0464648293 -523.4552927541 -2000.0000000000
-639.0464648293 -523.4552927541 -2000.0000000000
-639.0464648293 -523.4552927541 -2000.0000000000
-639.0464648293 -523.4552927541 -2000.0000000000
-639.0464648293 -523.4552927541 -2000.0000000000
-153.2068145053 -591.4336052175 415.4017968138
-153.2068145053 -591.4336052175 -2000.0000000000
923.5390216121 860.0018311553 468.5447443077
923.5390216121 860.0018311553 -2000.0000000000
923.5390216121 860.0018311553 -2000.0000000000
923.5390216121 860.0018311553 -2000.0000000000
923.5390216121 860.0018311553 -2000.0000000000
923.5390216121 860.0018311553 -2000.0000000000
923.5390216121 860.0018311553 -2000.0000000000
923.5390216121 860.0018311553 -2000.0000000000
923.5390216121 860.0018311553 -2000.0000000000
-1692.1253428518 -328.6780846766 -386.0171762924
-1692.1253428518 -328.6780846766 -2000.0000000000
-1692.1253428518 -328.6780846766 -2000.0000000000
-1692.1253428518 -328.6780846766 -2000.0000000000
-444.3557242615 -1473.8190241792 627.5515408641
-444.3557242615 -1473.8190241792 -2000.0000000000
112.2491250582 -1863.5286764313 -1108.7508103439
1189.6144466898 -1977.2021197923 -1459.1705192250
1189.6144466898 -1977.2021197923 -2000.0000000000
1189.6144466898 -1977.2021197923 -2000.0000000000
1189.6144466898 -1977.2021197923 -2000.0000000000
-916.6673120080 -1624.3591375108 834.8704580257
-1214.8918117244 -378.1009227688 -1867.3810153558
-1214.8918117244 -378.1009227688 -2000.0000000000
-1214.8918117244 -378.1009227688 -2000.0000000000
-1214.8918117244 -378.1009227688 -2000.0000000000
-1214.8918117244 -378.1009227688 -2000.0000000000
1298.3737287025 -962.9871850666 -541.3611583558
1298.3737287025 -962.9871850666 -2000.0000000000
1298.3737287025 -962.9871850666 -2000.0000000000
1360.0765098917 1005.7838317603 709.3162019709
1360.0765098917 1005.7838317603 -2000.0000000000
1360.0765098917 1005.7838317603 -2000.0000000000
1360.0765098917 1005.7838317603 -2000.0000000000
1360.0765098917 1005.7838317603 -2000.0000000000
1360.0765098917 1005.7838317603 -2000.0000000000
-23.6296923165 59.6917077111 1938.6213803115
-23.6296923165 59.6917077111 -2000.0000000000
-23.6296923165 59.6917077111 -2000.0000000000
-23.6296923165 59.6917077111 -2000.0000000000
-560.0756995603 1007.4933278049 1310.9740977657
1296.0544030612 1873.4685633972 1087.0952205023
-539.7662830166 992.0637334342 -591.8080191552
1332.9035831317 -901.6753163626 -1512.0760812553
1332.9035831317 -901.6753163626 -2000.0000000000
-1493.2574085964 -26.3184397056 1148.2973202859
601.7970977815 -454.7113754497 1279.1307584992
601.7970977815 -454.7113754497 -2000.0000000000
-1643.6468642950 494.0324914901 -1798.4871927917
-123.9686954902 -940.8570714506 1399.0934669060
-123.9686954902 -940.8570714506 -2000.0000000000
-123.9686954902 -940.8570714506 -2000.0000000000
-123.9686954902 -940.8570714506 -2000.0000000000
1983.7982094294 762.0705990308 314.5197674804
-588.6371113071 -1380.7892007474 768.0334173123
-588.6371113071 -1380.7892007474 -2000.0000000000
525.0425012450 -394.3384149474 100.6396553873
525.0425012450 -394.3384149474 -2000.0000000000
525.0425012450 -394.3384149474 -2000.0000000000
525.0425012450 -394.3384149474 -2000.0000000000
525.0425012450 -394.3384149474 -2000.0000000000
525.0425012450 -394.3384149474 -2000.0000000000
572.8114461922 405.0880227693 69.9276636125
572.8114461922 405.0880227693 -2000.0000000000
572.8114461922 405.0880227693 -2000.0000000000
481.7601372956 -1054.0772817112 223.4172167970
481.7601372956 -1054.0772817112 -2000.0000000000
481.7601372956 -1054.0772817112 -2000.0000000000
481.7601372956 -1054.0772817112 -2000.0000000000
481.7601372956 -1054.0772817112 -2000.0000000000
481.7601372956 -1054.0772817112 -2000.0000000000
481.7601372956 -1054.0772817112 -2000.0000000000
481.7601372956 -1054.0772817112 -2000.0000000000
1848.2175713832 -539.0026365989 -1601.3638025323
1848.2175713832 -539.0026365989 -2000.0000000000
1848.2175713832 -539.0026365989 -2000.0000000000
78.7791085374 -776.2781266424 -887.4216115776
78.7791085374 -776.2781266424 -2000.0000000000
78.7791085374 -776.2781266424 -2000.0000000000
78.7791085374 -776.2781266424 -2000.0000000000
78.7791085374 -776.2781266424 -2000.0000000000
3.0428404922 1264.4868219982 -809.7899824589
3.0428404922 1264.4868219982 -2000.0000000000
3.0428404922 1264.4868219982 -2000.0000000000
1644.3374021152 1137.4516733859 -975.6124298618
1644.3374021152 1137.4516733859 -2000.0000000000
1644.3374021152 1137.4516733859 -2000.0000000000
848.3850983754 1634.7164461662 704.4745673473
848.3850983754 1634.7164461662 -2000.0000000000
760.0553194697 1361.9061568058 340.5631009548
760.0553194697 1361.9061568058 -2000.0000000000
760.0553194697 1361.9061568058 -2000.0000000000
760.0553194697 1361.9061568058 -2000.0000000000
-1052.4518969804 1509.8182993622 1578.8046050203
-1052.4518969804 1509.8182993622 -2000.0000000000
-1052.4518969804 1509.8182993622 -2000.0000000000
-1052.4518969804 1509.8182993622 -2000.0000000000
-1004.4637086009 199.9706216062 579.7254400738
-747.7431581333 1529.3472080266 -1846.3391985953
-747.7431581333 1529.3472080266 -2000.0000000000
920.9955563524 932.8668292938 -1202.0232209172
-755.0286423341 -1074.9704033546 705.4416874314
502.1204816047 -579.7145605702 1037.0057502815
502.1204816047 -579.7145605702 -2000.0000000000
-1002.5380592434 647.1078428250 929.4546410702
-1002.5380592434 647.1078428250 -2000.0000000000
720.7674381613 997.4460731461 173.2738597187
720.7674381613 997.4460731461 -2000.0000000000
720.7674381613 997.4460731461 -2000.0000000000
1539.9638095104 282.2096942765 1220.2059579862
1539.9638095104 282.2096942765 -2000.0000000000
1539.9638095104 282.2096942765 -2000.0000000000
1063.2874157402 -845.8181080979 1054.9262598376
1063.2874157402 -845.8181080979 -2000.0000000000
1063.2874157402 -845.8181080979 -2000.0000000000
1846.4035668684 -1887.1376194665 1399.3490483685
1846.4035668684 -1887.1376194665 -2000.0000000000
1846.4035668684 -1887.1376194665 -2000.0000000000
1846.4035668684 -1887.1376194665 -2000.0000000000
521.4130623779 -1203.9669713486 -375.5401066457
521.4130623779 -1203.9669713486 -2000.0000000000
521.4130623779 -1203.9669713486 -2000.0000000000
521.4130623779 -1203.9669713486 -2000.0000000000
521.4130623779 -1203.9669713486 -2000.0000000000
521.4130623779 -1203.9669713486 -2000.0000000000
521.4130623779 -1203.9669713486 -2000.0000000000
521.4130623779 -1203.9669713486 -2000.0000000000
521.4130623779 -1203.9669713486 -2000.0000000000
521.4130623779 -1203.9669713486 -2000.0000000000
521.4130623779 -1203.9669713486 -2000.0000000000
-709.3436097384 -146.8628503139 -1432.9128710520
-709.3436097384 -146.8628503139 -2000.0000000000
1812.5848844479 908.6604924293 -701.1497063844
1812.5848844479 908.6604924293 -2000.0000000000
-403.6629747668 307.8134906745 -1059.2528295736
-403.6629747668 307.8134906745 -2000.0000000000
-403.6629747668 307.8134906745 -2000.0000000000
-403.6629747668 307.8134906745 -2000.0000000000
-1618.8092082438 -93.8868349740 -1301.5924337622
-1618.8092082438 -93.8868349740 -2000.0000000000
-1618.8092082438 -93.8868349740 -2000.0000000000
-1618.8092082438 -93.8868349740 -2000.0000000000
-1618.8092082438 -93.8868349740 -2000.0000000000
-12.5104607362 740.8921248895 -1336.8259553141
-12.5104607362 740.8921248895 -2000.0000000000
1964.6911844344 1444.8705339700 -82.4028326387
-946.6848824993 195.3696072338 -1305.8355485742
-946.6848824993 195.3696072338 -2000.0000000000
59.2384631002 1367.2522706750 -498.2409434976
59.2384631002 1367.2522706750 -2000.0000000000
59.2384631002 1367.2522706750 -2000.0000000000
59.2384631002 1367.2522706750 -2000.0000000000
59.2384631002 1367.2522706750 -2000.0000000000
364.0773620400 1216.4642359987 714.3057570106
364.0773620400 1216.4642359987 -2000.0000000000
364.0773620400 1216.4642359987 -2000.0000000000
364.0773620400 1216.4642359987 -2000.0000000000
1820.1468996254 171.0358032995 -1721.0329065665
1820.1468996254 171.0358032995 -2000.0000000000
1102.4525661319 396.4975946345 -826.2145045178
1102.4525661319 396.4975946345 -2000.0000000000
991.4173768617 349.8952266028 63.7121091893
1189.1760964953 1826.3465461702 -550.2426575829
1189.1760964953 1826.3465461702 -2000.0000000000
1189.1760964953 1826.3465461702 -2000.0000000000
1189.1760964953 1826.3465461702 -2000.0000000000
346.7068462066 1738.2930270379 1707.1115014844
346.7068462066 1738.2930270379 -2000.0000000000
346.7068462066 1738.2930270379 -2000.0000000000
346.7068462066 1738.2930270379 -2000.0000000000
346.7068462066 1738.2930270379 -2000.0000000000
346.7068462066 1738.2930270379 -2000.0000000000
346.7068462066 1738.2930270379 -2000.0000000000
-175.6214995552 1604.1119839697 729.8831967978
-175.6214995552 1604.1119839697 -2000.0000000000
1044.3556542369 -1944.2668537334 404.4489615961
1044.3556542369 -1944.2668537334 -2000.0000000000
1044.3556542369 -1944.2668537334 -2000.0000000000
1044.3556542369 -1944.2668537334 -2000.0000000000
1044.3556542369 -1944.2668537334 -2000.0000000000
1781.5444724633 1703.6158349609 -1297.2071684892
1781.5444724633 1703.6158349609 -2000.0000000000
1781.5444724633 1703.6158349609 -2000.0000000000
1781.5444724633 1703.6158349609 -2000.0000000000
1781.5444724633 1703.6158349609 -2000.0000000000
1133.8367273950 1572.9115484486 -692.0619173850
1133.8367273950 1572.9115484486 -2000.0000000000
1133.8367273950 1572.9115484486 -2000.0000000000
-450.8253210095 -1913.6434685078 266.7259139441
341.7762404888 -608.9558224807 261.4508318601
1489.4623706848 179.7272374371 -237.2585407684
1489.4623706848 179.7272374371 -2000.0000000000
659.8351839019 -1036.5932391453 -773.4227591066
659.8351839019 -1036.5932391453 -2000.0000000000
861.2873606211 -886.1058147832 180.6688440879
861.2873606211 -886.1058147832 -2000.0000000000
861.2873606211 -886.1058147832 -2000.0000000000
861.2873606211 -886.1058147832 -2000.0000000000
861.2873606211 -886.1058147832 -2000.0000000000
861.2873606211 -886.1058147832 -2000.0000000000
861.2873606211 -886.1058147832 -2000.0000000000
861.2873606211 -886.1058147832 -2000.0000000000
861.2873606211 -886.1058147832 -2000.0000000000
103.0694224538 111.9502465705 -1490.5474386656
103.0694224538 111.9502465705 -2000.0000000000
103.0694224538 111.9502465705 -2000.0000000000
103.0694224538 111.9502465705 -2000.0000000000
103.0694224538 111.9502465705 -2000.0000000000
-286.4588345682 30.8910549861 816.6368731954
709.4034105604 -173.7859900209 -1191.5145937391
709.4034105604 -173.7859900209 -2000.0000000000
709.4034105604 -173.7859900209 -2000.0000000000
709.4034105604 -173.7859900209 -2000.0000000000
709.4034105604 -173.7859900209 -2000.0000000000
709.4034105604 -173.7859900209 -2000.0000000000
1449.4660617312 -412.3584398795 43.9010834663
1466.3975802568 -796.2844236725 789.2129560614
1466.3975802568 -796.2844236725 -2000.0000000000
1466.3975802568 -796.2844236725 -2000.0000000000
1466.3975802568 -796.2844236725 -2000.0000000000
-101.7018423721 -340.2525435521 -1090.9897745083
-101.7018423721 -340.2525435521 -2000.0000000000
1929.2553525412 -1105.2314042034 1837.4344974647
-1216.8099182952 383.8643806427 -721.9948201691
-1216.8099182952 383.8643806427 -2000.0000000000
-886.8755512600 -1127.7790057585 -1504.3233814137
1910.7056790472 -1254.8652615215 -1774.6090463788
-100.1498222073 995.9856588901 352.9600403342
-100.1498222073 995.9856588901 -2000.0000000000
-100.1498222073 995.9856588901 -2000.0000000000
-100.1498222073 995.9856588901 -2000.0000000000
-100.1498222073 995.9856588901 -2000.0000000000
-100.1498222073 995.9856588901 -2000.0000000000
-1247.6806883715 1439.1264722689 -472.3677715422
676.9669513750 -519.7725247742 168.6281705080
676.9669513750 -519.7725247742 -2000.0000000000
676.9669513750 -519.7725247742 -2000.0000000000
676.9669513750 -519.7725247742 -2000.0000000000
676.9669513750 -519.7725247742 -2000.0000000000
-185.0889648380 973.7059468649 -1470.6642592602
-185.0889648380 973.7059468649 -2000.0000000000
-185.0889648380 973.7059468649 -2000.0000000000
-185.0889648380 973.7059468649 -2000.0000000000
-185.0889648380 973.7059468649 -2000.0000000000
-185.0889648380 973.7059468649 -2000.0000000000
-185.0889648380 973.7059468649 -2000.0000000000
-112.8928414660 1234.5887267579 763.8921448507
-112.8928414660 1234.5887267579 -2000.0000000000
-112.8928414660 1234.5887267579 -2000.0000000000
-112.8928414660 1234.5887267579 -2000.0000000000
-112.8928414660 1234.5887267579 -2000.0000000000
-112.8928414660 1234.5887267579 -2000.0000000000
-112.8928414660 1234.5887267579 -2000.0000000000
-112.8928414660 1234.5887267579 -2000.0000000000
-112.8928414660 1234.5887267579 -2000.0000000000
-641.8402408121 -636.3578550403 -238.5868925506
-641.8402408121 -636.3578550403 -2000.0000000000
-1704.5189547851 -1794.1726740690 -1143.5734966576
-1704.5189547851 -1794.1726740690 -2000.0000000000
1550.2845404567 -1016.0308879795 125.9103723431
-688.8555246097 -948.5058214589 -1314.2053085676
-688.8555246097 -948.5058214589 -2000.0000000000
-688.8555246097 -948.5058214589 -2000.0000000000
-688.8555246097 -948.5058214589 -2000.0000000000
-688.8555246097 -948.5058214589 -2000.0000000000
-688.8555246097 -948.5058214589 -2000.0000000000
-307.2970993886 5.9750383923 -1716.4589563760
-255.3629382295 -220.0642432955 556.8403489428
-255.3629382295 -220.0642432955 -2000.0000000000
-255.3629382295 -220.0642432955 -2000.0000000000
-255.3629382295 -220.0642432955 -2000.0000000000
-1686.4943816665 1334.3990515764 -1128.6956018137
-1446.3725399215 -403.2777263478 833.6375737183
-1871.9148326775 -983.8157523545 -705.3052145271
-1871.9148326775 -983.8157523545 -2000.0000000000
-1871.9148326775 -983.8157523545 -2000.0000000000
-1871.9148326775 -983.8157523545 -2000.0000000000
-1871.9148326775 -983.8157523545 -2000.0000000000
-1871.9148326775 -983.8157523545 -2000.0000000000
-1871.9148326775 -983.8157523545 -2000.0000000000
-1871.9148326775 -983.8157523545 -2000.0000000000
1565.8052682783 1074.1239827653 1637.8595068345
1565.8052682783 1074.1239827653 -2000.0000000000
-535.3270047146 247.4374942781 -308.6204845205
-535.3270047146 247.4374942781 -2000.0000000000
-535.3270047146 247.4374942781 -2000.0000000000
-535.3270047146 247.4374942781 -2000.0000000000
-535.3270047146 247.4374942781 -2000.0000000000
-535.3270047146 247.4374942781 -2000.0000000000
-535.3270047146 247.4374942781 -2000.0000000000
-535.3270047146 247.4374942781 -2000.0000000000
-535.3270047146 247.4374942781 -2000.0000000000
988.8217377269 1733.3841656301 499.0374518012
988.8217377269 1733.3841656301 -2000.0000000000
988.8217377269 1733.3841656301 -2000.0000000000
-1335.0608664943 1641.6516954729 -72.0609329667
-1335.0608664943 1641.6516954729 -2000.0000000000
-1335.0608664943 1641.6516954729 -2000.0000000000
-1138.9415555919 -219.1058343863 -650.5336418780
-1629.3499535174 566.1829854396 -90.4509637463
-1629.3499535174 566.1829854396 -2000.0000000000
-1629.3499535174 566.1829854396 -2000.0000000000
-1852.2981067165 -309.7906759494 -906.0588584733
-1852.2981067165 -309.7906759494 -2000.0000000000
-1852.2981067165 -309.7906759494 -2000.0000000000
-1852.2981067165 -309.7906759494 -2000.0000000000
-539.4003262207 570.8341724307 1527.5001033288
-1435.1372938302 1855.1429201693 313.6448019238
2.1581206272 -1743.7000350273 -1026.0654870005
-1974.2214925972 962.5453876722 1539.4258188905
1352.3353178931 1188.0421421609 -1103.4678763267
1901.4500527856 1460.5137109655 -1484.5799653600
1753.7779537681 -279.7687659962 -777.9324839976
1753.7779537681 -279.7687659962 -2000.0000000000
1851.7230810458 -636.5468243781 1814.4123921035
777.8861091957 1643.2532414326 -1825.0368345760
777.8861091957 1643.2532414326 -2000.0000000000
-1955.5646909002 -439.7821450691 1181.6404302543
-1735.9555001501 -736.9098830469 1290.5711977666
-1735.9555001501 -736.9098830469 -2000.0000000000
-1735.9555001501 -736.9098830469 -2000.0000000000
-1735.9555001501 -736.9098830469 -2000.0000000000
-1735.9555001501 -736.9098830469 -2000.0000000000
1737.7184165059 -278.0982134733 -1454.5872596956
525.2507770439 1230.7300238699 -211.4528551371
-202.7911127359 1467.2469221119 -357.8844224872
-202.7911127359 1467.2469221119 -2000.0000000000
-202.7911127359 1467.2469221119 -2000.0000000000
-202.7911127359 1467.2469221119 -2000.0000000000
-202.7911127359 1467.2469221119 -2000.0000000000
-202.7911127359 1467.2469221119 -2000.0000000000
842.4683316641 405.7694011157 1957.3978022775
842.4683316641 405.7694011157 -2000.0000000000
741.4989440707 34.4984169032 1714.5436662346
741.4989440707 34.4984169032 -2000.0000000000
-163.2156874912 -18.0918481566 -794.8694996012
-163.2156874912 -18.0918481566 -2000.0000000000
-275.8158321219 619.8792674224 761.9854134390
-275.8158321219 619.8792674224 -2000.0000000000
-275.8158321219 619.8792674224 -2000.0000000000
-275.8158321219 619.8792674224 -2000.0000000000
-275.8158321219 619.8792674224 -2000.0000000000
1485.1297853951 295.2892442976 313.6979859398
1485.1297853951 295.2892442976 -2000.0000000000
-466.9083100563 -626.0981074832 1548.8451139782
-466.9083100563 -626.0981074832 -2000.0000000000
-466.9083100563 -626.0981074832 -2000.0000000000
-1417.5561178681 257.6307100664 -1508.9906461683
-1417.5561178681 257.6307100664 -2000.0000000000
-1417.5561178681 257.6307100664 -2000.0000000000
-579.5351887725 1411.3420078745 557.9175433376
-437.3622896929 1220.8824639395 1696.7219559001
-437.3622896929 1220.8824639395 -2000.0000000000
-437.3622896929 1220.8824639395 -2000.0000000000
-437.3622896929 1220.8824639395 -2000.0000000000
1659.9237487597 1342.1831999017 527.3832440146
1011.0986904580 1355.6970431568 737.7987647507
1063.1490724674 -1008.2303094720 -899.5306447968
1063.1490724674 -1008.2303094720 -2000.0000000000
1063.1490724674 -1008.2303094720 -2000.0000000000
-733.7632310722 688.7780974195 1327.9278631999
-30.2331138165 1611.4904246120 1017.1740728330
-30.2331138165 1611.4904246120 -2000.0000000000
-30.2331138165 1611.4904246120 -2000.0000000000
-30.2331138165 1611.4904246120 -2000.0000000000
1306.7262579910 1839.9744750688 1946.2940048797
1306.7262579910 1839.9744750688 -2000.0000000000
1306.7262579910 1839.9744750688 -2000.0000000000
631.8511995186 830.1253097935 1262.1901568766
1458.3918560727 -1194.2441253630 1023.2768668129
-265.4257531496 -1199.1228743685 -779.9201117516
-265.4257531496 -1199.1228743685 -2000.0000000000
-265.4257531496 -1199.1228743685 -2000.0000000000
-265.4257531496 -1199.1228743685 -2000.0000000000
-265.4257531496 -1199.1228743685 -2000.0000000000
-844.2554883162 -915.7882612694 1731.5475846969
-844.2554883162 -915.7882612694 -2000.0000000000
-844.2554883162 -915.7882612694 -2000.0000000000
-844.2554883162 -915.7882612694 -2000.0000000000
-844.2554883162 -915.7882612694 -2000.0000000000
-844.2554883162 -915.7882612694 -2000.0000000000
-844.2554883162 -915.7882612694 -2000.0000000000
147.3895240476 -788.3787607324 186.5664936327
464.0592607130 -1490.2697327926 379.0214005543
1017.8417107863 337.8414410816 -559.7568445396
1017.8417107863 337.8414410816 -2000.0000000000
1017.8417107863 337.8414410816 -2000.0000000000
1017.8417107863 337.8414410816 -2000.0000000000
141.9950200108 -1687.9249264037 884.6916608703
141.9950200108 -1687.9249264037 -2000.0000000000
141.9950200108 -1687.9249264037 -2000.0000000000
-1641.9032361685 1758.7215584182 684.5245412575
-1641.9032361685 1758.7215584182 -2000.0000000000
-1641.9032361685 1758.7215584182 -2000.0000000000
-1641.9032361685 1758.7215584182 -2000.0000000000
-1641.9032361685 1758.7215584182 -2000.0000000000
-1641.9032361685 1758.7215584182 -2000.0000000000
-1641.9032361685 1758.7215584182 -2000.0000000000
-1134.9181559790 -1499.5422963537 -191.7527207558
-1134.9181559790 -1499.5422963537 -2000.0000000000
-1134.9181559790 -1499.5422963537 -2000.0000000000
-2.4345093013 377.8139052725 -506.2585466464
1390.9324833700 1280.1239538867 825.5750826533
909.6744220553 -76.9724516632 -1373.8987519327
909.6744220553 -76.9724516632 -2000.0000000000
909.6744220553 -76.9724516632 -2000.0000000000
1255.9974357855 -492.4182950571 -534.7731426221
-1178.1233532111 -24.1801705660 -1054.5970975285
-1178.1233532111 -24.1801705660 -2000.0000000000
-696.9800110809 1843.0292890217 1977.7788268345
-696.9800110809 1843.0292890217 -2000.0000000000
-696.9800110809 1843.0292890217 -2000.0000000000
-696.9800110809 1843.0292890217 -2000.0000000000
-696.9800110809 1843.0292890217 -2000.0000000000
-696.9800110809 1843.0292890217 -2000.0000000000
-696.9800110809 1843.0292890217 -2000.0000000000
-696.9800110809 1843.0292890217 -2000.0000000000
319.2712024270 839.2053779059 -836.0540237505
319.2712024270 839.2053779059 -2000.0000000000
319.2712024270 839.2053779059 -2000.0000000000
319.2712024270 839.2053779059 -2000.0000000000
896.3047492695 1787.7482485534 -1980.1085340598
896.3047492695 1787.7482485534 -2000.0000000000
-1859.3581924474 -1180.6400253315 56.6438306102
-1859.3581924474 -1180.6400253315 -2000.0000000000
-1859.3581924474 -1180.6400253315 -2000.0000000000
-1917.8688796714 -125.0592087660 -581.2402781211
735.7193297150 -121.3122930745 -1660.6212444964
-116.1957123196 -1655.4435638166 -858.6132560315
-116.1957123196 -1655.4435638166 -2000.0000000000
-116.1957123196 -1655.4435638166 -2000.0000000000
-116.1957123196 -1655.4435638166 -2000.0000000000
1704.4326153584 525.2044665499 389.0785828918
-911.1488509664 -822.0727403420 -801.3653344195
-994.6470346586 30.2346802732 -354.1485699678
-994.6470346586 30.2346802732 -2000.0000000000
1391.6859136306 1255.2119350047 -306.9492996743
1391.6859136306 1255.2119350047 -2000.0000000000
402.6319339929 1159.4353682043 -655.1718150637
402.6319339929 1159.4353682043 -2000.0000000000
402.6319339929 1159.4353682043 -2000.0000000000
715.4876751624 1835.5148655874 -1905.6071332962
715.4876751624 1835.5148655874 -2000.0000000000
1048.6536750949 -355.9896443114 -1844.8044697637
1048.6536750949 -355.9896443114 -2000.0000000000
1048.6536750949 -355.9896443114 -2000.0000000000
1048.6536750949 -355.9896443114 -2000.0000000000
1048.6536750949 -355.9896443114 -2000.0000000000
1048.6536750949 -355.9896443114 -2000.0000000000
1048.6536750949 -355.9896443114 -2000.0000000000
1048.6536750949 -355.9896443114 -2000.0000000000
1048.6536750949 -355.9896443114 -2000.0000000000
1048.6536750949 -355.9896443114 -2000.0000000000
1048.6536750949 -355.9896443114 -2000.0000000000
1048.6536750949 -355.9896443114 -2000.0000000000
1048.6536750949 -355.9896443114 -2000.0000000000
1048.6536750949 -355.9896443114 -2000.0000000000
-1590.9995351160 -146.0331216668 -1930.0952606087
-1590.9995351160 -146.0331216668 -2000.0000000000
-1590.9995351160 -146.0331216668 -2000.0000000000
-1590.9995351160 -146.0331216668 -2000.0000000000
-1170.5187297508 -58.6668776321 1046.9118507080
1769.3442572034 1810.7507946974 136.9531772062
1769.3442572034 1810.7507946974 -2000.0000000000
-1145.8852309846 1511.0104200022 1147.9423270223
-1145.8852309846 1511.0104200022 -2000.0000000000
-1145.8852309846 1511.0104200022 -2000.0000000000
1998.1713631479 183.8178088684 -1012.5144245502
1998.1713631479 183.8178088684 -2000.0000000000
1998.1713631479 183.8178088684 -2000.0000000000
1998.1713631479 183.8178088684 -2000.0000000000
217.6904869047 -1876.3592723101 1996.7464620277
217.6904869047 -1876.3592723101 -2000.0000000000
217.6904869047 -1876.3592723101 -2000.0000000000
834.6976015928 -161.8359923421 1236.4119044925
834.6976015928 -161.8359923421 -2000.0000000000
834.6976015928 -161.8359923421 -2000.0000000000
834.6976015928 -161.8359923421 -2000.0000000000
834.6976015928 -161.8359923421 -2000.0000000000
834.6976015928 -161.8359923421 -2000.0000000000
834.6976015928 -161.8359923421 -2000.0000000000
834.6976015928 -161.8359923421 -2000.0000000000
834.6976015928 -161.8359923421 -2000.0000000000
834.6976015928 -161.8359923421 -2000.0000000000
1759.0640315555 -935.1701633824 1706.9272599026
1759.0640315555 -935.1701633824 -2000.0000000000
1759.0640315555 -935.1701633824 -2000.0000000000
-666.2969822432 745.2891215617 -1370.6475667551
-666.2969822432 745.2891215617 -2000.0000000000
-666.2969822432 745.2891215617 -2000.0000000000
1158.7726624651 501.1261230342 -1409.0521228089
1158.7726624651 501.1261230342 -2000.0000000000
-1259.4472259389 -1755.5266982425 -819.7760040167
-1367.9746397165 -1174.0179351426 858.3046839998
-1711.7329335169 -1089.0511626291 221.5615749685
-1711.7329335169 -1089.0511626291 -2000.0000000000
-1711.7329335169 -1089.0511626291 -2000.0000000000
-1711.7329335169 -1089.0511626291 -2000.0000000000
-1711.7329335169 -1089.0511626291 -2000.0000000000
-1923.1767008504 -765.9381204173 89.2037501067
-1923.1767008504 -765.9381204173 -2000.0000000000
-1923.1767008504 -765.9381204173 -2000.0000000000
-1923.1767008504 -765.9381204173 -2000.0000000000
-1923.1767008504 -765.9381204173 -2000.0000000000
-1923.1767008504 -765.9381204173 -2000.0000000000
-1923.1767008504 -765.9381204173 -2000.0000000000
-1720.1752566631 -762.1395584223 1034.1165488051
-591.2429039009 -1204.5372863052 421.4692447410
-591.2429039009 -1204.5372863052 -2000.0000000000
-1538.1301090911 1833.7647296735 -901.3193513254
-73.2434291271 -620.9071455597 721.7706791575
-73.2434291271 -620.9071455597 -2000.0000000000
-73.2434291271 -620.9071455597 -2000.0000000000
-765.7077301150 -1160.9062235720 517.8956105776
-765.7077301150 -1160.9062235720 -2000.0000000000
1229.6724231308 -760.9307980386 773.6242165083
1229.6724231308 -760.9307980386 -2000.0000000000
1345.1706149861 -771.2358302948 340.9476312295
1345.1706149861 -771.2358302948 -2000.0000000000
901.4966396692 -1379.6760997435 -1857.8220145091
1489.5325363651 -77.6581447490 723.7938882634
1489.5325363651 -77.6581447490 -2000.0000000000
1489.5325363651 -77.6581447490 -2000.0000000000
1685.8781015053 -116.4148266698 296.0899518746
1685.8781015053 -116.4148266698 -2000.0000000000
1685.8781015053 -116.4148266698 -2000.0000000000
1685.8781015053 -116.4148266698 -2000.0000000000
1685.8781015053 -116.4148266698 -2000.0000000000
1068.7733988911 -722.7575056726 -195.3632826261
1068.7733988911 -722.7575056726 -2000.0000000000
1068.7733988911 -722.7575056726 -2000.0000000000
1068.7733988911 -722.7575056726 -2000.0000000000
1394.2233317283 603.6285800468 1506.2215630687
1394.2233317283 603.6285800468 -2000.0000000000
1149.9897310816 -1736.8725078635 -866.9009242044
1149.9897310816 -1736.8725078635 -2000.0000000000
1149.9897310816 -1736.8725078635 -2000.0000000000
1149.9897310816 -1736.8725078635 -2000.0000000000
1348.0540356862 -1773.2319519573 -912.4624697617
1348.0540356862 -1773.2319519573 -2000.0000000000
1348.0540356862 -1773.2319519573 -2000.0000000000
1348.0540356862 -1773.2319519573 -2000.0000000000
1348.0540356862 -1773.2319519573 -2000.0000000000
-846.6530848540 -1945.1242256903 -1230.7175347548
-846.6530848540 -1945.1242256903 -2000.0000000000
-846.6530848540 -1945.1242256903 -2000.0000000000
-448.1614807454 -1064.0186489158 -1539.2060751105
-448.1614807454 -1064.0186489158 -2000.0000000000
-432.9865567025 1750.4511373186 1311.6460297431
-432.9865567025 1750.4511373186 -2000.0000000000
-432.9865567025 1750.4511373186 -2000.0000000000
-432.9865567025 1750.4511373186 -2000.0000000000
-432.9865567025 1750.4511373186 -2000.0000000000
-609.8115045150 787.7219241240 -1120.1628391091
-609.8115045150 787.7219241240 -2000.0000000000
-609.8115045150 787.7219241240 -2000.0000000000
-609.8115045150 787.7219241240 -2000.0000000000
-741.1520107605 -1546.2222782103 991.0288027702
-119.2806644610 -1871.9775298232 1259.9975164997
1903.1920403008 -25.2436614708 395.5377378841
1713.8779067931 -70.1246325019 -140.6173909496
1713.8779067931 -70.1246325019 -2000.0000000000
1713.8779067931 -70.1246325019 -2000.0000000000
1713.8779067931 -70.1246325019 -2000.0000000000
1713.8779067931 -70.1246325019 -2000.0000000000
1713.8779067931 -70.1246325019 -2000.0000000000
-1258.7689106099 -977.3553046555 177.3796748073
-1258.7689106099 -977.3553046555 -2000.0000000000
-1258.7689106099 -977.3553046555 -2000.0000000000
-1840.7073948445 -1845.3554780909 1716.1628896212
-1840.7073948445 -1845.3554780909 -2000.0000000000
-1840.7073948445 -1845.3554780909 -2000.0000000000
-1840.7073948445 -1845.3554780909 -2000.0000000000
-1840.7073948445 -1845.3554780909 -2000.0000000000
73.3902332530 333.8460551049 1092.3562603285
-715.1760979888 -198.9396306598 -1172.3317816215
-715.1760979888 -198.9396306598 -2000.0000000000
-715.1760979888 -198.9396306598 -2000.0000000000
-1628.0714137873 1258.1688568421 1214.2166639767
-1628.0714137873 1258.1688568421 -2000.0000000000
-1628.0714137873 1258.1688568421 -2000.0000000000
-1628.0714137873 1258.1688568421 -2000.0000000000
-1628.0714137873 1258.1688568421 -2000.0000000000
219.3980211559 -859.8209628510 1724.5109868746
219.3980211559 -859.8209628510 -2000.0000000000
219.3980211559 -859.8209628510 -2000.0000000000
-1574.7304683903 1336.5129617227 -1720.6496895905
-1574.7304683903 1336.5129617227 -2000.0000000000
-493.3504609698 760.5768881985 -453.9276654882
-1013.1913924281 -1405.2710613969 556.5340237436
-1013.1913924281 -1405.2710613969 -2000.0000000000
-1013.1913924281 -1405.2710613969 -2000.0000000000
-1013.1913924281 -1405.2710613969 -2000.0000000000
-1013.1913924281 -1405.2710613969 -2000.0000000000
-720.6062853654 -55.9950500039 728.7482402528
-1372.8148511442 -73.7613588632 -1931.1242451771
-1926.9233506339 -422.9725797194 722.9810192136
-1926.9233506339 -422.9725797194 -2000.0000000000
-1926.9233506339 -422.9725797194 -2000.0000000000
-1926.9233506339 -422.9725797194 -2000.0000000000
-1266.5441138210 1220.2035562694 1952.2855918197
-1266.5441138210 1220.2035562694 -2000.0000000000
-1266.5441138210 1220.2035562694 -2000.0000000000
-1266.5441138210 1220.2035562694 -2000.0000000000
-1266.5441138210 1220.2035562694 -2000.0000000000
-1029.0746008280 -1952.9509428361 -128.9252541394
-1029.0746008280 -1952.9509428361 -2000.0000000000
-1029.0746008280 -1952.9509428361 -2000.0000000000
-1029.0746008280 -1952.9509428361 -2000.0000000000
407.2345267303 91.4330415526 -1813.4821317468
-432.4090636128 -972.0511216522 1560.1440792718
1620.2240001084 919.9649070049 632.6062463197
-902.6118176392 -1148.3398262176 274.7388144734
-902.6118176392 -1148.3398262176 -2000.0000000000
-902.6118176392 -1148.3398262176 -2000.0000000000
-902.6118176392 -1148.3398262176 -2000.0000000000
-902.6118176392 -1148.3398262176 -2000.0000000000
-902.6118176392 -1148.3398262176 -2000.0000000000
-902.6118176392 -1148.3398262176 -2000.0000000000
-902.6118176392 -1148.3398262176 -2000.0000000000
-1709.4932297426 -1941.9798388925 1522.2694181971
446.7465650553 -781.0736436048 -1718.4579784083
525.8976622069 1000.0862825444 1841.3060856094
1304.2423184252 949.3800017727 1473.4745865059
360.9010017169 -1870.1030382118 -615.7249313885
360.9010017169 -1870.1030382118 -2000.0000000000
360.9010017169 -1870.1030382118 -2000.0000000000
360.9010017169 -1870.1030382118 -2000.0000000000
360.9010017169 -1870.1030382118 -2000.0000000000
-97.9766520708 1422.3068475723 1728.0531762771
-97.9766520708 1422.3068475723 -2000.0000000000
-97.9766520708 1422.3068475723 -2000.0000000000
-97.9766520708 1422.3068475723 -2000.0000000000
-97.9766520708 1422.3068475723 -2000.0000000000
-97.9766520708 1422.3068475723 -2000.0000000000
-97.9766520708 1422.3068475723 -2000.0000000000
-97.9766520708 1422.3068475723 -2000.0000000000
-97.9766520708 1422.3068475723 -2000.0000000000
-97.9766520708 1422.3068475723 -2000.0000000000
-585.4829649319 1062.6272229707 -46.0190164832
83.7139745594 474.7514778892 -543.3578565829
83.7139745594 474.7514778892 -2000.0000000000
1307.9474546396 -411.1513214931 -829.2502218973
761.0937174941 -1120.2334299218 -1693.2239766718
761.0937174941 -1120.2334299218 -2000.0000000000
761.0937174941 -1120.2334299218 -2000.0000000000
-1403.9243305678 59.5963437448 103.4239882236
-1403.9243305678 59.5963437448 -2000.0000000000
-1403.9243305678 59.5963437448 -2000.0000000000
-1403.9243305678 59.5963437448 -2000.0000000000
1916.9844240803 246.0384741543 1064.1057185635
305.1982118746 -1858.8945270873 1316.9897433523
305.1982118746 -1858.8945270873 -2000.0000000000
305.1982118746 -1858.8945270873 -2000.0000000000
305.1982118746 -1858.8945270873 -2000.0000000000
305.1982118746 -1858.8945270873 -2000.0000000000
305.1982118746 -1858.8945270873 -2000.0000000000
305.1982118746 -1858.8945270873 -2000.0000000000
-623.5988702403 -182.6088008674 188.7016212956
1190.9686389412 -768.2190297012 -544.4786722778
143.4783012169 -210.7770081706 784.5767803878
1068.6792015079 -1676.1355896500 93.3646606653
-1931.4601200233 -386.5466796039 -1326.6360347611
-1931.4601200233 -386.5466796039 -2000.0000000000
1818.3765198428 636.7876178364 -1480.2554018318
1818.3765198428 636.7876178364 -2000.0000000000
1315.0826263629 691.8913734758 -1206.8782998969
1315.0826263629 691.8913734758 -2000.0000000000
1315.0826263629 691.8913734758 -2000.0000000000
1315.0826263629 691.8913734758 -2000.0000000000
744.2070681427 34.8032381556 -1016.5338305544
1819.5447864885 -1049.1246840866 -1738.3123220898
1819.5447864885 -1049.1246840866 -2000.0000000000
-1016.5855060749 265.2833091719 128.8700803349
-1016.5855060749 265.2833091719 -2000.0000000000
-1016.5855060749 265.2833091719 -2000.0000000000
-1016.5855060749 265.2833091719 -2000.0000000000
-1016.5855060749 265.2833091719 -2000.0000000000
-1016.5855060749 265.2833091719 -2000.0000000000
-1016.5855060749 265.2833091719 -2000.0000000000
-1016.5855060749 265.2833091719 -2000.0000000000
-1016.5855060749 265.2833091719 -2000.0000000000
1071.9349462984 1310.8513210748 990.0801397955
1071.9349462984 1310.8513210748 -2000.0000000000
1071.9349462984 1310.8513210748 -2000.0000000000
-1040.0043054152 634.4002915809 -1767.0938687715
-1040.0043054152 634.4002915809 -2000.0000000000
-1040.0043054152 634.4002915809 -2000.0000000000
-1040.0043054152 634.4002915809 -2000.0000000000
972.3802766012 1075.3111750673 319.8527384552
777.1033323585 85.8637452054 63.7128138099
777.1033323585 85.8637452054 -2000.0000000000
777.1033323585 85.8637452054 -2000.0000000000
713.4384068695 16.1120080885 466.0535886851
713.4384068695 16.1120080885 -2000.0000000000
713.4384068695 16.1120080885 -2000.0000000000
713.4384068695 16.1120080885 -2000.0000000000
713.4384068695 16.1120080885 -2000.0000000000
713.4384068695 16.1120080885 -2000.0000000000
-1336.5523165561 127.3177406551 -1088.0934031622
-1271.7936146418 -1893.7618124592 -745.0346933427
1525.5835430552 -532.9665154941 -1507.2785275777
1525.5835430552 -532.9665154941 -2000.0000000000
1525.5835430552 -532.9665154941 -2000.0000000000
1525.5835430552 -532.9665154941 -2000.0000000000
1525.5835430552 -532.9665154941 -2000.0000000000
1525.5835430552 -532.9665154941 -2000.0000000000
1525.5835430552 -532.9665154941 -2000.0000000000
1525.5835430552 -532.9665154941 -2000.0000000000
1525.5835430552 -532.9665154941 -2000.0000000000
1377.2087578876 1770.5395368826 -1828.1896806366
1377.2087578876 1770.5395368826 -2000.0000000000
1377.2087578876 1770.5395368826 -2000.0000000000
495.8508094883 1942.5811670269 1811.7356146105
495.8508094883 1942.5811670269 -2000.0000000000
-102.9355810585 589.9664336806 607.2747444417
473.4635453455 591.5254078784 1579.1894999874
473.4635453455 591.5254078784 -2000.0000000000
473.4635453455 591.5254078784 -2000.0000000000
-300.4680079534 499.8802529025 1152.9730054942
-300.4680079534 499.8802529025 -2000.0000000000
-300.4680079534 499.8802529025 -2000.0000000000
-925.7243671643 -1464.2823760691 817.4164951721
-925.7243671643 -1464.2823760691 -2000.0000000000
-925.7243671643 -1464.2823760691 -2000.0000000000
-925.7243671643 -1464.2823760691 -2000.0000000000
-925.7243671643 -1464.2823760691 -2000.0000000000
-925.7243671643 -1464.2823760691 -2000.0000000000
-925.7243671643 -1464.2823760691 -2000.0000000000
-925.7243671643 -1464.2823760691 -2000.0000000000
-925.7243671643 -1464.2823760691 -2000.0000000000
-925.7243671643 -1464.2823760691 -2000.0000000000
-925.7243671643 -1464.2823760691 -2000.0000000000
-925.7243671643 -1464.2823760691 -2000.0000000000
-925.7243671643 -1464.2823760691 -2000.0000000000
-925.7243671643 -1464.2823760691 -2000.0000000000
640.4725638556 -855.2006675392 -433.6189077020
640.4725638556 -855.2006675392 -2000.0000000000
766.0903637819 1562.9223326396 -542.2868189145
766.0903637819 1562.9223326396 -2000.0000000000
766.0903637819 1562.9223326396 -2000.0000000000
-566.2275576915 -1034.8095095216 -1612.2317271650
1284.8603006502 -188.2953666332 -1982.7788152146
1284.8603006502 -188.2953666332 -2000.0000000000
1284.8603006502 -188.2953666332 -2000.0000000000
1284.8603006502 -188.2953666332 -2000.0000000000
1284.8603006502 -188.2953666332 -2000.0000000000
1284.8603006502 -188.2953666332 -2000.0000000000
-1195.6808927835 -921.8618271793 -1237.0497736770
-1195.6808927835 -921.8618271793 -2000.0000000000
-1195.6808927835 -921.8618271793 -2000.0000000000
-1195.6808927835 -921.8618271793 -2000.0000000000
-973.2990771468 1201.5789350004 -540.7004603124
-973.2990771468 1201.5789350004 -2000.0000000000
-973.2990771468 1201.5789350004 -2000.0000000000
1585.5100995442 1698.8264786993 1035.0035923246
-1653.7788531177 1919.2373615779 -1010.2612993444
666.4340091844 970.4663424329 365.2881305638
-1893.3840523612 890.0309527767 1664.4900260289
-1893.3840523612 890.0309527767 -2000.0000000000
-1893.3840523612 890.0309527767 -2000.0000000000
-1893.3840523612 890.0309527767 -2000.0000000000
-1395.9271491028 -448.1128237063 -1890.0654414098
-450.9290158196 1507.6077284968 -365.9474439411
418.8419893849 -1166.0279164776 -371.5440086462
418.8419893849 -1166.0279164776 -2000.0000000000
418.8419893849 -1166.0279164776 -2000.0000000000
418.8419893849 -1166.0279164776 -2000.0000000000
418.8419893849 -1166.0279164776 -2000.0000000000
418.8419893849 -1166.0279164776 -2000.0000000000
418.8419893849 -1166.0279164776 -2000.0000000000
418.8419893849 -1166.0279164776 -2000.0000000000
183.1758771075 1992.5679085712 -703.7561921911
183.1758771075 1992.5679085712 -2000.0000000000
482.3631583618 1215.0715720222 -614.3764006001
482.3631583618 1215.0715720222 -2000.0000000000
482.3631583618 1215.0715720222 -2000.0000000000
482.3631583618 1215.0715720222 -2000.0000000000
482.3631583618 1215.0715720222 -2000.0000000000
-308.4168100370 -1033.5889584579 -1218.5449153615
-653.2062323670 928.0602210436 -464.7988711832
-653.2062323670 928.0602210436 -2000.0000000000
-653.2062323670 928.0602210436 -2000.0000000000
-653.2062323670 928.0602210436 -2000.0000000000
-653.2062323670 928.0602210436 -2000.0000000000
-653.2062323670 928.0602210436 -2000.0000000000
-653.2062323670 928.0602210436 -2000.0000000000
-1265.9896430617 -295.7043504333 165.0111519148
-1265.9896430617 -295.7043504333 -2000.0000000000
-1758.1562375867 -985.5802704024 -1894.3705067863
-1758.1562375867 -985.5802704024 -2000.0000000000
-1758.1562375867 -985.5802704024 -2000.0000000000
-1758.1562375867 -985.5802704024 -2000.0000000000
-1758.1562375867 -985.5802704024 -2000.0000000000
-1204.8358407416 400.3421734985 -1736.6104840362
-1204.8358407416 400.3421734985 -2000.0000000000
-1204.8358407416 400.3421734985 -2000.0000000000
959.3642037599 -1367.3600352989 -1099.4241663696
959.3642037599 -1367.3600352989 -2000.0000000000
959.3642037599 -1367.3600352989 -2000.0000000000
959.3642037599 -1367.3600352989 -2000.0000000000
959.3642037599 -1367.3600352989 -2000.0000000000
959.3642037599 -1367.3600352989 -2000.0000000000
959.3642037599 -1367.3600352989 -2000.0000000000
959.3642037599 -1367.3600352989 -2000.0000000000
1802.5034542678 1648.8766471818 -761.0496957773
1802.5034542678 1648.8766471818 -2000.0000000000
1802.5034542678 1648.8766471818 -2000.0000000000
1802.5034542678 1648.8766471818 -2000.0000000000
-1198.5207906725 -1749.0666921272 709.0965551913
459.0473972548 -1277.7752733710 1915.6093286080
1102.5355430552 418.4692275385 -1856.6214525367
731.1135053604 -218.4999952323 9.0810500984
731.1135053604 -218.4999952323 -2000.0000000000
731.1135053604 -218.4999952323 -2000.0000000000
731.1135053604 -218.4999952323 -2000.0000000000
731.1135053604 -218.4999952323 -2000.0000000000
731.1135053604 -218.4999952323 -2000.0000000000
-1529.1384392379 -272.2441227758 -1221.5392332063
-1529.1384392379 -272.2441227758 -2000.0000000000
-1529.1384392379 -272.2441227758 -2000.0000000000
-1529.1384392379 -272.2441227758 -2000.0000000000
-1529.1384392379 -272.2441227758 -2000.0000000000
-1529.1384392379 -272.2441227758 -2000.0000000000
-1529.1384392379 -272.2441227758 -2000.0000000000
-1529.1384392379 -272.2441227758 -2000.0000000000
-1529.1384392379 -272.2441227758 -2000.0000000000
-1529.1384392379 -272.2441227758 -2000.0000000000
1069.9155360192 -463.2306094270 -1643.6942839779
1069.9155360192 -463.2306094270 -2000.0000000000
1069.9155360192 -463.2306094270 -2000.0000000000
-445.5078051701 644.1850778996 -1250.2050072079
-445.5078051701 644.1850778996 -2000.0000000000
1940.3368824208 253.0771540286 1973.3284442410
1940.3368824208 253.0771540286 -2000.0000000000
1940.3368824208 253.0771540286 -2000.0000000000
1940.3368824208 253.0771540286 -2000.0000000000
1940.3368824208 253.0771540286 -2000.0000000000
1940.3368824208 253.0771540286 -2000.0000000000
1940.3368824208 253.0771540286 -2000.0000000000
1940.3368824208 253.0771540286 -2000.0000000000
1786.9919492630 -1787.1399593123 -1426.3275032903
1786.9919492630 -1787.1399593123 -2000.0000000000
1786.9919492630 -1787.1399593123 -2000.0000000000
1786.9919492630 -1787.1399593123 -2000.0000000000
1786.9919492630 -1787.1399593123 -2000.0000000000
1786.9919492630 -1787.1399593123 -2000.0000000000
-1228.2663240905 360.6289463858 154.0541972869
-1228.2663240905 360.6289463858 -2000.0000000000
-1228.2663240905 360.6289463858 -2000.0000000000
-1228.2663240905 360.6289463858 -2000.0000000000
-756.5712981529 1003.0386783479 1685.2141975308
-756.5712981529 1003.0386783479 -2000.0000000000
-756.5712981529 1003.0386783479 -2000.0000000000
-756.5712981529 1003.0386783479 -2000.0000000000
-756.5712981529 1003.0386783479 -2000.0000000000
1438.8695695430 -1334.9120888530 1892.3870205318
1438.8695695430 -1334.9120888530 -2000.0000000000
1438.8695695430 -1334.9120888530 -2000.0000000000
-348.9337776956 1422.3401431722 1919.3596381025
-348.9337776956 1422.3401431722 -2000.0000000000
-348.9337776956 1422.3401431722 -2000.0000000000
-348.9337776956 1422.3401431722 -2000.0000000000
-348.9337776956 1422.3401431722 -2000.0000000000
-1749.4581200380 187.9433578496 -34.1741073912
-1749.4581200380 187.9433578496 -2000.0000000000
1177.1723583642 -1085.2720816980 -43.8464116061
1177.1723583642 -1085.2720816980 -2000.0000000000
1177.1723583642 -1085.2720816980 -2000.0000000000
1177.1723583642 -1085.2720816980 -2000.0000000000
896.3998187212 -958.9561222709 1517.4334693567
896.3998187212 -958.9561222709 -2000.0000000000
896.3998187212 -958.9561222709 -2000.0000000000
896.3998187212 -958.9561222709 -2000.0000000000
896.3998187212 -958.9561222709 -2000.0000000000
896.3998187212 -958.9561222709 -2000.0000000000
-1301.7792729810 -620.2020000181 347.9196384399
-1301.7792729810 -620.2020000181 -2000.0000000000
-1301.7792729810 -620.2020000181 -2000.0000000000
-1301.7792729810 -620.2020000181 -2000.0000000000
-1301.7792729810 -620.2020000181 -2000.0000000000
115.7119022809 1261.3469083148 26.3578910351
115.7119022809 1261.3469083148 -2000.0000000000
115.7119022809 1261.3469083148 -2000.0000000000
115.7119022809 1261.3469083148 -2000.0000000000
115.7119022809 1261.3469083148 -2000.0000000000
115.7119022809 1261.3469083148 -2000.0000000000
115.7119022809 1261.3469083148 -2000.0000000000
115.7119022809 1261.3469083148 -2000.0000000000
115.7119022809 1261.3469083148 -2000.0000000000
115.7119022809 1261.3469083148 -2000.0000000000
1606.9684498240 1147.8819006290 1626.4666450300
1606.9684498240 1147.8819006290 -2000.0000000000
1606.9684498240 1147.8819006290 -2000.0000000000
927.5001480574 719.1327830711 1809.3804300025
-570.9832772461 63.7032791011 475.7383767271
-570.9832772461 63.7032791011 -2000.0000000000
-570.9832772461 63.7032791011 -2000.0000000000
-1531.1649076476 1594.7032525957 -239.7115495703
-1531.1649076476 1594.7032525957 -2000.0000000000
-1531.1649076476 1594.7032525957 -2000.0000000000
340.9332317370 -0.6689928854 -1940.8681421000
340.9332317370 -0.6689928854 -2000.0000000000
340.9332317370 -0.6689928854 -2000.0000000000
340.9332317370 -0.6689928854 -2000.0000000000
340.9332317370 -0.6689928854 -2000.0000000000
340.9332317370 -0.6689928854 -2000.0000000000
340.9332317370 -0.6689928854 -2000.0000000000
1520.5925733257 -428.9150602872 1284.3273320363
1520.5925733257 -428.9150602872 -2000.0000000000
1520.5925733257 -428.9150602872 -2000.0000000000
1520.5925733257 -428.9150602872 -2000.0000000000
1520.5925733257 -428.9150602872 -2000.0000000000
1520.5925733257 -428.9150602872 -2000.0000000000
1520.5925733257 -428.9150602872 -2000.0000000000
1520.5925733257 -428.9150602872 -2000.0000000000
1520.5925733257 -428.9150602872 -2000.0000000000
1533.0853315132 1855.2547045699 812.5584348711
1533.0853315132 1855.2547045699 -2000.0000000000
839.3792470018 -818.4169394396 -529.6361971647
839.3792470018 -818.4169394396 -2000.0000000000
839.3792470018 -818.4169394396 -2000.0000000000
839.3792470018 -818.4169394396 -2000.0000000000
839.3792470018 -818.4169394396 -2000.0000000000
839.3792470018 -818.4169394396 -2000.0000000000
839.3792470018 -818.4169394396 -2000.0000000000
839.3792470018 -818.4169394396 -2000.0000000000
192.3412739795 -1872.4226158262 1078.3341648946
192.3412739795 -1872.4226158262 -2000.0000000000
192.3412739795 -1872.4226158262 -2000.0000000000
-26.9549456026 705.3652387727 1995.9260096083
-26.9549456026 705.3652387727 -2000.0000000000
740.1401227973 1434.7101778583 -623.9740342378
740.1401227973 1434.7101778583 -2000.0000000000
740.1401227973 1434.7101778583 -2000.0000000000
310.8747663624 -1294.0931327485 1797.1442072300
310.8747663624 -1294.0931327485 -2000.0000000000
310.8747663624 -1294.0931327485 -2000.0000000000
310.8747663624 -1294.0931327485 -2000.0000000000
111.1187336739 -1700.6473051393 -45.9717414615
111.1187336739 -1700.6473051393 -2000.0000000000
111.1187336739 -1700.6473051393 -2000.0000000000
-119.9545261379 -341.2248314101 -651.3841414058
-1544.4408649235 -567.5719792301 -1240.5196371052
-1544.4408649235 -567.5719792301 -2000.0000000000
-1544.4408649235 -567.5719792301 -2000.0000000000
-240.5123405825 -906.3408171098 -1343.0295021898
-240.5123405825 -906.3408171098 -2000.0000000000
-876.5963914660 -1994.0109759176 -961.1978593419
-876.5963914660 -1994.0109759176 -2000.0000000000
-437.6471878799 1361.1569458382 -1864.3642245522
-244.6522953349 -1793.7079413557 -501.2742063314
-244.6522953349 -1793.7079413557 -2000.0000000000
-244.6522953349 -1793.7079413557 -2000.0000000000
-244.6522953349 -1793.7079413557 -2000.0000000000
-244.6522953349 -1793.7079413557 -2000.0000000000
-244.6522953349 -1793.7079413557 -2000.0000000000
-244.6522953349 -1793.7079413557 -2000.0000000000
-244.6522953349 -1793.7079413557 -2000.0000000000
-244.6522953349 -1793.7079413557 -2000.0000000000
-244.6522953349 -1793.7079413557 -2000.0000000000
-33.6740359749 268.8770703287 -1593.4906005110
-33.6740359749 268.8770703287 -2000.0000000000
1374.9087809735 -1909.2354067638 -1985.3648242769
104.5261406013 544.3393364414 1562.1970576826
104.5261406013 544.3393364414 -2000.0000000000
-35.6275462763 -1432.8818089853 -3.2860887026
1406.5812764058 -1819.0970943993 41.9162203232
1127.4397564261 -596.8591372899 627.0930092655
-67.6937056163 -1788.3183745687 723.3087651156
-828.4382554151 -450.5776525070 738.1344732664
-525.7077813942 1142.7544358936 1545.7437172129
-364.2471039760 -411.7905149156 552.3126690401
-364.2471039760 -411.7905149156 -2000.0000000000
-364.2471039760 -411.7905149156 -2000.0000000000
-364.2471039760 -411.7905149156 -2000.0000000000
-1646.6631802366 -594.3214198108 -1494.8155726353
-1646.6631802366 -594.3214198108 -2000.0000000000
-1646.6631802366 -594.3214198108 -2000.0000000000
-1646.6631802366 -594.3214198108 -2000.0000000000
-1646.6631802366 -594.3214198108 -2000.0000000000
-1646.6631802366 -594.3214198108 -2000.0000000000
-1646.6631802366 -594.3214198108 -2000.0000000000
-1646.6631802366 -594.3214198108 -2000.0000000000
1900.7752525181 -443.2824411461 -1100.0829804295
1900.7752525181 -443.2824411461 -2000.0000000000
1900.7752525181 -443.2824411461 -2000.0000000000
1420.4008712070 554.7115477805 -1549.7745717770
1338.1395019012 1846.2402148214 554.5776112785
1338.1395019012 1846.2402148214 -2000.0000000000
-1245.4761901395 1791.6076010781 1149.5317331921
-1245.4761901395 1791.6076010781 -2000.0000000000
-901.1728660492 -1654.7360217305 1648.7887952692
-1884.0078214300 1953.8411499670 -1236.1193467868
-1884.0078214300 1953.8411499670 -2000.0000000000
-1884.0078214300 1953.8411499670 -2000.0000000000
-1884.0078214300 1953.8411499670 -2000.0000000000
-1884.0078214300 1953.8411499670 -2000.0000000000
-1884.0078214300 1953.8411499670 -2000.0000000000
1831.6664754032 -854.5444902718 -1407.1584897718
-1284.7400115429 -1632.5740015933 323.4175590727
-1284.7400115429 -1632.5740015933 -2000.0000000000
153.0061659796 -446.7313352217 -764.4880061302
153.0061659796 -446.7313352217 -2000.0000000000
153.0061659796 -446.7313352217 -2000.0000000000
153.0061659796 -446.7313352217 -2000.0000000000
153.0061659796 -446.7313352217 -2000.0000000000
153.0061659796 -446.7313352217 -2000.0000000000
153.0061659796 -446.7313352217 -2000.0000000000
153.0061659796 -446.7313352217 -2000.0000000000
-1099.7596092856 -1675.6563020654 -189.7560505785
1288.7556864062 704.5877866221 1526.5963686103
1288.7556864062 704.5877866221 -2000.0000000000
1288.7556864062 704.5877866221 -2000.0000000000
1288.7556864062 704.5877866221 -2000.0000000000
1288.7556864062 704.5877866221 -2000.0000000000
1288.7556864062 704.5877866221 -2000.0000000000
1288.7556864062 704.5877866221 -2000.0000000000
1288.7556864062 704.5877866221 -2000.0000000000
1288.7556864062 704.5877866221 -2000.0000000000
1903.6373068858 -1643.4496565455 -312.0359251393
1903.6373068858 -1643.4496565455 -2000.0000000000
-360.6719031002 1703.0219993045 -915.6281560063
-360.6719031002 1703.0219993045 -2000.0000000000
-360.6719031002 1703.0219993045 -2000.0000000000
1754.0933423453 1528.6617131598 1294.4338461846
295.5211098814 441.9865079503 -520.4911897300
295.5211098814 441.9865079503 -2000.0000000000
-562.8539087877 978.3697312061 -1247.6872503115
-562.8539087877 978.3697312061 -2000.0000000000
-562.8539087877 978.3697312061 -2000.0000000000
-562.8539087877 978.3697312061 -2000.0000000000
-562.8539087877 978.3697312061 -2000.0000000000
-562.8539087877 978.3697312061 -2000.0000000000
-562.8539087877 978.3697312061 -2000.0000000000
-1656.6733094364 -661.7774857450 -1607.5905351278
-1656.6733094364 -661.7774857450 -2000.0000000000
-1656.6733094364 -661.7774857450 -2000.0000000000
-1656.6733094364 -661.7774857450 -2000.0000000000
-1069.2301063804 409.3943556755 -744.2067132137
-1069.2301063804 409.3943556755 -2000.0000000000
-1069.2301063804 409.3943556755 -2000.0000000000
309.3101129282 -1659.9699562069 -1508.9894100547
-1609.3395959750 1270.2156042917 1575.6239982148
-1609.3395959750 1270.2156042917 -2000.0000000000
-1609.3395959750 1270.2156042917 -2000.0000000000
-1609.3395959750 1270.2156042917 -2000.0000000000
-1609.3395959750 1270.2156042917 -2000.0000000000
-1609.3395959750 1270.2156042917 -2000.0000000000
-1609.3395959750 1270.2156042917 -2000.0000000000
1378.5185252315 1090.7854732028 69.1235187901
1378.5185252315 1090.7854732028 -2000.0000000000
1619.1546439085 -1925.7779581830 -1195.3626776514
1619.1546439085 -1925.7779581830 -2000.0000000000
1619.1546439085 -1925.7779581830 -2000.0000000000
1619.1546439085 -1925.7779581830 -2000.0000000000
1619.1546439085 -1925.7779581830 -2000.0000000000
1619.1546439085 -1925.7779581830 -2000.0000000000
1619.1546439085 -1925.7779581830 -2000.0000000000
254.3784852260 -824.5187793563 1355.8125460396
254.3784852260 -824.5187793563 -2000.0000000000
254.3784852260 -824.5187793563 -2000.0000000000
254.3784852260 -824.5187793563 -2000.0000000000
-1676.6999536483 -1400.4638531646 -300.5594518364
-1676.6999536483 -1400.4638531646 -2000.0000000000
-1676.6999536483 -1400.4638531646 -2000.0000000000
-1676.6999536483 -1400.4638531646 -2000.0000000000
-1676.6999536483 -1400.4638531646 -2000.0000000000
-1676.6999536483 -1400.4638531646 -2000.0000000000
263.4424851286 -745.6811963560 -1102.2427859148
263.4424851286 -745.6811963560 -2000.0000000000
263.4424851286 -745.6811963560 -2000.0000000000
263.4424851286 -745.6811963560 -2000.0000000000
-546.1653789747 484.4584489697 1526.8236730208
-1674.0210105397 912.7370724007 -429.1082697363
-1674.0210105397 912.7370724007 -2000.0000000000
-1169.5500495594 -1918.7941253830 786.5547742434
-1169.5500495594 -1918.7941253830 -2000.0000000000
-1169.5500495594 -1918.7941253830 -2000.0000000000
-1169.5500495594 -1918.7941253830 -2000.0000000000
-1169.5500495594 -1918.7941253830 -2000.0000000000
-1169.5500495594 -1918.7941253830 -2000.0000000000
-1169.5500495594 -1918.7941253830 -2000.0000000000
-1169.5500495594 -1918.7941253830 -2000.0000000000
705.3256546083 1092.0008060302 404.5356768055
1219.6751314601 716.1917380452 -1931.1410810625
1219.6751314601 716.1917380452 -2000.0000000000
867.1242999668 -1607.4676826253 559.2559375759
867.1242999668 -1607.4676826253 -2000.0000000000
68.0886497655 674.1155117392 1009.3985354115
1434.2301684616 -160.9320407492 -635.9847052505
1434.2301684616 -160.9320407492 -2000.0000000000
1434.2301684616 -160.9320407492 -2000.0000000000
1434.2301684616 -160.9320407492 -2000.0000000000
1434.2301684616 -160.9320407492 -2000.0000000000
1434.2301684616 -160.9320407492 -2000.0000000000
1434.2301684616 -160.9320407492 -2000.0000000000
1434.2301684616 -160.9320407492 -2000.0000000000
1434.2301684616 -160.9320407492 -2000.0000000000
1434.2301684616 -160.9320407492 -2000.0000000000
-1033.2547057324 1978.3273853109 265.1104447250
-1033.2547057324 1978.3273853109 -2000.0000000000
-1033.2547057324 1978.3273853109 -2000.0000000000
1589.5475328989 1175.2209346359 -611.6090360950
1589.5475328989 1175.2209346359 -2000.0000000000
620.3829788643 1975.7712989966 -393.2874115816
620.3829788643 1975.7712989966 -2000.0000000000
620.3829788643 1975.7712989966 -2000.0000000000
620.3829788643 1975.7712989966 -2000.0000000000
620.3829788643 1975.7712989966 -2000.0000000000
620.3829788643 1975.7712989966 -2000.0000000000
620.3829788643 1975.7712989966 -2000.0000000000
620.3829788643 1975.7712989966 -2000.0000000000
620.3829788643 1975.7712989966 -2000.0000000000
734.0821115888 -720.8821935252 171.9020559285
734.0821115888 -720.8821935252 -2000.0000000000
734.0821115888 -720.8821935252 -2000.0000000000
262.2824217075 -880.8029645866 525.1742130871
-642.9162505339 793.4629172276 -1459.4804752935
-642.9162505339 793.4629172276 -2000.0000000000
-642.9162505339 793.4629172276 -2000.0000000000
-642.9162505339 793.4629172276 -2000.0000000000
-642.9162505339 793.4629172276 -2000.0000000000
1791.5465890964 889.2649936279 -395.3084573721
-397.1738782968 1905.5161729106 -1909.2290226445
-397.1738782968 1905.5161729106 -2000.0000000000
-209.9285889843 950.8279330667 -137.9239008248
-314.3577026265 -1213.0219262839 418.5765511788
-314.3577026265 -1213.0219262839 -2000.0000000000
-927.8538910636 -1234.7000030562 1801.5656825876
-927.8538910636 -1234.7000030562 -2000.0000000000
-927.8538910636 -1234.7000030562 -2000.0000000000
-927.8538910636 -1234.7000030562 -2000.0000000000
-927.8538910636 -1234.7000030562 -2000.0000000000
-927.8538910636 -1234.7000030562 -2000.0000000000
-927.8538910636 -1234.7000030562 -2000.0000000000
-822.5763503541 1130.2119916997 1049.0148706832
-822.5763503541 1130.2119916997 -2000.0000000000
-822.5763503541 1130.2119916997 -2000.0000000000
-1202.0494868723 165.0783228622 -754.0040948476
-1202.0494868723 165.0783228622 -2000.0000000000
-1202.0494868723 165.0783228622 -2000.0000000000
1276.0233934445 1551.6072837777 1582.7306166660
1276.0233934445 1551.6072837777 -2000.0000000000
1276.0233934445 1551.6072837777 -2000.0000000000
1276.0233934445 1551.6072837777 -2000.0000000000
1276.0233934445 1551.6072837777 -2000.0000000000
1276.0233934445 1551.6072837777 -2000.0000000000
1276.0233934445 1551.6072837777 -2000.0000000000
1276.0233934445 1551.6072837777 -2000.0000000000
1276.0233934445 1551.6072837777 -2000.0000000000
1276.0233934445 1551.6072837777 -2000.0000000000
1276.0233934445 1551.6072837777 -2000.0000000000
-1877.3587035771 321.7384949795 -1991.1906862403
-1877.3587035771 321.7384949795 -2000.0000000000
-1877.3587035771 321.7384949795 -2000.0000000000
-1877.3587035771 321.7384949795 -2000.0000000000
-1877.3587035771 321.7384949795 -2000.0000000000
-1877.3587035771 321.7384949795 -2000.0000000000
-377.2468593652 1423.7641644202 -1505.1848290055
-377.2468593652 1423.7641644202 -2000.0000000000
-377.2468593652 1423.7641644202 -2000.0000000000
-377.2468593652 1423.7641644202 -2000.0000000000
-377.2468593652 1423.7641644202 -2000.0000000000
-377.2468593652 1423.7641644202 -2000.0000000000
-377.2468593652 1423.7641644202 -2000.0000000000
-377.2468593652 1423.7641644202 -2000.0000000000
-377.2468593652 1423.7641644202 -2000.0000000000
-377.2468593652 1423.7641644202 -2000.0000000000
-1438.2243723834 -534.4375911644 132.1936040458
-1438.2243723834 -534.4375911644 -2000.0000000000
1364.1346307936 335.6643921724 -1367.1691868217
1364.1346307936 335.6643921724 -2000.0000000000
1364.1346307936 335.6643921724 -2000.0000000000
1364.1346307936 335.6643921724 -2000.0000000000
786.4896160295 1218.0500557778 -1742.2740213691
786.4896160295 1218.0500557778 -2000.0000000000
-877.5346736595 -241.8067432264 749.5821689162
-877.5346736595 -241.8067432264 -2000.0000000000
1189.6089121084 1922.2595235383 -149.6386528588
1189.6089121084 1922.2595235383 -2000.0000000000
1189.6089121084 1922.2595235383 -2000.0000000000
1189.6089121084 1922.2595235383 -2000.0000000000
-1690.4231177086 -983.2343084795 -975.2067876565
-1690.4231177086 -983.2343084795 -2000.0000000000
-1690.4231177086 -983.2343084795 -2000.0000000000
-1690.4231177086 -983.2343084795 -2000.0000000000
-603.2654204912 -1863.1085369258 1869.8917714778
691.3271841427 -1898.6764018899 1754.8849838228
691.3271841427 -1898.6764018899 -2000.0000000000
691.3271841427 -1898.6764018899 -2000.0000000000
691.3271841427 -1898.6764018899 -2000.0000000000
691.3271841427 -1898.6764018899 -2000.0000000000
691.3271841427 -1898.6764018899 -2000.0000000000
691.3271841427 -1898.6764018899 -2000.0000000000
691.3271841427 -1898.6764018899 -2000.0000000000
691.3271841427 -1898.6764018899 -2000.0000000000
-1673.9905442613 -1099.3395999266 318.3179448034
1026.5578834185 -872.3626803486 1339.9071589619
1026.5578834185 -872.3626803486 -2000.0000000000
1026.5578834185 -872.3626803486 -2000.0000000000
-1361.7837304399 314.0085983063 -680.0692203877
-1653.0716000125 -270.6032773564 -672.2209035168
-1644.9511376842 -1056.2152231659 1951.1097216197
660.2090809069 -1650.1719477827 1198.5845103396
660.2090809069 -1650.1719477827 -2000.0000000000
1347.3987357335 -5.6687238405 -478.0271189135
1347.3987357335 -5.6687238405 -2000.0000000000
1677.5290443606 862.7504321233 14.6211055096
1677.5290443606 862.7504321233 -2000.0000000000
-1475.8016428678 1100.5552263602 1956.8160051547
-1475.8016428678 1100.5552263602 -2000.0000000000
-1475.8016428678 1100.5552263602 -2000.0000000000
-1475.8016428678 1100.5552263602 -2000.0000000000
-1475.8016428678 1100.5552263602 -2000.0000000000
1821.8287137315 963.8805657674 689.3917253324
-1139.7673644455 1804.9246445938 1415.3931569613
-1139.7673644455 1804.9246445938 -2000.0000000000
-1139.7673644455 1804.9246445938 -2000.0000000000
-1139.7673644455 1804.9246445938 -2000.0000000000
-1139.7673644455 1804.9246445938 -2000.0000000000
1241.1024231308 -1940.1448299949 -1668.2522147601
1241.1024231308 -1940.1448299949 -2000.0000000000
1241.1024231308 -1940.1448299949 -2000.0000000000
1241.1024231308 -1940.1448299949 -2000.0000000000
1241.1024231308 -1940.1448299949 -2000.0000000000
1241.1024231308 -1940.1448299949 -2000.0000000000
1241.1024231308 -1940.1448299949 -2000.0000000000
1241.1024231308 -1940.1448299949 -2000.0000000000
1241.1024231308 -1940.1448299949 -2000.0000000000
1241.1024231308 -1940.1448299949 -2000.0000000000
1741.7135203702 -385.9685300529 -815.4191344690
1741.7135203702 -385.9685300529 -2000.0000000000
1741.7135203702 -385.9685300529 -2000.0000000000
1741.7135203702 -385.9685300529 -2000.0000000000
1741.7135203702 -385.9685300529 -2000.0000000000
1741.7135203702 -385.9685300529 -2000.0000000000
-294.2944943762 -941.3430553868 -205.8952017626
-473.7267398563 -929.7891884903 -1310.2353607334
-473.7267398563 -929.7891884903 -2000.0000000000
-473.7267398563 -929.7891884903 -2000.0000000000
-473.7267398563 -929.7891884903 -2000.0000000000
-473.7267398563 -929.7891884903 -2000.0000000000
-1929.2803783097 1313.8206622949 -562.5562850449
-1532.4191850296 -1255.0975421708 -1673.1342307186
-1532.4191850296 -1255.0975421708 -2000.0000000000
-212.5495240767 179.0914194575 -1475.7607196876
-46.4912681574 -705.9977772656 65.3114989937
-46.4912681574 -705.9977772656 -2000.0000000000
-46.4912681574 -705.9977772656 -2000.0000000000
-46.4912681574 -705.9977772656 -2000.0000000000
-46.4912681574 -705.9977772656 -2000.0000000000
-46.4912681574 -705.9977772656 -2000.0000000000
-531.7560089757 -100.0195552454 -302.5084126641
-531.7560089757 -100.0195552454 -2000.0000000000
-1069.8591492234 1050.8976298404 1132.7686389390
-612.6385357309 -566.6483364065 1385.6600337992
-612.6385357309 -566.6483364065 -2000.0000000000
87.6625453070 -0.6103237937 -1644.4207741429
87.6625453070 -0.6103237937 -2000.0000000000
1997.0448149409 -1211.2725845805 1943.7170368454
148.8389952648 -1020.1093739586 -1340.0221389268
-830.2854029024 -942.4461565036 -975.3134109612
-319.8376225448 1754.9382800695 -1616.3446134507
-319.8376225448 1754.9382800695 -2000.0000000000
-319.8376225448 1754.9382800695 -2000.0000000000
-319.8376225448 1754.9382800695 -2000.0000000000
-319.8376225448 1754.9382800695 -2000.0000000000
-319.8376225448 1754.9382800695 -2000.0000000000
-319.8376225448 1754.9382800695 -2000.0000000000
-319.8376225448 1754.9382800695 -2000.0000000000
-319.8376225448 1754.9382800695 -2000.0000000000
-1344.8443467680 -81.0733734461 921.7916461724
-34.4522511530 -1090.4279893065 698.0010798550
-34.4522511530 -1090.4279893065 -2000.0000000000
-34.4522511530 -1090.4279893065 -2000.0000000000
-882.0093175928 1406.8983084037 1804.2416382230
1856.2410650168 1647.1787585715 -1117.7114694417
1856.2410650168 1647.1787585715 -2000.0000000000
1856.2410650168 1647.1787585715 -2000.0000000000
1856.2410650168 1647.1787585715 -2000.0000000000
1856.2410650168 1647.1787585715 -2000.0000000000
1856.2410650168 1647.1787585715 -2000.0000000000
-481.6763610178 -227.6241376543 1865.2135446163
-481.6763610178 -227.6241376543 -2000.0000000000
-481.6763610178 -227.6241376543 -2000.0000000000
-481.6763610178 -227.6241376543 -2000.0000000000
-481.6763610178 -227.6241376543 -2000.0000000000
619.5733831645 1022.0741490370 50.0168123015
619.5733831645 1022.0741490370 -2000.0000000000
619.5733831645 1022.0741490370 -2000.0000000000
619.5733831645 1022.0741490370 -2000.0000000000
-744.7607749344 -1911.4628806019 25.9462786591
-744.7607749344 -1911.4628806019 -2000.0000000000
-744.7607749344 -1911.4628806019 -2000.0000000000
-744.7607749344 -1911.4628806019 -2000.0000000000
-744.7607749344 -1911.4628806019 -2000.0000000000
-744.7607749344 -1911.4628806019 -2000.0000000000
8.6483782706 -1089.6571162882 -1802.0402201050
-1562.8656984671 -598.0285143375 1237.9352052081
-1562.8656984671 -598.0285143375 -2000.0000000000
-1562.8656984671 -598.0285143375 -2000.0000000000
-1533.3208239161 1151.3780614809 -358.9970883301
-1533.3208239161 1151.3780614809 -2000.0000000000
-744.3131309413 -68.4449952205 -816.5165592936
-744.3131309413 -68.4449952205 -2000.0000000000
-744.3131309413 -68.4449952205 -2000.0000000000
-744.3131309413 -68.4449952205 -2000.0000000000
-744.3131309413 -68.4449952205 -2000.0000000000
-1626.9496467331 738.7844591822 706.0405927840
-1626.9496467331 738.7844591822 -2000.0000000000
-1626.9496467331 738.7844591822 -2000.0000000000
-1626.9496467331 738.7844591822 -2000.0000000000
-1626.9496467331 738.7844591822 -2000.0000000000
-1626.9496467331 738.7844591822 -2000.0000000000
-1626.9496467331 738.7844591822 -2000.0000000000
-1626.9496467331 738.7844591822 -2000.0000000000
-635.9539631388 -1621.8422560697 231.6313664129
1130.1817692914 1922.5277634618 -513.2285254192
1130.1817692914 1922.5277634618 -2000.0000000000
993.7204984662 1266.0025158622 -485.9391805384
993.7204984662 1266.0025158622 -2000.0000000000
993.7204984662 1266.0025158622 -2000.0000000000
993.7204984662 1266.0025158622 -2000.0000000000
-959.1099324675 1151.3719349150 1097.8111378165
-959.1099324675 1151.3719349150 -2000.0000000000
-959.1099324675 1151.3719349150 -2000.0000000000
59.5381127147 -1540.0659567598 -1824.0770679258
59.5381127147 -1540.0659567598 -2000.0000000000
59.5381127147 -1540.0659567598 -2000.0000000000
59.5381127147 -1540.0659567598 -2000.0000000000
59.5381127147 -1540.0659567598 -2000.0000000000
355.0809086001 39.4471720467 -1291.8055027147
355.0809086001 39.4471720467 -2000.0000000000
355.0809086001 39.4471720467 -2000.0000000000
355.0809086001 39.4471720467 -2000.0000000000
-1151.3290878659 -1193.5572062979 1604.5595546681
-1151.3290878659 -1193.5572062979 -2000.0000000000
-1092.9332260346 -1930.5367003899 1140.9597566325
-302.2064636550 -1686.6535516523 -1451.8340364264
-302.2064636550 -1686.6535516523 -2000.0000000000
-765.9844688434 -1956.4546583915 661.8252725774
-765.9844688434 -1956.4546583915 -2000.0000000000
-765.9844688434 -1956.4546583915 -2000.0000000000
-765.9844688434 -1956.4546583915 -2000.0000000000
-765.9844688434 -1956.4546583915 -2000.0000000000
439.7973025092 292.4374044420 -151.0469827114
439.7973025092 292.4374044420 -2000.0000000000
439.7973025092 292.4374044420 -2000.0000000000
663.2587769226 485.2816954248 -766.7847140630
-1136.7491854523 1925.1836655440 -328.5920284499
-1136.7491854523 1925.1836655440 -2000.0000000000
-481.6247608784 -1236.2792276291 509.6859507689
-481.6247608784 -1236.2792276291 -2000.0000000000
-481.6247608784 -1236.2792276291 -2000.0000000000
-481.6247608784 -1236.2792276291 -2000.0000000000
-481.6247608784 -1236.2792276291 -2000.0000000000
-481.6247608784 -1236.2792276291 -2000.0000000000
-481.6247608784 -1236.2792276291 -2000.0000000000
-481.6247608784 -1236.2792276291 -2000.0000000000
-481.6247608784 -1236.2792276291 -2000.0000000000
-490.9814046612 -1599.8914699339 -1872.4896559762
-490.9814046612 -1599.8914699339 -2000.0000000000
-153.9728899973 172.0378685050 833.7331032691
-153.9728899973 172.0378685050 -2000.0000000000
1684.0434286237 1115.1148278799 -606.5460260842
1684.0434286237 1115.1148278799 -2000.0000000000
110.7040659523 1443.3849115387 1822.6190990036
-310.2548087032 -1480.2333150104 729.1784875071
973.6798346269 -1324.3681593380 -1484.9319814754
973.6798346269 -1324.3681593380 -2000.0000000000
973.6798346269 -1324.3681593380 -2000.0000000000
-1390.6047430769 -565.8235544017 1381.5510651425
-1390.6047430769 -565.8235544017 -2000.0000000000
-398.7562127570 121.3618369645 -857.9979052418
1094.9566580890 1881.9823298992 -742.3651959104
1357.4698360292 -1855.2781435015 -1156.2234007813
-1371.4538939504 265.4077108565 -1564.0805313338
-1371.4538939504 265.4077108565 -2000.0000000000
508.9954683252 197.1258955163 -875.7189068767
508.9954683252 197.1258955163 -2000.0000000000
-1204.0680733607 533.7150111529 834.9233748911
-1204.0680733607 533.7150111529 -2000.0000000000
-1204.0680733607 533.7150111529 -2000.0000000000
-1204.0680733607 533.7150111529 -2000.0000000000
450.1459970248 -877.4429286279 1118.4062573612
450.1459970248 -877.4429286279 -2000.0000000000
-1015.8075798179 1353.6669869905 1599.4956133403
-635.9150162465 128.1865325120 475.6355334118
-635.9150162465 128.1865325120 -2000.0000000000
1299.0550306847 1014.3310340589 137.0635218119
1299.0550306847 1014.3310340589 -2000.0000000000
1299.0550306847 1014.3310340589 -2000.0000000000
1299.0550306847 1014.3310340589 -2000.0000000000
-123.4359672448 1832.0733416756 1437.6755567067
-123.4359672448 1832.0733416756 -2000.0000000000
-123.4359672448 1832.0733416756 -2000.0000000000
-123.4359672448 1832.0733416756 -2000.0000000000
-123.4359672448 1832.0733416756 -2000.0000000000
-1651.5443919485 1244.5887773468 -1659.4829241875
-1651.5443919485 1244.5887773468 -2000.0000000000
-1651.5443919485 1244.5887773468 -2000.0000000000
-1651.5443919485 1244.5887773468 -2000.0000000000
1471.5282288840 -1924.2613689601 371.8727396694
1471.5282288840 -1924.2613689601 -2000.0000000000
1471.5282288840 -1924.2613689601 -2000.0000000000
1471.5282288840 -1924.2613689601 -2000.0000000000
1471.5282288840 -1924.2613689601 -2000.0000000000
1471.5282288840 -1924.2613689601 -2000.0000000000
569.3683054991 238.1478610747 -1966.8454259748
569.3683054991 238.1478610747 -2000.0000000000
569.3683054991 238.1478610747 -2000.0000000000
1394.6811552056 1609.2765088496 -23.0558836798
419.4615700957 -626.3789006065 -878.9385691988
419.4615700957 -626.3789006065 -2000.0000000000
419.4615700957 -626.3789006065 -2000.0000000000
419.4615700957 -626.3789006065 -2000.0000000000
-1421.3338888763 1322.8354778850 1154.1333679450
-201.8560929686 -786.3402930391 696.4037837370
-201.8560929686 -786.3402930391 -2000.0000000000
-201.8560929686 -786.3402930391 -2000.0000000000
-1449.1868109304 533.0167844859 698.3089618625
-1449.1868109304 533.0167844859 -2000.0000000000
-503.0836082684 -943.2060885606 1647.0358969350
-503.0836082684 -943.2060885606 -2000.0000000000
-503.0836082684 -943.2060885606 -2000.0000000000
-503.0836082684 -943.2060885606 -2000.0000000000
-503.0836082684 -943.2060885606 -2000.0000000000
-692.7473506411 94.8724398759 1418.4929524483
-692.7473506411 94.8724398759 -2000.0000000000
-1513.8558625587 -936.7257041183 683.8271015718
-1513.8558625587 -936.7257041183 -2000.0000000000
-978.8766101175 798.0273174310 -1840.2775882224
-978.8766101175 798.0273174310 -2000.0000000000
-1876.4531414235 -1806.3736533323 -1063.0904908700
-1876.4531414235 -1806.3736533323 -2000.0000000000
943.9241838393 1052.2635270532 318.8605870371
943.9241838393 1052.2635270532 -2000.0000000000
943.9241838393 1052.2635270532 -2000.0000000000
943.9241838393 1052.2635270532 -2000.0000000000
943.9241838393 1052.2635270532 -2000.0000000000
1940.1361369767 -1522.7398131100 753.6158277022
-601.0159924867 1473.1580619998 573.5267293115
-1373.6544687699 -1289.0674948059 760.6549294463
-1373.6544687699 -1289.0674948059 -2000.0000000000
-1816.4107128999 799.6232534860 -1405.3768669648
-1816.4107128999 799.6232534860 -2000.0000000000
-1816.4107128999 799.6232534860 -2000.0000000000
-1315.1236608592 -1612.5404440927 -290.7057052826
-1315.1236608592 -1612.5404440927 -2000.0000000000
-1676.1171262000 -1875.4347965070 -916.2951768026
-253.7518784413 -834.6614406750 629.4804793451
-253.7518784413 -834.6614406750 -2000.0000000000
-253.7518784413 -834.6614406750 -2000.0000000000
-253.7518784413 -834.6614406750 -2000.0000000000
-253.7518784413 -834.6614406750 -2000.0000000000
-253.7518784413 -834.6614406750 -2000.0000000000
-253.7518784413 -834.6614406750 -2000.0000000000
-253.7518784413 -834.6614406750 -2000.0000000000
-253.7518784413 -834.6614406750 -2000.0000000000
201.0198459672 1607.3260631317 -1887.1350155950
201.0198459672 1607.3260631317 -2000.0000000000
201.0198459672 1607.3260631317 -2000.0000000000
201.0198459672 1607.3260631317 -2000.0000000000
201.0198459672 1607.3260631317 -2000.0000000000
201.0198459672 1607.3260631317 -2000.0000000000
-244.5788390846 404.5676628038 -193.8571265757
-244.5788390846 404.5676628038 -2000.0000000000
-244.5788390846 404.5676628038 -2000.0000000000
-1906.5269808793 -1270.6424250366 1141.5517772838
-1906.5269808793 -1270.6424250366 -2000.0000000000
-1906.5269808793 -1270.6424250366 -2000.0000000000
-1906.5269808793 -1270.6424250366 -2000.0000000000
-1906.5269808793 -1270.6424250366 -2000.0000000000
-1906.5269808793 -1270.6424250366 -2000.0000000000
-1906.5269808793 -1270.6424250366 -2000.0000000000
-1906.5269808793 -1270.6424250366 -2000.0000000000
-1906.5269808793 -1270.6424250366 -2000.0000000000
-1993.7355726864 1959.4311253413 248.6993665102
1708.9391575904 -283.4633649783 -363.3746417644
-1114.2516656605 -1711.3244425477 381.9235101709
619.7714508685 103.4377911889 -1358.8463495632
619.7714508685 103.4377911889 -2000.0000000000
619.7714508685 103.4377911889 -2000.0000000000
1333.4218562237 1364.1721379848 306.2732607713
1333.4218562237 1364.1721379848 -2000.0000000000
-1906.6118877949 -1287.2268949826 673.3303782446
-1906.6118877949 -1287.2268949826 -2000.0000000000
1845.2354267642 -994.9874356142 -1394.5026292184
1845.2354267642 -994.9874356142 -2000.0000000000
-89.5845162502 -1285.0791845785 1612.7020337403
-89.5845162502 -1285.0791845785 -2000.0000000000
-584.5461864380 1166.0396274034 -1108.6226130066
-584.5461864380 1166.0396274034 -2000.0000000000
-584.5461864380 1166.0396274034 -2000.0000000000
-584.5461864380 1166.0396274034 -2000.0000000000
-584.5461864380 1166.0396274034 -2000.0000000000
-584.5461864380 1166.0396274034 -2000.0000000000
-927.5441155710 -1244.5200449605 1961.4786669106
-927.5441155710 -1244.5200449605 -2000.0000000000
-927.5441155710 -1244.5200449605 -2000.0000000000
-927.5441155710 -1244.5200449605 -2000.0000000000
1584.8097583492 242.8104499244 1369.6962119377
1584.8097583492 242.8104499244 -2000.0000000000
-1659.3949652211 -351.9129273620 -1795.4073381036
-1659.3949652211 -351.9129273620 -2000.0000000000
-1659.3949652211 -351.9129273620 -2000.0000000000
-1659.3949652211 -351.9129273620 -2000.0000000000
-665.9929827576 1672.4405329022 -1891.7078994377
-1743.9297133622 -70.2716530108 266.6527551457
-1714.6847149280 1034.4526540463 658.3319642134
-1714.6847149280 1034.4526540463 -2000.0000000000
-1714.6847149280 1034.4526540463 -2000.0000000000
-1714.6847149280 1034.4526540463 -2000.0000000000
547.7065930676 95.8022740418 201.0053481950
-1622.7585203260 -1678.1495104942 558.3134512976
-1622.7585203260 -1678.1495104942 -2000.0000000000
-1622.7585203260 -1678.1495104942 -2000.0000000000
-1622.7585203260 -1678.1495104942 -2000.0000000000
-1622.7585203260 -1678.1495104942 -2000.0000000000
-1622.7585203260 -1678.1495104942 -2000.0000000000
-1622.7585203260 -1678.1495104942 -2000.0000000000
-1622.7585203260 -1678.1495104942 -2000.0000000000
-1622.7585203260 -1678.1495104942 -2000.0000000000
-1622.7585203260 -1678.1495104942 -2000.0000000000
-1270.1578446836 263.3999902133 558.6553819146
-1270.1578446836 263.3999902133 -2000.0000000000
-1270.1578446836 263.3999902133 -2000.0000000000
-1270.1578446836 263.3999902133 -2000.0000000000
71.2832864837 1158.0169814987 1004.4804907730
71.2832864837 1158.0169814987 -2000.0000000000
640.5419387869 1611.6538004004 -1619.6643802194
640.5419387869 1611.6538004004 -2000.0000000000
640.5419387869 1611.6538004004 -2000.0000000000
640.5419387869 1611.6538004004 -2000.0000000000
640.5419387869 1611.6538004004 -2000.0000000000
679.7287594942 482.0097356385 -1098.9464847667
679.7287594942 482.0097356385 -2000.0000000000
679.7287594942 482.0097356385 -2000.0000000000
679.7287594942 482.0097356385 -2000.0000000000
679.7287594942 482.0097356385 -2000.0000000000
679.7287594942 482.0097356385 -2000.0000000000
679.7287594942 482.0097356385 -2000.0000000000
1946.6430303888 334.1458091790 684.0023322657
1029.2138318262 -1412.2419998566 -611.0014077385
1029.2138318262 -1412.2419998566 -2000.0000000000
1029.2138318262 -1412.2419998566 -2000.0000000000
1029.2138318262 -1412.2419998566 -2000.0000000000
1029.2138318262 -1412.2419998566 -2000.0000000000
1029.2138318262 -1412.2419998566 -2000.0000000000
1029.2138318262 -1412.2419998566 -2000.0000000000
1029.2138318262 -1412.2419998566 -2000.0000000000
1029.2138318262 -1412.2419998566 -2000.0000000000
1029.2138318262 -1412.2419998566 -2000.0000000000
1029.2138318262 -1412.2419998566 -2000.0000000000
-1351.2254588542 -1105.0434041723 484.3916800545
-805.6842464282 1340.3240260370 -120.4047799294
-805.6842464282 1340.3240260370 -2000.0000000000
-805.6842464282 1340.3240260370 -2000.0000000000
-805.6842464282 1340.3240260370 -2000.0000000000
-805.6842464282 1340.3240260370 -2000.0000000000
-805.6842464282 1340.3240260370 -2000.0000000000
1528.1137973836 -1849.5271223606 -1971.7721717203
1528.1137973836 -1849.5271223606 -2000.0000000000
-1967.7202169860 -1217.3432472136 1474.9030010617
-576.9790254809 731.1058717325 -1512.6485775418
-576.9790254809 731.1058717325 -2000.0000000000
-576.9790254809 731.1058717325 -2000.0000000000
-576.9790254809 731.1058717325 -2000.0000000000
-1511.3167185168 -1560.2236271222 -1580.0308091429
-1511.3167185168 -1560.2236271222 -2000.0000000000
-1511.3167185168 -1560.2236271222 -2000.0000000000
1218.9189545034 1400.3213728692 -1246.4935692778
1218.9189545034 1400.3213728692 -2000.0000000000
1218.9189545034 1400.3213728692 -2000.0000000000
1218.9189545034 1400.3213728692 -2000.0000000000
1218.9189545034 1400.3213728692 -2000.0000000000
-185.6501072841 1427.5713455814 860.1091042177
-185.6501072841 1427.5713455814 -2000.0000000000
-185.6501072841 1427.5713455814 -2000.0000000000
-135.0811009169 -602.9179225445 -495.7155457605
-135.0811009169 -602.9179225445 -2000.0000000000
291.0935530269 -640.1990285959 -1373.3341255235
291.0935530269 -640.1990285959 -2000.0000000000
291.0935530269 -640.1990285959 -2000.0000000000
291.0935530269 -640.1990285959 -2000.0000000000
291.0935530269 -640.1990285959 -2000.0000000000
291.0935530269 -640.1990285959 -2000.0000000000
-1625.6859962318 1738.2437440638 67.9655679897
1023.1339782183 1848.1590999649 212.7052073265
1023.1339782183 1848.1590999649 -2000.0000000000
217.4930806634 -1311.2011989727 -1559.5587060197
217.4930806634 -1311.2011989727 -2000.0000000000
217.4930806634 -1311.2011989727 -2000.0000000000
1940.0547884544 112.7476526053 -264.9886762359
1836.4143891519 -678.7393012698 -1344.6792085480
1836.4143891519 -678.7393012698 -2000.0000000000
-1694.2572722166 -1728.4480841882 392.0341111254
-1694.2572722166 -1728.4480841882 -2000.0000000000
-1694.2572722166 -1728.4480841882 -2000.0000000000
1504.3492340525 100.7225672245 -468.0414630956
1504.3492340525 100.7225672245 -2000.0000000000
1504.3492340525 100.7225672245 -2000.0000000000
1504.3492340525 100.7225672245 -2000.0000000000
1504.3492340525 100.7225672245 -2000.0000000000
-1343.4741742836 -7.4307677978 -1779.6547407453
-1343.4741742836 -7.4307677978 -2000.0000000000
-1343.4741742836 -7.4307677978 -2000.0000000000
-1343.4741742836 -7.4307677978 -2000.0000000000
-1570.8216948222 1722.9077719676 -1914.8649619330
-1570.8216948222 1722.9077719676 -2000.0000000000
-1570.8216948222 1722.9077719676 -2000.0000000000
-1570.8216948222 1722.9077719676 -2000.0000000000
-1570.8216948222 1722.9077719676 -2000.0000000000
-1570.8216948222 1722.9077719676 -2000.0000000000
-1570.8216948222 1722.9077719676 -2000.0000000000
-1733.1375073120 1449.1490187471 255.7825007834
-1733.1375073120 1449.1490187471 -2000.0000000000
-1733.1375073120 1449.1490187471 -2000.0000000000
-1083.4410966706 1888.0049937599 -1907.2253903505
-1083.4410966706 1888.0049937599 -2000.0000000000
670.8147841213 1470.4425736556 141.0601144654
670.8147841213 1470.4425736556 -2000.0000000000
634.5447778685 1038.8612761266 -1975.5922472724
634.5447778685 1038.8612761266 -2000.0000000000
634.5447778685 1038.8612761266 -2000.0000000000
634.5447778685 1038.8612761266 -2000.0000000000
634.5447778685 1038.8612761266 -2000.0000000000
-576.7651410912 -1866.9587073915 -261.0535080288
-576.7651410912 -1866.9587073915 -2000.0000000000
-576.7651410912 -1866.9587073915 -2000.0000000000
-50.7313969991 -419.1605643119 1051.7284459407
-50.7313969991 -419.1605643119 -2000.0000000000
-50.7313969991 -419.1605643119 -2000.0000000000
1196.6277289618 579.3256691128 -549.7375869710
1196.6277289618 579.3256691128 -2000.0000000000
350.8936123909 1254.4918350587 -1349.1269985919
350.8936123909 1254.4918350587 -2000.0000000000
1466.4094487855 -1931.7098348480 263.6371988911
-120.4176938751 -1341.5297104946 -1499.5354955535
-826.4961676265 65.0812991682 -735.6567440429
-826.4961676265 65.0812991682 -2000.0000000000
-826.4961676265 65.0812991682 -2000.0000000000
-826.4961676265 65.0812991682 -2000.0000000000
1880.5905729536 -756.0308436617 -1906.7384926883
1913.1596209289 1778.7730062963 -375.1723567066
259.5651095710 -151.0342760807 1251.6527743531
259.5651095710 -151.0342760807 -2000.0000000000
170.9489027123 927.8261597114 -1683.7015145884
-872.2605831024 -587.3786560972 -797.3974856295
-872.2605831024 -587.3786560972 -2000.0000000000
-834.3936288393 -1910.9480644372 -15.6724082659
-834.3936288393 -1910.9480644372 -2000.0000000000
812.6528821463 -1632.2340254370 -702.1496209650
812.6528821463 -1632.2340254370 -2000.0000000000
812.6528821463 -1632.2340254370 -2000.0000000000
812.6528821463 -1632.2340254370 -2000.0000000000
254.4885288451 616.7942094457 546.0217134990
254.4885288451 616.7942094457 -2000.0000000000
1895.2382076687 1834.3900214636 1383.2196402876
-1375.8545155988 447.5160134218 34.5591785418
-1375.8545155988 447.5160134218 -2000.0000000000
-1375.8545155988 447.5160134218 -2000.0000000000
-948.9962302729 710.4861150585 -1124.5454108167
-948.9962302729 710.4861150585 -2000.0000000000
-388.8884302134 -44.3202314686 1937.4041599175
-995.6561866618 -363.7063857520 1362.5606800575
175.4018103885 1267.8004837169 1056.8042113949
175.4018103885 1267.8004837169 -2000.0000000000
-621.0105443827 -811.0608282220 1138.7629403879
-621.0105443827 -811.0608282220 -2000.0000000000
-621.0105443827 -811.0608282220 -2000.0000000000
172.3141460342 -1068.9217993189 -68.5213767643
1899.5585643971 -907.7817975568 90.4881949843
1899.5585643971 -907.7817975568 -2000.0000000000
-756.0671705089 -928.6965154835 -478.8973234275
-756.0671705089 -928.6965154835 -2000.0000000000
-756.0671705089 -928.6965154835 -2000.0000000000
361.2549674727 -1642.7879696893 -1350.9168018554
1719.1003278565 -117.2006456892 -1010.3413848828
1719.1003278565 -117.2006456892 -2000.0000000000
1719.1003278565 -117.2006456892 -2000.0000000000
544.6418755031 148.8382041845 368.7435266122
544.6418755031 148.8382041845 -2000.0000000000
544.6418755031 148.8382041845 -2000.0000000000
-1867.3807592388 318.8181387079 389.8342840789
-1915.7854374821 572.0477109541 551.9105392824
3.2742184189 1315.1589211688 -1635.9805584022
3.2742184189 1315.1589211688 -2000.0000000000
3.2742184189 1315.1589211688 -2000.0000000000
3.2742184189 1315.1589211688 -2000.0000000000
-1094.0215878968 1922.0809906333 82.1987266709
-1094.0215878968 1922.0809906333 -2000.0000000000
-1094.0215878968 1922.0809906333 -2000.0000000000
1121.4663561563 457.1043517855 -1790.1071372798
1121.4663561563 457.1043517855 -2000.0000000000
-396.6796254970 -962.2656813319 -47.2755395021
-396.6796254970 -962.2656813319 -2000.0000000000
-396.6796254970 -962.2656813319 -2000.0000000000
-396.6796254970 -962.2656813319 -2000.0000000000
-396.6796254970 -962.2656813319 -2000.0000000000
1907.9343568051 -1436.9449939663 -1359.6939006811
-255.5346753135 1071.5593398627 -177.6047766784
-255.5346753135 1071.5593398627 -2000.0000000000
-255.5346753135 1071.5593398627 -2000.0000000000
-1031.3024589323 398.4927779160 -1051.8644915038
-1031.3024589323 398.4927779160 -2000.0000000000
-1031.3024589323 398.4927779160 -2000.0000000000
-1031.3024589323 398.4927779160 -2000.0000000000
1320.5918609590 -471.9941468219 -809.0456713094
1320.5918609590 -471.9941468219 -2000.0000000000
1320.5918609590 -471.9941468219 -2000.0000000000
-1359.1243115973 179.2661019066 -313.8469984929
-1359.1243115973 179.2661019066 -2000.0000000000
193.3907729559 -1577.0165544078 -263.4909214785
193.3907729559 -1577.0165544078 -2000.0000000000
193.3907729559 -1577.0165544078 -2000.0000000000
193.3907729559 -1577.0165544078 -2000.0000000000
193.3907729559 -1577.0165544078 -2000.0000000000
193.3907729559 -1577.0165544078 -2000.0000000000
193.3907729559 -1577.0165544078 -2000.0000000000
-1446.1693811014 -466.8211431029 -777.0664451134
-1446.1693811014 -466.8211431029 -2000.0000000000
53.1945207055 -421.0944415501 -307.2439016654
53.1945207055 -421.0944415501 -2000.0000000000
-813.1745286507 -1028.1909974036 476.3504370375
-813.1745286507 -1028.1909974036 -2000.0000000000
-813.1745286507 -1028.1909974036 -2000.0000000000
-813.1745286507 -1028.1909974036 -2000.0000000000
-813.1745286507 -1028.1909974036 -2000.0000000000
-813.1745286507 -1028.1909974036 -2000.0000000000
-1967.9836677927 1346.9265680825 -1400.7418658156
-1967.9836677927 1346.9265680825 -2000.0000000000
-1967.9836677927 1346.9265680825 -2000.0000000000
1129.7679290441 -1005.0617326022 1114.8917635765
-289.1652963407 386.3792280952 1588.2207854588
-289.1652963407 386.3792280952 -2000.0000000000
-289.1652963407 386.3792280952 -2000.0000000000
-289.1652963407 386.3792280952 -2000.0000000000
1727.1365455613 -398.7874206128 -305.2848548924
1510.6701665137 465.3806423377 -222.5423316313
1510.6701665137 465.3806423377 -2000.0000000000
-166.8645381398 1848.0285308373 76.5213203902
-166.8645381398 1848.0285308373 -2000.0000000000
623.5675636500 1676.7379328586 1825.4386350214
623.5675636500 1676.7379328586 -2000.0000000000
-459.2823306798 -1930.3832267497 -277.9396954911
-459.2823306798 -1930.3832267497 -2000.0000000000
-459.2823306798 -1930.3832267497 -2000.0000000000
-459.2823306798 -1930.3832267497 -2000.0000000000
-459.2823306798 -1930.3832267497 -2000.0000000000
-459.2823306798 -1930.3832267497 -2000.0000000000
-459.2823306798 -1930.3832267497 -2000.0000000000
-459.2823306798 -1930.3832267497 -2000.0000000000
-459.2823306798 -1930.3832267497 -2000.0000000000
-459.2823306798 -1930.3832267497 -2000.0000000000
-459.2823306798 -1930.3832267497 -2000.0000000000
-459.2823306798 -1930.3832267497 -2000.0000000000
44.4043965692 1146.9455831300 -1159.8557251840
44.4043965692 1146.9455831300 -2000.0000000000
1239.5979651502 329.9572377449 686.8511331828
-525.4378178372 -1937.1281496565 -1441.7181473521
