372.0823246100 1497.9116350958 765.7969120760
372.0823246100 1497.9116350958 -2000.0000000000
372.0823246100 1497.9116350958 -2000.0000000000
1128.2192496479 1115.7594887089 -253.5887832898
-541.5671903966 645.5379256362 -1865.1866988465
-541.5671903966 645.5379256362 -2000.0000000000
-541.5671903966 645.5379256362 -2000.0000000000
-541.5671903966 645.5379256362 -2000.0000000000
-541.5671903966 645.5379256362 -2000.0000000000
-541.5671903966 645.5379256362 -2000.0000000000
-541.5671903966 645.5379256362 -2000.0000000000
-541.5671903966 645.5379256362 -2000.0000000000
-541.5671903966 645.5379256362 -2000.0000000000
1149.7044742348 -586.9824524078 1719.8077266847
1149.7044742348 -586.9824524078 -2000.0000000000
1149.7044742348 -586.9824524078 -2000.0000000000
1149.7044742348 -586.9824524078 -2000.0000000000
1149.7044742348 -586.9824524078 -2000.0000000000
1149.7044742348 -586.9824524078 -2000.0000000000
1149.7044742348 -586.9824524078 -2000.0000000000
1149.7044742348 -586.9824524078 -2000.0000000000
1149.7044742348 -586.9824524078 -2000.0000000000
1149.7044742348 -586.9824524078 -2000.0000000000
1149.7044742348 -586.9824524078 -2000.0000000000
-1840.9997703983 1910.2870707447 924.1730455305
-1840.9997703983 1910.2870707447 -2000.0000000000
-1840.9997703983 1910.2870707447 -2000.0000000000
-1840.9997703983 1910.2870707447 -2000.0000000000
-1840.9997703983 1910.2870707447 -2000.0000000000
-1840.9997703983 1910.2870707447 -2000.0000000000
-1840.9997703983 1910.2870707447 -2000.0000000000
-1840.9997703983 1910.2870707447 -2000.0000000000
-1840.9997703983 1910.2870707447 -2000.0000000000
-1840.9997703983 1910.2870707447 -2000.0000000000
-1840.9997703983 1910.2870707447 -2000.0000000000
-1840.9997703983 1910.2870707447 -2000.0000000000
1006.2758143935 1035.2662676590 622.1740856033
1006.2758143935 1035.2662676590 -2000.0000000000
1006.2758143935 1035.2662676590 -2000.0000000000
384.6467327057 -503.4982294210 169.9835163674
384.6467327057 -503.4982294210 -2000.0000000000
384.6467327057 -503.4982294210 -2000.0000000000
384.6467327057 -503.4982294210 -2000.0000000000
384.6467327057 -503.4982294210 -2000.0000000000
384.6467327057 -503.4982294210 -2000.0000000000
1606.7726289254 -1227.5781285596 673.3153305817
1606.7726289254 -1227.5781285596 -2000.0000000000
1606.7726289254 -1227.5781285596 -2000.0000000000
1675.8870260470 -1463.0835962685 887.1811814718
1675.8870260470 -1463.0835962685 -2000.0000000000
-1300.8045999137 -1414.8781861878 1069.5685786300
-601.1596329296 1178.4152283868 -384.8568527815
-601.1596329296 1178.4152283868 -2000.0000000000
-601.1596329296 1178.4152283868 -2000.0000000000
-601.1596329296 1178.4152283868 -2000.0000000000
-601.1596329296 1178.4152283868 -2000.0000000000
-601.1596329296 1178.4152283868 -2000.0000000000
594.4671508181 -188.0456845009 1064.1923376284
594.4671508181 -188.0456845009 -2000.0000000000
594.4671508181 -188.0456845009 -2000.0000000000
-248.3540162208 750.0501262174 -1210.3119541675
-1860.6918271235 -177.2188664289 844.7955922866
-1860.6918271235 -177.2188664289 -2000.0000000000
-1860.6918271235 -177.2188664289 -2000.0000000000
529.7958252771 -1294.1012839355 906.1662251617
529.7958252771 -1294.1012839355 -2000.0000000000
-702.6829474017 -916.3880212852 -609.7041277053
-702.6829474017 -916.3880212852 -2000.0000000000
575.1297725719 -1415.1655083398 1446.7852369331
575.1297725719 -1415.1655083398 -2000.0000000000
575.1297725719 -1415.1655083398 -2000.0000000000
575.1297725719 -1415.1655083398 -2000.0000000000
518.3127486212 1899.3475984306 1543.0178579926
518.3127486212 1899.3475984306 -2000.0000000000
-1405.1285121543 -607.6519683847 144.9349040393
-1405.1285121543 -607.6519683847 -2000.0000000000
-1405.1285121543 -607.6519683847 -2000.0000000000
-1864.6456147679 -1941.3875448740 321.8941199837
-1864.6456147679 -1941.3875448740 -2000.0000000000
-1864.6456147679 -1941.3875448740 -2000.0000000000
1191.0881474698 817.3211416539 -778.2241450506
1191.0881474698 817.3211416539 -2000.0000000000
1191.0881474698 817.3211416539 -2000.0000000000
1191.0881474698 817.3211416539 -2000.0000000000
14.7847964467 1550.0791949045 -1980.8538184033
14.7847964467 1550.0791949045 -2000.0000000000
14.7847964467 1550.0791949045 -2000.0000000000
14.7847964467 1550.0791949045 -2000.0000000000
1665.7423882952 571.4771251569 1354.6996082968
1665.7423882952 571.4771251569 -2000.0000000000
1665.7423882952 571.4771251569 -2000.0000000000
1665.7423882952 571.4771251569 -2000.0000000000
1665.7423882952 571.4771251569 -2000.0000000000
1665.7423882952 571.4771251569 -2000.0000000000
1665.7423882952 571.4771251569 -2000.0000000000
1929.0125835877 666.0882128882 -187.7698397529
1929.0125835877 666.0882128882 -2000.0000000000
1929.0125835877 666.0882128882 -2000.0000000000
1929.0125835877 666.0882128882 -2000.0000000000
1929.0125835877 666.0882128882 -2000.0000000000
1929.0125835877 666.0882128882 -2000.0000000000
1597.3883774569 1948.3149035903 -967.9787450438
1464.4582337003 -731.0991132525 1284.3078977065
-845.5159262076 -1836.8297504421 -1996.4685376858
-845.5159262076 -1836.8297504421 -2000.0000000000
-845.5159262076 -1836.8297504421 -2000.0000000000
-845.5159262076 -1836.8297504421 -2000.0000000000
-845.5159262076 -1836.8297504421 -2000.0000000000
-1211.9216649954 496.4201559947 -1907.6361608365
-924.4289382463 -903.7670383682 -1969.8115017151
-641.9870946799 -805.1185047335 1768.0804897246
467.6194834918 1428.3821665927 -1006.9791782334
467.6194834918 1428.3821665927 -2000.0000000000
467.6194834918 1428.3821665927 -2000.0000000000
467.6194834918 1428.3821665927 -2000.0000000000
467.6194834918 1428.3821665927 -2000.0000000000
467.6194834918 1428.3821665927 -2000.0000000000
63.2545397729 -1235.5312851232 699.8725990245
-663.4181431227 412.2890276683 939.5479049898
-663.4181431227 412.2890276683 -2000.0000000000
-663.4181431227 412.2890276683 -2000.0000000000
-663.4181431227 412.2890276683 -2000.0000000000
-663.4181431227 412.2890276683 -2000.0000000000
-663.4181431227 412.2890276683 -2000.0000000000
-663.4181431227 412.2890276683 -2000.0000000000
-969.9198761185 -245.6222424648 1201.2159698013
-969.9198761185 -245.6222424648 -2000.0000000000
1672.4741572723 1879.1229805112 1162.5713409679
1248.3392252722 1637.3831007469 -623.6519992912
1248.3392252722 1637.3831007469 -2000.0000000000
1248.3392252722 1637.3831007469 -2000.0000000000
1248.3392252722 1637.3831007469 -2000.0000000000
664.4706924493 1789.9209879494 967.6415950003
664.4706924493 1789.9209879494 -2000.0000000000
664.4706924493 1789.9209879494 -2000.0000000000
-1331.9486185137 11.3919959861 1995.5542961979
-1331.9486185137 11.3919959861 -2000.0000000000
-1064.6288124787 136.1538239116 -1247.7137926947
-1064.6288124787 136.1538239116 -2000.0000000000
-1064.6288124787 136.1538239116 -2000.0000000000
-1064.6288124787 136.1538239116 -2000.0000000000
206.7167850613 -1411.5027861181 -1774.5657986866
206.7167850613 -1411.5027861181 -2000.0000000000
1655.7393102646 1537.1432165261 -552.1167348601
1791.7888845009 1872.6015816456 1530.6056212742
1791.7888845009 1872.6015816456 -2000.0000000000
1791.7888845009 1872.6015816456 -2000.0000000000
1791.7888845009 1872.6015816456 -2000.0000000000
1791.7888845009 1872.6015816456 -2000.0000000000
1791.7888845009 1872.6015816456 -2000.0000000000
1791.7888845009 1872.6015816456 -2000.0000000000
1791.7888845009 1872.6015816456 -2000.0000000000
807.1229318609 1848.8634220998 -521.3912617290
807.1229318609 1848.8634220998 -2000.0000000000
807.1229318609 1848.8634220998 -2000.0000000000
1294.6795136208 1917.1610492608 -1243.1919839846
1294.6795136208 1917.1610492608 -2000.0000000000
1294.6795136208 1917.1610492608 -2000.0000000000
1294.6795136208 1917.1610492608 -2000.0000000000
1294.6795136208 1917.1610492608 -2000.0000000000
1294.6795136208 1917.1610492608 -2000.0000000000
1294.6795136208 1917.1610492608 -2000.0000000000
1294.6795136208 1917.1610492608 -2000.0000000000
1294.6795136208 1917.1610492608 -2000.0000000000
1294.6795136208 1917.1610492608 -2000.0000000000
113.6923728333 -1905.9495534419 -1105.3169467745
113.6923728333 -1905.9495534419 -2000.0000000000
692.0221857460 -1828.0930842092 -175.1506275104
692.0221857460 -1828.0930842092 -2000.0000000000
692.0221857460 -1828.0930842092 -2000.0000000000
-1568.5845309152 1041.5068117790 1871.7696137731
693.6650113174 -1593.0338338440 -956.4565077676
72.5403982821 1322.9664041147 -930.9667440338
72.5403982821 1322.9664041147 -2000.0000000000
1632.9364510262 1441.5022997413 -603.7195374304
1632.9364510262 1441.5022997413 -2000.0000000000
1632.9364510262 1441.5022997413 -2000.0000000000
-283.3047793693 -679.3862864678 1654.4098894346
-283.3047793693 -679.3862864678 -2000.0000000000
-283.3047793693 -679.3862864678 -2000.0000000000
-283.3047793693 -679.3862864678 -2000.0000000000
-283.3047793693 -679.3862864678 -2000.0000000000
87.2755818565 817.5020282628 163.2642873377
87.2755818565 817.5020282628 -2000.0000000000
87.2755818565 817.5020282628 -2000.0000000000
26.0902771643 212.8940307210 -1762.5213658379
26.0902771643 212.8940307210 -2000.0000000000
26.0902771643 212.8940307210 -2000.0000000000
26.0902771643 212.8940307210 -2000.0000000000
26.0902771643 212.8940307210 -2000.0000000000
26.0902771643 212.8940307210 -2000.0000000000
878.3367365201 -725.3183368275 1157.6843333383
961.0220398254 -1216.4581098345 1931.9386490828
1375.2247349395 -1854.4000012747 -190.4161863574
1375.2247349395 -1854.4000012747 -2000.0000000000
1375.2247349395 -1854.4000012747 -2000.0000000000
1233.5839148987 267.9989770403 54.0199982509
1233.5839148987 267.9989770403 -2000.0000000000
1233.5839148987 267.9989770403 -2000.0000000000
-1683.7298701057 -822.9977499671 1713.5716786915
-1683.7298701057 -822.9977499671 -2000.0000000000
-1683.7298701057 -822.9977499671 -2000.0000000000
-1141.7247116907 18.7721463473 -1513.3880663377
-1915.0795590310 117.3971762810 -1091.2287900854
-1915.0795590310 117.3971762810 -2000.0000000000
1059.7917292111 -772.8167694626 1296.6348935769
1059.7917292111 -772.8167694626 -2000.0000000000
1059.7917292111 -772.8167694626 -2000.0000000000
1059.7917292111 -772.8167694626 -2000.0000000000
1059.7917292111 -772.8167694626 -2000.0000000000
1059.7917292111 -772.8167694626 -2000.0000000000
-1856.5273102781 -1509.3686865760 1094.6248294133
1057.7817673292 1394.5893690362 695.1074778004
1057.7817673292 1394.5893690362 -2000.0000000000
1057.7817673292 1394.5893690362 -2000.0000000000
1057.7817673292 1394.5893690362 -2000.0000000000
1057.7817673292 1394.5893690362 -2000.0000000000
1536.5140964613 -872.9444520013 232.2095652205
1536.5140964613 -872.9444520013 -2000.0000000000
-925.2864170362 842.6786653418 1404.2021793536
-925.2864170362 842.6786653418 -2000.0000000000
1656.3638216814 1641.9729394573 1166.1876076395
761.8512107291 -1268.8063693428 -1192.4886928643
761.8512107291 -1268.8063693428 -2000.0000000000
-1479.6965376752 992.0222034977 633.1997090379
-1479.6965376752 992.0222034977 -2000.0000000000
-978.8483274926 -1101.1913014792 -1217.9881255114
-861.5832136026 561.9276652561 -462.8637525186
-861.5832136026 561.9276652561 -2000.0000000000
-861.5832136026 561.9276652561 -2000.0000000000
-861.5832136026 561.9276652561 -2000.0000000000
-320.4082739489 291.1346911939 935.8666826935
598.8909876543 1404.0438009726 -860.5330469248
598.8909876543 1404.0438009726 -2000.0000000000
-1375.7336609242 728.1592259838 -292.4985972710
-1375.7336609242 728.1592259838 -2000.0000000000
-1375.7336609242 728.1592259838 -2000.0000000000
-1375.7336609242 728.1592259838 -2000.0000000000
-1375.7336609242 728.1592259838 -2000.0000000000
-55.6478460030 -1591.1566841611 -1297.0736525766
-55.6478460030 -1591.1566841611 -2000.0000000000
-1336.3988367190 1112.6685193975 286.7890489796
1719.5931580837 1899.2486058234 -1761.1477119450
1719.5931580837 1899.2486058234 -2000.0000000000
1719.5931580837 1899.2486058234 -2000.0000000000
1719.5931580837 1899.2486058234 -2000.0000000000
1719.5931580837 1899.2486058234 -2000.0000000000
1719.5931580837 1899.2486058234 -2000.0000000000
1719.5931580837 1899.2486058234 -2000.0000000000
1719.5931580837 1899.2486058234 -2000.0000000000
1719.5931580837 1899.2486058234 -2000.0000000000
106.2881964171 734.4498098664 1966.7601142710
106.2881964171 734.4498098664 -2000.0000000000
106.2881964171 734.4498098664 -2000.0000000000
106.2881964171 734.4498098664 -2000.0000000000
106.2881964171 734.4498098664 -2000.0000000000
106.2881964171 734.4498098664 -2000.0000000000
106.2881964171 734.4498098664 -2000.0000000000
106.2881964171 734.4498098664 -2000.0000000000
106.2881964171 734.4498098664 -2000.0000000000
106.2881964171 734.4498098664 -2000.0000000000
106.2881964171 734.4498098664 -2000.0000000000
106.2881964171 734.4498098664 -2000.0000000000
106.2881964171 734.4498098664 -2000.0000000000
106.2881964171 734.4498098664 -2000.0000000000
-1005.6607432977 1731.5164170832 1859.9924058090
-1005.6607432977 1731.5164170832 -2000.0000000000
-1005.6607432977 1731.5164170832 -2000.0000000000
854.7638809788 1758.0259724697 -413.9473304680
854.7638809788 1758.0259724697 -2000.0000000000
854.7638809788 1758.0259724697 -2000.0000000000
854.7638809788 1758.0259724697 -2000.0000000000
351.4420852418 118.9434872283 -1996.4172104630
351.4420852418 118.9434872283 -2000.0000000000
351.4420852418 118.9434872283 -2000.0000000000
351.4420852418 118.9434872283 -2000.0000000000
351.4420852418 118.9434872283 -2000.0000000000
351.4420852418 118.9434872283 -2000.0000000000
351.4420852418 118.9434872283 -2000.0000000000
-873.7315938853 -308.9359252082 87.8703390709
-834.9042051826 304.8239122882 -111.4057260923
-834.9042051826 304.8239122882 -2000.0000000000
-834.9042051826 304.8239122882 -2000.0000000000
-834.9042051826 304.8239122882 -2000.0000000000
-834.9042051826 304.8239122882 -2000.0000000000
-834.9042051826 304.8239122882 -2000.0000000000
-834.9042051826 304.8239122882 -2000.0000000000
-550.8444870750 1934.6060115932 1146.3131019553
-550.8444870750 1934.6060115932 -2000.0000000000
-550.8444870750 1934.6060115932 -2000.0000000000
-550.8444870750 1934.6060115932 -2000.0000000000
-550.8444870750 1934.6060115932 -2000.0000000000
-992.6422598102 -412.5430441208 -1545.1627879189
1028.9098980524 -948.1534943764 1212.0677066595
1028.9098980524 -948.1534943764 -2000.0000000000
-189.6606870603 519.9145011361 1813.7524620140
917.1540150328 1722.7386871260 -1388.0486164965
930.0203414059 -712.2449190181 -1357.5873211224
930.0203414059 -712.2449190181 -2000.0000000000
930.0203414059 -712.2449190181 -2000.0000000000
930.0203414059 -712.2449190181 -2000.0000000000
-489.8772413988 1590.8984929123 1607.1389413040
-489.8772413988 1590.8984929123 -2000.0000000000
-489.8772413988 1590.8984929123 -2000.0000000000
-489.8772413988 1590.8984929123 -2000.0000000000
1481.3324825809 -783.9495562014 -1036.2399323245
1481.3324825809 -783.9495562014 -2000.0000000000
1481.3324825809 -783.9495562014 -2000.0000000000
1481.3324825809 -783.9495562014 -2000.0000000000
1481.3324825809 -783.9495562014 -2000.0000000000
1481.3324825809 -783.9495562014 -2000.0000000000
1481.3324825809 -783.9495562014 -2000.0000000000
1481.3324825809 -783.9495562014 -2000.0000000000
1210.5148496182 -1335.8508290618 -132.1787691191
1210.5148496182 -1335.8508290618 -2000.0000000000
1210.5148496182 -1335.8508290618 -2000.0000000000
-1893.6109245486 -980.6193512944 161.0530206396
-1893.6109245486 -980.6193512944 -2000.0000000000
-1893.6109245486 -980.6193512944 -2000.0000000000
-289.0879032910 1526.1213643559 544.5758085422
-289.0879032910 1526.1213643559 -2000.0000000000
-289.0879032910 1526.1213643559 -2000.0000000000
653.9067718273 1340.6892563741 -70.9703426589
653.9067718273 1340.6892563741 -2000.0000000000
653.9067718273 1340.6892563741 -2000.0000000000
653.9067718273 1340.6892563741 -2000.0000000000
543.2921573752 -53.2790298886 -813.8962500872
543.2921573752 -53.2790298886 -2000.0000000000
543.2921573752 -53.2790298886 -2000.0000000000
543.2921573752 -53.2790298886 -2000.0000000000
543.2921573752 -53.2790298886 -2000.0000000000
543.2921573752 -53.2790298886 -2000.0000000000
543.2921573752 -53.2790298886 -2000.0000000000
543.2921573752 -53.2790298886 -2000.0000000000
944.0102236443 -496.8845967248 27.1331377864
944.0102236443 -496.8845967248 -2000.0000000000
944.0102236443 -496.8845967248 -2000.0000000000
944.0102236443 -496.8845967248 -2000.0000000000
944.0102236443 -496.8845967248 -2000.0000000000
944.0102236443 -496.8845967248 -2000.0000000000
944.0102236443 -496.8845967248 -2000.0000000000
812.3123150457 -1196.4183734731 -805.5163117979
812.3123150457 -1196.4183734731 -2000.0000000000
-1710.1510588890 1322.5239809007 466.6220184218
-1710.1510588890 1322.5239809007 -2000.0000000000
-1710.1510588890 1322.5239809007 -2000.0000000000
1994.9595911298 1234.7456328510 -714.9360377491
1994.9595911298 1234.7456328510 -2000.0000000000
-67.7884147555 938.8013984254 1735.0587325123
-67.7884147555 938.8013984254 -2000.0000000000
-67.7884147555 938.8013984254 -2000.0000000000
1292.7083630316 -896.3130236087 -145.9581716274
1292.7083630316 -896.3130236087 -2000.0000000000
-176.6582039326 -1205.6425996327 394.0721204232
-176.6582039326 -1205.6425996327 -2000.0000000000
-176.6582039326 -1205.6425996327 -2000.0000000000
1988.8607854975 -1963.6216446382 -488.2712207113
1544.2022981329 -1899.1141932874 1034.6945881541
1544.2022981329 -1899.1141932874 -2000.0000000000
-126.9420330689 -886.7227562288 441.9845663208
-126.9420330689 -886.7227562288 -2000.0000000000
-126.9420330689 -886.7227562288 -2000.0000000000
-126.9420330689 -886.7227562288 -2000.0000000000
-126.9420330689 -886.7227562288 -2000.0000000000
-126.9420330689 -886.7227562288 -2000.0000000000
-126.9420330689 -886.7227562288 -2000.0000000000
-126.9420330689 -886.7227562288 -2000.0000000000
-90.2192416315 1240.6449042744 1122.0844178634
663.9506168658 -321.6340753633 1205.5399954161
663.9506168658 -321.6340753633 -2000.0000000000
663.9506168658 -321.6340753633 -2000.0000000000
1766.8305745405 1685.1794498052 1569.4763153366
1119.5876952469 -351.6730894532 -995.7160861667
-1326.9468514290 -1518.7879466996 1835.0643842066
-1326.9468514290 -1518.7879466996 -2000.0000000000
-1491.6865989908 -1802.0965430231 -1585.4531115292
459.3957238515 1937.5381465649 1175.6913044213
-177.9029462985 -322.2782816889 798.7924321195
-177.9029462985 -322.2782816889 -2000.0000000000
-1215.2257617381 -529.9639367887 830.4735755529
1016.8776962656 141.3245705832 1214.8850780152
1016.8776962656 141.3245705832 -2000.0000000000
1016.8776962656 141.3245705832 -2000.0000000000
1016.8776962656 141.3245705832 -2000.0000000000
1016.8776962656 141.3245705832 -2000.0000000000
1016.8776962656 141.3245705832 -2000.0000000000
1016.8776962656 141.3245705832 -2000.0000000000
1016.8776962656 141.3245705832 -2000.0000000000
1016.8776962656 141.3245705832 -2000.0000000000
-1636.5447842002 -985.0209991863 -1804.6837970167
-1636.5447842002 -985.0209991863 -2000.0000000000
-1636.5447842002 -985.0209991863 -2000.0000000000
-1636.5447842002 -985.0209991863 -2000.0000000000
-1636.5447842002 -985.0209991863 -2000.0000000000
-1636.5447842002 -985.0209991863 -2000.0000000000
-1636.5447842002 -985.0209991863 -2000.0000000000
-1636.5447842002 -985.0209991863 -2000.0000000000
-1636.5447842002 -985.0209991863 -2000.0000000000
-1636.5447842002 -985.0209991863 -2000.0000000000
1438.0608925875 -1023.8058611427 -1521.2744944210
1438.0608925875 -1023.8058611427 -2000.0000000000
1438.0608925875 -1023.8058611427 -2000.0000000000
1438.0608925875 -1023.8058611427 -2000.0000000000
1501.0619448449 -1794.6800811135 -1346.1463810637
795.0964326919 753.2546837727 -1304.2747251558
795.0964326919 753.2546837727 -2000.0000000000
795.0964326919 753.2546837727 -2000.0000000000
1631.2828800624 156.0098580491 -1231.0132749131
1631.2828800624 156.0098580491 -2000.0000000000
1631.2828800624 156.0098580491 -2000.0000000000
1631.2828800624 156.0098580491 -2000.0000000000
1631.2828800624 156.0098580491 -2000.0000000000
1631.2828800624 156.0098580491 -2000.0000000000
1631.2828800624 156.0098580491 -2000.0000000000
1631.2828800624 156.0098580491 -2000.0000000000
1631.2828800624 156.0098580491 -2000.0000000000
1134.9486666702 1482.0878581453 398.8057745593
1790.8293946101 798.5591664598 469.2851668874
1790.8293946101 798.5591664598 -2000.0000000000
1790.8293946101 798.5591664598 -2000.0000000000
1790.8293946101 798.5591664598 -2000.0000000000
833.3907338023 -1782.5889764846 -1372.8537860402
833.3907338023 -1782.5889764846 -2000.0000000000
833.3907338023 -1782.5889764846 -2000.0000000000
938.1303631451 -528.4036215705 -1790.8986194504
938.1303631451 -528.4036215705 -2000.0000000000
1295.1161881664 -796.3268965193 1892.5507643521
1295.1161881664 -796.3268965193 -2000.0000000000
1295.1161881664 -796.3268965193 -2000.0000000000
-127.3586173632 -50.9064645513 1221.5697580692
-127.3586173632 -50.9064645513 -2000.0000000000
-127.3586173632 -50.9064645513 -2000.0000000000
-127.3586173632 -50.9064645513 -2000.0000000000
-127.3586173632 -50.9064645513 -2000.0000000000
-1774.9926123269 -1692.3321231986 1884.0215314798
-1774.9926123269 -1692.3321231986 -2000.0000000000
555.9104219783 593.0068476698 -363.6431567774
555.9104219783 593.0068476698 -2000.0000000000
1408.7808057740 -834.7729205949 -851.0512820188
-1691.0464830065 -558.8992706277 1447.6214926794
-1691.0464830065 -558.8992706277 -2000.0000000000
-1691.0464830065 -558.8992706277 -2000.0000000000
-1585.6080000478 -1080.3521875695 1731.4164346726
-1585.6080000478 -1080.3521875695 -2000.0000000000
1389.2845590232 -155.7845326375 -572.4940281272
-1790.1668969935 737.1552348773 -1380.6293468402
365.1012147106 108.0497374350 -1858.7202740843
365.1012147106 108.0497374350 -2000.0000000000
365.1012147106 108.0497374350 -2000.0000000000
365.1012147106 108.0497374350 -2000.0000000000
365.1012147106 108.0497374350 -2000.0000000000
365.1012147106 108.0497374350 -2000.0000000000
365.1012147106 108.0497374350 -2000.0000000000
365.1012147106 108.0497374350 -2000.0000000000
-1228.9786520605 -1087.6401772179 25.8032834738
-1228.9786520605 -1087.6401772179 -2000.0000000000
-1228.9786520605 -1087.6401772179 -2000.0000000000
-1228.9786520605 -1087.6401772179 -2000.0000000000
1435.5518105229 -1940.6631337438 186.0790045786
1435.5518105229 -1940.6631337438 -2000.0000000000
1435.5518105229 -1940.6631337438 -2000.0000000000
564.8852067187 -222.4930751327 1303.5945676909
564.8852067187 -222.4930751327 -2000.0000000000
564.8852067187 -222.4930751327 -2000.0000000000
564.8852067187 -222.4930751327 -2000.0000000000
564.8852067187 -222.4930751327 -2000.0000000000
564.8852067187 -222.4930751327 -2000.0000000000
564.8852067187 -222.4930751327 -2000.0000000000
564.8852067187 -222.4930751327 -2000.0000000000
564.8852067187 -222.4930751327 -2000.0000000000
-1755.1666496922 -1503.8754027340 -272.8413582492
-1755.1666496922 -1503.8754027340 -2000.0000000000
-1755.1666496922 -1503.8754027340 -2000.0000000000
-1439.1543489495 304.1269514701 200.5201923613
-1439.1543489495 304.1269514701 -2000.0000000000
-1439.1543489495 304.1269514701 -2000.0000000000
-1439.1543489495 304.1269514701 -2000.0000000000
-1439.1543489495 304.1269514701 -2000.0000000000
1137.4275077056 689.9812527834 756.9226059776
1158.3355576714 -94.1768611891 1489.8773857872
1158.3355576714 -94.1768611891 -2000.0000000000
1158.3355576714 -94.1768611891 -2000.0000000000
1158.3355576714 -94.1768611891 -2000.0000000000
1158.3355576714 -94.1768611891 -2000.0000000000
1158.3355576714 -94.1768611891 -2000.0000000000
1158.3355576714 -94.1768611891 -2000.0000000000
892.5800112831 -709.7482216513 -1566.5675670915
1279.6767053397 -70.5443327190 666.7123658565
1279.6767053397 -70.5443327190 -2000.0000000000
1414.4600118359 841.8247688889 -826.5422941626
1414.4600118359 841.8247688889 -2000.0000000000
1378.6442348072 -874.6521817944 -1405.0511107776
1378.6442348072 -874.6521817944 -2000.0000000000
1378.6442348072 -874.6521817944 -2000.0000000000
1378.6442348072 -874.6521817944 -2000.0000000000
1378.6442348072 -874.6521817944 -2000.0000000000
-1564.8080914969 1202.4387794907 1609.4413262273
-1564.8080914969 1202.4387794907 -2000.0000000000
-918.1705906371 -680.1634492223 -1722.6392541408
-918.1705906371 -680.1634492223 -2000.0000000000
1463.9852229646 1932.5055950826 -1979.2179241763
1463.9852229646 1932.5055950826 -2000.0000000000
1463.9852229646 1932.5055950826 -2000.0000000000
1463.9852229646 1932.5055950826 -2000.0000000000
1463.9852229646 1932.5055950826 -2000.0000000000
-423.0203756850 -1495.5391456360 -1594.9161193246
-423.0203756850 -1495.5391456360 -2000.0000000000
-1634.3509839360 355.3786484959 -772.7013465876
6.8831483419 798.7518302706 -705.7078504409
6.8831483419 798.7518302706 -2000.0000000000
6.8831483419 798.7518302706 -2000.0000000000
-704.7636990790 -1813.7702791135 1352.3271513729
-704.7636990790 -1813.7702791135 -2000.0000000000
-79.4457248354 1616.2429318859 -1946.5321656383
-79.4457248354 1616.2429318859 -2000.0000000000
-79.4457248354 1616.2429318859 -2000.0000000000
-1148.2943681735 -1512.9473984297 -1140.4119491739
312.3625001858 -1858.1192576800 -821.4929298129
246.1558979496 -1014.2162281292 101.5121430029
-1024.5497464235 -1922.5034159011 835.4471835871
1074.7781152660 286.4640186410 -1095.1441226236
1074.7781152660 286.4640186410 -2000.0000000000
1074.7781152660 286.4640186410 -2000.0000000000
1562.0728885156 1424.1249575154 -637.8863073318
1562.0728885156 1424.1249575154 -2000.0000000000
1337.9408573119 1755.5538861528 -403.7091105522
1337.9408573119 1755.5538861528 -2000.0000000000
263.4866417660 -1362.5738050616 1403.2599278283
263.4866417660 -1362.5738050616 -2000.0000000000
263.4866417660 -1362.5738050616 -2000.0000000000
-26.6741366594 1907.3238911153 -245.1803089866
-1046.1169736156 -1276.7734076076 526.2313524083
1914.4743403324 575.4944343764 -676.1242682591
1914.4743403324 575.4944343764 -2000.0000000000
1914.4743403324 575.4944343764 -2000.0000000000
1374.2662048984 -705.0696773992 -1023.8063999971
1374.2662048984 -705.0696773992 -2000.0000000000
1374.2662048984 -705.0696773992 -2000.0000000000
1374.2662048984 -705.0696773992 -2000.0000000000
-820.1901413384 520.0509934116 153.2814528029
-820.1901413384 520.0509934116 -2000.0000000000
-1060.7202103359 1145.5832753478 1653.8631506196
-1060.7202103359 1145.5832753478 -2000.0000000000
-1060.7202103359 1145.5832753478 -2000.0000000000
-1060.7202103359 1145.5832753478 -2000.0000000000
-1060.7202103359 1145.5832753478 -2000.0000000000
-1060.7202103359 1145.5832753478 -2000.0000000000
-1060.7202103359 1145.5832753478 -2000.0000000000
-1258.2350313210 -1841.6868487912 -1011.2505820162
-1258.2350313210 -1841.6868487912 -2000.0000000000
-1258.2350313210 -1841.6868487912 -2000.0000000000
-1258.2350313210 -1841.6868487912 -2000.0000000000
-1258.2350313210 -1841.6868487912 -2000.0000000000
-1258.2350313210 -1841.6868487912 -2000.0000000000
-1258.2350313210 -1841.6868487912 -2000.0000000000
-1258.2350313210 -1841.6868487912 -2000.0000000000
-1258.2350313210 -1841.6868487912 -2000.0000000000
1290.5280370441 -178.2157511864 -25.9350358786
-747.6631801226 -1680.5061763028 648.8103033449
1581.4630851621 1473.7513312622 1911.2078933784
276.8193695565 876.5750000757 -862.5846330255
-832.0940804075 487.2568138037 -1828.5711431749
-832.0940804075 487.2568138037 -2000.0000000000
-832.0940804075 487.2568138037 -2000.0000000000
194.5309798531 278.7860424571 -558.2270958329
194.5309798531 278.7860424571 -2000.0000000000
194.5309798531 278.7860424571 -2000.0000000000
194.5309798531 278.7860424571 -2000.0000000000
-128.3235899779 1786.2765595292 1296.3092727922
-128.3235899779 1786.2765595292 -2000.0000000000
-128.3235899779 1786.2765595292 -2000.0000000000
311.5471687328 761.3037798490 -992.9877377279
311.5471687328 761.3037798490 -2000.0000000000
311.5471687328 761.3037798490 -2000.0000000000
-717.6338062869 1504.8455105344 1333.8923932944
212.0765367000 105.4016299587 197.0674961513
212.0765367000 105.4016299587 -2000.0000000000
212.0765367000 105.4016299587 -2000.0000000000
-409.8463748536 1659.6631028683 -1140.6178877047
-409.8463748536 1659.6631028683 -2000.0000000000
732.3430383111 -559.5783995336 797.1165547217
732.3430383111 -559.5783995336 -2000.0000000000
732.3430383111 -559.5783995336 -2000.0000000000
1140.6200784721 1129.7459572429 1175.5077684756
1140.6200784721 1129.7459572429 -2000.0000000000
1140.6200784721 1129.7459572429 -2000.0000000000
793.5902823638 536.7880622559 -511.1312073099
-1778.3861469040 -1962.9915397062 -1325.1852296171
-1778.3861469040 -1962.9915397062 -2000.0000000000
-1270.3137441059 1375.1574602897 -271.7738805513
1280.3393496145 1769.5468069854 -226.9743542864
1273.8368202739 -1311.2794977216 -171.3480821805
-1210.3511747663 -554.0874745977 -908.1049898645
971.0786509888 -180.0005172389 722.9230362114
971.0786509888 -180.0005172389 -2000.0000000000
1342.1669398752 -1871.4148871363 988.3406473741
838.8117338958 -1853.1594894999 -1162.1096354383
838.8117338958 -1853.1594894999 -2000.0000000000
838.8117338958 -1853.1594894999 -2000.0000000000
838.8117338958 -1853.1594894999 -2000.0000000000
838.8117338958 -1853.1594894999 -2000.0000000000
1906.5801497853 853.7768166549 1751.0657916531
1906.5801497853 853.7768166549 -2000.0000000000
1906.5801497853 853.7768166549 -2000.0000000000
1906.5801497853 853.7768166549 -2000.0000000000
1906.5801497853 853.7768166549 -2000.0000000000
7.2315210265 1808.1902821177 1528.7155912071
1892.2264082938 566.4663557645 1791.2845836186
1006.1792065085 -1886.3923145663 -1598.6600624229
1006.1792065085 -1886.3923145663 -2000.0000000000
1006.1792065085 -1886.3923145663 -2000.0000000000
-1606.4301335110 -1070.6958111085 285.4404745038
-470.3271728554 -1364.5401372133 -423.2458587555
-1081.9754157771 -1345.6771273493 -823.0812977134
-1617.5699645046 263.0548261967 888.8512976842
-1529.8481081705 -960.2824174425 977.6674751957
-1529.8481081705 -960.2824174425 -2000.0000000000
-1529.8481081705 -960.2824174425 -2000.0000000000
867.0726972868 243.6204121355 -110.7723106598
867.0726972868 243.6204121355 -2000.0000000000
-964.4519428700 1720.1247535379 -1491.7904195229
502.8654342753 -1350.9642575553 -1103.1340744966
502.8654342753 -1350.9642575553 -2000.0000000000
53.0023085734 -150.3884796028 72.1619962909
53.0023085734 -150.3884796028 -2000.0000000000
1084.4239321216 1276.8946361631 1256.9334943857
-1006.4825665740 -1482.7168385886 1932.5523266035
-1006.4825665740 -1482.7168385886 -2000.0000000000
-1006.4825665740 -1482.7168385886 -2000.0000000000
-1006.4825665740 -1482.7168385886 -2000.0000000000
-1006.4825665740 -1482.7168385886 -2000.0000000000
-1006.4825665740 -1482.7168385886 -2000.0000000000
-1006.4825665740 -1482.7168385886 -2000.0000000000
-1006.4825665740 -1482.7168385886 -2000.0000000000
-1006.4825665740 -1482.7168385886 -2000.0000000000
-1006.4825665740 -1482.7168385886 -2000.0000000000
-1756.3374704703 -1514.8785758962 -1544.5900624605
-1756.3374704703 -1514.8785758962 -2000.0000000000
-1875.2775411771 532.3697106825 -1629.3978951747
675.9725170343 833.4201934500 -1380.0815785379
-1566.4923099758 -1640.0960934938 -1777.6387677691
-1566.4923099758 -1640.0960934938 -2000.0000000000
507.3031231678 -1163.8269811040 -1312.1386741072
-447.1923969376 -108.0986970326 -949.8477485947
-447.1923969376 -108.0986970326 -2000.0000000000
-832.0729355797 -1719.5756929617 6.8822748532
-832.0729355797 -1719.5756929617 -2000.0000000000
-832.0729355797 -1719.5756929617 -2000.0000000000
-832.0729355797 -1719.5756929617 -2000.0000000000
-832.0729355797 -1719.5756929617 -2000.0000000000
-832.0729355797 -1719.5756929617 -2000.0000000000
697.6938352253 1081.6396126255 1550.9625171451
697.6938352253 1081.6396126255 -2000.0000000000
697.6938352253 1081.6396126255 -2000.0000000000
697.6938352253 1081.6396126255 -2000.0000000000
697.6938352253 1081.6396126255 -2000.0000000000
697.6938352253 1081.6396126255 -2000.0000000000
697.6938352253 1081.6396126255 -2000.0000000000
697.6938352253 1081.6396126255 -2000.0000000000
697.6938352253 1081.6396126255 -2000.0000000000
-842.1192415417 127.2874657779 1913.4796551060
1553.6482982747 628.3516046004 724.5217446924
1553.6482982747 628.3516046004 -2000.0000000000
1537.4142242895 -1157.1580158229 -498.4996017803
1537.4142242895 -1157.1580158229 -2000.0000000000
822.1070601381 28.1263719836 1901.7413316931
822.1070601381 28.1263719836 -2000.0000000000
822.1070601381 28.1263719836 -2000.0000000000
822.1070601381 28.1263719836 -2000.0000000000
107.3515465808 1518.5013450206 -734.5890891602
-1166.1804224633 734.2610177232 -599.0964634530
-1166.1804224633 734.2610177232 -2000.0000000000
-1166.1804224633 734.2610177232 -2000.0000000000
-1166.1804224633 734.2610177232 -2000.0000000000
-1166.1804224633 734.2610177232 -2000.0000000000
-1166.1804224633 734.2610177232 -2000.0000000000
-1166.1804224633 734.2610177232 -2000.0000000000
-1166.1804224633 734.2610177232 -2000.0000000000
-1166.1804224633 734.2610177232 -2000.0000000000
-1166.1804224633 734.2610177232 -2000.0000000000
-1166.1804224633 734.2610177232 -2000.0000000000
-1166.1804224633 734.2610177232 -2000.0000000000
-1166.1804224633 734.2610177232 -2000.0000000000
-1166.1804224633 734.2610177232 -2000.0000000000
1040.6862836871 -821.6147680771 -226.1189238286
-21.0280073719 779.3506463067 -1030.7555684335
-21.0280073719 779.3506463067 -2000.0000000000
-21.0280073719 779.3506463067 -2000.0000000000
-21.0280073719 779.3506463067 -2000.0000000000
-21.0280073719 779.3506463067 -2000.0000000000
-1660.3471675640 383.4690885635 -1484.7747685447
-1660.3471675640 383.4690885635 -2000.0000000000
-1660.3471675640 383.4690885635 -2000.0000000000
-1660.3471675640 383.4690885635 -2000.0000000000
-1660.3471675640 383.4690885635 -2000.0000000000
537.5235044914 -1787.9602839071 1246.4121354290
537.5235044914 -1787.9602839071 -2000.0000000000
537.5235044914 -1787.9602839071 -2000.0000000000
537.5235044914 -1787.9602839071 -2000.0000000000
537.5235044914 -1787.9602839071 -2000.0000000000
537.5235044914 -1787.9602839071 -2000.0000000000
985.6302985897 -272.1889747735 384.0413383859
-206.3646243522 1627.1751681305 -1258.9214144259
-1496.2939605320 -1195.5168237736 -536.9989406975
-1496.2939605320 -1195.5168237736 -2000.0000000000
-1496.2939605320 -1195.5168237736 -2000.0000000000
-1496.2939605320 -1195.5168237736 -2000.0000000000
-1496.2939605320 -1195.5168237736 -2000.0000000000
449.6915057813 -1657.0053905666 -1317.4701591593
449.6915057813 -1657.0053905666 -2000.0000000000
449.6915057813 -1657.0053905666 -2000.0000000000
449.6915057813 -1657.0053905666 -2000.0000000000
449.6915057813 -1657.0053905666 -2000.0000000000
1697.7565279426 -55.3089686369 -1225.9369019825
1697.7565279426 -55.3089686369 -2000.0000000000
1697.7565279426 -55.3089686369 -2000.0000000000
1697.7565279426 -55.3089686369 -2000.0000000000
1697.7565279426 -55.3089686369 -2000.0000000000
564.7739352348 526.7239529907 -54.9865528492
564.7739352348 526.7239529907 -2000.0000000000
564.7739352348 526.7239529907 -2000.0000000000
564.7739352348 526.7239529907 -2000.0000000000
564.7739352348 526.7239529907 -2000.0000000000
-660.4551292471 1799.0519591569 -30.7885533655
-660.4551292471 1799.0519591569 -2000.0000000000
-219.3694020055 84.8319443803 -1422.1802894837
-219.3694020055 84.8319443803 -2000.0000000000
-219.3694020055 84.8319443803 -2000.0000000000
-219.3694020055 84.8319443803 -2000.0000000000
1356.0061036176 582.8243455113 1085.7735785896
-110.7205783000 804.0480290945 -1929.1493177774
-110.7205783000 804.0480290945 -2000.0000000000
-110.7205783000 804.0480290945 -2000.0000000000
-110.7205783000 804.0480290945 -2000.0000000000
-110.7205783000 804.0480290945 -2000.0000000000
-110.7205783000 804.0480290945 -2000.0000000000
-110.7205783000 804.0480290945 -2000.0000000000
-110.7205783000 804.0480290945 -2000.0000000000
-769.1580958053 -285.6105820795 903.6760705109
-769.1580958053 -285.6105820795 -2000.0000000000
-769.1580958053 -285.6105820795 -2000.0000000000
-769.1580958053 -285.6105820795 -2000.0000000000
-1654.2738734153 -1647.3278630119 -1466.2837049526
-1654.2738734153 -1647.3278630119 -2000.0000000000
-1654.2738734153 -1647.3278630119 -2000.0000000000
-1654.2738734153 -1647.3278630119 -2000.0000000000
-1654.2738734153 -1647.3278630119 -2000.0000000000
-1654.2738734153 -1647.3278630119 -2000.0000000000
1886.8118018242 -1301.1371620933 -526.9799511680
1886.8118018242 -1301.1371620933 -2000.0000000000
1886.8118018242 -1301.1371620933 -2000.0000000000
1886.8118018242 -1301.1371620933 -2000.0000000000
1886.8118018242 -1301.1371620933 -2000.0000000000
1886.8118018242 -1301.1371620933 -2000.0000000000
1886.8118018242 -1301.1371620933 -2000.0000000000
1886.8118018242 -1301.1371620933 -2000.0000000000
-865.2906117853 1374.5763013254 53.3386297032
-865.2906117853 1374.5763013254 -2000.0000000000
-865.2906117853 1374.5763013254 -2000.0000000000
1933.6312346300 -1386.3048436938 986.7778509443
1933.6312346300 -1386.3048436938 -2000.0000000000
1933.6312346300 -1386.3048436938 -2000.0000000000
1933.6312346300 -1386.3048436938 -2000.0000000000
1933.6312346300 -1386.3048436938 -2000.0000000000
985.0324629802 -1482.3655386797 -292.9907353141
985.0324629802 -1482.3655386797 -2000.0000000000
252.5168138701 1729.8303854873 -459.2789353935
252.5168138701 1729.8303854873 -2000.0000000000
252.5168138701 1729.8303854873 -2000.0000000000
252.5168138701 1729.8303854873 -2000.0000000000
252.5168138701 1729.8303854873 -2000.0000000000
252.5168138701 1729.8303854873 -2000.0000000000
252.5168138701 1729.8303854873 -2000.0000000000
252.5168138701 1729.8303854873 -2000.0000000000
252.5168138701 1729.8303854873 -2000.0000000000
252.5168138701 1729.8303854873 -2000.0000000000
252.5168138701 1729.8303854873 -2000.0000000000
-546.4582434742 -683.5182663069 281.1276394747
-546.4582434742 -683.5182663069 -2000.0000000000
-546.4582434742 -683.5182663069 -2000.0000000000
-546.4582434742 -683.5182663069 -2000.0000000000
-406.8230338537 1628.2663325606 1864.1025000729
-406.8230338537 1628.2663325606 -2000.0000000000
-406.8230338537 1628.2663325606 -2000.0000000000
-406.8230338537 1628.2663325606 -2000.0000000000
-406.8230338537 1628.2663325606 -2000.0000000000
-406.8230338537 1628.2663325606 -2000.0000000000
-406.8230338537 1628.2663325606 -2000.0000000000
-406.8230338537 1628.2663325606 -2000.0000000000
-406.8230338537 1628.2663325606 -2000.0000000000
-1390.2657270639 -18.9685436942 1224.1498006295
-1390.2657270639 -18.9685436942 -2000.0000000000
-1390.2657270639 -18.9685436942 -2000.0000000000
-1390.2657270639 -18.9685436942 -2000.0000000000
-1390.2657270639 -18.9685436942 -2000.0000000000
-1390.2657270639 -18.9685436942 -2000.0000000000
-1390.2657270639 -18.9685436942 -2000.0000000000
-1390.2657270639 -18.9685436942 -2000.0000000000
-1390.2657270639 -18.9685436942 -2000.0000000000
-23.5528410321 1350.4695365475 -1920.2700765239
-1404.3451451877 1669.0167974717 -796.2188682576
-1404.3451451877 1669.0167974717 -2000.0000000000
-1404.3451451877 1669.0167974717 -2000.0000000000
-1404.3451451877 1669.0167974717 -2000.0000000000
-1404.3451451877 1669.0167974717 -2000.0000000000
-1404.3451451877 1669.0167974717 -2000.0000000000
-1404.3451451877 1669.0167974717 -2000.0000000000
-1404.3451451877 1669.0167974717 -2000.0000000000
-1404.3451451877 1669.0167974717 -2000.0000000000
1934.5931038571 1836.4152214232 1166.1697329678
1934.5931038571 1836.4152214232 -2000.0000000000
1934.5931038571 1836.4152214232 -2000.0000000000
1934.5931038571 1836.4152214232 -2000.0000000000
1934.5931038571 1836.4152214232 -2000.0000000000
1934.5931038571 1836.4152214232 -2000.0000000000
1569.7393872501 415.8535485226 1695.3103585576
1569.7393872501 415.8535485226 -2000.0000000000
1569.7393872501 415.8535485226 -2000.0000000000
1569.7393872501 415.8535485226 -2000.0000000000
-1453.3279982130 242.4628990938 589.2267461278
-1453.3279982130 242.4628990938 -2000.0000000000
1817.1348552318 -1320.4557287471 213.2877603647
-1768.3613295870 1421.3090969593 1059.2502497830
-1768.3613295870 1421.3090969593 -2000.0000000000
-1768.3613295870 1421.3090969593 -2000.0000000000
-1768.3613295870 1421.3090969593 -2000.0000000000
-1768.3613295870 1421.3090969593 -2000.0000000000
425.7931964090 -1002.4206311687 1881.5353017191
425.7931964090 -1002.4206311687 -2000.0000000000
1774.3961548030 631.9626422388 1072.3985796290
1774.3961548030 631.9626422388 -2000.0000000000
1774.3961548030 631.9626422388 -2000.0000000000
-1677.2055805813 -181.1680911843 -1919.4474646781
1757.0866525951 78.1043978125 -566.5965345069
252.0291846949 -1171.5279697424 -1236.5033217816
252.0291846949 -1171.5279697424 -2000.0000000000
252.0291846949 -1171.5279697424 -2000.0000000000
515.3260531220 -1804.3540523435 -1377.4572426958
515.3260531220 -1804.3540523435 -2000.0000000000
515.3260531220 -1804.3540523435 -2000.0000000000
300.7982889072 -1631.4540926148 938.0546998168
-398.9877053890 1070.8949516443 135.6296313379
-571.5944394321 1577.7624202471 1896.3138081339
-571.5944394321 1577.7624202471 -2000.0000000000
654.6592313298 147.9506971585 -348.3288231198
-1603.3491532227 717.5952836116 1477.8849423862
-1603.3491532227 717.5952836116 -2000.0000000000
-1603.3491532227 717.5952836116 -2000.0000000000
-1763.1392602775 1749.8445932220 1565.8702957769
-1763.1392602775 1749.8445932220 -2000.0000000000
-1763.1392602775 1749.8445932220 -2000.0000000000
-1763.1392602775 1749.8445932220 -2000.0000000000
-1445.8470680041 -482.1130807699 713.4615708900
1117.3862718190 257.0200455287 -116.1641268308
1117.3862718190 257.0200455287 -2000.0000000000
-133.5777906016 864.1586575710 560.3032334296
-133.5777906016 864.1586575710 -2000.0000000000
152.8242934061 411.1913065481 -907.6464215068
152.8242934061 411.1913065481 -2000.0000000000
152.8242934061 411.1913065481 -2000.0000000000
934.1520920048 -1186.5135742685 -774.8579510971
934.1520920048 -1186.5135742685 -2000.0000000000
934.1520920048 -1186.5135742685 -2000.0000000000
934.1520920048 -1186.5135742685 -2000.0000000000
934.1520920048 -1186.5135742685 -2000.0000000000
934.1520920048 -1186.5135742685 -2000.0000000000
934.1520920048 -1186.5135742685 -2000.0000000000
934.1520920048 -1186.5135742685 -2000.0000000000
934.1520920048 -1186.5135742685 -2000.0000000000
934.1520920048 -1186.5135742685 -2000.0000000000
934.1520920048 -1186.5135742685 -2000.0000000000
1688.9097751462 703.1078808269 -872.7829655882
1688.9097751462 703.1078808269 -2000.0000000000
1688.9097751462 703.1078808269 -2000.0000000000
1688.9097751462 703.1078808269 -2000.0000000000
517.0005958751 1142.9122303919 588.0073618331
517.0005958751 1142.9122303919 -2000.0000000000
517.0005958751 1142.9122303919 -2000.0000000000
-127.5680157869 -137.0068921357 -1926.7409725846
1755.5717708462 1359.1348709577 570.7909706269
1880.7440435981 -337.7626569076 1837.0990499380
1880.7440435981 -337.7626569076 -2000.0000000000
1880.7440435981 -337.7626569076 -2000.0000000000
1880.7440435981 -337.7626569076 -2000.0000000000
-1030.9292849193 -980.2136694763 -151.5301656750
-1030.9292849193 -980.2136694763 -2000.0000000000
1292.8083520693 -1951.0366980136 -1350.2486204012
1516.8511955571 1162.5167262925 1680.4833011053
-1821.6393961586 -410.1190625976 1370.4421853761
1685.9233290533 101.7303160295 -927.9708657658
1685.9233290533 101.7303160295 -2000.0000000000
1685.9233290533 101.7303160295 -2000.0000000000
1685.9233290533 101.7303160295 -2000.0000000000
-1358.1863541843 1132.7881157050 956.0780954887
-1263.0730483398 -1557.9451270346 -1228.3942421396
-1263.0730483398 -1557.9451270346 -2000.0000000000
1309.6868852432 -874.4036511447 -1802.9918218040
1309.6868852432 -874.4036511447 -2000.0000000000
309.0992947626 -91.4640488229 -302.3665936102
-139.0208866573 1892.9098308484 89.7712900666
-139.0208866573 1892.9098308484 -2000.0000000000
-139.0208866573 1892.9098308484 -2000.0000000000
-139.0208866573 1892.9098308484 -2000.0000000000
-139.0208866573 1892.9098308484 -2000.0000000000
-67.7330334584 -565.6835057877 10.1730795703
339.7750030006 1546.3788341594 515.7415684959
339.7750030006 1546.3788341594 -2000.0000000000
339.7750030006 1546.3788341594 -2000.0000000000
339.7750030006 1546.3788341594 -2000.0000000000
339.7750030006 1546.3788341594 -2000.0000000000
339.7750030006 1546.3788341594 -2000.0000000000
-413.9850924247 -704.5543563671 1322.7286018487
-1081.1775892330 1773.8553511943 -1707.0503292111
-1081.1775892330 1773.8553511943 -2000.0000000000
-1081.1775892330 1773.8553511943 -2000.0000000000
-1081.1775892330 1773.8553511943 -2000.0000000000
-1081.1775892330 1773.8553511943 -2000.0000000000
-1081.1775892330 1773.8553511943 -2000.0000000000
-899.0412992672 1491.2332179583 -1424.8039526272
-899.0412992672 1491.2332179583 -2000.0000000000
1286.4035699733 1314.4956708794 1016.2254552185
1286.4035699733 1314.4956708794 -2000.0000000000
1286.4035699733 1314.4956708794 -2000.0000000000
1286.4035699733 1314.4956708794 -2000.0000000000
1286.4035699733 1314.4956708794 -2000.0000000000
595.0341718254 1670.7913955369 297.4525876155
595.0341718254 1670.7913955369 -2000.0000000000
-1718.4024268746 509.6697130352 257.0264532188
-1718.4024268746 509.6697130352 -2000.0000000000
-1718.4024268746 509.6697130352 -2000.0000000000
-1718.4024268746 509.6697130352 -2000.0000000000
1560.6240837643 1029.4149984601 701.3518790488
1560.6240837643 1029.4149984601 -2000.0000000000
1560.6240837643 1029.4149984601 -2000.0000000000
1560.6240837643 1029.4149984601 -2000.0000000000
1103.9266111220 1345.5979568652 1909.3210428210
1103.9266111220 1345.5979568652 -2000.0000000000
1103.9266111220 1345.5979568652 -2000.0000000000
1103.9266111220 1345.5979568652 -2000.0000000000
1103.9266111220 1345.5979568652 -2000.0000000000
1103.9266111220 1345.5979568652 -2000.0000000000
-1443.4839454717 -618.9747589056 -1163.4199113632
-1443.4839454717 -618.9747589056 -2000.0000000000
157.3635992272 -1612.4054426795 66.1882563530
157.3635992272 -1612.4054426795 -2000.0000000000
446.4036092833 -1124.7252967543 -788.6946565470
-1548.2896741222 1187.1849180864 -1050.5201995379
-1548.2896741222 1187.1849180864 -2000.0000000000
-1548.2896741222 1187.1849180864 -2000.0000000000
-1548.2896741222 1187.1849180864 -2000.0000000000
-1548.2896741222 1187.1849180864 -2000.0000000000
-1548.2896741222 1187.1849180864 -2000.0000000000
-1548.2896741222 1187.1849180864 -2000.0000000000
-785.1325021183 -921.0942188859 -1412.6639314976
-785.1325021183 -921.0942188859 -2000.0000000000
1735.5556565229 -1330.3885848817 -204.9896601045
1735.5556565229 -1330.3885848817 -2000.0000000000
-1851.9107328334 -494.3715230558 1291.8860858904
-1851.9107328334 -494.3715230558 -2000.0000000000
-715.2099911280 769.0826669138 -377.6048264335
-715.2099911280 769.0826669138 -2000.0000000000
-715.2099911280 769.0826669138 -2000.0000000000
-715.2099911280 769.0826669138 -2000.0000000000
-715.2099911280 769.0826669138 -2000.0000000000
-715.2099911280 769.0826669138 -2000.0000000000
-715.2099911280 769.0826669138 -2000.0000000000
-715.2099911280 769.0826669138 -2000.0000000000
-715.2099911280 769.0826669138 -2000.0000000000
-715.2099911280 769.0826669138 -2000.0000000000
-1441.7196755575 -810.1275309384 -1897.6803914426
-1441.7196755575 -810.1275309384 -2000.0000000000
-127.0199686950 -407.5560987477 1345.0798470447
-846.1068717617 1290.4407895425 -60.4839312416
-846.1068717617 1290.4407895425 -2000.0000000000
1875.4420705112 -1575.3746635270 745.4280325801
1875.4420705112 -1575.3746635270 -2000.0000000000
1875.4420705112 -1575.3746635270 -2000.0000000000
1875.4420705112 -1575.3746635270 -2000.0000000000
1875.4420705112 -1575.3746635270 -2000.0000000000
1875.4420705112 -1575.3746635270 -2000.0000000000
1579.0384723699 -1304.9596648451 1267.9577335224
-1900.2648727547 1395.2703896332 1510.2703674109
-1900.2648727547 1395.2703896332 -2000.0000000000
-223.0626203466 976.5791741402 177.3663678529
-223.0626203466 976.5791741402 -2000.0000000000
-223.0626203466 976.5791741402 -2000.0000000000
-128.4070381059 -1116.2703313605 261.1701104755
-128.4070381059 -1116.2703313605 -2000.0000000000
-128.4070381059 -1116.2703313605 -2000.0000000000
-128.4070381059 -1116.2703313605 -2000.0000000000
-128.4070381059 -1116.2703313605 -2000.0000000000
-128.4070381059 -1116.2703313605 -2000.0000000000
-128.4070381059 -1116.2703313605 -2000.0000000000
-128.4070381059 -1116.2703313605 -2000.0000000000
-128.4070381059 -1116.2703313605 -2000.0000000000
-128.4070381059 -1116.2703313605 -2000.0000000000
-128.4070381059 -1116.2703313605 -2000.0000000000
271.0902580986 -19.4084716457 -379.2973230581
271.0902580986 -19.4084716457 -2000.0000000000
271.0902580986 -19.4084716457 -2000.0000000000
271.0902580986 -19.4084716457 -2000.0000000000
271.0902580986 -19.4084716457 -2000.0000000000
-1781.5981726170 -984.6316510228 823.2452464271
558.3918400671 487.8878593273 -947.3651470031
558.3918400671 487.8878593273 -2000.0000000000
558.3918400671 487.8878593273 -2000.0000000000
558.3918400671 487.8878593273 -2000.0000000000
558.3918400671 487.8878593273 -2000.0000000000
-1334.5662935550 -1013.8158945628 1036.5971090324
-1334.5662935550 -1013.8158945628 -2000.0000000000
-1334.5662935550 -1013.8158945628 -2000.0000000000
-1334.5662935550 -1013.8158945628 -2000.0000000000
-1334.5662935550 -1013.8158945628 -2000.0000000000
-1334.5662935550 -1013.8158945628 -2000.0000000000
-99.0502277684 165.5297624697 -1691.0670691425
-1061.2503179396 1766.4878481803 -638.7258466094
-1347.2248370401 941.0608948707 1985.4462826138
-1347.2248370401 941.0608948707 -2000.0000000000
-1347.2248370401 941.0608948707 -2000.0000000000
-1347.2248370401 941.0608948707 -2000.0000000000
-1347.2248370401 941.0608948707 -2000.0000000000
367.2343288481 -468.7171014310 1407.0263848160
367.2343288481 -468.7171014310 -2000.0000000000
-1959.3472602839 -718.8679048062 1092.0707774414
-1959.3472602839 -718.8679048062 -2000.0000000000
-481.2985816118 -1512.9569198415 1115.7979463713
1912.8928893623 -1406.0671837403 -1125.6590958983
1912.8928893623 -1406.0671837403 -2000.0000000000
1912.8928893623 -1406.0671837403 -2000.0000000000
1506.1137863421 -507.8633945965 -825.6995821099
1878.7011804048 1450.5458138067 1352.3278001893
950.4589279779 1496.0342187827 -1547.7371191048
950.4589279779 1496.0342187827 -2000.0000000000
950.4589279779 1496.0342187827 -2000.0000000000
-28.0904797086 1401.3757286485 -1247.7309776982
-28.0904797086 1401.3757286485 -2000.0000000000
-28.0904797086 1401.3757286485 -2000.0000000000
1297.0504894110 -1150.2797869873 -1046.0724445285
1297.0504894110 -1150.2797869873 -2000.0000000000
298.4462082691 -35.1703526153 1773.1625552100
298.4462082691 -35.1703526153 -2000.0000000000
298.4462082691 -35.1703526153 -2000.0000000000
298.4462082691 -35.1703526153 -2000.0000000000
298.4462082691 -35.1703526153 -2000.0000000000
298.4462082691 -35.1703526153 -2000.0000000000
298.4462082691 -35.1703526153 -2000.0000000000
298.4462082691 -35.1703526153 -2000.0000000000
298.4462082691 -35.1703526153 -2000.0000000000
298.4462082691 -35.1703526153 -2000.0000000000
298.4462082691 -35.1703526153 -2000.0000000000
298.4462082691 -35.1703526153 -2000.0000000000
298.4462082691 -35.1703526153 -2000.0000000000
298.4462082691 -35.1703526153 -2000.0000000000
298.4462082691 -35.1703526153 -2000.0000000000
-1889.4164005779 323.4385133310 -1385.5179944670
-1889.4164005779 323.4385133310 -2000.0000000000
294.7787523642 1424.6266424870 1727.9907736521
345.1758921833 -1470.0203269821 -1012.5385009949
1015.0544108424 -529.4380482453 -636.9652268263
1015.0544108424 -529.4380482453 -2000.0000000000
1015.0544108424 -529.4380482453 -2000.0000000000
982.8133098157 399.2928650008 -1515.6454080003
982.8133098157 399.2928650008 -2000.0000000000
982.8133098157 399.2928650008 -2000.0000000000
982.8133098157 399.2928650008 -2000.0000000000
982.8133098157 399.2928650008 -2000.0000000000
982.8133098157 399.2928650008 -2000.0000000000
982.8133098157 399.2928650008 -2000.0000000000
982.8133098157 399.2928650008 -2000.0000000000
250.5002705594 1910.8998860375 1483.9986019589
250.5002705594 1910.8998860375 -2000.0000000000
250.5002705594 1910.8998860375 -2000.0000000000
250.5002705594 1910.8998860375 -2000.0000000000
250.5002705594 1910.8998860375 -2000.0000000000
250.5002705594 1910.8998860375 -2000.0000000000
379.3659937579 66.3891454978 -1805.9277365099
379.3659937579 66.3891454978 -2000.0000000000
379.3659937579 66.3891454978 -2000.0000000000
379.3659937579 66.3891454978 -2000.0000000000
379.3659937579 66.3891454978 -2000.0000000000
-1117.4569145755 -1309.8406312008 1555.6362690140
-1117.4569145755 -1309.8406312008 -2000.0000000000
-1117.4569145755 -1309.8406312008 -2000.0000000000
-1839.6267793522 1787.9079626626 -947.2871349938
-1839.6267793522 1787.9079626626 -2000.0000000000
-1839.6267793522 1787.9079626626 -2000.0000000000
-1839.6267793522 1787.9079626626 -2000.0000000000
-1839.6267793522 1787.9079626626 -2000.0000000000
-1070.2559873176 -1463.8758082783 1600.1268893130
-350.6746107059 -1277.6467241605 -1542.3545474864
-350.6746107059 -1277.6467241605 -2000.0000000000
-350.6746107059 -1277.6467241605 -2000.0000000000
-350.6746107059 -1277.6467241605 -2000.0000000000
-350.6746107059 -1277.6467241605 -2000.0000000000
-350.6746107059 -1277.6467241605 -2000.0000000000
-350.6746107059 -1277.6467241605 -2000.0000000000
-350.6746107059 -1277.6467241605 -2000.0000000000
-350.6746107059 -1277.6467241605 -2000.0000000000
-350.6746107059 -1277.6467241605 -2000.0000000000
-350.6746107059 -1277.6467241605 -2000.0000000000
304.2631354632 -126.4722142343 1409.2708626659
65.0641731045 -1980.2649692914 1950.4034678180
65.0641731045 -1980.2649692914 -2000.0000000000
882.5294097217 1994.4055646998 -383.2612563953
882.5294097217 1994.4055646998 -2000.0000000000
882.5294097217 1994.4055646998 -2000.0000000000
882.5294097217 1994.4055646998 -2000.0000000000
1751.8387528973 826.5363472469 -1418.9613602496
1751.8387528973 826.5363472469 -2000.0000000000
-1479.9261051090 -584.5138856359 -162.6764984195
-1479.9261051090 -584.5138856359 -2000.0000000000
-1479.9261051090 -584.5138856359 -2000.0000000000
-1479.9261051090 -584.5138856359 -2000.0000000000
-1479.9261051090 -584.5138856359 -2000.0000000000
544.0496331274 -602.0793621107 -368.3973980687
544.0496331274 -602.0793621107 -2000.0000000000
544.0496331274 -602.0793621107 -2000.0000000000
544.0496331274 -602.0793621107 -2000.0000000000
-1602.1483245422 -767.5472632374 -219.2644147121
-1602.1483245422 -767.5472632374 -2000.0000000000
-1602.1483245422 -767.5472632374 -2000.0000000000
-1602.1483245422 -767.5472632374 -2000.0000000000
-1602.1483245422 -767.5472632374 -2000.0000000000
-1602.1483245422 -767.5472632374 -2000.0000000000
-1602.1483245422 -767.5472632374 -2000.0000000000
-1602.1483245422 -767.5472632374 -2000.0000000000
-1602.1483245422 -767.5472632374 -2000.0000000000
-1899.0166984078 -1811.8755510923 455.6429546764
-1899.0166984078 -1811.8755510923 -2000.0000000000
-1899.0166984078 -1811.8755510923 -2000.0000000000
-1899.0166984078 -1811.8755510923 -2000.0000000000
-1899.0166984078 -1811.8755510923 -2000.0000000000
-1899.0166984078 -1811.8755510923 -2000.0000000000
-1899.0166984078 -1811.8755510923 -2000.0000000000
1178.8621793667 1128.5236120653 1503.8721172483
1178.8621793667 1128.5236120653 -2000.0000000000
1636.0621813524 -330.3615987835 831.6174110047
1636.0621813524 -330.3615987835 -2000.0000000000
-1362.5247581657 -1081.7621213414 -176.5859160467
-1362.5247581657 -1081.7621213414 -2000.0000000000
-862.9577328259 529.7360675329 -326.3113490370
-862.9577328259 529.7360675329 -2000.0000000000
-862.9577328259 529.7360675329 -2000.0000000000
1328.4517020859 1062.8015388520 -1743.4929821197
1328.4517020859 1062.8015388520 -2000.0000000000
1328.4517020859 1062.8015388520 -2000.0000000000
1328.4517020859 1062.8015388520 -2000.0000000000
-1746.0183343980 -1241.8168137344 -88.9524546594
-1746.0183343980 -1241.8168137344 -2000.0000000000
-1746.0183343980 -1241.8168137344 -2000.0000000000
-1905.5130782421 1604.9515016381 -876.5058512378
-1905.5130782421 1604.9515016381 -2000.0000000000
-349.5542710117 1878.1265605433 -1209.6938461916
-349.5542710117 1878.1265605433 -2000.0000000000
-1291.8763594265 -308.6851764034 -313.4793589368
-1291.8763594265 -308.6851764034 -2000.0000000000
-409.7138318268 -1633.5387934348 -596.2110647754
-409.7138318268 -1633.5387934348 -2000.0000000000
-409.7138318268 -1633.5387934348 -2000.0000000000
-409.7138318268 -1633.5387934348 -2000.0000000000
-409.7138318268 -1633.5387934348 -2000.0000000000
-409.7138318268 -1633.5387934348 -2000.0000000000
574.1495887162 1778.4480291689 1313.0389663861
574.1495887162 1778.4480291689 -2000.0000000000
574.1495887162 1778.4480291689 -2000.0000000000
1708.0890197107 -466.7753560546 1480.3003115610
1708.0890197107 -466.7753560546 -2000.0000000000
31.5648018960 -220.3052101283 -144.4070188960
-734.3363933907 -1295.2074696208 -1516.6515506145
1606.2463465230 -379.3199777034 1922.8396232296
1606.2463465230 -379.3199777034 -2000.0000000000
1606.2463465230 -379.3199777034 -2000.0000000000
622.6509362060 391.3329739787 -88.9948438279
622.6509362060 391.3329739787 -2000.0000000000
622.6509362060 391.3329739787 -2000.0000000000
622.6509362060 391.3329739787 -2000.0000000000
622.6509362060 391.3329739787 -2000.0000000000
-421.0248535897 -692.3245434222 1315.4356607194
1016.4022758010 1655.9927577864 -1800.4547202320
1016.4022758010 1655.9927577864 -2000.0000000000
1016.4022758010 1655.9927577864 -2000.0000000000
-46.8054147703 1286.6281122325 -1812.0091962194
-1682.7161382942 1065.0144655142 -111.8695772557
-1682.7161382942 1065.0144655142 -2000.0000000000
387.2026900500 219.9436453865 -340.4829237371
387.2026900500 219.9436453865 -2000.0000000000
-762.0446404572 -425.7928270549 -676.8864804828
-762.0446404572 -425.7928270549 -2000.0000000000
-762.0446404572 -425.7928270549 -2000.0000000000
-1843.6877317438 618.5328150361 1386.7154608835
-1843.6877317438 618.5328150361 -2000.0000000000
-1087.8406763392 -1868.9108264117 -115.1170407220
-1087.8406763392 -1868.9108264117 -2000.0000000000
-1087.8406763392 -1868.9108264117 -2000.0000000000
-1087.8406763392 -1868.9108264117 -2000.0000000000
-1087.8406763392 -1868.9108264117 -2000.0000000000
-1087.8406763392 -1868.9108264117 -2000.0000000000
-1087.8406763392 -1868.9108264117 -2000.0000000000
-1087.8406763392 -1868.9108264117 -2000.0000000000
-1087.8406763392 -1868.9108264117 -2000.0000000000
-1087.8406763392 -1868.9108264117 -2000.0000000000
-1087.8406763392 -1868.9108264117 -2000.0000000000
-1087.8406763392 -1868.9108264117 -2000.0000000000
-466.5152784622 -1588.9205102716 553.7051438095
-871.3542759350 -1196.9787037668 -1694.6535645164
-236.4320594391 -966.8956374993 -859.5324197876
-1251.7481598297 -159.6252936359 667.2336454332
-1251.7481598297 -159.6252936359 -2000.0000000000
-1251.7481598297 -159.6252936359 -2000.0000000000
-1251.7481598297 -159.6252936359 -2000.0000000000
-1251.7481598297 -159.6252936359 -2000.0000000000
-1251.7481598297 -159.6252936359 -2000.0000000000
1690.9304353547 -383.7600419263 1783.0710581757
710.1894847463 -536.9364019509 1666.0495360230
710.1894847463 -536.9364019509 -2000.0000000000
710.1894847463 -536.9364019509 -2000.0000000000
710.1894847463 -536.9364019509 -2000.0000000000
710.1894847463 -536.9364019509 -2000.0000000000
710.1894847463 -536.9364019509 -2000.0000000000
710.1894847463 -536.9364019509 -2000.0000000000
1988.8098802872 -1722.3594418625 1851.0996255607
1988.8098802872 -1722.3594418625 -2000.0000000000
1988.8098802872 -1722.3594418625 -2000.0000000000
1988.8098802872 -1722.3594418625 -2000.0000000000
1988.8098802872 -1722.3594418625 -2000.0000000000
1988.8098802872 -1722.3594418625 -2000.0000000000
1988.8098802872 -1722.3594418625 -2000.0000000000
1988.8098802872 -1722.3594418625 -2000.0000000000
1988.8098802872 -1722.3594418625 -2000.0000000000
1988.8098802872 -1722.3594418625 -2000.0000000000
1988.8098802872 -1722.3594418625 -2000.0000000000
1988.8098802872 -1722.3594418625 -2000.0000000000
1988.8098802872 -1722.3594418625 -2000.0000000000
1988.8098802872 -1722.3594418625 -2000.0000000000
1988.8098802872 -1722.3594418625 -2000.0000000000
1988.8098802872 -1722.3594418625 -2000.0000000000
-262.7739156170 1838.4409828064 928.8297549234
-262.7739156170 1838.4409828064 -2000.0000000000
-262.7739156170 1838.4409828064 -2000.0000000000
-15.1825215635 -1866.8446149729 -1896.2879693508
-15.1825215635 -1866.8446149729 -2000.0000000000
-15.1825215635 -1866.8446149729 -2000.0000000000
-53.6325293236 80.0570493070 -27.9533565982
606.3738525629 -1278.9959708549 1931.8443587813
606.3738525629 -1278.9959708549 -2000.0000000000
1903.4540377564 1044.4609349970 1983.8524639269
177.7927871779 -1769.2701680144 -1627.0873067244
177.7927871779 -1769.2701680144 -2000.0000000000
177.7927871779 -1769.2701680144 -2000.0000000000
1839.1454569018 1596.7735180820 1233.3188067784
1839.1454569018 1596.7735180820 -2000.0000000000
1839.1454569018 1596.7735180820 -2000.0000000000
291.9086709164 -1392.2872385210 -87.5539467586
-1662.9421448777 -1168.5320315135 -755.0535119403
-1662.9421448777 -1168.5320315135 -2000.0000000000
-1662.9421448777 -1168.5320315135 -2000.0000000000
-1662.9421448777 -1168.5320315135 -2000.0000000000
-1662.9421448777 -1168.5320315135 -2000.0000000000
-1637.4503099555 -483.1196102567 -1015.3267597860
-1637.4503099555 -483.1196102567 -2000.0000000000
-1637.4503099555 -483.1196102567 -2000.0000000000
1530.2072719159 -1993.3983949156 -837.9864252170
-72.6437951945 -1287.3064654152 1178.3009463096
-72.6437951945 -1287.3064654152 -2000.0000000000
-72.6437951945 -1287.3064654152 -2000.0000000000
1018.1755171079 -539.0764737435 -833.6983335867
1018.1755171079 -539.0764737435 -2000.0000000000
1018.1755171079 -539.0764737435 -2000.0000000000
-1218.8331312300 523.4354160480 944.1949052941
121.5844802195 1648.6818235225 1588.8829890943
121.5844802195 1648.6818235225 -2000.0000000000
1186.5108799588 1364.3491841539 -199.9073370121
374.9622555857 1352.3742089897 1909.0568409759
268.2069155882 -260.6831011881 507.9466838617
268.2069155882 -260.6831011881 -2000.0000000000
-1402.4017482546 906.6534288942 1287.0519080791
-951.7788981470 760.1400775971 -1630.9189962936
-1153.3572496749 1808.8716585250 -260.4141709364
-1153.3572496749 1808.8716585250 -2000.0000000000
-1153.3572496749 1808.8716585250 -2000.0000000000
-532.2217029825 984.7190334180 -1141.2407754221
-532.2217029825 984.7190334180 -2000.0000000000
339.8886098074 255.8893446967 -1070.4059537144
1388.6046869566 1352.6636989834 -1611.4133079396
1542.2581526861 -633.8092147492 -228.4012605226
1542.2581526861 -633.8092147492 -2000.0000000000
190.0938527555 538.3334524874 1198.0516200237
1351.8784515527 1329.0358843188 1988.2588837058
-707.1137709792 1110.8614631415 -1892.5472859703
-298.4700459293 -109.6692296578 1132.8110876617
-298.4700459293 -109.6692296578 -2000.0000000000
700.2685954504 600.5706316747 -1754.8664684186
700.2685954504 600.5706316747 -2000.0000000000
700.2685954504 600.5706316747 -2000.0000000000
700.2685954504 600.5706316747 -2000.0000000000
700.2685954504 600.5706316747 -2000.0000000000
1308.1159070011 -771.8934186524 -1811.0597541989
1308.1159070011 -771.8934186524 -2000.0000000000
1308.1159070011 -771.8934186524 -2000.0000000000
1308.1159070011 -771.8934186524 -2000.0000000000
1308.1159070011 -771.8934186524 -2000.0000000000
1308.1159070011 -771.8934186524 -2000.0000000000
1308.1159070011 -771.8934186524 -2000.0000000000
1308.1159070011 -771.8934186524 -2000.0000000000
940.5667702911 1789.2400693513 1588.3055467394
-1235.9493400057 353.5932853692 -1013.5515239379
418.1903754582 410.3751789663 -970.8586058981
418.1903754582 410.3751789663 -2000.0000000000
-1752.2128112441 -1338.4789342252 270.1501074385
-1752.2128112441 -1338.4789342252 -2000.0000000000
813.1079443691 160.5198617610 280.3998973492
19.6163754982 -1191.0962401191 745.2123904420
-1744.4749820712 -1953.8054675825 -910.6290413984
-1744.4749820712 -1953.8054675825 -2000.0000000000
-1744.4749820712 -1953.8054675825 -2000.0000000000
-1744.4749820712 -1953.8054675825 -2000.0000000000
-1744.4749820712 -1953.8054675825 -2000.0000000000
-1744.4749820712 -1953.8054675825 -2000.0000000000
-1744.4749820712 -1953.8054675825 -2000.0000000000
-1744.4749820712 -1953.8054675825 -2000.0000000000
-1744.4749820712 -1953.8054675825 -2000.0000000000
-1744.4749820712 -1953.8054675825 -2000.0000000000
-1841.8471150253 -1130.6043971087 -1301.5698061553
-1841.8471150253 -1130.6043971087 -2000.0000000000
-1841.8471150253 -1130.6043971087 -2000.0000000000
1048.8600542835 259.9118725449 -27.4964587468
1048.8600542835 259.9118725449 -2000.0000000000
-842.0408847048 -658.9255928104 1125.1592314071
-842.0408847048 -658.9255928104 -2000.0000000000
-842.0408847048 -658.9255928104 -2000.0000000000
-842.0408847048 -658.9255928104 -2000.0000000000
-842.0408847048 -658.9255928104 -2000.0000000000
-842.0408847048 -658.9255928104 -2000.0000000000
-842.0408847048 -658.9255928104 -2000.0000000000
-842.0408847048 -658.9255928104 -2000.0000000000
-842.0408847048 -658.9255928104 -2000.0000000000
-842.0408847048 -658.9255928104 -2000.0000000000
-842.0408847048 -658.9255928104 -2000.0000000000
-842.0408847048 -658.9255928104 -2000.0000000000
-1504.1150493370 1243.2975348247 -355.9662969689
-1504.1150493370 1243.2975348247 -2000.0000000000
-557.8557124127 1341.5976295479 106.9537769798
152.2872530742 1837.2752445469 654.6571413539
1499.8828425978 -1042.7356165483 -908.4430463806
814.2477666796 445.0564641881 931.7011052104
814.2477666796 445.0564641881 -2000.0000000000
814.2477666796 445.0564641881 -2000.0000000000
814.2477666796 445.0564641881 -2000.0000000000
-945.2581476395 -697.1653192497 1970.2178933361
-945.2581476395 -697.1653192497 -2000.0000000000
1022.2032229953 -1617.3019124691 -1023.8593084302
1022.2032229953 -1617.3019124691 -2000.0000000000
520.2392611324 -1459.3118951886 1980.9238607177
520.2392611324 -1459.3118951886 -2000.0000000000
284.5760938642 -1658.9328822427 933.1196642403
1171.2402393848 -1163.0870859709 14.0453160749
1171.2402393848 -1163.0870859709 -2000.0000000000
-1476.6200950441 1923.8669462953 1510.4180810023
-1476.6200950441 1923.8669462953 -2000.0000000000
-1476.6200950441 1923.8669462953 -2000.0000000000
250.2805601308 227.3901878301 1350.6687988001
1097.0873811166 -1337.9821460153 -918.2388835981
427.7132644203 -856.2065846688 -262.3296955688
427.7132644203 -856.2065846688 -2000.0000000000
868.2588285253 -160.2317037461 163.4296738908
1512.2702153844 1306.8700374137 -215.4739389314
-1497.9728666474 1492.8114222040 -1467.6363892785
-1109.1867111854 -104.8812510542 -889.4257566492
-1761.6405169278 1637.1233276709 387.1271471889
-1761.6405169278 1637.1233276709 -2000.0000000000
-1761.6405169278 1637.1233276709 -2000.0000000000
-96.1394544680 1793.0117291840 -808.0113451258
-678.9832330846 -49.1032057163 1018.9382521947
-678.9832330846 -49.1032057163 -2000.0000000000
-925.6581690151 656.3500545448 -1853.3226999073
-1676.7638742154 119.8991525928 1739.9658565109
-1676.7638742154 119.8991525928 -2000.0000000000
-247.1702914021 -344.0476083956 -1463.7699288879
124.5670934004 -33.0089534595 -1511.1856640745
124.5670934004 -33.0089534595 -2000.0000000000
124.5670934004 -33.0089534595 -2000.0000000000
753.1061230443 -1001.3416363646 1383.1257556362
753.1061230443 -1001.3416363646 -2000.0000000000
753.1061230443 -1001.3416363646 -2000.0000000000
753.1061230443 -1001.3416363646 -2000.0000000000
753.1061230443 -1001.3416363646 -2000.0000000000
753.1061230443 -1001.3416363646 -2000.0000000000
753.1061230443 -1001.3416363646 -2000.0000000000
1033.4863230493 1302.7940148787 -856.9097198984
1033.4863230493 1302.7940148787 -2000.0000000000
1033.4863230493 1302.7940148787 -2000.0000000000
1033.4863230493 1302.7940148787 -2000.0000000000
1033.4863230493 1302.7940148787 -2000.0000000000
1033.4863230493 1302.7940148787 -2000.0000000000
1555.6113186965 -903.2043479548 -310.6242263338
1555.6113186965 -903.2043479548 -2000.0000000000
1555.6113186965 -903.2043479548 -2000.0000000000
1555.6113186965 -903.2043479548 -2000.0000000000
1555.6113186965 -903.2043479548 -2000.0000000000
1555.6113186965 -903.2043479548 -2000.0000000000
1555.6113186965 -903.2043479548 -2000.0000000000
1555.6113186965 -903.2043479548 -2000.0000000000
1839.9743251341 1259.6967879842 1936.9610331295
1839.9743251341 1259.6967879842 -2000.0000000000
1839.9743251341 1259.6967879842 -2000.0000000000
1839.9743251341 1259.6967879842 -2000.0000000000
1839.9743251341 1259.6967879842 -2000.0000000000
1155.1869587587 -1717.2428868783 1969.7110202727
1155.1869587587 -1717.2428868783 -2000.0000000000
1155.1869587587 -1717.2428868783 -2000.0000000000
1155.1869587587 -1717.2428868783 -2000.0000000000
1155.1869587587 -1717.2428868783 -2000.0000000000
1155.1869587587 -1717.2428868783 -2000.0000000000
1155.1869587587 -1717.2428868783 -2000.0000000000
1155.1869587587 -1717.2428868783 -2000.0000000000
1155.1869587587 -1717.2428868783 -2000.0000000000
1155.1869587587 -1717.2428868783 -2000.0000000000
1155.1869587587 -1717.2428868783 -2000.0000000000
1155.1869587587 -1717.2428868783 -2000.0000000000
1155.1869587587 -1717.2428868783 -2000.0000000000
1155.1869587587 -1717.2428868783 -2000.0000000000
-732.9232055729 135.2200647115 -1434.2463350534
-1462.8561045268 1904.2439071821 -928.4577686612
-1462.8561045268 1904.2439071821 -2000.0000000000
-1462.8561045268 1904.2439071821 -2000.0000000000
-1462.8561045268 1904.2439071821 -2000.0000000000
-1462.8561045268 1904.2439071821 -2000.0000000000
-1462.8561045268 1904.2439071821 -2000.0000000000
1822.9061227203 1102.6826009924 -1974.1417434008
1822.9061227203 1102.6826009924 -2000.0000000000
1822.9061227203 1102.6826009924 -2000.0000000000
1822.9061227203 1102.6826009924 -2000.0000000000
-652.6066929593 305.5424996369 -493.5678457671
-652.6066929593 305.5424996369 -2000.0000000000
-652.6066929593 305.5424996369 -2000.0000000000
-1246.4304596066 1232.3963282062 -911.4804824269
-1246.4304596066 1232.3963282062 -2000.0000000000
-1406.0075589068 -1185.7331123925 1791.4873042042
-1406.0075589068 -1185.7331123925 -2000.0000000000
-147.3632352208 1087.5578182904 -1877.1926017452
-147.3632352208 1087.5578182904 -2000.0000000000
-147.3632352208 1087.5578182904 -2000.0000000000
326.3361621221 394.7378123048 1461.3238501664
785.2181540770 -1326.1392990368 -1326.9928015353
785.2181540770 -1326.1392990368 -2000.0000000000
785.2181540770 -1326.1392990368 -2000.0000000000
785.2181540770 -1326.1392990368 -2000.0000000000
785.2181540770 -1326.1392990368 -2000.0000000000
785.2181540770 -1326.1392990368 -2000.0000000000
54.6062397830 -1261.0566115317 1364.4693247847
54.6062397830 -1261.0566115317 -2000.0000000000
54.6062397830 -1261.0566115317 -2000.0000000000
54.6062397830 -1261.0566115317 -2000.0000000000
54.6062397830 -1261.0566115317 -2000.0000000000
-795.1474942029 1110.2643390195 -18.5396599283
-795.1474942029 1110.2643390195 -2000.0000000000
-795.1474942029 1110.2643390195 -2000.0000000000
-854.4368797497 -1484.1593810205 -282.8710302447
-854.4368797497 -1484.1593810205 -2000.0000000000
-854.4368797497 -1484.1593810205 -2000.0000000000
-854.4368797497 -1484.1593810205 -2000.0000000000
-854.4368797497 -1484.1593810205 -2000.0000000000
-854.4368797497 -1484.1593810205 -2000.0000000000
-854.4368797497 -1484.1593810205 -2000.0000000000
-1315.6923575362 -440.8035009675 -575.0405101090
-676.2385989997 1597.4690028159 335.9238795844
-676.2385989997 1597.4690028159 -2000.0000000000
735.4874689554 -1017.2618915929 -1988.9972621233
735.4874689554 -1017.2618915929 -2000.0000000000
1146.3280576721 92.5726308787 -995.7092159519
1915.5220373482 -669.2189408834 595.9042668321
1915.5220373482 -669.2189408834 -2000.0000000000
1915.5220373482 -669.2189408834 -2000.0000000000
1915.5220373482 -669.2189408834 -2000.0000000000
1915.5220373482 -669.2189408834 -2000.0000000000
1915.5220373482 -669.2189408834 -2000.0000000000
1915.5220373482 -669.2189408834 -2000.0000000000
1915.5220373482 -669.2189408834 -2000.0000000000
-541.0143011602 -1726.9108641010 -821.9874479747
-541.0143011602 -1726.9108641010 -2000.0000000000
-541.0143011602 -1726.9108641010 -2000.0000000000
-541.0143011602 -1726.9108641010 -2000.0000000000
539.0979568845 148.0932005102 -1916.4887609861
539.0979568845 148.0932005102 -2000.0000000000
539.0979568845 148.0932005102 -2000.0000000000
-129.1949125181 1190.1496827436 -1058.0696166808
74.1930371171 1565.5798358173 -1419.3777959640
74.1930371171 1565.5798358173 -2000.0000000000
74.1930371171 1565.5798358173 -2000.0000000000
-1308.8049576473 1428.5959071809 -803.8277615439
651.3095798207 -1892.9165962737 290.5542017604
651.3095798207 -1892.9165962737 -2000.0000000000
651.3095798207 -1892.9165962737 -2000.0000000000
651.3095798207 -1892.9165962737 -2000.0000000000
651.3095798207 -1892.9165962737 -2000.0000000000
651.3095798207 -1892.9165962737 -2000.0000000000
651.3095798207 -1892.9165962737 -2000.0000000000
-73.1524203065 -1714.1774176834 -1504.1848100752
-73.1524203065 -1714.1774176834 -2000.0000000000
-73.1524203065 -1714.1774176834 -2000.0000000000
940.5528477436 1830.6823205251 157.5975048109
940.5528477436 1830.6823205251 -2000.0000000000
940.5528477436 1830.6823205251 -2000.0000000000
940.5528477436 1830.6823205251 -2000.0000000000
940.5528477436 1830.6823205251 -2000.0000000000
1256.9858097844 126.3713475372 -792.0950460877
-196.1391996832 -1234.7355925454 258.6384652453
1994.2409967851 -612.5917288423 -1961.4632432454
451.9708313744 -1858.6223966449 -1985.8742915086
451.9708313744 -1858.6223966449 -2000.0000000000
451.9708313744 -1858.6223966449 -2000.0000000000
-616.5332634033 28.7060996683 1378.2753510404
-616.5332634033 28.7060996683 -2000.0000000000
-616.5332634033 28.7060996683 -2000.0000000000
-616.5332634033 28.7060996683 -2000.0000000000
-616.5332634033 28.7060996683 -2000.0000000000
-616.5332634033 28.7060996683 -2000.0000000000
-537.1697424458 -263.8019432009 -72.0894359010
-537.1697424458 -263.8019432009 -2000.0000000000
-1160.3230524703 -1165.7131140068 19.2767163182
-1160.3230524703 -1165.7131140068 -2000.0000000000
-1160.3230524703 -1165.7131140068 -2000.0000000000
-1160.3230524703 -1165.7131140068 -2000.0000000000
-1160.3230524703 -1165.7131140068 -2000.0000000000
1003.6283167964 119.8760169459 1047.1507832005
1003.6283167964 119.8760169459 -2000.0000000000
1003.6283167964 119.8760169459 -2000.0000000000
-1072.4593647380 -1345.1173546403 -1859.5455900113
1451.3296956025 1916.0445314933 733.4849607612
1451.3296956025 1916.0445314933 -2000.0000000000
1451.3296956025 1916.0445314933 -2000.0000000000
1451.3296956025 1916.0445314933 -2000.0000000000
1451.3296956025 1916.0445314933 -2000.0000000000
1451.3296956025 1916.0445314933 -2000.0000000000
1451.3296956025 1916.0445314933 -2000.0000000000
1451.3296956025 1916.0445314933 -2000.0000000000
-1581.5706704478 186.9406768683 1069.7880108070
-863.9319155398 1639.8736627697 -1116.7975556523
-863.9319155398 1639.8736627697 -2000.0000000000
-863.9319155398 1639.8736627697 -2000.0000000000
-695.6512640766 1904.4933175557 -919.3026269290
-1964.0522630359 -583.9749895821 1231.2551483974
1167.6264089475 -371.1848983073 1334.3599769495
1167.6264089475 -371.1848983073 -2000.0000000000
107.5505908205 1012.4745333536 1576.6253306913
1888.9970483579 -664.2785004359 -1955.9670319558
1888.9970483579 -664.2785004359 -2000.0000000000
1888.9970483579 -664.2785004359 -2000.0000000000
837.8152013587 1955.4842234030 1917.2068970883
837.8152013587 1955.4842234030 -2000.0000000000
837.8152013587 1955.4842234030 -2000.0000000000
331.6011628613 -1317.6319294247 460.1800814675
331.6011628613 -1317.6319294247 -2000.0000000000
-667.6780626520 -335.2345697211 1029.1819499567
-667.6780626520 -335.2345697211 -2000.0000000000
1841.4404762211 -776.5643777923 -1855.5505920905
263.6411948395 1786.7707991940 242.4190148200
263.6411948395 1786.7707991940 -2000.0000000000
263.6411948395 1786.7707991940 -2000.0000000000
263.6411948395 1786.7707991940 -2000.0000000000
263.6411948395 1786.7707991940 -2000.0000000000
263.6411948395 1786.7707991940 -2000.0000000000
263.6411948395 1786.7707991940 -2000.0000000000
263.6411948395 1786.7707991940 -2000.0000000000
263.6411948395 1786.7707991940 -2000.0000000000
263.6411948395 1786.7707991940 -2000.0000000000
263.6411948395 1786.7707991940 -2000.0000000000
263.6411948395 1786.7707991940 -2000.0000000000
263.6411948395 1786.7707991940 -2000.0000000000
514.0485214584 -1818.5903727544 -323.0232401546
121.7731131992 1342.4474532239 93.5279252442
-441.7438571933 1336.6219169192 1010.3326108528
-441.7438571933 1336.6219169192 -2000.0000000000
-441.7438571933 1336.6219169192 -2000.0000000000
-899.9576437923 550.6499831251 807.8587024264
-899.9576437923 550.6499831251 -2000.0000000000
-899.9576437923 550.6499831251 -2000.0000000000
-899.9576437923 550.6499831251 -2000.0000000000
-985.0311106552 -1360.0186493440 -981.1575879294
-985.0311106552 -1360.0186493440 -2000.0000000000
-922.2371502407 -1256.4168826063 -249.3100619807
-922.2371502407 -1256.4168826063 -2000.0000000000
-922.2371502407 -1256.4168826063 -2000.0000000000
-922.2371502407 -1256.4168826063 -2000.0000000000
-922.2371502407 -1256.4168826063 -2000.0000000000
-922.2371502407 -1256.4168826063 -2000.0000000000
-922.2371502407 -1256.4168826063 -2000.0000000000
-567.6324161813 -375.3680829756 -37.3133592349
-413.6927502943 -811.1373769059 480.0392371701
-413.6927502943 -811.1373769059 -2000.0000000000
-413.6927502943 -811.1373769059 -2000.0000000000
-413.6927502943 -811.1373769059 -2000.0000000000
-413.6927502943 -811.1373769059 -2000.0000000000
-1199.6029468354 1961.1275785597 496.1907003241
-1199.6029468354 1961.1275785597 -2000.0000000000
-1199.6029468354 1961.1275785597 -2000.0000000000
133.9110189817 296.6739652903 1172.9160372803
133.9110189817 296.6739652903 -2000.0000000000
915.4356228969 1675.0391295026 1418.5170653985
-1781.1525913644 1805.5002381324 202.2872613940
-1781.1525913644 1805.5002381324 -2000.0000000000
-1781.1525913644 1805.5002381324 -2000.0000000000
1247.5140758756 1596.9707349164 357.0132750588
1310.6010822198 1412.0691558493 91.1886456015
1310.6010822198 1412.0691558493 -2000.0000000000
1310.6010822198 1412.0691558493 -2000.0000000000
1310.6010822198 1412.0691558493 -2000.0000000000
1310.6010822198 1412.0691558493 -2000.0000000000
1310.6010822198 1412.0691558493 -2000.0000000000
-496.7406882243 573.9054187298 818.6492648184
-496.7406882243 573.9054187298 -2000.0000000000
-496.7406882243 573.9054187298 -2000.0000000000
1296.9966319323 -502.8202958726 204.7324629841
1296.9966319323 -502.8202958726 -2000.0000000000
1296.9966319323 -502.8202958726 -2000.0000000000
800.5846738020 -280.9619734727 1505.2423555880
800.5846738020 -280.9619734727 -2000.0000000000
-1480.1052050654 -382.4927664303 -1232.2751199940
-1428.5545679047 -1207.7868428752 1480.6427980576
-1428.5545679047 -1207.7868428752 -2000.0000000000
-1428.5545679047 -1207.7868428752 -2000.0000000000
774.6663234391 -1240.7273609914 -351.1975634649
774.6663234391 -1240.7273609914 -2000.0000000000
774.6663234391 -1240.7273609914 -2000.0000000000
-846.5986866219 -442.0910480074 -119.7909792727
-846.5986866219 -442.0910480074 -2000.0000000000
-846.5986866219 -442.0910480074 -2000.0000000000
-1006.1071710983 -911.2420096667 -1047.3228807944
756.6919670666 255.4655806873 311.7790805297
756.6919670666 255.4655806873 -2000.0000000000
1532.3506998603 -1662.9254028854 -690.6033852530
1532.3506998603 -1662.9254028854 -2000.0000000000
1532.3506998603 -1662.9254028854 -2000.0000000000
1532.3506998603 -1662.9254028854 -2000.0000000000
1532.3506998603 -1662.9254028854 -2000.0000000000
1532.3506998603 -1662.9254028854 -2000.0000000000
122.6475605508 -1475.9953668708 1432.6200240706
497.1721291824 -886.7156448377 416.6206875669
497.1721291824 -886.7156448377 -2000.0000000000
497.1721291824 -886.7156448377 -2000.0000000000
497.1721291824 -886.7156448377 -2000.0000000000
497.1721291824 -886.7156448377 -2000.0000000000
1521.1923657784 -321.2858321212 1651.6378575993
1521.1923657784 -321.2858321212 -2000.0000000000
1277.2433195592 279.7263636937 -1433.1828300461
-47.9111052649 -557.6593868991 321.2661566343
1491.7383603741 765.2855586701 810.6675895851
1491.7383603741 765.2855586701 -2000.0000000000
-1295.9403523643 1112.8442576644 1835.4054499424
-1295.9403523643 1112.8442576644 -2000.0000000000
-1104.5041037771 176.2338679197 -261.2953910914
-1104.5041037771 176.2338679197 -2000.0000000000
-1104.5041037771 176.2338679197 -2000.0000000000
-1104.5041037771 176.2338679197 -2000.0000000000
-1104.5041037771 176.2338679197 -2000.0000000000
-979.5871569204 505.2636273837 390.1781505676
-979.5871569204 505.2636273837 -2000.0000000000
164.8238471438 594.2608754679 -1141.6082382174
164.8238471438 594.2608754679 -2000.0000000000
164.8238471438 594.2608754679 -2000.0000000000
164.8238471438 594.2608754679 -2000.0000000000
164.8238471438 594.2608754679 -2000.0000000000
1217.9472999368 1297.9499845190 871.4041716720
1217.9472999368 1297.9499845190 -2000.0000000000
1217.9472999368 1297.9499845190 -2000.0000000000
-363.8991121540 743.8900154088 -1882.4250055728
-363.8991121540 743.8900154088 -2000.0000000000
-363.8991121540 743.8900154088 -2000.0000000000
-363.8991121540 743.8900154088 -2000.0000000000
-363.8991121540 743.8900154088 -2000.0000000000
224.6545761351 -10.2209131163 995.3025562630
224.6545761351 -10.2209131163 -2000.0000000000
224.6545761351 -10.2209131163 -2000.0000000000
224.6545761351 -10.2209131163 -2000.0000000000
224.6545761351 -10.2209131163 -2000.0000000000
224.6545761351 -10.2209131163 -2000.0000000000
845.6540563329 -1425.8250988013 -660.6813171235
-397.6375698151 1231.1312207296 211.2267632583
-397.6375698151 1231.1312207296 -2000.0000000000
-397.6375698151 1231.1312207296 -2000.0000000000
-397.6375698151 1231.1312207296 -2000.0000000000
-397.6375698151 1231.1312207296 -2000.0000000000
319.8268959137 1830.7077109550 1527.2527805937
319.8268959137 1830.7077109550 -2000.0000000000
319.8268959137 1830.7077109550 -2000.0000000000
319.8268959137 1830.7077109550 -2000.0000000000
1655.2019668971 -1234.5496478400 243.4584636001
1655.2019668971 -1234.5496478400 -2000.0000000000
1655.2019668971 -1234.5496478400 -2000.0000000000
1655.2019668971 -1234.5496478400 -2000.0000000000
1405.4522942718 1323.2807415900 -382.9096344532
1405.4522942718 1323.2807415900 -2000.0000000000
1405.4522942718 1323.2807415900 -2000.0000000000
1405.4522942718 1323.2807415900 -2000.0000000000
1405.4522942718 1323.2807415900 -2000.0000000000
1405.4522942718 1323.2807415900 -2000.0000000000
1405.4522942718 1323.2807415900 -2000.0000000000
1405.4522942718 1323.2807415900 -2000.0000000000
1405.4522942718 1323.2807415900 -2000.0000000000
1405.4522942718 1323.2807415900 -2000.0000000000
-1961.3566433843 635.8571348538 1540.8074449091
-1961.3566433843 635.8571348538 -2000.0000000000
-1961.3566433843 635.8571348538 -2000.0000000000
-1878.4289185784 -1410.3470079458 -1506.1079702551
-848.2596621025 1118.8431312906 -1833.8920141148
1499.4079602141 728.3606400189 859.1827346246
1349.1931792536 -140.1436118896 -628.9540576610
325.5946420622 133.6992680329 -307.0335664212
325.5946420622 133.6992680329 -2000.0000000000
325.5946420622 133.6992680329 -2000.0000000000
-1677.1160666562 1853.3347191307 -612.9185235090
57.5329490374 1758.8350712988 -407.9930484466
57.5329490374 1758.8350712988 -2000.0000000000
-769.4215303862 -360.6193400048 1039.9522244285
-769.4215303862 -360.6193400048 -2000.0000000000
-769.4215303862 -360.6193400048 -2000.0000000000
-769.4215303862 -360.6193400048 -2000.0000000000
70.4268700635 -741.8278298528 891.2825647780
-1860.3435262879 722.6836543086 1545.8621311142
-1860.3435262879 722.6836543086 -2000.0000000000
-598.9956364179 -1134.8540662653 694.0363142922
-598.9956364179 -1134.8540662653 -2000.0000000000
-598.9956364179 -1134.8540662653 -2000.0000000000
-652.8495553091 -1948.7695003325 83.1235241844
-457.9691445393 -136.0050765321 -850.8805177380
1506.4623789871 1377.3799231323 -287.6218514572
1506.4623789871 1377.3799231323 -2000.0000000000
1506.4623789871 1377.3799231323 -2000.0000000000
1506.4623789871 1377.3799231323 -2000.0000000000
1506.4623789871 1377.3799231323 -2000.0000000000
1506.4623789871 1377.3799231323 -2000.0000000000
1506.4623789871 1377.3799231323 -2000.0000000000
1506.4623789871 1377.3799231323 -2000.0000000000
1506.4623789871 1377.3799231323 -2000.0000000000
1506.4623789871 1377.3799231323 -2000.0000000000
1506.4623789871 1377.3799231323 -2000.0000000000
1506.4623789871 1377.3799231323 -2000.0000000000
-1546.3740887026 1869.5643360179 748.8662250502
-1546.3740887026 1869.5643360179 -2000.0000000000
1516.9483468890 -133.1909399940 1661.2489252317
-993.6264990027 731.8694666307 -368.7713483840
-993.6264990027 731.8694666307 -2000.0000000000
-876.1781432111 -624.2113584170 1043.3725413559
-876.1781432111 -624.2113584170 -2000.0000000000
-200.4942797601 1113.5045367243 737.9717281344
-200.4942797601 1113.5045367243 -2000.0000000000
-200.4942797601 1113.5045367243 -2000.0000000000
431.6342005443 -671.7779085503 1495.1807261775
431.6342005443 -671.7779085503 -2000.0000000000
803.6133782162 -490.8321360661 -932.8835847653
-1371.2232078803 760.9361861057 -990.8254504776
-1371.2232078803 760.9361861057 -2000.0000000000
-1371.2232078803 760.9361861057 -2000.0000000000
-1371.2232078803 760.9361861057 -2000.0000000000
-1902.8603518392 1660.7151642538 -1354.1190110903
-1902.8603518392 1660.7151642538 -2000.0000000000
-1902.8603518392 1660.7151642538 -2000.0000000000
-1902.8603518392 1660.7151642538 -2000.0000000000
-1902.8603518392 1660.7151642538 -2000.0000000000
-1902.8603518392 1660.7151642538 -2000.0000000000
-1902.8603518392 1660.7151642538 -2000.0000000000
-1902.8603518392 1660.7151642538 -2000.0000000000
-1902.8603518392 1660.7151642538 -2000.0000000000
481.5273200642 -1123.1133578466 823.7454295550
1106.7679400396 89.3267002027 1790.5705176584
-1477.0989695847 464.3215251177 1256.5257253777
-1477.0989695847 464.3215251177 -2000.0000000000
-1477.0989695847 464.3215251177 -2000.0000000000
-1477.0989695847 464.3215251177 -2000.0000000000
494.6464973467 -1834.1996548115 -692.1813541582
494.6464973467 -1834.1996548115 -2000.0000000000
494.6464973467 -1834.1996548115 -2000.0000000000
494.6464973467 -1834.1996548115 -2000.0000000000
494.6464973467 -1834.1996548115 -2000.0000000000
494.6464973467 -1834.1996548115 -2000.0000000000
494.6464973467 -1834.1996548115 -2000.0000000000
494.6464973467 -1834.1996548115 -2000.0000000000
494.6464973467 -1834.1996548115 -2000.0000000000
-1139.3739487441 -1323.3666255852 74.1021240298
1608.0812512449 307.1351825811 901.7937562771
1608.0812512449 307.1351825811 -2000.0000000000
1608.0812512449 307.1351825811 -2000.0000000000
1608.0812512449 307.1351825811 -2000.0000000000
1608.0812512449 307.1351825811 -2000.0000000000
-225.6541077862 1708.4410681901 -1061.4092092134
-225.6541077862 1708.4410681901 -2000.0000000000
-225.6541077862 1708.4410681901 -2000.0000000000
-1839.1200233736 -1241.2932402062 -951.6986992702
-1788.7420308765 1861.8510482082 261.9623786832
-1788.7420308765 1861.8510482082 -2000.0000000000
-1788.7420308765 1861.8510482082 -2000.0000000000
-1788.7420308765 1861.8510482082 -2000.0000000000
-1788.7420308765 1861.8510482082 -2000.0000000000
-1788.7420308765 1861.8510482082 -2000.0000000000
-1788.7420308765 1861.8510482082 -2000.0000000000
-1788.7420308765 1861.8510482082 -2000.0000000000
-1788.7420308765 1861.8510482082 -2000.0000000000
-1788.7420308765 1861.8510482082 -2000.0000000000
-1788.7420308765 1861.8510482082 -2000.0000000000
-461.7979432684 -1129.7150042508 -856.2412959371
-461.7979432684 -1129.7150042508 -2000.0000000000
-461.7979432684 -1129.7150042508 -2000.0000000000
834.0991131582 110.8509492738 -1624.7384146515
834.0991131582 110.8509492738 -2000.0000000000
-1476.3537987327 1424.7974005384 -953.2947255415
-1629.3210263682 -224.2666119892 144.0614890281
-1629.3210263682 -224.2666119892 -2000.0000000000
-1629.3210263682 -224.2666119892 -2000.0000000000
-1629.3210263682 -224.2666119892 -2000.0000000000
-1629.3210263682 -224.2666119892 -2000.0000000000
-1629.3210263682 -224.2666119892 -2000.0000000000
-1629.3210263682 -224.2666119892 -2000.0000000000
-1629.3210263682 -224.2666119892 -2000.0000000000
-1629.3210263682 -224.2666119892 -2000.0000000000
-1629.3210263682 -224.2666119892 -2000.0000000000
-1629.3210263682 -224.2666119892 -2000.0000000000
694.6552968613 1054.1836304854 -574.3354341915
694.6552968613 1054.1836304854 -2000.0000000000
694.6552968613 1054.1836304854 -2000.0000000000
694.6552968613 1054.1836304854 -2000.0000000000
694.6552968613 1054.1836304854 -2000.0000000000
694.6552968613 1054.1836304854 -2000.0000000000
694.6552968613 1054.1836304854 -2000.0000000000
694.6552968613 1054.1836304854 -2000.0000000000
694.6552968613 1054.1836304854 -2000.0000000000
62.2388110863 -1777.9198499001 -315.9230671407
62.2388110863 -1777.9198499001 -2000.0000000000
-1500.1471535756 -1952.0044761775 -883.9333337898
574.2270219741 -496.9218188063 -1152.3956262649
903.8351288122 -1320.8811191251 1965.8700468703
-1742.6538689626 -1074.8876514473 1188.7685215115
-1742.6538689626 -1074.8876514473 -2000.0000000000
-1742.6538689626 -1074.8876514473 -2000.0000000000
927.5729196971 -421.9269694068 -14.6062246464
-1265.9057977154 984.9597929663 -259.2962357160
-1265.9057977154 984.9597929663 -2000.0000000000
-1265.9057977154 984.9597929663 -2000.0000000000
-1265.9057977154 984.9597929663 -2000.0000000000
-1265.9057977154 984.9597929663 -2000.0000000000
-1265.9057977154 984.9597929663 -2000.0000000000
-1265.9057977154 984.9597929663 -2000.0000000000
-1265.9057977154 984.9597929663 -2000.0000000000
-1265.9057977154 984.9597929663 -2000.0000000000
1456.2690452202 -1905.0933272614 485.4558986315
1456.2690452202 -1905.0933272614 -2000.0000000000
1456.2690452202 -1905.0933272614 -2000.0000000000
1456.2690452202 -1905.0933272614 -2000.0000000000
1456.2690452202 -1905.0933272614 -2000.0000000000
1456.2690452202 -1905.0933272614 -2000.0000000000
1456.2690452202 -1905.0933272614 -2000.0000000000
1456.2690452202 -1905.0933272614 -2000.0000000000
1456.2690452202 -1905.0933272614 -2000.0000000000
1456.2690452202 -1905.0933272614 -2000.0000000000
1456.2690452202 -1905.0933272614 -2000.0000000000
1456.2690452202 -1905.0933272614 -2000.0000000000
582.6938139443 446.0071078583 432.5146698676
582.6938139443 446.0071078583 -2000.0000000000
582.6938139443 446.0071078583 -2000.0000000000
1362.1307367683 1818.0538983413 -1727.2839749250
1362.1307367683 1818.0538983413 -2000.0000000000
1362.1307367683 1818.0538983413 -2000.0000000000
1362.1307367683 1818.0538983413 -2000.0000000000
1362.1307367683 1818.0538983413 -2000.0000000000
677.6274575559 -941.5232170170 204.0176315391
677.6274575559 -941.5232170170 -2000.0000000000
-394.8481366667 -910.7381710719 -1812.5136644194
1004.9607704992 1748.6993309587 -722.7723327134
1004.9607704992 1748.6993309587 -2000.0000000000
1004.9607704992 1748.6993309587 -2000.0000000000
816.2695025573 428.3809923156 1533.2408237325
816.2695025573 428.3809923156 -2000.0000000000
816.2695025573 428.3809923156 -2000.0000000000
816.2695025573 428.3809923156 -2000.0000000000
255.5171278428 -1717.1064891381 -378.9237195940
255.5171278428 -1717.1064891381 -2000.0000000000
255.5171278428 -1717.1064891381 -2000.0000000000
255.5171278428 -1717.1064891381 -2000.0000000000
255.5171278428 -1717.1064891381 -2000.0000000000
255.5171278428 -1717.1064891381 -2000.0000000000
255.5171278428 -1717.1064891381 -2000.0000000000
-1306.9475332110 -1444.9090942405 -149.5008384295
-1592.3311586662 -432.8771840881 -522.5299915499
-1592.3311586662 -432.8771840881 -2000.0000000000
-1592.3311586662 -432.8771840881 -2000.0000000000
-1592.3311586662 -432.8771840881 -2000.0000000000
-1592.3311586662 -432.8771840881 -2000.0000000000
-1138.6042636677 -531.4050556177 162.3075936703
-1138.6042636677 -531.4050556177 -2000.0000000000
-1138.6042636677 -531.4050556177 -2000.0000000000
-1138.6042636677 -531.4050556177 -2000.0000000000
-1550.7520412365 282.0291174494 288.2186346847
1924.3352845243 -1994.6106311930 740.2347291423
1924.3352845243 -1994.6106311930 -2000.0000000000
1924.3352845243 -1994.6106311930 -2000.0000000000
1924.3352845243 -1994.6106311930 -2000.0000000000
1401.4627910711 -1335.2215993293 -1611.6679949862
1401.4627910711 -1335.2215993293 -2000.0000000000
1401.4627910711 -1335.2215993293 -2000.0000000000
-1429.3016256763 -975.7585536685 1155.5247044216
-1429.3016256763 -975.7585536685 -2000.0000000000
-1429.3016256763 -975.7585536685 -2000.0000000000
-1429.3016256763 -975.7585536685 -2000.0000000000
-1429.3016256763 -975.7585536685 -2000.0000000000
-1429.3016256763 -975.7585536685 -2000.0000000000
-1429.3016256763 -975.7585536685 -2000.0000000000
-1429.3016256763 -975.7585536685 -2000.0000000000
-1429.3016256763 -975.7585536685 -2000.0000000000
-1429.3016256763 -975.7585536685 -2000.0000000000
-1429.3016256763 -975.7585536685 -2000.0000000000
-1429.3016256763 -975.7585536685 -2000.0000000000
-92.3657575045 -1750.5218364408 -796.4818639407
1701.1736891579 1479.3860583449 1867.8183472587
-1200.8960986992 -528.7198861512 1719.0155811294
-1200.8960986992 -528.7198861512 -2000.0000000000
-1200.8960986992 -528.7198861512 -2000.0000000000
-1200.8960986992 -528.7198861512 -2000.0000000000
-1200.8960986992 -528.7198861512 -2000.0000000000
-890.0942307951 -91.0615235000 706.4772221955
-890.0942307951 -91.0615235000 -2000.0000000000
872.3919752649 -640.1516858481 3.1564362690
-2.2420670520 782.7316463109 -1180.9754504627
-2.2420670520 782.7316463109 -2000.0000000000
-2.2420670520 782.7316463109 -2000.0000000000
-2.2420670520 782.7316463109 -2000.0000000000
-2.2420670520 782.7316463109 -2000.0000000000
805.3961807695 1568.8488450210 -1903.9661087976
805.3961807695 1568.8488450210 -2000.0000000000
-21.2556508799 -1319.8590178069 -243.5664969444
-21.2556508799 -1319.8590178069 -2000.0000000000
-1073.1670833447 -1698.5390250181 -1462.4577296907
-1073.1670833447 -1698.5390250181 -2000.0000000000
170.9702611451 522.8285799395 -1310.1223536439
170.9702611451 522.8285799395 -2000.0000000000
-1852.9824440228 205.3355775003 1791.3612724742
-1852.9824440228 205.3355775003 -2000.0000000000
-1852.9824440228 205.3355775003 -2000.0000000000
-1852.9824440228 205.3355775003 -2000.0000000000
-1852.9824440228 205.3355775003 -2000.0000000000
-1586.1457183888 -1094.1080035346 1647.3222262262
-1586.1457183888 -1094.1080035346 -2000.0000000000
-1586.1457183888 -1094.1080035346 -2000.0000000000
-1586.1457183888 -1094.1080035346 -2000.0000000000
-1586.1457183888 -1094.1080035346 -2000.0000000000
-1095.1811528539 433.0058124676 808.4068157586
568.4929170090 22.6965222311 1115.9060964091
568.4929170090 22.6965222311 -2000.0000000000
-775.4844129434 205.7015048829 -1798.1508171279
-775.4844129434 205.7015048829 -2000.0000000000
-775.4844129434 205.7015048829 -2000.0000000000
-775.4844129434 205.7015048829 -2000.0000000000
-589.3692011792 1232.2324830636 62.6781386915
-589.3692011792 1232.2324830636 -2000.0000000000
625.9089104433 1354.2700999113 1004.9894187987
625.9089104433 1354.2700999113 -2000.0000000000
625.9089104433 1354.2700999113 -2000.0000000000
625.9089104433 1354.2700999113 -2000.0000000000
625.9089104433 1354.2700999113 -2000.0000000000
625.9089104433 1354.2700999113 -2000.0000000000
625.9089104433 1354.2700999113 -2000.0000000000
272.0954998413 236.6292531797 1225.8257851165
272.0954998413 236.6292531797 -2000.0000000000
272.0954998413 236.6292531797 -2000.0000000000
272.0954998413 236.6292531797 -2000.0000000000
272.0954998413 236.6292531797 -2000.0000000000
272.0954998413 236.6292531797 -2000.0000000000
272.0954998413 236.6292531797 -2000.0000000000
272.0954998413 236.6292531797 -2000.0000000000
272.0954998413 236.6292531797 -2000.0000000000
272.0954998413 236.6292531797 -2000.0000000000
272.0954998413 236.6292531797 -2000.0000000000
272.0954998413 236.6292531797 -2000.0000000000
272.0954998413 236.6292531797 -2000.0000000000
272.0954998413 236.6292531797 -2000.0000000000
272.0954998413 236.6292531797 -2000.0000000000
272.0954998413 236.6292531797 -2000.0000000000
272.0954998413 236.6292531797 -2000.0000000000
1159.1659756852 -1274.0710829069 -364.5051277514
-135.6040681899 -792.6137166247 -91.7250433477
749.2602370508 966.1371084361 1326.6422274419
749.2602370508 966.1371084361 -2000.0000000000
-1322.3375113156 -1348.6664886378 1869.6693681825
-1322.3375113156 -1348.6664886378 -2000.0000000000
-1322.3375113156 -1348.6664886378 -2000.0000000000
-1322.3375113156 -1348.6664886378 -2000.0000000000
-1322.3375113156 -1348.6664886378 -2000.0000000000
-1328.9406643206 203.1895726473 -1877.7557188534
-1328.9406643206 203.1895726473 -2000.0000000000
-1328.9406643206 203.1895726473 -2000.0000000000
-1328.9406643206 203.1895726473 -2000.0000000000
-1328.9406643206 203.1895726473 -2000.0000000000
1742.8657144135 1130.6579663316 649.9626947927
1742.8657144135 1130.6579663316 -2000.0000000000
1742.8657144135 1130.6579663316 -2000.0000000000
1742.8657144135 1130.6579663316 -2000.0000000000
1742.8657144135 1130.6579663316 -2000.0000000000
1742.8657144135 1130.6579663316 -2000.0000000000
-1586.1435794589 -533.7118654832 -1658.4267842154
-1586.1435794589 -533.7118654832 -2000.0000000000
-1586.1435794589 -533.7118654832 -2000.0000000000
-1586.1435794589 -533.7118654832 -2000.0000000000
