-692.4441728686 1378.5849384332 1657.6530546769
-692.4441728686 1378.5849384332 -2000.0000000000
857.7134237154 744.1933294011 712.0731890052
857.7134237154 744.1933294011 -2000.0000000000
-1208.9366290087 1459.0159752262 -1577.5284136925
-1208.9366290087 1459.0159752262 -2000.0000000000
-1854.3414683250 661.0097425964 -1308.3866444158
-1854.3414683250 661.0097425964 -2000.0000000000
-1854.3414683250 661.0097425964 -2000.0000000000
-1854.3414683250 661.0097425964 -2000.0000000000
-1854.3414683250 661.0097425964 -2000.0000000000
-1854.3414683250 661.0097425964 -2000.0000000000
-1854.3414683250 661.0097425964 -2000.0000000000
361.2317608416 -1467.8946205177 302.4119193562
361.2317608416 -1467.8946205177 -2000.0000000000
361.2317608416 -1467.8946205177 -2000.0000000000
361.2317608416 -1467.8946205177 -2000.0000000000
361.2317608416 -1467.8946205177 -2000.0000000000
361.2317608416 -1467.8946205177 -2000.0000000000
361.2317608416 -1467.8946205177 -2000.0000000000
567.3426489146 -67.1806267858 -1242.8985461639
567.3426489146 -67.1806267858 -2000.0000000000
459.2610835692 1765.5295877120 -1820.7067646188
-1980.9078572705 404.9575337461 877.7676701016
885.0924455752 1843.5252318426 1058.3574334622
-1567.6472682698 1846.7124331971 393.8454671679
-1567.6472682698 1846.7124331971 -2000.0000000000
-1567.6472682698 1846.7124331971 -2000.0000000000
-1567.6472682698 1846.7124331971 -2000.0000000000
-1567.6472682698 1846.7124331971 -2000.0000000000
-1567.6472682698 1846.7124331971 -2000.0000000000
-1567.6472682698 1846.7124331971 -2000.0000000000
-1567.6472682698 1846.7124331971 -2000.0000000000
-1567.6472682698 1846.7124331971 -2000.0000000000
-1567.6472682698 1846.7124331971 -2000.0000000000
-1567.6472682698 1846.7124331971 -2000.0000000000
1784.1526007435 -1560.6815384075 -603.5153098852
-1754.4293380833 -308.3488522762 143.0826687991
-1754.4293380833 -308.3488522762 -2000.0000000000
-1754.4293380833 -308.3488522762 -2000.0000000000
-1754.4293380833 -308.3488522762 -2000.0000000000
-1754.4293380833 -308.3488522762 -2000.0000000000
-79.6159369167 -631.1243848709 1894.9634369944
-79.6159369167 -631.1243848709 -2000.0000000000
-1480.8624268852 1230.6304418425 1139.5596889749
-1718.0366531475 1946.2829963179 -816.9973882472
-1718.0366531475 1946.2829963179 -2000.0000000000
-1718.0366531475 1946.2829963179 -2000.0000000000
1920.5884149380 778.8749285157 1736.1169451964
1920.5884149380 778.8749285157 -2000.0000000000
1920.5884149380 778.8749285157 -2000.0000000000
1920.5884149380 778.8749285157 -2000.0000000000
1920.5884149380 778.8749285157 -2000.0000000000
1920.5884149380 778.8749285157 -2000.0000000000
1920.5884149380 778.8749285157 -2000.0000000000
232.9415495273 917.6338449228 -1183.9714801631
232.9415495273 917.6338449228 -2000.0000000000
232.9415495273 917.6338449228 -2000.0000000000
-505.8708171719 1230.4226675038 -703.2172123707
-505.8708171719 1230.4226675038 -2000.0000000000
-505.8708171719 1230.4226675038 -2000.0000000000
-1005.2111380626 -1970.6143436056 -337.3644102479
-1005.2111380626 -1970.6143436056 -2000.0000000000
-419.1497337743 -1884.8497539802 847.8051783909
1939.0476247440 28.2984814960 1221.2167453871
1939.0476247440 28.2984814960 -2000.0000000000
1939.0476247440 28.2984814960 -2000.0000000000
1939.0476247440 28.2984814960 -2000.0000000000
1939.0476247440 28.2984814960 -2000.0000000000
1939.0476247440 28.2984814960 -2000.0000000000
-472.8539985104 -368.9496520504 565.1964894344
-472.8539985104 -368.9496520504 -2000.0000000000
-472.8539985104 -368.9496520504 -2000.0000000000
-472.8539985104 -368.9496520504 -2000.0000000000
-184.4676619426 1756.9631808182 -1.2903961495
1509.5879989053 -637.9824626172 170.0261016424
1904.1594053499 -464.4972245318 -1706.3325563648
1904.1594053499 -464.4972245318 -2000.0000000000
1904.1594053499 -464.4972245318 -2000.0000000000
1595.3812410814 1583.5537302534 -249.8254411188
1595.3812410814 1583.5537302534 -2000.0000000000
1595.3812410814 1583.5537302534 -2000.0000000000
1595.3812410814 1583.5537302534 -2000.0000000000
-768.1476234650 -1975.9792970440 -1847.1455592536
-768.1476234650 -1975.9792970440 -2000.0000000000
-768.1476234650 -1975.9792970440 -2000.0000000000
-768.1476234650 -1975.9792970440 -2000.0000000000
60.0300890330 -761.5637145598 763.2139949752
60.0300890330 -761.5637145598 -2000.0000000000
60.0300890330 -761.5637145598 -2000.0000000000
60.0300890330 -761.5637145598 -2000.0000000000
745.4328527205 1630.3437262063 652.9912827336
745.4328527205 1630.3437262063 -2000.0000000000
-1868.2176444857 1147.1124477208 -383.2663995445
-1868.2176444857 1147.1124477208 -2000.0000000000
-1868.2176444857 1147.1124477208 -2000.0000000000
-1045.6850514547 -1899.4752360453 1726.4551918713
-1045.6850514547 -1899.4752360453 -2000.0000000000
-1282.3325835722 -718.1445908839 -1802.0206926043
-1282.3325835722 -718.1445908839 -2000.0000000000
-1122.2341186487 908.7099385630 1303.0820704241
-1278.6983435787 409.2241487742 -1833.2503032012
-1278.6983435787 409.2241487742 -2000.0000000000
-1278.6983435787 409.2241487742 -2000.0000000000
-1278.6983435787 409.2241487742 -2000.0000000000
-1278.6983435787 409.2241487742 -2000.0000000000
1771.5442813022 -1761.3254941130 1911.1348606034
1771.5442813022 -1761.3254941130 -2000.0000000000
-1839.2377324657 -418.2073423618 1140.7406721088
-1839.2377324657 -418.2073423618 -2000.0000000000
-1839.2377324657 -418.2073423618 -2000.0000000000
-1839.2377324657 -418.2073423618 -2000.0000000000
-1034.1165620664 -1593.8027632330 -1231.0083809600
-1034.1165620664 -1593.8027632330 -2000.0000000000
-1620.2665360678 852.1028967986 1893.1472790752
-1620.2665360678 852.1028967986 -2000.0000000000
-1620.2665360678 852.1028967986 -2000.0000000000
-1620.2665360678 852.1028967986 -2000.0000000000
-1620.2665360678 852.1028967986 -2000.0000000000
-798.4688615405 907.6256997580 1797.0886833366
531.7265696935 480.6369243098 -1280.4076735325
531.7265696935 480.6369243098 -2000.0000000000
531.7265696935 480.6369243098 -2000.0000000000
531.7265696935 480.6369243098 -2000.0000000000
531.7265696935 480.6369243098 -2000.0000000000
531.7265696935 480.6369243098 -2000.0000000000
531.7265696935 480.6369243098 -2000.0000000000
-720.6707142377 -812.2486047538 -1971.0788902306
-720.6707142377 -812.2486047538 -2000.0000000000
-720.6707142377 -812.2486047538 -2000.0000000000
-720.6707142377 -812.2486047538 -2000.0000000000
-720.6707142377 -812.2486047538 -2000.0000000000
-690.1173949360 1982.4213890964 276.3857332000
-690.1173949360 1982.4213890964 -2000.0000000000
-690.1173949360 1982.4213890964 -2000.0000000000
-690.1173949360 1982.4213890964 -2000.0000000000
-690.1173949360 1982.4213890964 -2000.0000000000
-690.1173949360 1982.4213890964 -2000.0000000000
709.2526471981 1514.0611374304 -1742.7627090083
1215.9591536191 -430.7507307050 577.6540432437
1215.9591536191 -430.7507307050 -2000.0000000000
1215.9591536191 -430.7507307050 -2000.0000000000
1215.9591536191 -430.7507307050 -2000.0000000000
1215.9591536191 -430.7507307050 -2000.0000000000
1215.9591536191 -430.7507307050 -2000.0000000000
1215.9591536191 -430.7507307050 -2000.0000000000
-1976.2228667292 1559.0791531982 762.2559817664
-1395.3334146064 404.4708279186 -235.5532537499
1267.4948369815 -249.8033301500 -299.8837274484
1532.4117579109 1670.7459901897 753.4317019352
1532.4117579109 1670.7459901897 -2000.0000000000
1532.4117579109 1670.7459901897 -2000.0000000000
821.2957730527 1134.4161941637 -1194.3787942624
821.2957730527 1134.4161941637 -2000.0000000000
821.2957730527 1134.4161941637 -2000.0000000000
821.2957730527 1134.4161941637 -2000.0000000000
821.2957730527 1134.4161941637 -2000.0000000000
821.2957730527 1134.4161941637 -2000.0000000000
-1161.5027146041 -912.6628582222 857.7350919392
-1161.5027146041 -912.6628582222 -2000.0000000000
-1161.5027146041 -912.6628582222 -2000.0000000000
-1161.5027146041 -912.6628582222 -2000.0000000000
-1161.5027146041 -912.6628582222 -2000.0000000000
-1161.5027146041 -912.6628582222 -2000.0000000000
-1161.5027146041 -912.6628582222 -2000.0000000000
-1161.5027146041 -912.6628582222 -2000.0000000000
-1161.5027146041 -912.6628582222 -2000.0000000000
-1161.5027146041 -912.6628582222 -2000.0000000000
-1530.5068892875 -1025.3590705853 -41.2372036132
-1530.5068892875 -1025.3590705853 -2000.0000000000
179.2270776655 1646.0989623622 710.2308111628
179.2270776655 1646.0989623622 -2000.0000000000
179.2270776655 1646.0989623622 -2000.0000000000
-836.9683149400 1964.9559692496 -1760.8616131299
-836.9683149400 1964.9559692496 -2000.0000000000
1064.3879673804 -954.3700985182 1056.0632894898
1064.3879673804 -954.3700985182 -2000.0000000000
1064.3879673804 -954.3700985182 -2000.0000000000
720.2157307948 -1075.2387796103 -586.0200201555
643.6895611183 158.6026113308 817.0143135352
643.6895611183 158.6026113308 -2000.0000000000
643.6895611183 158.6026113308 -2000.0000000000
643.6895611183 158.6026113308 -2000.0000000000
-1291.5221517100 -1704.2835483625 1035.8112657750
-1291.5221517100 -1704.2835483625 -2000.0000000000
155.0231968181 1752.0724814349 -340.0999102270
-1857.2650284020 1250.8473224694 875.9711627096
-1857.2650284020 1250.8473224694 -2000.0000000000
-451.6562488049 1079.0504349584 1909.6435462015
-451.6562488049 1079.0504349584 -2000.0000000000
-451.6562488049 1079.0504349584 -2000.0000000000
-451.6562488049 1079.0504349584 -2000.0000000000
-451.6562488049 1079.0504349584 -2000.0000000000
-451.6562488049 1079.0504349584 -2000.0000000000
-451.6562488049 1079.0504349584 -2000.0000000000
-451.6562488049 1079.0504349584 -2000.0000000000
1384.8941508742 1982.6041531326 1425.6339885541
1384.8941508742 1982.6041531326 -2000.0000000000
1384.8941508742 1982.6041531326 -2000.0000000000
1384.8941508742 1982.6041531326 -2000.0000000000
-1872.7736557842 -1458.3008959709 -1585.9641881381
-1872.7736557842 -1458.3008959709 -2000.0000000000
-1872.7736557842 -1458.3008959709 -2000.0000000000
-1872.7736557842 -1458.3008959709 -2000.0000000000
-1872.7736557842 -1458.3008959709 -2000.0000000000
-609.5189456245 1367.3684518152 -330.9670483683
-609.5189456245 1367.3684518152 -2000.0000000000
-609.5189456245 1367.3684518152 -2000.0000000000
-609.5189456245 1367.3684518152 -2000.0000000000
1867.7004692008 1022.7439047094 1809.0269398849
1867.7004692008 1022.7439047094 -2000.0000000000
1867.7004692008 1022.7439047094 -2000.0000000000
1867.7004692008 1022.7439047094 -2000.0000000000
1867.7004692008 1022.7439047094 -2000.0000000000
1867.7004692008 1022.7439047094 -2000.0000000000
1817.7145257435 835.5059824164 1855.5276776302
1817.7145257435 835.5059824164 -2000.0000000000
1817.7145257435 835.5059824164 -2000.0000000000
1817.7145257435 835.5059824164 -2000.0000000000
-965.8312290843 -1508.6746660924 -746.6411498307
-965.8312290843 -1508.6746660924 -2000.0000000000
-854.1306052137 -1718.5621048558 1845.6935217282
-854.1306052137 -1718.5621048558 -2000.0000000000
-854.1306052137 -1718.5621048558 -2000.0000000000
-854.1306052137 -1718.5621048558 -2000.0000000000
-1657.1616634843 -0.7446853509 248.7953290008
-1657.1616634843 -0.7446853509 -2000.0000000000
1721.8957653700 -1596.9392197698 553.6771117977
1721.8957653700 -1596.9392197698 -2000.0000000000
364.4840970444 1173.4864225005 -4.6586186402
364.4840970444 1173.4864225005 -2000.0000000000
364.4840970444 1173.4864225005 -2000.0000000000
364.4840970444 1173.4864225005 -2000.0000000000
785.4192898790 -605.6621016677 -1175.6481248977
785.4192898790 -605.6621016677 -2000.0000000000
785.4192898790 -605.6621016677 -2000.0000000000
785.4192898790 -605.6621016677 -2000.0000000000
785.4192898790 -605.6621016677 -2000.0000000000
785.4192898790 -605.6621016677 -2000.0000000000
785.4192898790 -605.6621016677 -2000.0000000000
785.4192898790 -605.6621016677 -2000.0000000000
785.4192898790 -605.6621016677 -2000.0000000000
-1766.9532591781 1797.0416781827 1674.7755398794
-1766.9532591781 1797.0416781827 -2000.0000000000
-1766.9532591781 1797.0416781827 -2000.0000000000
-1766.9532591781 1797.0416781827 -2000.0000000000
-1766.9532591781 1797.0416781827 -2000.0000000000
-1766.9532591781 1797.0416781827 -2000.0000000000
-1766.9532591781 1797.0416781827 -2000.0000000000
-1766.9532591781 1797.0416781827 -2000.0000000000
-1766.9532591781 1797.0416781827 -2000.0000000000
-1766.9532591781 1797.0416781827 -2000.0000000000
-1766.9532591781 1797.0416781827 -2000.0000000000
-1036.7822372680 497.5083069541 -1808.5646176143
84.4177297671 -1380.1038369281 -1109.4231077252
119.0058292274 1855.2206256144 131.2091958406
119.0058292274 1855.2206256144 -2000.0000000000
1484.5263223610 1802.6498892283 1226.7124593828
1484.5263223610 1802.6498892283 -2000.0000000000
-715.3413177884 -1310.2898049959 -418.0447454913
19.3800295821 -138.1748336584 -615.5124170588
19.3800295821 -138.1748336584 -2000.0000000000
-764.3995193922 -1694.2466925556 59.7593023345
-1894.5842744253 1135.5014177385 1185.9741043318
-1894.5842744253 1135.5014177385 -2000.0000000000
-1894.5842744253 1135.5014177385 -2000.0000000000
-1894.5842744253 1135.5014177385 -2000.0000000000
-1894.5842744253 1135.5014177385 -2000.0000000000
-1894.5842744253 1135.5014177385 -2000.0000000000
-1894.5842744253 1135.5014177385 -2000.0000000000
-1375.6660939583 1100.9252805975 -23.7847171393
-1375.6660939583 1100.9252805975 -2000.0000000000
-1375.6660939583 1100.9252805975 -2000.0000000000
-1375.6660939583 1100.9252805975 -2000.0000000000
-1375.6660939583 1100.9252805975 -2000.0000000000
-1375.6660939583 1100.9252805975 -2000.0000000000
-1375.6660939583 1100.9252805975 -2000.0000000000
-824.0955816780 1126.2787530453 589.0830781871
166.7528090024 -1321.1817684549 1629.1666089922
166.7528090024 -1321.1817684549 -2000.0000000000
166.7528090024 -1321.1817684549 -2000.0000000000
166.7528090024 -1321.1817684549 -2000.0000000000
-1549.4837625783 -1483.7206604581 -692.5416335627
-1549.4837625783 -1483.7206604581 -2000.0000000000
395.4340067374 -743.2853287825 1627.9131702660
395.4340067374 -743.2853287825 -2000.0000000000
751.4097616918 -844.5340399221 -544.2244135871
-1496.6690793194 -169.3142658353 -57.4026189220
-1496.6690793194 -169.3142658353 -2000.0000000000
-1496.6690793194 -169.3142658353 -2000.0000000000
-1496.6690793194 -169.3142658353 -2000.0000000000
500.8759628943 -1488.3079040512 680.8601383797
500.8759628943 -1488.3079040512 -2000.0000000000
-1079.2468883382 638.0134296078 1119.8501455440
-1079.2468883382 638.0134296078 -2000.0000000000
-1079.2468883382 638.0134296078 -2000.0000000000
-1079.2468883382 638.0134296078 -2000.0000000000
-1048.5166525375 1482.2719183464 -1007.4510941495
1614.6619747544 -1231.2203117751 -1453.7453334964
1614.6619747544 -1231.2203117751 -2000.0000000000
-1103.9449076598 -900.8695871406 -574.7810600020
-1103.9449076598 -900.8695871406 -2000.0000000000
-1257.9522376294 -1733.3140476355 -1337.5529015061
-1257.9522376294 -1733.3140476355 -2000.0000000000
-1257.9522376294 -1733.3140476355 -2000.0000000000
-1257.9522376294 -1733.3140476355 -2000.0000000000
-510.2382669003 -478.9210870660 85.9658248232
239.6549496398 -1971.9971319967 -672.3313195179
239.6549496398 -1971.9971319967 -2000.0000000000
239.6549496398 -1971.9971319967 -2000.0000000000
239.6549496398 -1971.9971319967 -2000.0000000000
1617.0838320274 1302.9016189156 1118.9473503912
1249.9811229761 571.8752779518 -413.8756113949
-216.0619047287 360.2009671887 1256.7506551795
-216.0619047287 360.2009671887 -2000.0000000000
-216.0619047287 360.2009671887 -2000.0000000000
-1794.8058204216 -1354.8195170976 1711.7217923459
-1794.8058204216 -1354.8195170976 -2000.0000000000
-1794.8058204216 -1354.8195170976 -2000.0000000000
-1794.8058204216 -1354.8195170976 -2000.0000000000
-1794.8058204216 -1354.8195170976 -2000.0000000000
-1794.8058204216 -1354.8195170976 -2000.0000000000
-1794.8058204216 -1354.8195170976 -2000.0000000000
-1794.8058204216 -1354.8195170976 -2000.0000000000
-1017.1457030582 92.3508888457 -1286.5949472969
511.5235699156 1238.2482897239 -1699.1788272472
511.5235699156 1238.2482897239 -2000.0000000000
511.5235699156 1238.2482897239 -2000.0000000000
-269.4124224257 -1817.2902026122 978.2778989326
-269.4124224257 -1817.2902026122 -2000.0000000000
834.2282510352 1947.4924102776 1949.3053948148
834.2282510352 1947.4924102776 -2000.0000000000
834.2282510352 1947.4924102776 -2000.0000000000
834.2282510352 1947.4924102776 -2000.0000000000
834.2282510352 1947.4924102776 -2000.0000000000
213.8795457610 1757.7435271244 -1593.7341153634
213.8795457610 1757.7435271244 -2000.0000000000
213.8795457610 1757.7435271244 -2000.0000000000
213.8795457610 1757.7435271244 -2000.0000000000
213.8795457610 1757.7435271244 -2000.0000000000
213.8795457610 1757.7435271244 -2000.0000000000
213.8795457610 1757.7435271244 -2000.0000000000
213.8795457610 1757.7435271244 -2000.0000000000
213.8795457610 1757.7435271244 -2000.0000000000
213.8795457610 1757.7435271244 -2000.0000000000
213.8795457610 1757.7435271244 -2000.0000000000
213.8795457610 1757.7435271244 -2000.0000000000
-375.9918751118 -1056.3899484280 1920.6916921555
-375.9918751118 -1056.3899484280 -2000.0000000000
1177.9326630967 -158.0046743907 593.8094017340
1177.9326630967 -158.0046743907 -2000.0000000000
695.3723465231 1695.6741631259 -253.1667990201
607.9200352658 1898.3333036786 -1812.8851812785
607.9200352658 1898.3333036786 -2000.0000000000
607.9200352658 1898.3333036786 -2000.0000000000
607.9200352658 1898.3333036786 -2000.0000000000
607.9200352658 1898.3333036786 -2000.0000000000
-596.9501147527 -1037.5527329093 -233.5317418351
-596.9501147527 -1037.5527329093 -2000.0000000000
-596.9501147527 -1037.5527329093 -2000.0000000000
-596.9501147527 -1037.5527329093 -2000.0000000000
-596.9501147527 -1037.5527329093 -2000.0000000000
-596.9501147527 -1037.5527329093 -2000.0000000000
-3.7181422248 -1760.9897458066 -1583.8506808275
-3.7181422248 -1760.9897458066 -2000.0000000000
-1152.3139114680 -1601.7881467530 -1012.4963023967
630.6740633484 -663.9101634603 680.5373364964
1804.4686957133 599.9980505519 1804.4726184086
1804.4686957133 599.9980505519 -2000.0000000000
1804.4686957133 599.9980505519 -2000.0000000000
-575.1429876310 -213.3283482644 -1285.6153575820
-575.1429876310 -213.3283482644 -2000.0000000000
-575.1429876310 -213.3283482644 -2000.0000000000
1021.7794729436 537.4314595901 -546.4914096826
1524.2358630587 -1885.5401361360 1707.7880703942
1524.2358630587 -1885.5401361360 -2000.0000000000
1524.2358630587 -1885.5401361360 -2000.0000000000
1754.1675206809 1937.7023673375 -856.2890709339
1754.1675206809 1937.7023673375 -2000.0000000000
1754.1675206809 1937.7023673375 -2000.0000000000
1754.1675206809 1937.7023673375 -2000.0000000000
1754.1675206809 1937.7023673375 -2000.0000000000
1754.1675206809 1937.7023673375 -2000.0000000000
1754.1675206809 1937.7023673375 -2000.0000000000
-1534.0204939698 -474.1250591756 1909.7552610498
-1534.0204939698 -474.1250591756 -2000.0000000000
-1534.0204939698 -474.1250591756 -2000.0000000000
997.3491352859 -996.4479881660 1600.4394216177
997.3491352859 -996.4479881660 -2000.0000000000
997.3491352859 -996.4479881660 -2000.0000000000
997.3491352859 -996.4479881660 -2000.0000000000
-1491.8114025345 -730.8241519502 1617.9494445153
-1491.8114025345 -730.8241519502 -2000.0000000000
250.6915418857 -1189.5316725057 -347.5957615859
250.6915418857 -1189.5316725057 -2000.0000000000
250.6915418857 -1189.5316725057 -2000.0000000000
250.6915418857 -1189.5316725057 -2000.0000000000
-1606.2486679323 1654.0917612218 458.0171084920
-1606.2486679323 1654.0917612218 -2000.0000000000
-1606.2486679323 1654.0917612218 -2000.0000000000
975.4667700244 -1596.2039936433 1410.8799220203
975.4667700244 -1596.2039936433 -2000.0000000000
1517.9979934538 545.2755634278 -714.1765315981
1517.9979934538 545.2755634278 -2000.0000000000
1517.9979934538 545.2755634278 -2000.0000000000
-96.3750203849 -737.0419965903 -1653.1653159336
-828.1616867752 -1894.2586554956 1426.1458801503
-828.1616867752 -1894.2586554956 -2000.0000000000
-497.9775505992 -886.8191028752 -1429.7553008232
114.7357278063 924.0158892804 1359.6426705473
773.9041946004 -1551.5710450950 -1480.7081607584
773.9041946004 -1551.5710450950 -2000.0000000000
773.9041946004 -1551.5710450950 -2000.0000000000
773.9041946004 -1551.5710450950 -2000.0000000000
773.9041946004 -1551.5710450950 -2000.0000000000
773.9041946004 -1551.5710450950 -2000.0000000000
773.9041946004 -1551.5710450950 -2000.0000000000
773.9041946004 -1551.5710450950 -2000.0000000000
-1265.0602051204 1455.7933219360 -1609.5106870005
-1265.0602051204 1455.7933219360 -2000.0000000000
-1265.0602051204 1455.7933219360 -2000.0000000000
-1265.0602051204 1455.7933219360 -2000.0000000000
1525.1064000909 668.5585805702 1811.6596449603
1525.1064000909 668.5585805702 -2000.0000000000
1525.1064000909 668.5585805702 -2000.0000000000
965.7029112774 -799.9763409250 494.8703926643
965.7029112774 -799.9763409250 -2000.0000000000
965.7029112774 -799.9763409250 -2000.0000000000
1667.0737572447 1271.4405423262 394.8203829057
1667.0737572447 1271.4405423262 -2000.0000000000
1916.1592442609 -639.7927270324 1606.7732405209
1916.1592442609 -639.7927270324 -2000.0000000000
-1438.4474012428 -1630.3127894109 813.1766499830
914.8982112739 1820.4029100065 -79.5609584791
-668.5079868737 903.1123553232 -649.0204274313
-668.5079868737 903.1123553232 -2000.0000000000
-668.5079868737 903.1123553232 -2000.0000000000
-668.5079868737 903.1123553232 -2000.0000000000
-668.5079868737 903.1123553232 -2000.0000000000
-668.5079868737 903.1123553232 -2000.0000000000
-668.5079868737 903.1123553232 -2000.0000000000
-668.5079868737 903.1123553232 -2000.0000000000
-668.5079868737 903.1123553232 -2000.0000000000
-668.5079868737 903.1123553232 -2000.0000000000
-668.5079868737 903.1123553232 -2000.0000000000
-952.5317527377 887.3942169560 673.3837029759
-952.5317527377 887.3942169560 -2000.0000000000
-952.5317527377 887.3942169560 -2000.0000000000
-1507.8251837888 48.9316160805 825.7632219037
-1507.8251837888 48.9316160805 -2000.0000000000
-1507.8251837888 48.9316160805 -2000.0000000000
-1507.8251837888 48.9316160805 -2000.0000000000
-722.6721103399 -1401.1596004383 269.9663125731
-722.6721103399 -1401.1596004383 -2000.0000000000
-722.6721103399 -1401.1596004383 -2000.0000000000
-722.6721103399 -1401.1596004383 -2000.0000000000
927.5106024622 -1946.3534359085 -618.7414415443
927.5106024622 -1946.3534359085 -2000.0000000000
927.5106024622 -1946.3534359085 -2000.0000000000
927.5106024622 -1946.3534359085 -2000.0000000000
-798.2630954501 -1752.0854674576 -570.0636740702
-798.2630954501 -1752.0854674576 -2000.0000000000
-798.2630954501 -1752.0854674576 -2000.0000000000
-798.2630954501 -1752.0854674576 -2000.0000000000
-798.2630954501 -1752.0854674576 -2000.0000000000
-798.2630954501 -1752.0854674576 -2000.0000000000
-798.2630954501 -1752.0854674576 -2000.0000000000
-798.2630954501 -1752.0854674576 -2000.0000000000
-798.2630954501 -1752.0854674576 -2000.0000000000
-798.2630954501 -1752.0854674576 -2000.0000000000
-798.2630954501 -1752.0854674576 -2000.0000000000
-798.2630954501 -1752.0854674576 -2000.0000000000
-798.2630954501 -1752.0854674576 -2000.0000000000
-798.2630954501 -1752.0854674576 -2000.0000000000
-798.2630954501 -1752.0854674576 -2000.0000000000
-798.2630954501 -1752.0854674576 -2000.0000000000
-798.2630954501 -1752.0854674576 -2000.0000000000
-798.2630954501 -1752.0854674576 -2000.0000000000
1509.7181996433 -1877.8725789705 486.9503292031
1172.4840450402 -708.4288682810 -1081.8773391394
1172.4840450402 -708.4288682810 -2000.0000000000
-467.8402954193 -969.6070696681 1460.7912266898
-467.8402954193 -969.6070696681 -2000.0000000000
344.0604719415 -828.3541785734 1106.8332583392
-773.7474150767 1416.7295404096 921.1587392569
1250.6754863736 870.4949577405 -499.3940691031
1250.6754863736 870.4949577405 -2000.0000000000
639.8562458916 880.0593606390 1346.3863239642
639.8562458916 880.0593606390 -2000.0000000000
639.8562458916 880.0593606390 -2000.0000000000
1894.8225562617 1125.7842620432 -1996.6545304874
1894.8225562617 1125.7842620432 -2000.0000000000
329.3889016327 221.0708491749 -874.8457921218
329.3889016327 221.0708491749 -2000.0000000000
329.3889016327 221.0708491749 -2000.0000000000
329.3889016327 221.0708491749 -2000.0000000000
329.3889016327 221.0708491749 -2000.0000000000
1363.9719080251 892.5475608157 1456.6097916380
1363.9719080251 892.5475608157 -2000.0000000000
1363.9719080251 892.5475608157 -2000.0000000000
1363.9719080251 892.5475608157 -2000.0000000000
1363.9719080251 892.5475608157 -2000.0000000000
1363.9719080251 892.5475608157 -2000.0000000000
1363.9719080251 892.5475608157 -2000.0000000000
1363.9719080251 892.5475608157 -2000.0000000000
1687.3834677973 1540.7267625633 1205.1268292117
-1028.1700167006 -1535.4690073312 -968.8762366871
-1982.3559162189 -83.1627744752 -1998.9510451013
-1982.3559162189 -83.1627744752 -2000.0000000000
-1982.3559162189 -83.1627744752 -2000.0000000000
-1982.3559162189 -83.1627744752 -2000.0000000000
-1934.4329789994 388.5539516928 -495.3414797013
-1934.4329789994 388.5539516928 -2000.0000000000
-1934.4329789994 388.5539516928 -2000.0000000000
-1934.4329789994 388.5539516928 -2000.0000000000
-1934.4329789994 388.5539516928 -2000.0000000000
1900.9332046612 -1844.3770362490 -1648.5743365374
1900.9332046612 -1844.3770362490 -2000.0000000000
1900.9332046612 -1844.3770362490 -2000.0000000000
1900.9332046612 -1844.3770362490 -2000.0000000000
1900.9332046612 -1844.3770362490 -2000.0000000000
1900.9332046612 -1844.3770362490 -2000.0000000000
1900.9332046612 -1844.3770362490 -2000.0000000000
1900.9332046612 -1844.3770362490 -2000.0000000000
1900.9332046612 -1844.3770362490 -2000.0000000000
1900.9332046612 -1844.3770362490 -2000.0000000000
1900.9332046612 -1844.3770362490 -2000.0000000000
1900.9332046612 -1844.3770362490 -2000.0000000000
1900.9332046612 -1844.3770362490 -2000.0000000000
-1754.9732782317 1594.7379578441 1447.3783817896
-1754.9732782317 1594.7379578441 -2000.0000000000
-1754.9732782317 1594.7379578441 -2000.0000000000
-1754.9732782317 1594.7379578441 -2000.0000000000
-1754.9732782317 1594.7379578441 -2000.0000000000
-1754.9732782317 1594.7379578441 -2000.0000000000
-1020.1072196676 417.2875332881 385.2047784854
-1020.1072196676 417.2875332881 -2000.0000000000
-1085.4372909738 1013.4548464591 82.5672594506
-1085.4372909738 1013.4548464591 -2000.0000000000
-1085.4372909738 1013.4548464591 -2000.0000000000
-1085.4372909738 1013.4548464591 -2000.0000000000
-1616.3784673888 -1489.5971426266 -1070.8748926132
-1616.3784673888 -1489.5971426266 -2000.0000000000
-1616.3784673888 -1489.5971426266 -2000.0000000000
1606.7987064973 1226.2865728258 1513.7788321642
-5.9827491520 -153.9828215543 -191.7092617418
-5.9827491520 -153.9828215543 -2000.0000000000
-5.9827491520 -153.9828215543 -2000.0000000000
-5.9827491520 -153.9828215543 -2000.0000000000
81.8015434185 1810.1686815462 -1065.8832135357
81.8015434185 1810.1686815462 -2000.0000000000
81.8015434185 1810.1686815462 -2000.0000000000
1624.1170174617 311.7195484464 -1514.2473082749
1624.1170174617 311.7195484464 -2000.0000000000
-48.9057169983 -1522.4834244266 -1620.0903063097
-48.9057169983 -1522.4834244266 -2000.0000000000
-48.9057169983 -1522.4834244266 -2000.0000000000
-48.9057169983 -1522.4834244266 -2000.0000000000
-48.9057169983 -1522.4834244266 -2000.0000000000
-48.9057169983 -1522.4834244266 -2000.0000000000
-48.9057169983 -1522.4834244266 -2000.0000000000
-1611.3362908865 -1264.8805071409 -1033.3847172533
-1611.3362908865 -1264.8805071409 -2000.0000000000
-1611.3362908865 -1264.8805071409 -2000.0000000000
-1030.7156835921 1809.6572170549 1814.0256668358
493.1173474223 -1933.7992218457 -1630.1831485049
493.1173474223 -1933.7992218457 -2000.0000000000
493.1173474223 -1933.7992218457 -2000.0000000000
-1729.4904299410 1843.3935802619 -1748.6517330336
1304.8693759809 -166.1038148651 -279.3768924346
1304.8693759809 -166.1038148651 -2000.0000000000
-1003.1626120596 -1410.9754373307 -612.3799031704
-1003.1626120596 -1410.9754373307 -2000.0000000000
-1003.1626120596 -1410.9754373307 -2000.0000000000
-1003.1626120596 -1410.9754373307 -2000.0000000000
-1003.1626120596 -1410.9754373307 -2000.0000000000
-1003.1626120596 -1410.9754373307 -2000.0000000000
-1003.1626120596 -1410.9754373307 -2000.0000000000
-1003.1626120596 -1410.9754373307 -2000.0000000000
-1003.1626120596 -1410.9754373307 -2000.0000000000
-1003.1626120596 -1410.9754373307 -2000.0000000000
1227.9827556969 -998.4224922333 -412.7137845938
-494.1388525654 1840.9546359249 -932.6928778140
-494.1388525654 1840.9546359249 -2000.0000000000
1500.6186321805 -1692.0779400682 -511.1373863443
1500.6186321805 -1692.0779400682 -2000.0000000000
-1221.4622820542 1270.2189047457 -1599.4263810009
-1221.4622820542 1270.2189047457 -2000.0000000000
-1221.4622820542 1270.2189047457 -2000.0000000000
-1221.4622820542 1270.2189047457 -2000.0000000000
484.9632150362 133.1194058793 1199.8408288833
484.9632150362 133.1194058793 -2000.0000000000
484.9632150362 133.1194058793 -2000.0000000000
484.9632150362 133.1194058793 -2000.0000000000
484.9632150362 133.1194058793 -2000.0000000000
484.9632150362 133.1194058793 -2000.0000000000
1709.2801552183 1861.8867528354 -1395.3516603152
394.3830111984 -895.9126194300 -1750.4506577114
394.3830111984 -895.9126194300 -2000.0000000000
394.3830111984 -895.9126194300 -2000.0000000000
394.3830111984 -895.9126194300 -2000.0000000000
-384.5970515398 -597.1292513942 922.7011838167
-384.5970515398 -597.1292513942 -2000.0000000000
-1158.0041857941 86.3114313566 -835.5640477143
-1158.0041857941 86.3114313566 -2000.0000000000
-1158.0041857941 86.3114313566 -2000.0000000000
-1158.0041857941 86.3114313566 -2000.0000000000
-1158.0041857941 86.3114313566 -2000.0000000000
-1541.4374314239 -1959.0999282323 1687.7287483142
-1541.4374314239 -1959.0999282323 -2000.0000000000
-1541.4374314239 -1959.0999282323 -2000.0000000000
-1541.4374314239 -1959.0999282323 -2000.0000000000
-1541.4374314239 -1959.0999282323 -2000.0000000000
-1541.4374314239 -1959.0999282323 -2000.0000000000
-1541.4374314239 -1959.0999282323 -2000.0000000000
-1541.4374314239 -1959.0999282323 -2000.0000000000
-653.4371122321 -1195.5618338988 -1574.8786057413
-653.4371122321 -1195.5618338988 -2000.0000000000
-1168.4823692119 -395.1695770366 716.7211738287
-1977.6797763614 1721.2592924605 1748.3433334284
1848.6615415340 -1752.8743720495 -1614.6899311916
-1477.1012959019 -386.9330305386 -1503.0049927738
-1477.1012959019 -386.9330305386 -2000.0000000000
-1477.1012959019 -386.9330305386 -2000.0000000000
-1477.1012959019 -386.9330305386 -2000.0000000000
1723.9459866474 -955.9438397747 1013.8949457095
1723.9459866474 -955.9438397747 -2000.0000000000
1723.9459866474 -955.9438397747 -2000.0000000000
1723.9459866474 -955.9438397747 -2000.0000000000
1723.9459866474 -955.9438397747 -2000.0000000000
1723.9459866474 -955.9438397747 -2000.0000000000
1723.9459866474 -955.9438397747 -2000.0000000000
1723.9459866474 -955.9438397747 -2000.0000000000
1629.3651520827 1678.4033314155 -468.7131686963
1629.3651520827 1678.4033314155 -2000.0000000000
1629.3651520827 1678.4033314155 -2000.0000000000
1805.0153972295 380.3980314679 -710.4238442413
1805.0153972295 380.3980314679 -2000.0000000000
1805.0153972295 380.3980314679 -2000.0000000000
1805.0153972295 380.3980314679 -2000.0000000000
1805.0153972295 380.3980314679 -2000.0000000000
1805.0153972295 380.3980314679 -2000.0000000000
1805.0153972295 380.3980314679 -2000.0000000000
1805.0153972295 380.3980314679 -2000.0000000000
1805.0153972295 380.3980314679 -2000.0000000000
1805.0153972295 380.3980314679 -2000.0000000000
1805.0153972295 380.3980314679 -2000.0000000000
1805.0153972295 380.3980314679 -2000.0000000000
1805.0153972295 380.3980314679 -2000.0000000000
1805.0153972295 380.3980314679 -2000.0000000000
1805.0153972295 380.3980314679 -2000.0000000000
1805.0153972295 380.3980314679 -2000.0000000000
1805.0153972295 380.3980314679 -2000.0000000000
1805.0153972295 380.3980314679 -2000.0000000000
1805.0153972295 380.3980314679 -2000.0000000000
-1251.1496645965 797.8138837137 -867.5673806746
-1251.1496645965 797.8138837137 -2000.0000000000
1516.4561909117 -503.4114391186 891.7874263515
1516.4561909117 -503.4114391186 -2000.0000000000
1516.4561909117 -503.4114391186 -2000.0000000000
1516.4561909117 -503.4114391186 -2000.0000000000
1516.4561909117 -503.4114391186 -2000.0000000000
1516.4561909117 -503.4114391186 -2000.0000000000
1516.4561909117 -503.4114391186 -2000.0000000000
57.5638790142 268.6024842987 573.8312668380
57.5638790142 268.6024842987 -2000.0000000000
485.3168929739 1761.6238749435 -850.9763954981
485.3168929739 1761.6238749435 -2000.0000000000
485.3168929739 1761.6238749435 -2000.0000000000
485.3168929739 1761.6238749435 -2000.0000000000
485.3168929739 1761.6238749435 -2000.0000000000
485.3168929739 1761.6238749435 -2000.0000000000
-640.2088306208 107.6376728766 1846.9768105746
-66.0513394756 -471.2618280621 1867.8297125253
-66.0513394756 -471.2618280621 -2000.0000000000
1001.4927045119 -1365.6029353334 1464.5074302831
949.4003185702 527.0861242620 -441.2596802590
-1709.3745692677 -38.8814153592 743.6606683226
-1213.8968832433 1178.7186474883 1318.1966361972
-1521.5139997317 1771.5085795799 577.4092248763
1666.1537551990 1224.9212306574 742.7164718729
1666.1537551990 1224.9212306574 -2000.0000000000
-155.0561401954 574.2430564577 352.1750300627
-155.0561401954 574.2430564577 -2000.0000000000
-1157.4452449547 -923.6286064244 -1284.3733859442
-1157.4452449547 -923.6286064244 -2000.0000000000
-1157.4452449547 -923.6286064244 -2000.0000000000
-1157.4452449547 -923.6286064244 -2000.0000000000
-1157.4452449547 -923.6286064244 -2000.0000000000
963.8737744371 -1738.2978656586 793.0075836510
963.8737744371 -1738.2978656586 -2000.0000000000
963.8737744371 -1738.2978656586 -2000.0000000000
963.8737744371 -1738.2978656586 -2000.0000000000
963.8737744371 -1738.2978656586 -2000.0000000000
963.8737744371 -1738.2978656586 -2000.0000000000
963.8737744371 -1738.2978656586 -2000.0000000000
963.8737744371 -1738.2978656586 -2000.0000000000
1843.8099360795 1179.1617216378 -820.4379698889
1843.8099360795 1179.1617216378 -2000.0000000000
1843.8099360795 1179.1617216378 -2000.0000000000
1843.8099360795 1179.1617216378 -2000.0000000000
1843.8099360795 1179.1617216378 -2000.0000000000
-1145.9904749174 109.0118561087 -204.7094808855
-1145.9904749174 109.0118561087 -2000.0000000000
250.2139188246 -1018.5335843613 1944.6969753773
250.2139188246 -1018.5335843613 -2000.0000000000
250.2139188246 -1018.5335843613 -2000.0000000000
1421.7881109444 877.3660741891 -1268.6836625131
1421.7881109444 877.3660741891 -2000.0000000000
1421.7881109444 877.3660741891 -2000.0000000000
1421.7881109444 877.3660741891 -2000.0000000000
-585.1965213350 337.2705670078 -1298.3148808594
-585.1965213350 337.2705670078 -2000.0000000000
-585.1965213350 337.2705670078 -2000.0000000000
-1312.9847458917 1119.0020370020 -481.5701276045
-1312.9847458917 1119.0020370020 -2000.0000000000
-1312.9847458917 1119.0020370020 -2000.0000000000
-1312.9847458917 1119.0020370020 -2000.0000000000
-172.3627169868 -1175.4785273700 1434.7399905518
-172.3627169868 -1175.4785273700 -2000.0000000000
-172.3627169868 -1175.4785273700 -2000.0000000000
-172.3627169868 -1175.4785273700 -2000.0000000000
-172.3627169868 -1175.4785273700 -2000.0000000000
-172.3627169868 -1175.4785273700 -2000.0000000000
-172.3627169868 -1175.4785273700 -2000.0000000000
894.7154462594 -1532.9863510229 -125.6528559746
894.7154462594 -1532.9863510229 -2000.0000000000
894.7154462594 -1532.9863510229 -2000.0000000000
894.7154462594 -1532.9863510229 -2000.0000000000
-538.4927629179 832.0253190062 -779.5174861157
-703.7652967279 -1769.5845437501 1325.6218817410
343.2473272637 -1468.1520191954 1868.4283583488
343.2473272637 -1468.1520191954 -2000.0000000000
343.2473272637 -1468.1520191954 -2000.0000000000
343.2473272637 -1468.1520191954 -2000.0000000000
343.2473272637 -1468.1520191954 -2000.0000000000
343.2473272637 -1468.1520191954 -2000.0000000000
343.2473272637 -1468.1520191954 -2000.0000000000
343.2473272637 -1468.1520191954 -2000.0000000000
343.2473272637 -1468.1520191954 -2000.0000000000
343.2473272637 -1468.1520191954 -2000.0000000000
-129.2965172165 -1178.3409613432 -1136.3953279304
-129.2965172165 -1178.3409613432 -2000.0000000000
-129.2965172165 -1178.3409613432 -2000.0000000000
-1911.5514710772 -1566.8568706280 -1098.2771081024
-1911.5514710772 -1566.8568706280 -2000.0000000000
-1911.5514710772 -1566.8568706280 -2000.0000000000
-1911.5514710772 -1566.8568706280 -2000.0000000000
-1911.5514710772 -1566.8568706280 -2000.0000000000
-1911.5514710772 -1566.8568706280 -2000.0000000000
-1911.5514710772 -1566.8568706280 -2000.0000000000
-1911.5514710772 -1566.8568706280 -2000.0000000000
-1370.7077167758 -704.8295130960 831.6224285346
-1370.7077167758 -704.8295130960 -2000.0000000000
532.2105349756 -1190.2368920084 -1911.2243981928
532.2105349756 -1190.2368920084 -2000.0000000000
532.2105349756 -1190.2368920084 -2000.0000000000
532.2105349756 -1190.2368920084 -2000.0000000000
66.7892440663 1749.5095614371 948.5748214370
66.7892440663 1749.5095614371 -2000.0000000000
-19.2855179316 -264.7293118531 1398.6509556784
-19.2855179316 -264.7293118531 -2000.0000000000
145.3799554274 -648.1621239442 -1305.4604281002
145.3799554274 -648.1621239442 -2000.0000000000
-112.9016046711 -826.9398173002 1996.5480620654
-112.9016046711 -826.9398173002 -2000.0000000000
-112.9016046711 -826.9398173002 -2000.0000000000
-651.4830768879 -1825.6465201252 -364.3054709352
-1010.2155424065 -240.6656055055 -1543.6293032938
-1314.8782304001 358.4340047754 -1750.6045536357
-1314.8782304001 358.4340047754 -2000.0000000000
-1314.8782304001 358.4340047754 -2000.0000000000
-1314.8782304001 358.4340047754 -2000.0000000000
-1314.8782304001 358.4340047754 -2000.0000000000
-1314.8782304001 358.4340047754 -2000.0000000000
-1314.8782304001 358.4340047754 -2000.0000000000
-1571.7169055842 -1327.6233660485 432.3585649897
-418.4060123324 -1981.8434082883 1214.4748287666
-418.4060123324 -1981.8434082883 -2000.0000000000
-418.4060123324 -1981.8434082883 -2000.0000000000
250.1461222951 1956.4036034521 -1903.3859067021
250.1461222951 1956.4036034521 -2000.0000000000
250.1461222951 1956.4036034521 -2000.0000000000
250.1461222951 1956.4036034521 -2000.0000000000
250.1461222951 1956.4036034521 -2000.0000000000
-1548.9146176187 -706.5871932834 -1803.4506948041
-1548.9146176187 -706.5871932834 -2000.0000000000
408.5576028640 28.7663629977 -1631.5218987463
408.5576028640 28.7663629977 -2000.0000000000
408.5576028640 28.7663629977 -2000.0000000000
408.5576028640 28.7663629977 -2000.0000000000
408.5576028640 28.7663629977 -2000.0000000000
1590.0760693295 1594.3817277271 356.7553278001
-1995.9890724020 288.8418768220 34.6761387293
-837.7724589293 -300.7497958170 681.8546692627
1547.1087627366 -1391.7868808599 -341.5658632509
1547.1087627366 -1391.7868808599 -2000.0000000000
1547.1087627366 -1391.7868808599 -2000.0000000000
1547.1087627366 -1391.7868808599 -2000.0000000000
-1311.0107911425 -138.9666408622 1565.1852426761
1879.7072001032 895.9069782101 -93.0143294203
55.6546354772 -1966.6801686522 256.3059497610
55.6546354772 -1966.6801686522 -2000.0000000000
55.6546354772 -1966.6801686522 -2000.0000000000
55.6546354772 -1966.6801686522 -2000.0000000000
55.6546354772 -1966.6801686522 -2000.0000000000
55.6546354772 -1966.6801686522 -2000.0000000000
-1950.5474613073 -527.8026946681 -1178.1250070301
-1950.5474613073 -527.8026946681 -2000.0000000000
-1950.5474613073 -527.8026946681 -2000.0000000000
12.1060191200 1317.8073937638 -737.3072783667
12.1060191200 1317.8073937638 -2000.0000000000
-442.8393696601 -1373.0952952004 -33.4760019290
-7.6856005557 -956.5283903472 782.0653853891
899.7686139918 -959.8102759819 1888.7804873675
211.8941645010 1796.8666272314 644.4785064558
211.8941645010 1796.8666272314 -2000.0000000000
1659.6010255145 -1349.3270381141 -1183.6960880650
1912.4322250798 1244.2231815962 1180.6621403958
1241.6198182304 1789.3495848106 1583.4003319220
1241.6198182304 1789.3495848106 -2000.0000000000
1300.6842216543 333.5460996377 -1967.5524617341
8.2210080304 -254.7425914616 427.6509906901
8.2210080304 -254.7425914616 -2000.0000000000
8.2210080304 -254.7425914616 -2000.0000000000
8.2210080304 -254.7425914616 -2000.0000000000
-163.6205971986 -186.5429360843 -59.8486896223
-163.6205971986 -186.5429360843 -2000.0000000000
-163.6205971986 -186.5429360843 -2000.0000000000
1326.4274212367 -1062.5246156277 -367.5946534448
1326.4274212367 -1062.5246156277 -2000.0000000000
1326.4274212367 -1062.5246156277 -2000.0000000000
1326.4274212367 -1062.5246156277 -2000.0000000000
1326.4274212367 -1062.5246156277 -2000.0000000000
-1926.6708053254 -455.6702939972 -1043.2887591497
-1926.6708053254 -455.6702939972 -2000.0000000000
1689.6753058877 327.2182085243 362.3401713070
-72.1233450366 -105.7188095327 1682.6606903314
-72.1233450366 -105.7188095327 -2000.0000000000
-72.1233450366 -105.7188095327 -2000.0000000000
-72.1233450366 -105.7188095327 -2000.0000000000
-72.1233450366 -105.7188095327 -2000.0000000000
-72.1233450366 -105.7188095327 -2000.0000000000
-72.1233450366 -105.7188095327 -2000.0000000000
-673.1374355021 -1067.0043050891 1866.8860258764
-673.1374355021 -1067.0043050891 -2000.0000000000
726.8149821228 -986.6480575030 1710.8226025381
726.8149821228 -986.6480575030 -2000.0000000000
726.8149821228 -986.6480575030 -2000.0000000000
726.8149821228 -986.6480575030 -2000.0000000000
726.8149821228 -986.6480575030 -2000.0000000000
726.8149821228 -986.6480575030 -2000.0000000000
726.8149821228 -986.6480575030 -2000.0000000000
1447.2948143891 1955.1488168394 1215.8877362266
1447.2948143891 1955.1488168394 -2000.0000000000
1447.2948143891 1955.1488168394 -2000.0000000000
1447.2948143891 1955.1488168394 -2000.0000000000
1447.2948143891 1955.1488168394 -2000.0000000000
1447.2948143891 1955.1488168394 -2000.0000000000
1447.2948143891 1955.1488168394 -2000.0000000000
1447.2948143891 1955.1488168394 -2000.0000000000
1762.2051617780 1906.3932135347 -794.9837743324
1762.2051617780 1906.3932135347 -2000.0000000000
1144.9772894967 1030.5963796269 -224.1150103802
1144.9772894967 1030.5963796269 -2000.0000000000
1144.9772894967 1030.5963796269 -2000.0000000000
-101.1219461871 1908.5889385397 781.0231995593
-101.1219461871 1908.5889385397 -2000.0000000000
-101.1219461871 1908.5889385397 -2000.0000000000
-101.1219461871 1908.5889385397 -2000.0000000000
-101.1219461871 1908.5889385397 -2000.0000000000
-101.1219461871 1908.5889385397 -2000.0000000000
-101.1219461871 1908.5889385397 -2000.0000000000
-428.5235199602 464.4120462670 580.6505318179
-428.5235199602 464.4120462670 -2000.0000000000
-428.5235199602 464.4120462670 -2000.0000000000
1535.5999493966 -1743.1889312852 735.1892804855
1535.5999493966 -1743.1889312852 -2000.0000000000
1535.5999493966 -1743.1889312852 -2000.0000000000
-133.6991110703 157.2738181781 1177.2208002121
-1778.4069548230 1407.6317518077 -172.9857918990
-1778.4069548230 1407.6317518077 -2000.0000000000
-604.3801699833 -585.9899163644 1412.6173466977
97.6740470529 1790.3787875526 -1216.4819699145
1546.6873586484 234.5652480747 -732.0343905505
1546.6873586484 234.5652480747 -2000.0000000000
-57.8067777895 1608.2933750212 -652.9096439985
-57.8067777895 1608.2933750212 -2000.0000000000
-57.8067777895 1608.2933750212 -2000.0000000000
-57.8067777895 1608.2933750212 -2000.0000000000
-57.8067777895 1608.2933750212 -2000.0000000000
-57.8067777895 1608.2933750212 -2000.0000000000
-57.8067777895 1608.2933750212 -2000.0000000000
-757.0346162332 -154.7288956967 -361.8079724485
-757.0346162332 -154.7288956967 -2000.0000000000
-757.0346162332 -154.7288956967 -2000.0000000000
-757.0346162332 -154.7288956967 -2000.0000000000
-757.0346162332 -154.7288956967 -2000.0000000000
-757.0346162332 -154.7288956967 -2000.0000000000
1428.5411579668 -1458.3039135685 -1225.0106796375
-499.9654199097 1953.9091194430 -938.8550091502
-499.9654199097 1953.9091194430 -2000.0000000000
1562.2234203834 647.0742192863 99.3789348321
1562.2234203834 647.0742192863 -2000.0000000000
1562.2234203834 647.0742192863 -2000.0000000000
1562.2234203834 647.0742192863 -2000.0000000000
1562.2234203834 647.0742192863 -2000.0000000000
1562.2234203834 647.0742192863 -2000.0000000000
1562.2234203834 647.0742192863 -2000.0000000000
1562.2234203834 647.0742192863 -2000.0000000000
1562.2234203834 647.0742192863 -2000.0000000000
1562.2234203834 647.0742192863 -2000.0000000000
1562.2234203834 647.0742192863 -2000.0000000000
1562.2234203834 647.0742192863 -2000.0000000000
1562.2234203834 647.0742192863 -2000.0000000000
-1860.9708175799 -674.7622673588 985.3548575497
-1860.9708175799 -674.7622673588 -2000.0000000000
-1860.9708175799 -674.7622673588 -2000.0000000000
-1860.9708175799 -674.7622673588 -2000.0000000000
470.4612286575 -984.2545282769 -1304.8416394737
470.4612286575 -984.2545282769 -2000.0000000000
470.4612286575 -984.2545282769 -2000.0000000000
470.4612286575 -984.2545282769 -2000.0000000000
470.4612286575 -984.2545282769 -2000.0000000000
470.4612286575 -984.2545282769 -2000.0000000000
470.4612286575 -984.2545282769 -2000.0000000000
470.4612286575 -984.2545282769 -2000.0000000000
470.4612286575 -984.2545282769 -2000.0000000000
470.4612286575 -984.2545282769 -2000.0000000000
25.2183482210 -1312.6014910704 -1912.9611576995
25.2183482210 -1312.6014910704 -2000.0000000000
-1455.3797325773 1132.8650455620 -621.7132852563
816.1293664192 -1678.8686010474 -72.3513377204
816.1293664192 -1678.8686010474 -2000.0000000000
816.1293664192 -1678.8686010474 -2000.0000000000
444.3746015845 -386.6112300317 -466.0332707630
-731.3804644427 -959.6062933462 457.4952427204
-857.0613496034 -635.8897378427 1270.4342059915
-1442.2297672530 1511.1760466870 -1828.2684040226
-1542.4468256586 520.0537667264 -448.9542425378
-1542.4468256586 520.0537667264 -2000.0000000000
-1542.4468256586 520.0537667264 -2000.0000000000
-1542.4468256586 520.0537667264 -2000.0000000000
-1542.4468256586 520.0537667264 -2000.0000000000
-1542.4468256586 520.0537667264 -2000.0000000000
-1542.4468256586 520.0537667264 -2000.0000000000
-1542.4468256586 520.0537667264 -2000.0000000000
-1542.4468256586 520.0537667264 -2000.0000000000
-1542.4468256586 520.0537667264 -2000.0000000000
1823.9996116302 -1326.8952569562 850.5789569120
1823.9996116302 -1326.8952569562 -2000.0000000000
1823.9996116302 -1326.8952569562 -2000.0000000000
1823.9996116302 -1326.8952569562 -2000.0000000000
1280.3920745257 -544.2189256357 1778.7983168208
1280.3920745257 -544.2189256357 -2000.0000000000
-590.3380255892 847.7674468946 -1065.8392749581
-590.3380255892 847.7674468946 -2000.0000000000
-590.3380255892 847.7674468946 -2000.0000000000
893.4755453759 92.7945814094 179.3738215373
1559.0227047807 1980.5588113354 626.7420623468
1559.0227047807 1980.5588113354 -2000.0000000000
1559.0227047807 1980.5588113354 -2000.0000000000
1559.0227047807 1980.5588113354 -2000.0000000000
376.2095269911 1892.5307127197 -329.8822048941
376.2095269911 1892.5307127197 -2000.0000000000
376.2095269911 1892.5307127197 -2000.0000000000
376.2095269911 1892.5307127197 -2000.0000000000
376.2095269911 1892.5307127197 -2000.0000000000
376.2095269911 1892.5307127197 -2000.0000000000
376.2095269911 1892.5307127197 -2000.0000000000
376.2095269911 1892.5307127197 -2000.0000000000
376.2095269911 1892.5307127197 -2000.0000000000
376.2095269911 1892.5307127197 -2000.0000000000
376.2095269911 1892.5307127197 -2000.0000000000
376.2095269911 1892.5307127197 -2000.0000000000
376.2095269911 1892.5307127197 -2000.0000000000
376.2095269911 1892.5307127197 -2000.0000000000
376.2095269911 1892.5307127197 -2000.0000000000
376.2095269911 1892.5307127197 -2000.0000000000
376.2095269911 1892.5307127197 -2000.0000000000
-207.6643993985 621.2674310780 -599.8613114052
-207.6643993985 621.2674310780 -2000.0000000000
-1018.1724766032 1591.4689463073 -1219.8096497007
-1018.1724766032 1591.4689463073 -2000.0000000000
-1018.1724766032 1591.4689463073 -2000.0000000000
-1018.1724766032 1591.4689463073 -2000.0000000000
-1018.1724766032 1591.4689463073 -2000.0000000000
-1018.1724766032 1591.4689463073 -2000.0000000000
-1018.1724766032 1591.4689463073 -2000.0000000000
-1018.1724766032 1591.4689463073 -2000.0000000000
465.4290934215 -409.2960018539 55.9616075167
465.4290934215 -409.2960018539 -2000.0000000000
465.4290934215 -409.2960018539 -2000.0000000000
-1929.8491975166 431.7851305311 662.1321252424
-1929.8491975166 431.7851305311 -2000.0000000000
-1929.8491975166 431.7851305311 -2000.0000000000
-1929.8491975166 431.7851305311 -2000.0000000000
165.7634242155 1320.6920639351 1048.3855068016
-1494.1346434669 -185.0238773724 -1599.0939044496
1634.7339165486 -535.9795162328 1228.8077798014
1634.7339165486 -535.9795162328 -2000.0000000000
-1902.5879069243 569.7633046439 727.7456080359
-1078.7571193092 1281.3414132063 1072.7213142779
-1078.7571193092 1281.3414132063 -2000.0000000000
-1078.7571193092 1281.3414132063 -2000.0000000000
-1078.7571193092 1281.3414132063 -2000.0000000000
-1078.7571193092 1281.3414132063 -2000.0000000000
-870.9376555950 550.1045988354 -926.8321479557
-870.9376555950 550.1045988354 -2000.0000000000
-1809.5110683959 -884.6043174597 1607.3237813640
-1809.5110683959 -884.6043174597 -2000.0000000000
-1809.5110683959 -884.6043174597 -2000.0000000000
-1018.3231886624 -699.2562118633 1098.4712759245
-1018.3231886624 -699.2562118633 -2000.0000000000
-1018.3231886624 -699.2562118633 -2000.0000000000
-1018.3231886624 -699.2562118633 -2000.0000000000
-1018.3231886624 -699.2562118633 -2000.0000000000
-1018.3231886624 -699.2562118633 -2000.0000000000
-1018.3231886624 -699.2562118633 -2000.0000000000
-1018.3231886624 -699.2562118633 -2000.0000000000
967.5868723500 1162.8045568601 1614.1692706861
967.5868723500 1162.8045568601 -2000.0000000000
967.5868723500 1162.8045568601 -2000.0000000000
1947.9145286845 -1735.8581899356 -1069.6304797030
1716.8977286322 -22.3103374052 1025.3671399568
1716.8977286322 -22.3103374052 -2000.0000000000
1716.8977286322 -22.3103374052 -2000.0000000000
-1313.8056654372 -1655.3820812110 1399.6564580631
781.6497789689 -1610.1068704429 -834.2525935026
-1469.3564197335 -644.6074045211 1761.7068524972
-354.9535619096 1515.8347124887 -1787.5384433278
-354.9535619096 1515.8347124887 -2000.0000000000
-354.9535619096 1515.8347124887 -2000.0000000000
-51.4911521165 -597.2947985449 -1972.0976211471
-51.4911521165 -597.2947985449 -2000.0000000000
-51.4911521165 -597.2947985449 -2000.0000000000
-51.4911521165 -597.2947985449 -2000.0000000000
-51.4911521165 -597.2947985449 -2000.0000000000
1586.9452711523 942.1297125598 -348.9317787232
1586.9452711523 942.1297125598 -2000.0000000000
1586.9452711523 942.1297125598 -2000.0000000000
1586.9452711523 942.1297125598 -2000.0000000000
1985.4045071082 1040.0184461674 1009.8166972166
1985.4045071082 1040.0184461674 -2000.0000000000
1985.4045071082 1040.0184461674 -2000.0000000000
1985.4045071082 1040.0184461674 -2000.0000000000
1985.4045071082 1040.0184461674 -2000.0000000000
1985.4045071082 1040.0184461674 -2000.0000000000
1985.4045071082 1040.0184461674 -2000.0000000000
1985.4045071082 1040.0184461674 -2000.0000000000
1985.4045071082 1040.0184461674 -2000.0000000000
-574.8573394215 -993.4558250372 -69.1161553203
-574.8573394215 -993.4558250372 -2000.0000000000
-574.8573394215 -993.4558250372 -2000.0000000000
-574.8573394215 -993.4558250372 -2000.0000000000
-574.8573394215 -993.4558250372 -2000.0000000000
-910.8947771537 1526.3178016318 -1372.6745448126
-910.8947771537 1526.3178016318 -2000.0000000000
1964.7420234137 -1691.8278056928 -1854.1143746074
1397.6846220815 601.7278766327 -1680.1461345232
-1567.6798186533 -704.0465402478 -1726.2897353092
-1567.6798186533 -704.0465402478 -2000.0000000000
-1567.6798186533 -704.0465402478 -2000.0000000000
-1567.6798186533 -704.0465402478 -2000.0000000000
-1683.1217731823 -794.7000816439 707.5275973258
991.7254103354 -1504.5599577541 1168.3852193433
991.7254103354 -1504.5599577541 -2000.0000000000
-958.0443698564 -609.3171439675 -303.6831723046
-958.0443698564 -609.3171439675 -2000.0000000000
-958.0443698564 -609.3171439675 -2000.0000000000
-958.0443698564 -609.3171439675 -2000.0000000000
-958.0443698564 -609.3171439675 -2000.0000000000
-857.2746771769 1818.0411342556 -1213.0365710761
-857.2746771769 1818.0411342556 -2000.0000000000
-857.2746771769 1818.0411342556 -2000.0000000000
-857.2746771769 1818.0411342556 -2000.0000000000
-857.2746771769 1818.0411342556 -2000.0000000000
-857.2746771769 1818.0411342556 -2000.0000000000
-857.2746771769 1818.0411342556 -2000.0000000000
-857.2746771769 1818.0411342556 -2000.0000000000
-857.2746771769 1818.0411342556 -2000.0000000000
-857.2746771769 1818.0411342556 -2000.0000000000
-857.2746771769 1818.0411342556 -2000.0000000000
1915.4966539194 -844.1863927699 90.6619931438
1915.4966539194 -844.1863927699 -2000.0000000000
-1803.8295297143 254.6444671057 1527.9355084161
1292.6699237543 984.4611524230 1716.4095359514
-148.0600034099 -959.2894541532 1274.5405451861
-148.0600034099 -959.2894541532 -2000.0000000000
-148.0600034099 -959.2894541532 -2000.0000000000
-148.0600034099 -959.2894541532 -2000.0000000000
1745.1045271680 -672.7759931328 629.0779260586
1745.1045271680 -672.7759931328 -2000.0000000000
1745.1045271680 -672.7759931328 -2000.0000000000
1745.1045271680 -672.7759931328 -2000.0000000000
1745.1045271680 -672.7759931328 -2000.0000000000
1745.1045271680 -672.7759931328 -2000.0000000000
1745.1045271680 -672.7759931328 -2000.0000000000
1745.1045271680 -672.7759931328 -2000.0000000000
1745.1045271680 -672.7759931328 -2000.0000000000
1745.1045271680 -672.7759931328 -2000.0000000000
1745.1045271680 -672.7759931328 -2000.0000000000
1745.1045271680 -672.7759931328 -2000.0000000000
1745.1045271680 -672.7759931328 -2000.0000000000
1745.1045271680 -672.7759931328 -2000.0000000000
1745.1045271680 -672.7759931328 -2000.0000000000
-792.9235165737 -186.2193595034 920.2819698333
-792.9235165737 -186.2193595034 -2000.0000000000
1220.3095174073 1446.6925357775 -267.6654101511
1220.3095174073 1446.6925357775 -2000.0000000000
1220.3095174073 1446.6925357775 -2000.0000000000
1220.3095174073 1446.6925357775 -2000.0000000000
1220.3095174073 1446.6925357775 -2000.0000000000
627.3474915749 1705.3167228011 -113.8202944580
627.3474915749 1705.3167228011 -2000.0000000000
-1983.0541205723 -1153.4272136395 -1063.3600509246
466.3226875889 -447.0775887389 -60.5314939100
466.3226875889 -447.0775887389 -2000.0000000000
466.3226875889 -447.0775887389 -2000.0000000000
466.3226875889 -447.0775887389 -2000.0000000000
466.3226875889 -447.0775887389 -2000.0000000000
466.3226875889 -447.0775887389 -2000.0000000000
1516.8871954693 300.2395414888 -940.2433011974
1516.8871954693 300.2395414888 -2000.0000000000
-234.3975597677 -1515.2226020746 1309.0771053198
-234.3975597677 -1515.2226020746 -2000.0000000000
-234.3975597677 -1515.2226020746 -2000.0000000000
1623.3608898544 1007.6787555380 482.3813615323
1623.3608898544 1007.6787555380 -2000.0000000000
-370.7047418103 -269.3677508952 -622.5245647738
-370.7047418103 -269.3677508952 -2000.0000000000
-370.7047418103 -269.3677508952 -2000.0000000000
-370.7047418103 -269.3677508952 -2000.0000000000
1140.3378571388 1666.6473014369 -729.6060956021
479.6753649689 -1339.4178975803 -175.9604278511
1252.4135567409 1903.1388025042 -1296.3443223533
1252.4135567409 1903.1388025042 -2000.0000000000
1252.4135567409 1903.1388025042 -2000.0000000000
1252.4135567409 1903.1388025042 -2000.0000000000
-1415.5467785840 1587.5348668167 563.6202144299
-1415.5467785840 1587.5348668167 -2000.0000000000
-1415.5467785840 1587.5348668167 -2000.0000000000
546.8083971191 1040.7894202023 -1021.7414668547
546.8083971191 1040.7894202023 -2000.0000000000
546.8083971191 1040.7894202023 -2000.0000000000
546.8083971191 1040.7894202023 -2000.0000000000
546.8083971191 1040.7894202023 -2000.0000000000
546.8083971191 1040.7894202023 -2000.0000000000
-501.1736998789 -1642.3665291277 518.3922075277
-501.1736998789 -1642.3665291277 -2000.0000000000
803.4809002990 322.0419612938 1813.9024062453
803.4809002990 322.0419612938 -2000.0000000000
803.4809002990 322.0419612938 -2000.0000000000
803.4809002990 322.0419612938 -2000.0000000000
803.4809002990 322.0419612938 -2000.0000000000
-943.6173845718 1988.7499726496 155.9039230223
-943.6173845718 1988.7499726496 -2000.0000000000
-374.8119736553 -701.4994742277 12.4822240319
-265.6083954868 -333.1247514353 -570.0898540204
-143.2945225145 -1748.2393376639 -701.0209747046
-143.2945225145 -1748.2393376639 -2000.0000000000
-1150.1356918935 -803.8894923919 -995.5848379784
-1063.6971535953 1268.9430688668 -264.6265421308
-1063.6971535953 1268.9430688668 -2000.0000000000
-1063.6971535953 1268.9430688668 -2000.0000000000
-1063.6971535953 1268.9430688668 -2000.0000000000
1061.5196749234 1741.4063514780 488.6551702420
1061.5196749234 1741.4063514780 -2000.0000000000
1061.5196749234 1741.4063514780 -2000.0000000000
1061.5196749234 1741.4063514780 -2000.0000000000
1061.5196749234 1741.4063514780 -2000.0000000000
1136.1798727674 514.6134160828 -781.6415969464
1136.1798727674 514.6134160828 -2000.0000000000
1136.1798727674 514.6134160828 -2000.0000000000
1136.1798727674 514.6134160828 -2000.0000000000
1136.1798727674 514.6134160828 -2000.0000000000
1136.1798727674 514.6134160828 -2000.0000000000
1136.1798727674 514.6134160828 -2000.0000000000
1136.1798727674 514.6134160828 -2000.0000000000
-419.1525929849 -1327.0694550885 -195.8006854751
-419.1525929849 -1327.0694550885 -2000.0000000000
-419.1525929849 -1327.0694550885 -2000.0000000000
-419.1525929849 -1327.0694550885 -2000.0000000000
-419.1525929849 -1327.0694550885 -2000.0000000000
-419.1525929849 -1327.0694550885 -2000.0000000000
-419.1525929849 -1327.0694550885 -2000.0000000000
1875.2264559962 -1995.4371745491 -1081.0501223919
1875.2264559962 -1995.4371745491 -2000.0000000000
1875.2264559962 -1995.4371745491 -2000.0000000000
1875.2264559962 -1995.4371745491 -2000.0000000000
1875.2264559962 -1995.4371745491 -2000.0000000000
1875.2264559962 -1995.4371745491 -2000.0000000000
1875.2264559962 -1995.4371745491 -2000.0000000000
1590.8395846626 1348.7881157920 -1411.0272759787
1590.8395846626 1348.7881157920 -2000.0000000000
1590.8395846626 1348.7881157920 -2000.0000000000
1590.8395846626 1348.7881157920 -2000.0000000000
1590.8395846626 1348.7881157920 -2000.0000000000
1590.8395846626 1348.7881157920 -2000.0000000000
-447.4911390958 -1684.2777796627 -453.1148564189
-447.4911390958 -1684.2777796627 -2000.0000000000
-447.4911390958 -1684.2777796627 -2000.0000000000
-447.4911390958 -1684.2777796627 -2000.0000000000
-447.4911390958 -1684.2777796627 -2000.0000000000
1658.3708682872 -1995.7710242603 -445.9244777179
1658.3708682872 -1995.7710242603 -2000.0000000000
1658.3708682872 -1995.7710242603 -2000.0000000000
-1452.3487528631 345.4539834241 -1288.7540161957
1104.3126545786 -1423.2824430393 -125.9179104213
1104.3126545786 -1423.2824430393 -2000.0000000000
1142.3193627217 698.3709399768 -1031.2112756254
1142.3193627217 698.3709399768 -2000.0000000000
1142.3193627217 698.3709399768 -2000.0000000000
1142.3193627217 698.3709399768 -2000.0000000000
1142.3193627217 698.3709399768 -2000.0000000000
1142.3193627217 698.3709399768 -2000.0000000000
-720.3088979861 143.5336273453 -288.6061144090
-1767.6581622409 -1238.7488078326 1893.6102613338
-1767.6581622409 -1238.7488078326 -2000.0000000000
21.7636564573 695.1616022206 -1047.1604421695
21.7636564573 695.1616022206 -2000.0000000000
21.7636564573 695.1616022206 -2000.0000000000
-947.9292657885 -1634.7531597982 -1882.2951411770
555.5686679936 -868.9900868752 514.4895673720
555.5686679936 -868.9900868752 -2000.0000000000
555.5686679936 -868.9900868752 -2000.0000000000
695.4663918090 -1335.4329043804 -732.6065530865
145.8918447708 837.8834505833 1866.7576961458
-252.1407898447 1105.8192379258 1720.9262452989
-849.2705570490 868.1459320505 298.6150572217
-849.2705570490 868.1459320505 -2000.0000000000
-849.2705570490 868.1459320505 -2000.0000000000
-849.2705570490 868.1459320505 -2000.0000000000
-849.2705570490 868.1459320505 -2000.0000000000
-849.2705570490 868.1459320505 -2000.0000000000
-1161.2890983103 -1500.9075896417 -1927.5659051019
-1161.2890983103 -1500.9075896417 -2000.0000000000
-1161.2890983103 -1500.9075896417 -2000.0000000000
-1161.2890983103 -1500.9075896417 -2000.0000000000
-1161.2890983103 -1500.9075896417 -2000.0000000000
-1161.2890983103 -1500.9075896417 -2000.0000000000
-1161.2890983103 -1500.9075896417 -2000.0000000000
-1161.2890983103 -1500.9075896417 -2000.0000000000
-1161.2890983103 -1500.9075896417 -2000.0000000000
610.1784025919 126.3910281424 -436.9795037290
-1591.0280985771 1934.9938171772 1323.5143546900
-1591.0280985771 1934.9938171772 -2000.0000000000
1342.6365641096 -208.3184248675 -700.6610375495
1256.7514043160 1947.5466068757 528.6897437466
1256.7514043160 1947.5466068757 -2000.0000000000
1256.7514043160 1947.5466068757 -2000.0000000000
1256.7514043160 1947.5466068757 -2000.0000000000
1256.7514043160 1947.5466068757 -2000.0000000000
1256.7514043160 1947.5466068757 -2000.0000000000
1256.7514043160 1947.5466068757 -2000.0000000000
1256.7514043160 1947.5466068757 -2000.0000000000
1992.4124803907 119.3292109234 374.3549188985
-371.3020285239 1603.7736361675 914.0446669578
-371.3020285239 1603.7736361675 -2000.0000000000
-371.3020285239 1603.7736361675 -2000.0000000000
1788.7763214276 -732.8698122614 -997.3825376887
-263.2486918244 -695.4482873229 -1986.4776810741
-263.2486918244 -695.4482873229 -2000.0000000000
-1657.8740471190 -48.6308772984 641.0977281855
-860.8140888853 1877.3604231811 -1191.4213222033
-860.8140888853 1877.3604231811 -2000.0000000000
-860.8140888853 1877.3604231811 -2000.0000000000
-920.6935045844 -1832.5239051794 1629.3801858874
-920.6935045844 -1832.5239051794 -2000.0000000000
-920.6935045844 -1832.5239051794 -2000.0000000000
-920.6935045844 -1832.5239051794 -2000.0000000000
-779.6018408937 1860.5365285718 -1122.9521000468
-779.6018408937 1860.5365285718 -2000.0000000000
-779.6018408937 1860.5365285718 -2000.0000000000
-779.6018408937 1860.5365285718 -2000.0000000000
-779.6018408937 1860.5365285718 -2000.0000000000
-1262.3117317664 -1499.8472801078 1007.5300612255
-1262.3117317664 -1499.8472801078 -2000.0000000000
-1262.3117317664 -1499.8472801078 -2000.0000000000
-1262.3117317664 -1499.8472801078 -2000.0000000000
-1262.3117317664 -1499.8472801078 -2000.0000000000
-1817.3394342138 -1165.7808114251 1194.1965261211
-1817.3394342138 -1165.7808114251 -2000.0000000000
-1817.3394342138 -1165.7808114251 -2000.0000000000
-1817.3394342138 -1165.7808114251 -2000.0000000000
-1817.3394342138 -1165.7808114251 -2000.0000000000
-1817.3394342138 -1165.7808114251 -2000.0000000000
-1817.3394342138 -1165.7808114251 -2000.0000000000
-1817.3394342138 -1165.7808114251 -2000.0000000000
-1817.3394342138 -1165.7808114251 -2000.0000000000
-1817.3394342138 -1165.7808114251 -2000.0000000000
-1817.3394342138 -1165.7808114251 -2000.0000000000
-233.2692623426 1089.0738058919 1558.0827527760
-233.2692623426 1089.0738058919 -2000.0000000000
-233.2692623426 1089.0738058919 -2000.0000000000
-256.5815301465 436.4529135278 895.0134969139
628.5767874824 -191.1769830173 190.3440072293
628.5767874824 -191.1769830173 -2000.0000000000
628.5767874824 -191.1769830173 -2000.0000000000
628.5767874824 -191.1769830173 -2000.0000000000
-169.0206708430 749.6206866041 -1275.7442918869
-169.0206708430 749.6206866041 -2000.0000000000
-1302.5842130710 -1008.0876171793 763.6697972830
1911.0200134019 1009.5125658271 1790.6630042888
1911.0200134019 1009.5125658271 -2000.0000000000
639.6796990356 777.9538637513 -145.7849374785
639.6796990356 777.9538637513 -2000.0000000000
639.6796990356 777.9538637513 -2000.0000000000
639.6796990356 777.9538637513 -2000.0000000000
639.6796990356 777.9538637513 -2000.0000000000
639.6796990356 777.9538637513 -2000.0000000000
1596.0285329047 -1884.7634345899 -1714.1556633581
1596.0285329047 -1884.7634345899 -2000.0000000000
1135.7663995177 1324.3354712375 909.9800231031
1135.7663995177 1324.3354712375 -2000.0000000000
1135.7663995177 1324.3354712375 -2000.0000000000
1135.7663995177 1324.3354712375 -2000.0000000000
1898.2456516795 188.9568228384 1736.2070997636
-905.8103981599 1087.2968565547 1299.5495680502
1894.1880597878 -370.3567443939 -1214.9176793386
1894.1880597878 -370.3567443939 -2000.0000000000
1894.1880597878 -370.3567443939 -2000.0000000000
1894.1880597878 -370.3567443939 -2000.0000000000
1894.1880597878 -370.3567443939 -2000.0000000000
1894.1880597878 -370.3567443939 -2000.0000000000
1894.1880597878 -370.3567443939 -2000.0000000000
90.2252385983 -1297.5635440186 1115.6803271377
90.2252385983 -1297.5635440186 -2000.0000000000
90.2252385983 -1297.5635440186 -2000.0000000000
986.7201021072 822.8605861423 852.0282151435
986.7201021072 822.8605861423 -2000.0000000000
208.7193828690 1446.7535232574 747.4235503914
208.7193828690 1446.7535232574 -2000.0000000000
-283.8712185979 1246.0378915530 -323.4456589542
-283.8712185979 1246.0378915530 -2000.0000000000
-283.8712185979 1246.0378915530 -2000.0000000000
-283.8712185979 1246.0378915530 -2000.0000000000
771.1152534564 51.8925854239 1735.4364961851
771.1152534564 51.8925854239 -2000.0000000000
771.1152534564 51.8925854239 -2000.0000000000
771.1152534564 51.8925854239 -2000.0000000000
771.1152534564 51.8925854239 -2000.0000000000
771.1152534564 51.8925854239 -2000.0000000000
771.1152534564 51.8925854239 -2000.0000000000
771.1152534564 51.8925854239 -2000.0000000000
1922.8598422016 622.3387708623 1399.4972445062
1922.8598422016 622.3387708623 -2000.0000000000
-1199.3397988976 217.9651696867 511.5348292714
-1199.3397988976 217.9651696867 -2000.0000000000
-1621.7230703388 1916.9435371569 -572.5712131494
-1621.7230703388 1916.9435371569 -2000.0000000000
-1621.7230703388 1916.9435371569 -2000.0000000000
-1621.7230703388 1916.9435371569 -2000.0000000000
-1621.7230703388 1916.9435371569 -2000.0000000000
-1621.7230703388 1916.9435371569 -2000.0000000000
-1621.7230703388 1916.9435371569 -2000.0000000000
-1621.7230703388 1916.9435371569 -2000.0000000000
-137.3702190583 1877.8979647028 -1874.4563459114
-137.3702190583 1877.8979647028 -2000.0000000000
-137.3702190583 1877.8979647028 -2000.0000000000
-137.3702190583 1877.8979647028 -2000.0000000000
-137.3702190583 1877.8979647028 -2000.0000000000
-137.3702190583 1877.8979647028 -2000.0000000000
1204.5094400909 -1405.5824140140 911.3314904914
1540.1195463646 1022.9175891428 -1019.2427055685
1540.1195463646 1022.9175891428 -2000.0000000000
1540.1195463646 1022.9175891428 -2000.0000000000
1540.1195463646 1022.9175891428 -2000.0000000000
1540.1195463646 1022.9175891428 -2000.0000000000
1540.1195463646 1022.9175891428 -2000.0000000000
-17.6458677953 661.9185225645 1863.0842011833
-17.6458677953 661.9185225645 -2000.0000000000
-17.6458677953 661.9185225645 -2000.0000000000
-17.6458677953 661.9185225645 -2000.0000000000
-1716.2014428500 1388.1904582199 -1031.8747562505
-1716.2014428500 1388.1904582199 -2000.0000000000
-1695.4035581639 -1074.2451924118 1986.6661965291
-1695.4035581639 -1074.2451924118 -2000.0000000000
-1376.8546010712 1290.3892618352 -661.0085027023
-1376.8546010712 1290.3892618352 -2000.0000000000
-1376.8546010712 1290.3892618352 -2000.0000000000
-1376.8546010712 1290.3892618352 -2000.0000000000
-1376.8546010712 1290.3892618352 -2000.0000000000
-1376.8546010712 1290.3892618352 -2000.0000000000
-1376.8546010712 1290.3892618352 -2000.0000000000
-1376.8546010712 1290.3892618352 -2000.0000000000
-1376.8546010712 1290.3892618352 -2000.0000000000
-166.3423180503 900.3986379117 1890.4402030286
-166.3423180503 900.3986379117 -2000.0000000000
-166.3423180503 900.3986379117 -2000.0000000000
-166.3423180503 900.3986379117 -2000.0000000000
1157.5011007635 1143.0977446691 768.4472657131
1157.5011007635 1143.0977446691 -2000.0000000000
1157.5011007635 1143.0977446691 -2000.0000000000
1157.5011007635 1143.0977446691 -2000.0000000000
1157.5011007635 1143.0977446691 -2000.0000000000
1684.6236998847 -132.9596708337 1244.5152026518
1684.6236998847 -132.9596708337 -2000.0000000000
1684.6236998847 -132.9596708337 -2000.0000000000
1684.6236998847 -132.9596708337 -2000.0000000000
1684.6236998847 -132.9596708337 -2000.0000000000
1684.6236998847 -132.9596708337 -2000.0000000000
-1431.5544224094 -1950.2838165541 662.2140402342
-1431.5544224094 -1950.2838165541 -2000.0000000000
1115.3248331969 -1911.3064920095 -284.8036741991
1115.3248331969 -1911.3064920095 -2000.0000000000
1115.3248331969 -1911.3064920095 -2000.0000000000
1115.3248331969 -1911.3064920095 -2000.0000000000
1115.3248331969 -1911.3064920095 -2000.0000000000
1115.3248331969 -1911.3064920095 -2000.0000000000
1115.3248331969 -1911.3064920095 -2000.0000000000
1115.3248331969 -1911.3064920095 -2000.0000000000
842.0277670518 567.8835800324 1721.8180217277
842.0277670518 567.8835800324 -2000.0000000000
842.0277670518 567.8835800324 -2000.0000000000
842.0277670518 567.8835800324 -2000.0000000000
673.2338139324 -1610.0282115752 -808.4765541661
1348.1322019186 1230.9607876062 1370.2884943791
1348.1322019186 1230.9607876062 -2000.0000000000
-128.7715518085 421.5922783162 -1400.0470608479
-128.7715518085 421.5922783162 -2000.0000000000
-128.7715518085 421.5922783162 -2000.0000000000
-128.7715518085 421.5922783162 -2000.0000000000
957.1505917279 -1701.9476010626 -252.0163884069
957.1505917279 -1701.9476010626 -2000.0000000000
957.1505917279 -1701.9476010626 -2000.0000000000
-1976.2882436684 1973.7712356497 -423.0747206200
-1976.2882436684 1973.7712356497 -2000.0000000000
-1976.2882436684 1973.7712356497 -2000.0000000000
-500.7815761591 1192.6207687944 714.5136194930
-500.7815761591 1192.6207687944 -2000.0000000000
-500.7815761591 1192.6207687944 -2000.0000000000
-500.7815761591 1192.6207687944 -2000.0000000000
-500.7815761591 1192.6207687944 -2000.0000000000
-500.7815761591 1192.6207687944 -2000.0000000000
-500.7815761591 1192.6207687944 -2000.0000000000
819.2058931146 -515.9329695852 611.8690147169
819.2058931146 -515.9329695852 -2000.0000000000
819.2058931146 -515.9329695852 -2000.0000000000
819.2058931146 -515.9329695852 -2000.0000000000
-437.8317455130 -232.3959859167 1313.5350573595
-1299.0205291481 -1658.1464267784 -641.6884534388
-1299.0205291481 -1658.1464267784 -2000.0000000000
-86.8178688975 -1601.7873769939 312.6037888939
-86.8178688975 -1601.7873769939 -2000.0000000000
-86.8178688975 -1601.7873769939 -2000.0000000000
-843.1810488361 -51.1845061982 -947.2948349479
-1179.6766012645 502.3630776574 -284.0327719923
-615.7477501442 -110.7216978283 -721.6030919024
-615.7477501442 -110.7216978283 -2000.0000000000
-615.7477501442 -110.7216978283 -2000.0000000000
930.0059050841 -1084.8848040497 887.1581194838
930.0059050841 -1084.8848040497 -2000.0000000000
930.0059050841 -1084.8848040497 -2000.0000000000
930.0059050841 -1084.8848040497 -2000.0000000000
930.0059050841 -1084.8848040497 -2000.0000000000
-174.1239413020 -1540.2001564569 -1906.0915958962
718.0869921381 28.1401699913 404.8577033981
718.0869921381 28.1401699913 -2000.0000000000
718.0869921381 28.1401699913 -2000.0000000000
718.0869921381 28.1401699913 -2000.0000000000
718.0869921381 28.1401699913 -2000.0000000000
718.0869921381 28.1401699913 -2000.0000000000
718.0869921381 28.1401699913 -2000.0000000000
718.0869921381 28.1401699913 -2000.0000000000
718.0869921381 28.1401699913 -2000.0000000000
718.0869921381 28.1401699913 -2000.0000000000
-1308.9300804576 -987.1382946399 603.1316594996
-1308.9300804576 -987.1382946399 -2000.0000000000
601.1223520634 1070.4000288097 -981.4566583856
601.1223520634 1070.4000288097 -2000.0000000000
601.1223520634 1070.4000288097 -2000.0000000000
736.7985829221 934.5882838523 1034.9425742761
736.7985829221 934.5882838523 -2000.0000000000
736.7985829221 934.5882838523 -2000.0000000000
736.7985829221 934.5882838523 -2000.0000000000
736.7985829221 934.5882838523 -2000.0000000000
736.7985829221 934.5882838523 -2000.0000000000
-1092.5581829048 1998.7576151589 1601.6199927707
-1092.5581829048 1998.7576151589 -2000.0000000000
-1092.5581829048 1998.7576151589 -2000.0000000000
-1443.2790963044 -1289.9992352520 -924.3650836433
-1443.2790963044 -1289.9992352520 -2000.0000000000
-1443.2790963044 -1289.9992352520 -2000.0000000000
-1443.2790963044 -1289.9992352520 -2000.0000000000
-1443.2790963044 -1289.9992352520 -2000.0000000000
-1443.2790963044 -1289.9992352520 -2000.0000000000
-1443.2790963044 -1289.9992352520 -2000.0000000000
-1443.2790963044 -1289.9992352520 -2000.0000000000
-280.2347313693 1605.2486617357 1395.8442182445
-143.8111611130 -157.2066567171 -1146.6673686884
-143.8111611130 -157.2066567171 -2000.0000000000
-1806.4152826559 1301.1147528890 1369.9835857276
-1102.8005097585 1445.0595760143 1875.1320395936
-1102.8005097585 1445.0595760143 -2000.0000000000
-1102.8005097585 1445.0595760143 -2000.0000000000
-1102.8005097585 1445.0595760143 -2000.0000000000
-1102.8005097585 1445.0595760143 -2000.0000000000
-1837.9107550232 602.4281087560 413.1410533649
-1837.9107550232 602.4281087560 -2000.0000000000
-1759.6611430152 1377.2561956414 -1411.5197987099
-1759.6611430152 1377.2561956414 -2000.0000000000
-1872.2407030545 1996.4477856468 -572.0620757878
-1872.2407030545 1996.4477856468 -2000.0000000000
-1872.2407030545 1996.4477856468 -2000.0000000000
-1872.2407030545 1996.4477856468 -2000.0000000000
-1872.2407030545 1996.4477856468 -2000.0000000000
-1872.2407030545 1996.4477856468 -2000.0000000000
-1872.2407030545 1996.4477856468 -2000.0000000000
-1872.2407030545 1996.4477856468 -2000.0000000000
-1872.2407030545 1996.4477856468 -2000.0000000000
-1553.0631612125 -1788.6263713227 1596.4759795666
-1553.0631612125 -1788.6263713227 -2000.0000000000
-1553.0631612125 -1788.6263713227 -2000.0000000000
-1553.0631612125 -1788.6263713227 -2000.0000000000
-1553.0631612125 -1788.6263713227 -2000.0000000000
-1553.0631612125 -1788.6263713227 -2000.0000000000
1518.6403530783 -1634.1946005187 982.3737943708
-626.6784185599 837.6088109959 1456.2246701593
-626.6784185599 837.6088109959 -2000.0000000000
-626.6784185599 837.6088109959 -2000.0000000000
1309.7341606670 -971.2210224591 1307.6844537894
1309.7341606670 -971.2210224591 -2000.0000000000
1309.7341606670 -971.2210224591 -2000.0000000000
-991.3309496429 -162.4654807388 -197.2082751816
-991.3309496429 -162.4654807388 -2000.0000000000
-991.3309496429 -162.4654807388 -2000.0000000000
-991.3309496429 -162.4654807388 -2000.0000000000
-991.3309496429 -162.4654807388 -2000.0000000000
1202.6706969785 -1082.2978362530 -113.8917855614
1202.6706969785 -1082.2978362530 -2000.0000000000
1202.6706969785 -1082.2978362530 -2000.0000000000
1202.6706969785 -1082.2978362530 -2000.0000000000
1222.5776719347 661.0112131058 337.2209948323
-1054.0478399310 517.0392672918 1173.1762834369
-1054.0478399310 517.0392672918 -2000.0000000000
-1963.0632907314 -550.7361900300 -585.6756959292
-1963.0632907314 -550.7361900300 -2000.0000000000
-1963.0632907314 -550.7361900300 -2000.0000000000
-1963.0632907314 -550.7361900300 -2000.0000000000
-1963.0632907314 -550.7361900300 -2000.0000000000
-1963.0632907314 -550.7361900300 -2000.0000000000
1349.5056756822 1126.0076145340 -477.5780785107
-1377.4577368378 285.3510484408 166.8744605317
-1377.4577368378 285.3510484408 -2000.0000000000
-1377.4577368378 285.3510484408 -2000.0000000000
-1377.4577368378 285.3510484408 -2000.0000000000
-1377.4577368378 285.3510484408 -2000.0000000000
-1377.4577368378 285.3510484408 -2000.0000000000
-1377.4577368378 285.3510484408 -2000.0000000000
1220.4287003580 749.0655862408 1641.5289469809
1220.4287003580 749.0655862408 -2000.0000000000
1220.4287003580 749.0655862408 -2000.0000000000
1220.4287003580 749.0655862408 -2000.0000000000
166.3866136233 129.2744996882 -914.0249311525
166.3866136233 129.2744996882 -2000.0000000000
166.3866136233 129.2744996882 -2000.0000000000
166.3866136233 129.2744996882 -2000.0000000000
166.3866136233 129.2744996882 -2000.0000000000
-1600.6864784232 236.2403349737 -610.6619430016
-1600.6864784232 236.2403349737 -2000.0000000000
-1600.6864784232 236.2403349737 -2000.0000000000
-1600.6864784232 236.2403349737 -2000.0000000000
-1600.6864784232 236.2403349737 -2000.0000000000
-1600.6864784232 236.2403349737 -2000.0000000000
-1600.6864784232 236.2403349737 -2000.0000000000
-1600.6864784232 236.2403349737 -2000.0000000000
-1600.6864784232 236.2403349737 -2000.0000000000
1475.0632084436 473.1702494992 446.0410786526
1475.0632084436 473.1702494992 -2000.0000000000
1524.4465900872 1476.3354770551 -1478.0086007747
1524.4465900872 1476.3354770551 -2000.0000000000
1524.4465900872 1476.3354770551 -2000.0000000000
1524.4465900872 1476.3354770551 -2000.0000000000
606.0080777517 -1247.9838025835 -818.3869310846
1402.6899325668 610.0575910473 -791.9880151291
1402.6899325668 610.0575910473 -2000.0000000000
1402.6899325668 610.0575910473 -2000.0000000000
1402.6899325668 610.0575910473 -2000.0000000000
1402.6899325668 610.0575910473 -2000.0000000000
1402.6899325668 610.0575910473 -2000.0000000000
-873.8828476158 -699.4217838773 1155.8749597511
-873.8828476158 -699.4217838773 -2000.0000000000
-1502.3043211308 -1312.1937430555 662.0571113789
-1502.3043211308 -1312.1937430555 -2000.0000000000
-1502.3043211308 -1312.1937430555 -2000.0000000000
-1502.3043211308 -1312.1937430555 -2000.0000000000
985.4655655129 1864.4123078309 1738.3544035239
985.4655655129 1864.4123078309 -2000.0000000000
985.4655655129 1864.4123078309 -2000.0000000000
985.4655655129 1864.4123078309 -2000.0000000000
985.4655655129 1864.4123078309 -2000.0000000000
985.4655655129 1864.4123078309 -2000.0000000000
1543.6019484098 1478.0796845574 642.8917485499
1543.6019484098 1478.0796845574 -2000.0000000000
1543.6019484098 1478.0796845574 -2000.0000000000
1543.6019484098 1478.0796845574 -2000.0000000000
1543.6019484098 1478.0796845574 -2000.0000000000
1543.6019484098 1478.0796845574 -2000.0000000000
1543.6019484098 1478.0796845574 -2000.0000000000
1543.6019484098 1478.0796845574 -2000.0000000000
1543.6019484098 1478.0796845574 -2000.0000000000
330.9411567917 -1272.4886057081 -1145.3359548394
330.9411567917 -1272.4886057081 -2000.0000000000
330.9411567917 -1272.4886057081 -2000.0000000000
483.1468577500 -97.5194797647 -1608.4318163831
483.1468577500 -97.5194797647 -2000.0000000000
483.1468577500 -97.5194797647 -2000.0000000000
-1099.0918378663 -127.4571750311 -579.7426982415
-1099.0918378663 -127.4571750311 -2000.0000000000
-1022.2056301140 -1956.8382683106 -138.8382169851
-1022.2056301140 -1956.8382683106 -2000.0000000000
-863.7047146454 966.4925645312 -298.5900860275
985.1696367068 736.3007655436 -150.8190330584
985.1696367068 736.3007655436 -2000.0000000000
-788.2902883286 -596.3181802194 313.3136321626
455.5640848505 1165.6629028989 7.6892079934
1068.9400557699 -274.1136846225 -405.0319899385
1068.9400557699 -274.1136846225 -2000.0000000000
1068.9400557699 -274.1136846225 -2000.0000000000
1068.9400557699 -274.1136846225 -2000.0000000000
-1922.9577965627 -1479.6898538118 774.8447547155
-1922.9577965627 -1479.6898538118 -2000.0000000000
-1922.9577965627 -1479.6898538118 -2000.0000000000
-1321.2552819290 -1325.8727716977 -738.0215350024
-1254.5060440411 7.4102963439 1744.5727452660
1679.8309613809 -254.1043955671 -406.3730993649
1679.8309613809 -254.1043955671 -2000.0000000000
1679.8309613809 -254.1043955671 -2000.0000000000
1679.8309613809 -254.1043955671 -2000.0000000000
1679.8309613809 -254.1043955671 -2000.0000000000
1679.8309613809 -254.1043955671 -2000.0000000000
213.7907927300 -400.4512413677 1176.2358272499
213.7907927300 -400.4512413677 -2000.0000000000
-1909.2528210902 564.1369800434 819.0506492422
1902.2167108045 24.6596904055 -7.1725925550
1902.2167108045 24.6596904055 -2000.0000000000
1902.2167108045 24.6596904055 -2000.0000000000
1902.2167108045 24.6596904055 -2000.0000000000
1902.2167108045 24.6596904055 -2000.0000000000
1902.2167108045 24.6596904055 -2000.0000000000
1906.2815914843 -349.6223618665 1344.4089477144
-211.8302216837 1302.8772605518 1777.0162906120
-1827.8257192821 1434.7363868434 583.6376472712
-1827.8257192821 1434.7363868434 -2000.0000000000
-1827.8257192821 1434.7363868434 -2000.0000000000
-1827.8257192821 1434.7363868434 -2000.0000000000
1677.0730543069 -1682.0890646283 1200.1060555176
1677.0730543069 -1682.0890646283 -2000.0000000000
421.9060997563 -1625.3083739588 375.6033066642
396.3964564457 -752.0245694926 -502.3457397337
881.1128306646 -986.8304928491 330.9828340351
1616.7396289826 356.4625717446 178.1592905096
1616.7396289826 356.4625717446 -2000.0000000000
1616.7396289826 356.4625717446 -2000.0000000000
1616.7396289826 356.4625717446 -2000.0000000000
1616.7396289826 356.4625717446 -2000.0000000000
1616.7396289826 356.4625717446 -2000.0000000000
533.0319109691 -1808.9881494700 161.4061579351
1949.1592215590 -478.4122607560 1897.3703381605
1949.1592215590 -478.4122607560 -2000.0000000000
1949.1592215590 -478.4122607560 -2000.0000000000
1949.1592215590 -478.4122607560 -2000.0000000000
1949.1592215590 -478.4122607560 -2000.0000000000
1949.1592215590 -478.4122607560 -2000.0000000000
1949.1592215590 -478.4122607560 -2000.0000000000
-225.3817461165 -909.4080275147 -1066.5679659620
-225.3817461165 -909.4080275147 -2000.0000000000
-97.1612376391 1868.0140140115 1870.6880736609
-578.8346877106 -613.6905852295 1667.7905118324
-578.8346877106 -613.6905852295 -2000.0000000000
-578.8346877106 -613.6905852295 -2000.0000000000
-578.8346877106 -613.6905852295 -2000.0000000000
-578.8346877106 -613.6905852295 -2000.0000000000
-578.8346877106 -613.6905852295 -2000.0000000000
-578.8346877106 -613.6905852295 -2000.0000000000
-578.8346877106 -613.6905852295 -2000.0000000000
-578.8346877106 -613.6905852295 -2000.0000000000
669.0209905772 1174.0093864974 1373.5225527750
669.0209905772 1174.0093864974 -2000.0000000000
-114.0540674910 -198.9587420061 -207.7592498003
1763.1875532274 -1446.4130196842 125.8113700935
1763.1875532274 -1446.4130196842 -2000.0000000000
1763.1875532274 -1446.4130196842 -2000.0000000000
1763.1875532274 -1446.4130196842 -2000.0000000000
-665.8598290006 -984.9332576336 -1382.3106335602
-665.8598290006 -984.9332576336 -2000.0000000000
-1436.4092055804 -1904.6252820733 1211.0473040932
-1436.4092055804 -1904.6252820733 -2000.0000000000
-849.4235111215 -147.9095526203 -24.0544505818
-849.4235111215 -147.9095526203 -2000.0000000000
-142.3660476605 414.0907312993 1613.6507130562
-142.3660476605 414.0907312993 -2000.0000000000
-142.3660476605 414.0907312993 -2000.0000000000
-142.3660476605 414.0907312993 -2000.0000000000
-142.3660476605 414.0907312993 -2000.0000000000
-142.3660476605 414.0907312993 -2000.0000000000
-142.3660476605 414.0907312993 -2000.0000000000
-142.3660476605 414.0907312993 -2000.0000000000
-142.3660476605 414.0907312993 -2000.0000000000
-142.3660476605 414.0907312993 -2000.0000000000
-875.2793638208 -955.5568515354 1915.3729824584
-875.2793638208 -955.5568515354 -2000.0000000000
-875.2793638208 -955.5568515354 -2000.0000000000
-875.2793638208 -955.5568515354 -2000.0000000000
-875.2793638208 -955.5568515354 -2000.0000000000
-875.2793638208 -955.5568515354 -2000.0000000000
-875.2793638208 -955.5568515354 -2000.0000000000
1087.8228665239 1755.9082465696 811.6629122645
1087.8228665239 1755.9082465696 -2000.0000000000
1087.8228665239 1755.9082465696 -2000.0000000000
1087.8228665239 1755.9082465696 -2000.0000000000
1087.8228665239 1755.9082465696 -2000.0000000000
1087.8228665239 1755.9082465696 -2000.0000000000
1087.8228665239 1755.9082465696 -2000.0000000000
1087.8228665239 1755.9082465696 -2000.0000000000
1087.8228665239 1755.9082465696 -2000.0000000000
1087.8228665239 1755.9082465696 -2000.0000000000
1087.8228665239 1755.9082465696 -2000.0000000000
-904.3654419558 -26.5618911327 423.1361758882
-904.3654419558 -26.5618911327 -2000.0000000000
-904.3654419558 -26.5618911327 -2000.0000000000
-904.3654419558 -26.5618911327 -2000.0000000000
1118.6984714579 -1009.9649351612 -101.7277871027
-1744.3991005066 506.2440056485 1884.5857855965
-1744.3991005066 506.2440056485 -2000.0000000000
-750.4370824243 -1635.3437106808 160.2588871305
-750.4370824243 -1635.3437106808 -2000.0000000000
-750.4370824243 -1635.3437106808 -2000.0000000000
135.2843593718 1318.0468711745 -850.3351445172
135.2843593718 1318.0468711745 -2000.0000000000
135.2843593718 1318.0468711745 -2000.0000000000
135.2843593718 1318.0468711745 -2000.0000000000
135.2843593718 1318.0468711745 -2000.0000000000
153.1956770624 687.0541711805 -1180.7896681906
153.1956770624 687.0541711805 -2000.0000000000
153.1956770624 687.0541711805 -2000.0000000000
153.1956770624 687.0541711805 -2000.0000000000
153.1956770624 687.0541711805 -2000.0000000000
153.1956770624 687.0541711805 -2000.0000000000
153.1956770624 687.0541711805 -2000.0000000000
153.1956770624 687.0541711805 -2000.0000000000
-1562.9738274262 -1147.5549731410 399.2709116762
1975.2558971756 -478.5440762633 1988.5683681704
1975.2558971756 -478.5440762633 -2000.0000000000
1975.2558971756 -478.5440762633 -2000.0000000000
1975.2558971756 -478.5440762633 -2000.0000000000
1975.2558971756 -478.5440762633 -2000.0000000000
1975.2558971756 -478.5440762633 -2000.0000000000
1975.2558971756 -478.5440762633 -2000.0000000000
-1213.5284197555 437.2021723777 1791.1966365341
-1213.5284197555 437.2021723777 -2000.0000000000
552.1308199491 -901.0646762579 -1808.1983604068
733.7893893466 -545.3276184781 -643.4278555439
733.7893893466 -545.3276184781 -2000.0000000000
-1461.1179683321 -657.6565010967 1379.7292672983
-888.0003184061 -557.8687507839 1911.1053297774
-1669.0882879342 -16.7275199954 1545.2114077163
627.1737967576 -1421.2642845786 -79.9882587724
627.1737967576 -1421.2642845786 -2000.0000000000
627.1737967576 -1421.2642845786 -2000.0000000000
292.8369878096 638.4481143004 -1024.5477179633
-797.8246500957 -1847.7860342792 467.4666758211
-797.8246500957 -1847.7860342792 -2000.0000000000
-579.8205021089 -368.5193403186 -652.1019671574
-579.8205021089 -368.5193403186 -2000.0000000000
-579.8205021089 -368.5193403186 -2000.0000000000
-579.8205021089 -368.5193403186 -2000.0000000000
-1447.9651062166 -462.4329708682 -564.9597264968
-1447.9651062166 -462.4329708682 -2000.0000000000
-1447.9651062166 -462.4329708682 -2000.0000000000
-1447.9651062166 -462.4329708682 -2000.0000000000
1372.9038149345 -1544.2290412244 160.1785070692
1389.1451945457 -645.6167890038 1152.9134392220
1389.1451945457 -645.6167890038 -2000.0000000000
1389.1451945457 -645.6167890038 -2000.0000000000
1389.1451945457 -645.6167890038 -2000.0000000000
-1871.9868276745 -386.5165490299 -1617.2798250765
-1871.9868276745 -386.5165490299 -2000.0000000000
-1677.6710424863 499.4187335943 -88.9263503519
-1677.6710424863 499.4187335943 -2000.0000000000
-1677.6710424863 499.4187335943 -2000.0000000000
-1677.6710424863 499.4187335943 -2000.0000000000
-1677.6710424863 499.4187335943 -2000.0000000000
-47.2490831057 351.7499784576 1919.5721146137
-47.2490831057 351.7499784576 -2000.0000000000
-47.2490831057 351.7499784576 -2000.0000000000
-285.3000610898 240.9239618543 -582.9512991262
-285.3000610898 240.9239618543 -2000.0000000000
-285.3000610898 240.9239618543 -2000.0000000000
-285.3000610898 240.9239618543 -2000.0000000000
-285.3000610898 240.9239618543 -2000.0000000000
-285.3000610898 240.9239618543 -2000.0000000000
-285.3000610898 240.9239618543 -2000.0000000000
-285.3000610898 240.9239618543 -2000.0000000000
-1934.4135152148 -1385.5055026812 -1404.1749289547
-1934.4135152148 -1385.5055026812 -2000.0000000000
-1249.2792159128 1075.8470921105 -1091.1324547141
-1249.2792159128 1075.8470921105 -2000.0000000000
-1249.2792159128 1075.8470921105 -2000.0000000000
-1249.2792159128 1075.8470921105 -2000.0000000000
-1249.2792159128 1075.8470921105 -2000.0000000000
-1249.2792159128 1075.8470921105 -2000.0000000000
-1249.2792159128 1075.8470921105 -2000.0000000000
-1007.8783353675 931.8033092564 782.3967957855
-1007.8783353675 931.8033092564 -2000.0000000000
-1007.8783353675 931.8033092564 -2000.0000000000
-1007.8783353675 931.8033092564 -2000.0000000000
-1007.8783353675 931.8033092564 -2000.0000000000
-1007.8783353675 931.8033092564 -2000.0000000000
-1007.8783353675 931.8033092564 -2000.0000000000
-1007.8783353675 931.8033092564 -2000.0000000000
-1007.8783353675 931.8033092564 -2000.0000000000
447.6329005012 735.6558516102 -232.4900440871
447.6329005012 735.6558516102 -2000.0000000000
447.6329005012 735.6558516102 -2000.0000000000
-895.5021267576 -1267.2202642676 431.9931051103
-895.5021267576 -1267.2202642676 -2000.0000000000
-895.5021267576 -1267.2202642676 -2000.0000000000
-895.5021267576 -1267.2202642676 -2000.0000000000
-895.5021267576 -1267.2202642676 -2000.0000000000
-698.1000619950 -1776.7096432845 -1819.4566258618
1120.2098131520 343.7349666298 -743.5528481083
1120.2098131520 343.7349666298 -2000.0000000000
1120.2098131520 343.7349666298 -2000.0000000000
1120.2098131520 343.7349666298 -2000.0000000000
1120.2098131520 343.7349666298 -2000.0000000000
1120.2098131520 343.7349666298 -2000.0000000000
1120.2098131520 343.7349666298 -2000.0000000000
1120.2098131520 343.7349666298 -2000.0000000000
1120.2098131520 343.7349666298 -2000.0000000000
1120.2098131520 343.7349666298 -2000.0000000000
1120.2098131520 343.7349666298 -2000.0000000000
1120.2098131520 343.7349666298 -2000.0000000000
1120.2098131520 343.7349666298 -2000.0000000000
1120.2098131520 343.7349666298 -2000.0000000000
-1146.6593693746 -1034.4449088965 -136.9131878115
-1146.6593693746 -1034.4449088965 -2000.0000000000
-1146.6593693746 -1034.4449088965 -2000.0000000000
389.2337307489 -754.2403489132 1251.9589609868
389.2337307489 -754.2403489132 -2000.0000000000
30.7760233848 1729.1307664138 -1690.4457677173
30.7760233848 1729.1307664138 -2000.0000000000
-859.0114236369 1624.5868417265 165.3426202374
-859.0114236369 1624.5868417265 -2000.0000000000
-859.0114236369 1624.5868417265 -2000.0000000000
-859.0114236369 1624.5868417265 -2000.0000000000
-1675.7000015045 -1240.7013740223 1163.2067141434
-1675.7000015045 -1240.7013740223 -2000.0000000000
-1675.7000015045 -1240.7013740223 -2000.0000000000
-1675.7000015045 -1240.7013740223 -2000.0000000000
-1675.7000015045 -1240.7013740223 -2000.0000000000
-1675.7000015045 -1240.7013740223 -2000.0000000000
1319.6852752115 -1786.9854115072 -1646.9682695571
-1092.4770998674 -211.4330700080 -968.4901447771
1584.1694125892 -1927.6341032322 691.9541427249
1584.1694125892 -1927.6341032322 -2000.0000000000
1584.1694125892 -1927.6341032322 -2000.0000000000
1584.1694125892 -1927.6341032322 -2000.0000000000
1584.1694125892 -1927.6341032322 -2000.0000000000
1584.1694125892 -1927.6341032322 -2000.0000000000
1584.1694125892 -1927.6341032322 -2000.0000000000
1584.1694125892 -1927.6341032322 -2000.0000000000
1584.1694125892 -1927.6341032322 -2000.0000000000
-1566.2543631137 1580.9076980721 -58.9763728976
244.1528318372 657.7982138908 -1321.3852109873
244.1528318372 657.7982138908 -2000.0000000000
244.1528318372 657.7982138908 -2000.0000000000
244.1528318372 657.7982138908 -2000.0000000000
244.1528318372 657.7982138908 -2000.0000000000
244.1528318372 657.7982138908 -2000.0000000000
244.1528318372 657.7982138908 -2000.0000000000
244.1528318372 657.7982138908 -2000.0000000000
-199.0967723270 1322.7282870228 -1603.7209392608
-199.0967723270 1322.7282870228 -2000.0000000000
1529.2850509689 -1370.4624173131 -775.7364707883
1529.2850509689 -1370.4624173131 -2000.0000000000
-1482.5331860575 1545.8630837393 -1577.6697209714
-1306.8537890316 1594.0143985564 -1485.7226133260
844.7533316591 -1928.5260199277 -1859.5480188665
844.7533316591 -1928.5260199277 -2000.0000000000
302.8085595556 -55.0992614296 1601.5758962739
302.8085595556 -55.0992614296 -2000.0000000000
-49.7689903987 1980.8389972483 1616.0674177064
-49.7689903987 1980.8389972483 -2000.0000000000
-49.7689903987 1980.8389972483 -2000.0000000000
-49.7689903987 1980.8389972483 -2000.0000000000
-49.7689903987 1980.8389972483 -2000.0000000000
-49.7689903987 1980.8389972483 -2000.0000000000
-49.7689903987 1980.8389972483 -2000.0000000000
-233.2821320540 292.8002222812 611.3795165175
-233.2821320540 292.8002222812 -2000.0000000000
-233.2821320540 292.8002222812 -2000.0000000000
-233.2821320540 292.8002222812 -2000.0000000000
-233.2821320540 292.8002222812 -2000.0000000000
-1953.8712950285 -654.7391280675 1931.7857170298
-1953.8712950285 -654.7391280675 -2000.0000000000
-1344.9973469664 -799.3886193777 -1222.6066046541
-1344.9973469664 -799.3886193777 -2000.0000000000
148.4554392488 1877.5933849298 -1028.3918131800
148.4554392488 1877.5933849298 -2000.0000000000
-1830.8159107223 1534.5791036053 923.8755938414
-1830.8159107223 1534.5791036053 -2000.0000000000
-1830.8159107223 1534.5791036053 -2000.0000000000
-1830.8159107223 1534.5791036053 -2000.0000000000
-733.9656154527 615.2656919321 -983.5902317790
-655.1891509665 -1316.8320870751 -640.3546713984
-655.1891509665 -1316.8320870751 -2000.0000000000
-655.1891509665 -1316.8320870751 -2000.0000000000
-911.1586677485 1993.2076774794 1925.2062571079
-911.1586677485 1993.2076774794 -2000.0000000000
-911.1586677485 1993.2076774794 -2000.0000000000
-911.1586677485 1993.2076774794 -2000.0000000000
-911.1586677485 1993.2076774794 -2000.0000000000
-1072.2172898304 -1453.7399391583 1018.7879339313
1018.4485215732 -1147.2114837494 -1021.2974950447
1018.4485215732 -1147.2114837494 -2000.0000000000
1513.2200110008 -758.3568090542 -1395.4541532339
1513.2200110008 -758.3568090542 -2000.0000000000
1513.2200110008 -758.3568090542 -2000.0000000000
1513.2200110008 -758.3568090542 -2000.0000000000
-233.5262779134 1176.9901016557 -1365.3005034442
-233.5262779134 1176.9901016557 -2000.0000000000
-233.5262779134 1176.9901016557 -2000.0000000000
745.8877773635 160.1694420754 -1366.8806712729
745.8877773635 160.1694420754 -2000.0000000000
1684.1701194057 -499.5302909438 1137.2951232985
1684.1701194057 -499.5302909438 -2000.0000000000
1684.1701194057 -499.5302909438 -2000.0000000000
1684.1701194057 -499.5302909438 -2000.0000000000
19.4058576766 -1526.3077451388 1825.6753418161
-504.3775190793 1322.7637041882 -1987.8960501202
-504.3775190793 1322.7637041882 -2000.0000000000
-176.4918882376 -287.6352533589 575.1579824792
-176.4918882376 -287.6352533589 -2000.0000000000
-176.4918882376 -287.6352533589 -2000.0000000000
-176.4918882376 -287.6352533589 -2000.0000000000
-344.8070251531 340.8399433601 418.4816321628
-344.8070251531 340.8399433601 -2000.0000000000
-344.8070251531 340.8399433601 -2000.0000000000
-344.8070251531 340.8399433601 -2000.0000000000
-1701.5489439959 360.6229459942 873.9666318643
-1701.5489439959 360.6229459942 -2000.0000000000
-1701.5489439959 360.6229459942 -2000.0000000000
938.8532333289 1049.3309528934 1087.2262390709
938.8532333289 1049.3309528934 -2000.0000000000
938.8532333289 1049.3309528934 -2000.0000000000
938.8532333289 1049.3309528934 -2000.0000000000
938.8532333289 1049.3309528934 -2000.0000000000
938.8532333289 1049.3309528934 -2000.0000000000
1896.7660051767 1200.1815656648 1811.0857673830
1896.7660051767 1200.1815656648 -2000.0000000000
1896.7660051767 1200.1815656648 -2000.0000000000
933.1805461018 417.4834174490 -1491.1751168912
-1313.8439453308 -1412.9044431849 1028.7873190327
-737.3362686102 -587.4476855386 -1135.7464153072
384.7264524543 822.1584884135 -1052.1626754603
384.7264524543 822.1584884135 -2000.0000000000
384.7264524543 822.1584884135 -2000.0000000000
384.7264524543 822.1584884135 -2000.0000000000
729.9450395328 -1227.4668121146 1015.5635879840
729.9450395328 -1227.4668121146 -2000.0000000000
729.9450395328 -1227.4668121146 -2000.0000000000
729.9450395328 -1227.4668121146 -2000.0000000000
729.9450395328 -1227.4668121146 -2000.0000000000
729.9450395328 -1227.4668121146 -2000.0000000000
729.9450395328 -1227.4668121146 -2000.0000000000
1142.2610075944 53.6211739664 -204.9942739375
1142.2610075944 53.6211739664 -2000.0000000000
1142.2610075944 53.6211739664 -2000.0000000000
1142.2610075944 53.6211739664 -2000.0000000000
1142.2610075944 53.6211739664 -2000.0000000000
1142.2610075944 53.6211739664 -2000.0000000000
1142.2610075944 53.6211739664 -2000.0000000000
1142.2610075944 53.6211739664 -2000.0000000000
617.2202718552 -1675.5009279979 1656.6440710319
617.2202718552 -1675.5009279979 -2000.0000000000
617.2202718552 -1675.5009279979 -2000.0000000000
617.2202718552 -1675.5009279979 -2000.0000000000
617.2202718552 -1675.5009279979 -2000.0000000000
617.2202718552 -1675.5009279979 -2000.0000000000
205.6516057690 -1420.2169536493 1413.1232099436
-956.0881457492 -1406.5788723521 -1521.3074205460
-619.6720840330 282.8506471099 -1086.9160561378
-619.6720840330 282.8506471099 -2000.0000000000
-619.6720840330 282.8506471099 -2000.0000000000
-1581.5178932738 453.0429542306 759.8086312592
-1581.5178932738 453.0429542306 -2000.0000000000
900.6075142260 -1591.4017107750 1438.4377931581
-1466.2893384145 1852.8048040285 886.1760568394
-1466.2893384145 1852.8048040285 -2000.0000000000
-1466.2893384145 1852.8048040285 -2000.0000000000
-1466.2893384145 1852.8048040285 -2000.0000000000
1717.7283901738 -159.8789311599 -159.6074985049
1717.7283901738 -159.8789311599 -2000.0000000000
1393.4768646264 251.2062185978 1892.4842732508
-978.0229339477 263.8548234604 -1580.3465013792
655.6414848576 -152.2685346328 -958.7622127130
655.6414848576 -152.2685346328 -2000.0000000000
655.6414848576 -152.2685346328 -2000.0000000000
