1987.9821480283 -1310.2532218536 1845.6914623097
1987.9821480283 -1310.2532218536 -2000.0000000000
1987.9821480283 -1310.2532218536 -2000.0000000000
-1907.6392190738 1371.8700231820 1159.5765361832
-1907.6392190738 1371.8700231820 -2000.0000000000
-1907.6392190738 1371.8700231820 -2000.0000000000
-1907.6392190738 1371.8700231820 -2000.0000000000
721.6293505682 -805.4182237327 1160.1652136849
-1514.5140564894 780.8837735238 -263.3912053660
-1514.5140564894 780.8837735238 -2000.0000000000
-1514.5140564894 780.8837735238 -2000.0000000000
1849.8487920714 -555.6497220446 1112.0744699325
1849.8487920714 -555.6497220446 -2000.0000000000
1849.8487920714 -555.6497220446 -2000.0000000000
1849.8487920714 -555.6497220446 -2000.0000000000
1849.8487920714 -555.6497220446 -2000.0000000000
1849.8487920714 -555.6497220446 -2000.0000000000
-1312.2971653004 -1994.1886402779 -951.0012734274
-1312.2971653004 -1994.1886402779 -2000.0000000000
-1312.2971653004 -1994.1886402779 -2000.0000000000
-1114.8642384208 1047.8812661907 -217.9456952242
-1114.8642384208 1047.8812661907 -2000.0000000000
-1114.8642384208 1047.8812661907 -2000.0000000000
-1114.8642384208 1047.8812661907 -2000.0000000000
-1114.8642384208 1047.8812661907 -2000.0000000000
-565.0186017451 -1881.3029490823 1447.5634757646
-1401.5328441534 434.8937688703 89.7809302281
-569.8215868874 -1496.1671660960 83.6909132665
-569.8215868874 -1496.1671660960 -2000.0000000000
772.6668687002 -862.3944809507 -1566.0717327711
-1296.7336734248 -196.5982524095 1635.7149944129
-1296.7336734248 -196.5982524095 -2000.0000000000
-1296.7336734248 -196.5982524095 -2000.0000000000
-1296.7336734248 -196.5982524095 -2000.0000000000
-1296.7336734248 -196.5982524095 -2000.0000000000
-1296.7336734248 -196.5982524095 -2000.0000000000
-1296.7336734248 -196.5982524095 -2000.0000000000
-1296.7336734248 -196.5982524095 -2000.0000000000
-1778.4527934185 895.7739619085 1018.1242249106
-1778.4527934185 895.7739619085 -2000.0000000000
1337.1507917947 1964.4951376841 551.9412782502
1337.1507917947 1964.4951376841 -2000.0000000000
-185.4532993137 729.3339585092 -780.5795731997
801.3071358914 155.7948501101 -1868.1822268083
801.3071358914 155.7948501101 -2000.0000000000
801.3071358914 155.7948501101 -2000.0000000000
-1731.9941483970 -513.8830707287 8.4619856298
-1731.9941483970 -513.8830707287 -2000.0000000000
-1361.4704427310 442.8052575141 -1407.7876394700
-1968.2734659129 -1742.9174949708 -1138.6401736175
-1968.2734659129 -1742.9174949708 -2000.0000000000
-690.2307029308 773.7909630994 -1979.2825662649
-690.2307029308 773.7909630994 -2000.0000000000
-1331.2138030092 -887.0193391540 -1783.4406473935
-1331.2138030092 -887.0193391540 -2000.0000000000
-1331.2138030092 -887.0193391540 -2000.0000000000
-1903.3905900334 945.7253481734 -1685.9797666166
-1903.3905900334 945.7253481734 -2000.0000000000
-1903.3905900334 945.7253481734 -2000.0000000000
-1703.4717690807 980.8021020104 -519.0201285997
-1703.4717690807 980.8021020104 -2000.0000000000
673.2732124034 1677.7004915412 1136.2281088714
673.2732124034 1677.7004915412 -2000.0000000000
673.2732124034 1677.7004915412 -2000.0000000000
-1141.6432521389 -827.6742042890 -128.8196820202
-439.4023173964 -1744.5533152470 1926.1504175817
-439.4023173964 -1744.5533152470 -2000.0000000000
-439.4023173964 -1744.5533152470 -2000.0000000000
-439.4023173964 -1744.5533152470 -2000.0000000000
-1398.6955245530 -30.4381600870 -618.8586629804
-1567.2580425969 398.0452098304 1816.4305477985
650.5035926695 1289.7650565491 -1131.0019677854
650.5035926695 1289.7650565491 -2000.0000000000
650.5035926695 1289.7650565491 -2000.0000000000
650.5035926695 1289.7650565491 -2000.0000000000
650.5035926695 1289.7650565491 -2000.0000000000
650.5035926695 1289.7650565491 -2000.0000000000
650.5035926695 1289.7650565491 -2000.0000000000
650.5035926695 1289.7650565491 -2000.0000000000
753.9445794991 -885.5259598969 -888.7133317390
753.9445794991 -885.5259598969 -2000.0000000000
-1321.4168260342 -687.9026682311 -1937.0457877550
-786.6050609168 -542.9375434072 331.9541101198
-786.6050609168 -542.9375434072 -2000.0000000000
-786.6050609168 -542.9375434072 -2000.0000000000
-786.6050609168 -542.9375434072 -2000.0000000000
157.3862377808 1410.5234112898 1744.5600689894
157.3862377808 1410.5234112898 -2000.0000000000
157.3862377808 1410.5234112898 -2000.0000000000
1813.5317560373 78.4068948878 -1885.9683746360
1356.6810619450 -240.6311495963 -1243.9349656136
1356.6810619450 -240.6311495963 -2000.0000000000
-1370.8853265598 1094.8659591652 1317.1054633722
-1370.8853265598 1094.8659591652 -2000.0000000000
-1370.8853265598 1094.8659591652 -2000.0000000000
-1215.5615008522 339.5852672810 1139.8321387993
-1215.5615008522 339.5852672810 -2000.0000000000
-1215.5615008522 339.5852672810 -2000.0000000000
-1215.5615008522 339.5852672810 -2000.0000000000
-1215.5615008522 339.5852672810 -2000.0000000000
-1215.5615008522 339.5852672810 -2000.0000000000
-1215.5615008522 339.5852672810 -2000.0000000000
829.1728392869 547.5243860553 601.7863064982
829.1728392869 547.5243860553 -2000.0000000000
829.1728392869 547.5243860553 -2000.0000000000
829.1728392869 547.5243860553 -2000.0000000000
829.1728392869 547.5243860553 -2000.0000000000
829.1728392869 547.5243860553 -2000.0000000000
829.1728392869 547.5243860553 -2000.0000000000
829.1728392869 547.5243860553 -2000.0000000000
-667.0781694899 -885.3533192554 -30.8666144098
-667.0781694899 -885.3533192554 -2000.0000000000
-667.0781694899 -885.3533192554 -2000.0000000000
-667.0781694899 -885.3533192554 -2000.0000000000
-923.0831613053 -311.9359333173 -936.6441323490
-923.0831613053 -311.9359333173 -2000.0000000000
803.3242865805 -1169.4374150092 1056.4764341904
803.3242865805 -1169.4374150092 -2000.0000000000
803.3242865805 -1169.4374150092 -2000.0000000000
-1615.1151944288 1280.0202933549 890.0158438011
-1615.1151944288 1280.0202933549 -2000.0000000000
-473.8363449752 -1044.0775746047 -1445.2915785197
-473.8363449752 -1044.0775746047 -2000.0000000000
23.1930211708 687.3209743385 -751.6094938817
23.1930211708 687.3209743385 -2000.0000000000
23.1930211708 687.3209743385 -2000.0000000000
23.1930211708 687.3209743385 -2000.0000000000
1291.0920248438 118.8885435357 124.9896747832
1291.0920248438 118.8885435357 -2000.0000000000
-233.1282532596 -967.6123248878 -1574.0190656694
-233.1282532596 -967.6123248878 -2000.0000000000
-244.8690992280 -539.3705818377 573.0465249254
-1315.4340423306 -1280.7026806182 1135.3404995446
192.4246539310 -1388.3150537416 1631.2461078251
192.4246539310 -1388.3150537416 -2000.0000000000
269.8238574531 -1570.7082768635 -1424.6179861754
269.8238574531 -1570.7082768635 -2000.0000000000
-97.5617773271 -417.8145942441 348.7219432850
-97.5617773271 -417.8145942441 -2000.0000000000
-97.5617773271 -417.8145942441 -2000.0000000000
-97.5617773271 -417.8145942441 -2000.0000000000
-97.5617773271 -417.8145942441 -2000.0000000000
-97.5617773271 -417.8145942441 -2000.0000000000
-97.5617773271 -417.8145942441 -2000.0000000000
-97.5617773271 -417.8145942441 -2000.0000000000
728.6133524769 450.3529189774 1217.7916527670
728.6133524769 450.3529189774 -2000.0000000000
728.6133524769 450.3529189774 -2000.0000000000
-1324.6193355186 286.0837894610 1716.8058745210
-1324.6193355186 286.0837894610 -2000.0000000000
-1324.6193355186 286.0837894610 -2000.0000000000
-1324.6193355186 286.0837894610 -2000.0000000000
-1324.6193355186 286.0837894610 -2000.0000000000
-419.5799746025 641.4421845021 -1368.2603991433
-419.5799746025 641.4421845021 -2000.0000000000
1582.2465560357 804.0096521296 1737.1065772409
1582.2465560357 804.0096521296 -2000.0000000000
1582.2465560357 804.0096521296 -2000.0000000000
411.2802180184 1913.1083891319 273.9522324870
411.2802180184 1913.1083891319 -2000.0000000000
936.7799562226 1381.7392516061 -1137.8053454826
936.7799562226 1381.7392516061 -2000.0000000000
936.7799562226 1381.7392516061 -2000.0000000000
936.7799562226 1381.7392516061 -2000.0000000000
128.5983614025 311.2633252372 -1593.8391137181
889.4621340676 1738.4270666722 1343.9100798344
889.4621340676 1738.4270666722 -2000.0000000000
-901.9090768482 -1171.5253879098 1439.8942600462
1057.3662092932 575.4340625605 -1111.3264175793
1057.3662092932 575.4340625605 -2000.0000000000
-1884.2739084871 1456.0211683494 425.6812576961
-1884.2739084871 1456.0211683494 -2000.0000000000
-1884.2739084871 1456.0211683494 -2000.0000000000
-1884.2739084871 1456.0211683494 -2000.0000000000
-1002.5701604120 875.7807087851 -1116.7870140984
-1002.5701604120 875.7807087851 -2000.0000000000
-124.6014813911 874.0330539997 -822.0997280913
-1320.2562434379 262.7941931536 -820.7996784880
-1320.2562434379 262.7941931536 -2000.0000000000
-1320.2562434379 262.7941931536 -2000.0000000000
-1320.2562434379 262.7941931536 -2000.0000000000
-1320.2562434379 262.7941931536 -2000.0000000000
-1320.2562434379 262.7941931536 -2000.0000000000
-1404.5868398945 -922.3922514128 -104.9276897369
160.6954683716 -921.4467531372 -1998.8857953763
160.6954683716 -921.4467531372 -2000.0000000000
-1030.0533472598 -1392.7819237083 1910.0556108698
-1030.0533472598 -1392.7819237083 -2000.0000000000
-1030.0533472598 -1392.7819237083 -2000.0000000000
-1030.0533472598 -1392.7819237083 -2000.0000000000
-1030.0533472598 -1392.7819237083 -2000.0000000000
-1369.3775827485 434.6551255520 -1151.6282506115
1977.3355094412 -145.1541128937 855.5448643638
1977.3355094412 -145.1541128937 -2000.0000000000
1287.9246165641 -1889.8059437940 1011.5078662464
1287.9246165641 -1889.8059437940 -2000.0000000000
1287.9246165641 -1889.8059437940 -2000.0000000000
-1324.5240897574 1568.1357089885 -8.9362727100
927.6425003867 -764.4230955832 169.3897644567
927.6425003867 -764.4230955832 -2000.0000000000
-403.7500906518 -211.9418260714 -788.3646288574
-260.0924224071 1926.9506676957 586.5445106610
-260.0924224071 1926.9506676957 -2000.0000000000
1523.3119011301 631.3439270378 1941.6317984996
1523.3119011301 631.3439270378 -2000.0000000000
-1909.2429839242 423.8904334722 -1200.0142365556
-1909.2429839242 423.8904334722 -2000.0000000000
-1909.2429839242 423.8904334722 -2000.0000000000
-1909.2429839242 423.8904334722 -2000.0000000000
-1909.2429839242 423.8904334722 -2000.0000000000
-1909.2429839242 423.8904334722 -2000.0000000000
-1909.2429839242 423.8904334722 -2000.0000000000
1648.8075700250 -301.9872918182 11.8232053037
1648.8075700250 -301.9872918182 -2000.0000000000
465.0380851161 -1183.5092748634 -531.6909430926
-916.2999747176 882.1806205486 1553.4568699202
-916.2999747176 882.1806205486 -2000.0000000000
-916.2999747176 882.1806205486 -2000.0000000000
-916.2999747176 882.1806205486 -2000.0000000000
-675.6424044649 -1305.2510039946 -1498.2387155577
942.5727861553 973.6014241142 -1445.9055916731
942.5727861553 973.6014241142 -2000.0000000000
942.5727861553 973.6014241142 -2000.0000000000
-1661.1996240507 7.0449477763 -1763.7368213477
-1661.1996240507 7.0449477763 -2000.0000000000
1938.0315006076 608.1987949206 242.4506247400
1938.0315006076 608.1987949206 -2000.0000000000
1938.0315006076 608.1987949206 -2000.0000000000
-1987.8195781344 -1473.0127976373 -281.1081239502
936.6116847007 -1072.2956980015 -476.0480050367
-1614.5041102277 -982.5880970527 -74.1923210533
-1614.5041102277 -982.5880970527 -2000.0000000000
-1614.5041102277 -982.5880970527 -2000.0000000000
-1614.5041102277 -982.5880970527 -2000.0000000000
-1614.5041102277 -982.5880970527 -2000.0000000000
-1789.4176019754 -1661.0449746134 -1030.3798272465
-1789.4176019754 -1661.0449746134 -2000.0000000000
-1789.4176019754 -1661.0449746134 -2000.0000000000
-1789.4176019754 -1661.0449746134 -2000.0000000000
-1789.4176019754 -1661.0449746134 -2000.0000000000
-1171.2495032860 1883.8560395434 -803.8338117233
-1171.2495032860 1883.8560395434 -2000.0000000000
-1171.2495032860 1883.8560395434 -2000.0000000000
-1171.2495032860 1883.8560395434 -2000.0000000000
-1171.2495032860 1883.8560395434 -2000.0000000000
-1171.2495032860 1883.8560395434 -2000.0000000000
-1171.2495032860 1883.8560395434 -2000.0000000000
-1171.2495032860 1883.8560395434 -2000.0000000000
-1171.2495032860 1883.8560395434 -2000.0000000000
-1171.2495032860 1883.8560395434 -2000.0000000000
-1171.2495032860 1883.8560395434 -2000.0000000000
578.6293656073 1462.9650309133 -628.1899434085
578.6293656073 1462.9650309133 -2000.0000000000
578.6293656073 1462.9650309133 -2000.0000000000
578.6293656073 1462.9650309133 -2000.0000000000
578.6293656073 1462.9650309133 -2000.0000000000
-64.2301258072 -834.4611454668 202.3838703314
323.3564414731 -513.2290711256 -1999.3621674087
323.3564414731 -513.2290711256 -2000.0000000000
1974.9838434216 -231.9264389741 -1940.5280158511
1974.9838434216 -231.9264389741 -2000.0000000000
1974.9838434216 -231.9264389741 -2000.0000000000
1974.9838434216 -231.9264389741 -2000.0000000000
1974.9838434216 -231.9264389741 -2000.0000000000
107.8059482566 1236.5941692528 -1962.1063013468
1881.2727486720 1374.7343902614 1506.1669181815
1881.2727486720 1374.7343902614 -2000.0000000000
232.0245306085 -1093.7672038047 1034.4698345739
232.0245306085 -1093.7672038047 -2000.0000000000
232.0245306085 -1093.7672038047 -2000.0000000000
232.0245306085 -1093.7672038047 -2000.0000000000
232.0245306085 -1093.7672038047 -2000.0000000000
232.0245306085 -1093.7672038047 -2000.0000000000
-302.4842048713 1391.5806864732 -223.4149134812
-302.4842048713 1391.5806864732 -2000.0000000000
1950.8687320491 -721.0297509770 1205.1889479319
1950.8687320491 -721.0297509770 -2000.0000000000
-161.1778244239 -360.9177257649 -1.4950535007
1573.0826322940 -1025.7406005126 559.8616568206
367.3076607904 -1463.6116590666 -536.1334578809
-1754.9195113219 1583.2317238748 -669.8554059467
-1754.9195113219 1583.2317238748 -2000.0000000000
542.5869829688 1521.1153591735 -1470.4716621484
542.5869829688 1521.1153591735 -2000.0000000000
542.5869829688 1521.1153591735 -2000.0000000000
542.5869829688 1521.1153591735 -2000.0000000000
-1656.0985424798 598.8689962545 329.7144409021
-1656.0985424798 598.8689962545 -2000.0000000000
-1656.0985424798 598.8689962545 -2000.0000000000
-1656.0985424798 598.8689962545 -2000.0000000000
-1656.0985424798 598.8689962545 -2000.0000000000
-1656.0985424798 598.8689962545 -2000.0000000000
-1656.0985424798 598.8689962545 -2000.0000000000
-1656.0985424798 598.8689962545 -2000.0000000000
685.4735263223 1917.0572456243 -380.3533840628
685.4735263223 1917.0572456243 -2000.0000000000
685.4735263223 1917.0572456243 -2000.0000000000
685.4735263223 1917.0572456243 -2000.0000000000
685.4735263223 1917.0572456243 -2000.0000000000
685.4735263223 1917.0572456243 -2000.0000000000
-502.9593302124 -21.9101779571 -1209.4194127039
-502.9593302124 -21.9101779571 -2000.0000000000
-502.9593302124 -21.9101779571 -2000.0000000000
-293.8275174925 -672.3161540289 732.7209479549
-293.8275174925 -672.3161540289 -2000.0000000000
-293.8275174925 -672.3161540289 -2000.0000000000
370.7722042659 -1387.5939551776 -800.9374714612
370.7722042659 -1387.5939551776 -2000.0000000000
370.7722042659 -1387.5939551776 -2000.0000000000
-1386.3489285181 973.8024082090 -1542.1429704582
1801.2293924265 -1816.1353722301 -1208.1239842154
1801.2293924265 -1816.1353722301 -2000.0000000000
1801.2293924265 -1816.1353722301 -2000.0000000000
1454.8469719595 1996.4655586535 1500.1320174651
-979.6081154141 1093.0206572742 -1657.7869862101
-979.6081154141 1093.0206572742 -2000.0000000000
-979.6081154141 1093.0206572742 -2000.0000000000
-979.6081154141 1093.0206572742 -2000.0000000000
1186.2833029579 -1865.8710220034 1728.7112714890
1186.2833029579 -1865.8710220034 -2000.0000000000
1117.5688620751 -783.2507521516 -989.9638229049
1485.4808075782 477.0510165232 -1769.6640430222
1485.4808075782 477.0510165232 -2000.0000000000
1485.4808075782 477.0510165232 -2000.0000000000
1485.4808075782 477.0510165232 -2000.0000000000
1485.4808075782 477.0510165232 -2000.0000000000
1485.4808075782 477.0510165232 -2000.0000000000
1485.4808075782 477.0510165232 -2000.0000000000
1485.4808075782 477.0510165232 -2000.0000000000
1485.4808075782 477.0510165232 -2000.0000000000
-1440.2034399617 239.3664046115 382.0740767035
1265.5266045023 -1922.5798541841 1044.6229039811
1265.5266045023 -1922.5798541841 -2000.0000000000
1265.5266045023 -1922.5798541841 -2000.0000000000
1810.6432672304 1052.3027453715 321.8285148213
1810.6432672304 1052.3027453715 -2000.0000000000
1810.6432672304 1052.3027453715 -2000.0000000000
1810.6432672304 1052.3027453715 -2000.0000000000
1810.6432672304 1052.3027453715 -2000.0000000000
894.7360008097 1324.8518833638 -1994.5130806719
278.3700380187 248.8279012496 -1238.9601705566
-636.6573454462 -369.2933624952 1745.6379525214
-636.6573454462 -369.2933624952 -2000.0000000000
-636.6573454462 -369.2933624952 -2000.0000000000
-636.6573454462 -369.2933624952 -2000.0000000000
-636.6573454462 -369.2933624952 -2000.0000000000
-636.6573454462 -369.2933624952 -2000.0000000000
-636.6573454462 -369.2933624952 -2000.0000000000
-636.6573454462 -369.2933624952 -2000.0000000000
-636.6573454462 -369.2933624952 -2000.0000000000
-602.1720810347 -976.6241078735 1583.5143174801
-602.1720810347 -976.6241078735 -2000.0000000000
-602.1720810347 -976.6241078735 -2000.0000000000
-602.1720810347 -976.6241078735 -2000.0000000000
-602.1720810347 -976.6241078735 -2000.0000000000
-602.1720810347 -976.6241078735 -2000.0000000000
-602.1720810347 -976.6241078735 -2000.0000000000
-602.1720810347 -976.6241078735 -2000.0000000000
365.3388964034 183.3780837192 -1042.3588377922
365.3388964034 183.3780837192 -2000.0000000000
365.3388964034 183.3780837192 -2000.0000000000
365.3388964034 183.3780837192 -2000.0000000000
365.3388964034 183.3780837192 -2000.0000000000
1046.6695917313 872.3515813393 -532.0371117448
1046.6695917313 872.3515813393 -2000.0000000000
1046.6695917313 872.3515813393 -2000.0000000000
1046.6695917313 872.3515813393 -2000.0000000000
1046.6695917313 872.3515813393 -2000.0000000000
1046.6695917313 872.3515813393 -2000.0000000000
1046.6695917313 872.3515813393 -2000.0000000000
1046.6695917313 872.3515813393 -2000.0000000000
1046.6695917313 872.3515813393 -2000.0000000000
1046.6695917313 872.3515813393 -2000.0000000000
1046.6695917313 872.3515813393 -2000.0000000000
-452.7316962662 508.4563923792 345.4251607454
1423.4241862477 1632.4707678464 -1664.1051034305
740.3565037688 -906.0315447786 -1438.0749108358
740.3565037688 -906.0315447786 -2000.0000000000
-116.6705126446 -1612.0656809995 1344.5314489096
-545.9750663518 -893.5597459695 -1786.2705424001
-545.9750663518 -893.5597459695 -2000.0000000000
-545.9750663518 -893.5597459695 -2000.0000000000
-545.9750663518 -893.5597459695 -2000.0000000000
-545.9750663518 -893.5597459695 -2000.0000000000
-545.9750663518 -893.5597459695 -2000.0000000000
-545.9750663518 -893.5597459695 -2000.0000000000
-545.9750663518 -893.5597459695 -2000.0000000000
-545.9750663518 -893.5597459695 -2000.0000000000
-545.9750663518 -893.5597459695 -2000.0000000000
404.8463152207 -576.2088705839 -712.3998722661
1644.5706942025 517.2071709593 -930.7476548272
1644.5706942025 517.2071709593 -2000.0000000000
1644.5706942025 517.2071709593 -2000.0000000000
1644.5706942025 517.2071709593 -2000.0000000000
1644.5706942025 517.2071709593 -2000.0000000000
1644.5706942025 517.2071709593 -2000.0000000000
1644.5706942025 517.2071709593 -2000.0000000000
1219.6200077027 -351.1236815227 1375.2312636937
1219.6200077027 -351.1236815227 -2000.0000000000
985.2337052872 -1228.2881978079 -1615.1229171762
526.6198949375 -1602.6372299963 -526.9540011740
526.6198949375 -1602.6372299963 -2000.0000000000
526.6198949375 -1602.6372299963 -2000.0000000000
526.6198949375 -1602.6372299963 -2000.0000000000
-1389.7640215649 -841.8726241112 -1413.8670283314
-1389.7640215649 -841.8726241112 -2000.0000000000
-1389.7640215649 -841.8726241112 -2000.0000000000
-1389.7640215649 -841.8726241112 -2000.0000000000
-1389.7640215649 -841.8726241112 -2000.0000000000
615.1489559737 -1850.8493258299 -1797.3631015265
-1200.6629739545 -1955.1712992197 -151.5344752488
-1200.6629739545 -1955.1712992197 -2000.0000000000
-1200.6629739545 -1955.1712992197 -2000.0000000000
-1200.6629739545 -1955.1712992197 -2000.0000000000
-1200.6629739545 -1955.1712992197 -2000.0000000000
-1200.6629739545 -1955.1712992197 -2000.0000000000
-1200.6629739545 -1955.1712992197 -2000.0000000000
322.1628553720 -782.1188189222 273.7505705829
322.1628553720 -782.1188189222 -2000.0000000000
154.0197874366 669.8075837994 -153.7229399816
154.0197874366 669.8075837994 -2000.0000000000
154.0197874366 669.8075837994 -2000.0000000000
1924.3119513016 -6.1908130797 -159.3312180168
-62.1323814907 914.0838401170 1051.1016485517
-62.1323814907 914.0838401170 -2000.0000000000
-1470.3843858824 1785.7656110502 24.6821228044
-1470.3843858824 1785.7656110502 -2000.0000000000
-1793.1701628813 -560.5264795931 1727.8003028224
-1793.1701628813 -560.5264795931 -2000.0000000000
-916.8362039973 678.0139552200 301.9870234747
1599.8994066360 1747.6771620332 1281.1140895714
1599.8994066360 1747.6771620332 -2000.0000000000
1599.8994066360 1747.6771620332 -2000.0000000000
1599.8994066360 1747.6771620332 -2000.0000000000
1599.8994066360 1747.6771620332 -2000.0000000000
1599.8994066360 1747.6771620332 -2000.0000000000
-499.3059724639 -855.2038372592 207.7469145803
-499.3059724639 -855.2038372592 -2000.0000000000
-499.3059724639 -855.2038372592 -2000.0000000000
-1735.1554800039 1902.3440694077 636.0150951067
857.7047136625 66.8448230426 -605.3222319523
857.7047136625 66.8448230426 -2000.0000000000
857.7047136625 66.8448230426 -2000.0000000000
857.7047136625 66.8448230426 -2000.0000000000
857.7047136625 66.8448230426 -2000.0000000000
857.7047136625 66.8448230426 -2000.0000000000
857.7047136625 66.8448230426 -2000.0000000000
857.7047136625 66.8448230426 -2000.0000000000
-1260.9503358247 1429.2174764993 -864.8355531110
-1427.6477718493 -722.3991416384 -709.6789837914
-1427.6477718493 -722.3991416384 -2000.0000000000
-1427.6477718493 -722.3991416384 -2000.0000000000
-1427.6477718493 -722.3991416384 -2000.0000000000
1789.7557422166 1206.0450003643 121.7194819534
1359.5958152279 -838.9014684365 1782.6857223659
1359.5958152279 -838.9014684365 -2000.0000000000
1359.5958152279 -838.9014684365 -2000.0000000000
1359.5958152279 -838.9014684365 -2000.0000000000
1359.5958152279 -838.9014684365 -2000.0000000000
1359.5958152279 -838.9014684365 -2000.0000000000
1359.5958152279 -838.9014684365 -2000.0000000000
1359.5958152279 -838.9014684365 -2000.0000000000
1359.5958152279 -838.9014684365 -2000.0000000000
1359.5958152279 -838.9014684365 -2000.0000000000
1359.5958152279 -838.9014684365 -2000.0000000000
1359.5958152279 -838.9014684365 -2000.0000000000
1359.5958152279 -838.9014684365 -2000.0000000000
1671.9528618961 269.6601602240 -280.2089408049
-216.3969380283 -1847.8832684790 1885.7297036404
-216.3969380283 -1847.8832684790 -2000.0000000000
-216.3969380283 -1847.8832684790 -2000.0000000000
-216.3969380283 -1847.8832684790 -2000.0000000000
-216.3969380283 -1847.8832684790 -2000.0000000000
-216.3969380283 -1847.8832684790 -2000.0000000000
-216.3969380283 -1847.8832684790 -2000.0000000000
-216.3969380283 -1847.8832684790 -2000.0000000000
-216.3969380283 -1847.8832684790 -2000.0000000000
-216.3969380283 -1847.8832684790 -2000.0000000000
1559.5906383304 1147.9475026560 -401.4999828702
38.4876330911 -1042.4150120538 1419.1693125387
-1944.8186404658 -1321.2195474475 209.6956170573
-1944.8186404658 -1321.2195474475 -2000.0000000000
1202.5789390710 -1236.7567266920 488.5356287897
1202.5789390710 -1236.7567266920 -2000.0000000000
1202.5789390710 -1236.7567266920 -2000.0000000000
1202.5789390710 -1236.7567266920 -2000.0000000000
1492.5984128542 -3.0644788276 -718.6246540416
1492.5984128542 -3.0644788276 -2000.0000000000
1492.5984128542 -3.0644788276 -2000.0000000000
-1758.3173584726 -795.6332994329 -1673.5253341711
1119.9730800581 778.1197524393 392.9951179996
-1099.4707307162 657.4600276547 176.0598371443
-1099.4707307162 657.4600276547 -2000.0000000000
-1099.4707307162 657.4600276547 -2000.0000000000
1352.1675869817 -1644.5381399758 -685.4691599683
1352.1675869817 -1644.5381399758 -2000.0000000000
-919.0218176851 1789.8936205354 -1828.8308332695
-919.0218176851 1789.8936205354 -2000.0000000000
-919.0218176851 1789.8936205354 -2000.0000000000
-919.0218176851 1789.8936205354 -2000.0000000000
-358.1650930023 -741.1315812607 -744.2505711569
-358.1650930023 -741.1315812607 -2000.0000000000
-358.1650930023 -741.1315812607 -2000.0000000000
-358.1650930023 -741.1315812607 -2000.0000000000
904.4897396919 1754.7985979782 -1472.4788510089
904.4897396919 1754.7985979782 -2000.0000000000
904.4897396919 1754.7985979782 -2000.0000000000
904.4897396919 1754.7985979782 -2000.0000000000
904.4897396919 1754.7985979782 -2000.0000000000
904.4897396919 1754.7985979782 -2000.0000000000
904.4897396919 1754.7985979782 -2000.0000000000
904.4897396919 1754.7985979782 -2000.0000000000
904.4897396919 1754.7985979782 -2000.0000000000
1750.3265899786 1671.0371998064 1816.0670609543
1750.3265899786 1671.0371998064 -2000.0000000000
-1511.0688934303 1923.5789565890 345.7958291354
-1511.0688934303 1923.5789565890 -2000.0000000000
-1511.0688934303 1923.5789565890 -2000.0000000000
1946.4807638801 1736.9062772388 1484.3104163018
1946.4807638801 1736.9062772388 -2000.0000000000
-117.0053019808 -806.3097584856 270.3008964567
-117.0053019808 -806.3097584856 -2000.0000000000
-117.0053019808 -806.3097584856 -2000.0000000000
95.3266500077 -1233.2287821021 1640.9580634954
95.3266500077 -1233.2287821021 -2000.0000000000
95.3266500077 -1233.2287821021 -2000.0000000000
95.3266500077 -1233.2287821021 -2000.0000000000
95.3266500077 -1233.2287821021 -2000.0000000000
95.3266500077 -1233.2287821021 -2000.0000000000
95.3266500077 -1233.2287821021 -2000.0000000000
95.3266500077 -1233.2287821021 -2000.0000000000
95.3266500077 -1233.2287821021 -2000.0000000000
95.3266500077 -1233.2287821021 -2000.0000000000
95.3266500077 -1233.2287821021 -2000.0000000000
95.3266500077 -1233.2287821021 -2000.0000000000
1990.9580392374 -787.6334861903 -825.1891459724
1990.9580392374 -787.6334861903 -2000.0000000000
1990.9580392374 -787.6334861903 -2000.0000000000
1990.9580392374 -787.6334861903 -2000.0000000000
1990.9580392374 -787.6334861903 -2000.0000000000
1990.9580392374 -787.6334861903 -2000.0000000000
328.8108551315 1346.1593453268 -1281.9848865472
-1799.4991128116 1588.6178184242 195.6757752381
172.9255872184 -1338.4385237607 822.1252778901
172.9255872184 -1338.4385237607 -2000.0000000000
172.9255872184 -1338.4385237607 -2000.0000000000
-936.2394425001 -713.8671176416 -93.8555144618
-936.2394425001 -713.8671176416 -2000.0000000000
-936.2394425001 -713.8671176416 -2000.0000000000
-936.2394425001 -713.8671176416 -2000.0000000000
-936.2394425001 -713.8671176416 -2000.0000000000
-1096.9726113237 1003.1451017888 -1248.9463754877
825.3765292565 1641.9707429358 1880.1402794694
825.3765292565 1641.9707429358 -2000.0000000000
825.3765292565 1641.9707429358 -2000.0000000000
825.3765292565 1641.9707429358 -2000.0000000000
825.3765292565 1641.9707429358 -2000.0000000000
825.3765292565 1641.9707429358 -2000.0000000000
825.3765292565 1641.9707429358 -2000.0000000000
825.3765292565 1641.9707429358 -2000.0000000000
825.3765292565 1641.9707429358 -2000.0000000000
825.3765292565 1641.9707429358 -2000.0000000000
1052.0220420925 -157.6067815567 -240.9524324960
-3.8289900097 -687.4061170935 -1934.7695552216
-3.8289900097 -687.4061170935 -2000.0000000000
-3.8289900097 -687.4061170935 -2000.0000000000
-96.2230550606 1831.0665591514 298.1307856732
-96.2230550606 1831.0665591514 -2000.0000000000
-96.2230550606 1831.0665591514 -2000.0000000000
-96.2230550606 1831.0665591514 -2000.0000000000
-96.2230550606 1831.0665591514 -2000.0000000000
281.8490508255 371.0378534059 1293.1612497939
281.8490508255 371.0378534059 -2000.0000000000
509.5488713907 939.0888283840 1939.2227607003
509.5488713907 939.0888283840 -2000.0000000000
509.5488713907 939.0888283840 -2000.0000000000
509.5488713907 939.0888283840 -2000.0000000000
509.5488713907 939.0888283840 -2000.0000000000
-1028.4872647523 -1332.6748326081 -1006.6354863003
-1028.4872647523 -1332.6748326081 -2000.0000000000
1162.3343445082 297.8692681016 651.4223474865
1162.3343445082 297.8692681016 -2000.0000000000
1162.3343445082 297.8692681016 -2000.0000000000
-402.7665361937 -960.4747726943 -1557.5689757289
-402.7665361937 -960.4747726943 -2000.0000000000
-1448.8990993021 1826.4899214074 21.2713959694
-1448.8990993021 1826.4899214074 -2000.0000000000
-1448.8990993021 1826.4899214074 -2000.0000000000
-59.4809874059 -963.2113923356 -551.2368420608
-59.4809874059 -963.2113923356 -2000.0000000000
-59.4809874059 -963.2113923356 -2000.0000000000
-59.4809874059 -963.2113923356 -2000.0000000000
465.3107360101 -1727.5816723449 -1067.7415543419
465.3107360101 -1727.5816723449 -2000.0000000000
465.3107360101 -1727.5816723449 -2000.0000000000
465.3107360101 -1727.5816723449 -2000.0000000000
-155.0806344470 -1558.2183168903 1593.5607972803
-1333.0112135892 1936.9696773701 -1866.7806721271
-1333.0112135892 1936.9696773701 -2000.0000000000
721.9366419122 -932.8253332137 -58.2448715418
721.9366419122 -932.8253332137 -2000.0000000000
1174.0292767038 -1247.3783402845 -376.4676240983
-907.5316080503 1858.8443308663 1680.9330108106
-907.5316080503 1858.8443308663 -2000.0000000000
-821.1471071686 -433.6846432311 -1138.2023729383
-821.1471071686 -433.6846432311 -2000.0000000000
1294.6633262291 83.0938756672 154.1942291633
-1687.8741366542 1580.6460701051 -946.0385675793
1497.9099851989 1196.9883532988 -1327.9710634224
1497.9099851989 1196.9883532988 -2000.0000000000
1497.9099851989 1196.9883532988 -2000.0000000000
1497.9099851989 1196.9883532988 -2000.0000000000
-108.1671545226 -1271.3839728489 513.6265407879
-108.1671545226 -1271.3839728489 -2000.0000000000
-108.1671545226 -1271.3839728489 -2000.0000000000
1042.2647561578 1063.7792753380 414.2998654109
1042.2647561578 1063.7792753380 -2000.0000000000
-1440.5261943677 526.1746626143 230.6725305512
-1440.5261943677 526.1746626143 -2000.0000000000
-1440.5261943677 526.1746626143 -2000.0000000000
-1440.5261943677 526.1746626143 -2000.0000000000
-1440.5261943677 526.1746626143 -2000.0000000000
-1440.5261943677 526.1746626143 -2000.0000000000
-1440.5261943677 526.1746626143 -2000.0000000000
-1440.5261943677 526.1746626143 -2000.0000000000
-681.0319876438 -1923.7688609101 554.2556584778
-681.0319876438 -1923.7688609101 -2000.0000000000
-681.0319876438 -1923.7688609101 -2000.0000000000
385.5467550018 -908.1028319021 950.6400385593
1275.5263123255 564.0271932560 1032.0627340576
1275.5263123255 564.0271932560 -2000.0000000000
1275.5263123255 564.0271932560 -2000.0000000000
1275.5263123255 564.0271932560 -2000.0000000000
-435.3123385947 1334.0751811637 1024.3694239464
-435.3123385947 1334.0751811637 -2000.0000000000
-435.3123385947 1334.0751811637 -2000.0000000000
-435.3123385947 1334.0751811637 -2000.0000000000
1873.9024414015 1871.4650413518 17.2418756631
1873.9024414015 1871.4650413518 -2000.0000000000
-1827.4410316506 450.2583924374 1538.0829829032
-379.8030490122 -163.5553814288 1796.8014331860
-379.8030490122 -163.5553814288 -2000.0000000000
-379.8030490122 -163.5553814288 -2000.0000000000
-379.8030490122 -163.5553814288 -2000.0000000000
-379.8030490122 -163.5553814288 -2000.0000000000
-786.9941762194 1054.6481888260 -1548.6539456540
-786.9941762194 1054.6481888260 -2000.0000000000
-786.9941762194 1054.6481888260 -2000.0000000000
-786.9941762194 1054.6481888260 -2000.0000000000
-786.9941762194 1054.6481888260 -2000.0000000000
514.1106311311 -771.3144650381 -1386.7148367126
514.1106311311 -771.3144650381 -2000.0000000000
-888.1878131215 1568.8334663032 -104.0187206955
-888.1878131215 1568.8334663032 -2000.0000000000
-888.1878131215 1568.8334663032 -2000.0000000000
-888.1878131215 1568.8334663032 -2000.0000000000
-888.1878131215 1568.8334663032 -2000.0000000000
-741.2241399159 1803.9166777811 1843.8008986299
-1011.4122310516 -1172.1592559821 1100.0673855870
-1011.4122310516 -1172.1592559821 -2000.0000000000
-1101.5057388184 360.1903221446 871.1863713284
-1101.5057388184 360.1903221446 -2000.0000000000
-1101.5057388184 360.1903221446 -2000.0000000000
-1101.5057388184 360.1903221446 -2000.0000000000
-1101.5057388184 360.1903221446 -2000.0000000000
-1101.5057388184 360.1903221446 -2000.0000000000
-1101.5057388184 360.1903221446 -2000.0000000000
-1856.1024744760 -1173.9228696122 1621.8250585295
-1856.1024744760 -1173.9228696122 -2000.0000000000
-1856.1024744760 -1173.9228696122 -2000.0000000000
-623.1336927109 1275.5236623216 -1126.7217333611
-1902.6606611403 1815.0429596785 -307.2423929604
-1902.6606611403 1815.0429596785 -2000.0000000000
1858.2106517377 1677.1442624666 -1566.7750120985
1858.2106517377 1677.1442624666 -2000.0000000000
1858.2106517377 1677.1442624666 -2000.0000000000
1858.2106517377 1677.1442624666 -2000.0000000000
1858.2106517377 1677.1442624666 -2000.0000000000
1858.2106517377 1677.1442624666 -2000.0000000000
1858.2106517377 1677.1442624666 -2000.0000000000
1858.2106517377 1677.1442624666 -2000.0000000000
-1393.5517478003 -1949.3255199071 1763.5840607915
343.8715255821 -1255.4519974947 1737.9455614919
343.8715255821 -1255.4519974947 -2000.0000000000
343.8715255821 -1255.4519974947 -2000.0000000000
343.8715255821 -1255.4519974947 -2000.0000000000
343.8715255821 -1255.4519974947 -2000.0000000000
1876.3425279494 -1179.5733611102 736.4133277475
1876.3425279494 -1179.5733611102 -2000.0000000000
1876.3425279494 -1179.5733611102 -2000.0000000000
1876.3425279494 -1179.5733611102 -2000.0000000000
-1598.0572279960 1037.2561350857 -110.7660172436
-1598.0572279960 1037.2561350857 -2000.0000000000
1463.3410138282 884.7142865562 -934.4225068618
1463.3410138282 884.7142865562 -2000.0000000000
1463.3410138282 884.7142865562 -2000.0000000000
1463.3410138282 884.7142865562 -2000.0000000000
1463.3410138282 884.7142865562 -2000.0000000000
1168.7669687168 1442.1608759171 1253.3227798887
1168.7669687168 1442.1608759171 -2000.0000000000
1168.7669687168 1442.1608759171 -2000.0000000000
-1712.2065885432 1349.0663427094 -1457.3847426701
-1712.2065885432 1349.0663427094 -2000.0000000000
-1712.2065885432 1349.0663427094 -2000.0000000000
-1712.2065885432 1349.0663427094 -2000.0000000000
-1712.2065885432 1349.0663427094 -2000.0000000000
211.2588057441 -150.5413905767 -765.0307978162
211.2588057441 -150.5413905767 -2000.0000000000
211.2588057441 -150.5413905767 -2000.0000000000
211.2588057441 -150.5413905767 -2000.0000000000
107.0386374098 -471.6195630500 163.5513003285
107.0386374098 -471.6195630500 -2000.0000000000
107.0386374098 -471.6195630500 -2000.0000000000
107.0386374098 -471.6195630500 -2000.0000000000
107.0386374098 -471.6195630500 -2000.0000000000
107.0386374098 -471.6195630500 -2000.0000000000
107.0386374098 -471.6195630500 -2000.0000000000
1522.1783965716 -397.9943635859 247.4191320664
-180.4308234889 -8.2599341142 1727.5477809511
-180.4308234889 -8.2599341142 -2000.0000000000
-180.4308234889 -8.2599341142 -2000.0000000000
-180.4308234889 -8.2599341142 -2000.0000000000
-180.4308234889 -8.2599341142 -2000.0000000000
-180.4308234889 -8.2599341142 -2000.0000000000
1735.5228144813 337.7853573303 -1315.1950075214
1735.5228144813 337.7853573303 -2000.0000000000
1735.5228144813 337.7853573303 -2000.0000000000
1735.5228144813 337.7853573303 -2000.0000000000
1735.5228144813 337.7853573303 -2000.0000000000
1735.5228144813 337.7853573303 -2000.0000000000
-427.2438927768 -356.3850421540 -171.3339674600
-427.2438927768 -356.3850421540 -2000.0000000000
-427.2438927768 -356.3850421540 -2000.0000000000
-427.2438927768 -356.3850421540 -2000.0000000000
-427.2438927768 -356.3850421540 -2000.0000000000
-661.1332780065 -1323.4859748178 -179.5023177097
-661.1332780065 -1323.4859748178 -2000.0000000000
-661.1332780065 -1323.4859748178 -2000.0000000000
1481.0014935577 -455.5503501415 -649.1444493935
1481.0014935577 -455.5503501415 -2000.0000000000
1481.0014935577 -455.5503501415 -2000.0000000000
-649.1493165530 -1483.6088410872 -181.9102710008
1087.6163967949 -1129.9358528258 -1577.0718222811
1087.6163967949 -1129.9358528258 -2000.0000000000
1087.6163967949 -1129.9358528258 -2000.0000000000
1087.6163967949 -1129.9358528258 -2000.0000000000
1087.6163967949 -1129.9358528258 -2000.0000000000
1993.2912091365 1260.6543487756 1723.6320431735
1993.2912091365 1260.6543487756 -2000.0000000000
1993.2912091365 1260.6543487756 -2000.0000000000
154.6381803760 -584.5925239560 566.7312394243
154.6381803760 -584.5925239560 -2000.0000000000
154.6381803760 -584.5925239560 -2000.0000000000
-427.9002230395 -864.5434579253 -1863.9739485457
-427.9002230395 -864.5434579253 -2000.0000000000
-427.9002230395 -864.5434579253 -2000.0000000000
-427.9002230395 -864.5434579253 -2000.0000000000
-427.9002230395 -864.5434579253 -2000.0000000000
-1323.4417202127 -1458.1883057681 -921.8334305353
-1323.4417202127 -1458.1883057681 -2000.0000000000
-1323.4417202127 -1458.1883057681 -2000.0000000000
-1323.4417202127 -1458.1883057681 -2000.0000000000
-1323.4417202127 -1458.1883057681 -2000.0000000000
-1323.4417202127 -1458.1883057681 -2000.0000000000
-1323.4417202127 -1458.1883057681 -2000.0000000000
-1323.4417202127 -1458.1883057681 -2000.0000000000
-1323.4417202127 -1458.1883057681 -2000.0000000000
-1323.4417202127 -1458.1883057681 -2000.0000000000
-1323.4417202127 -1458.1883057681 -2000.0000000000
-1323.4417202127 -1458.1883057681 -2000.0000000000
1066.8626030563 1814.7280280145 587.3088083308
1066.8626030563 1814.7280280145 -2000.0000000000
1066.8626030563 1814.7280280145 -2000.0000000000
1119.9409001495 -1838.5354936233 1523.7081329376
1119.9409001495 -1838.5354936233 -2000.0000000000
1119.9409001495 -1838.5354936233 -2000.0000000000
1119.9409001495 -1838.5354936233 -2000.0000000000
1119.9409001495 -1838.5354936233 -2000.0000000000
-722.9874165106 962.0633761062 1292.4890449665
-722.9874165106 962.0633761062 -2000.0000000000
-722.9874165106 962.0633761062 -2000.0000000000
1553.5536962457 -525.6599148427 -1575.8702780819
1553.5536962457 -525.6599148427 -2000.0000000000
-759.2159023958 1380.6767114700 -1027.5762922847
-759.2159023958 1380.6767114700 -2000.0000000000
728.2429625262 -1032.6217468665 1730.8980866553
728.2429625262 -1032.6217468665 -2000.0000000000
-1471.5165464079 -20.5800852824 1328.8493586617
-1471.5165464079 -20.5800852824 -2000.0000000000
-1471.5165464079 -20.5800852824 -2000.0000000000
-1471.5165464079 -20.5800852824 -2000.0000000000
-1616.6901495496 -819.8664868663 599.8257404694
-1616.6901495496 -819.8664868663 -2000.0000000000
-1616.6901495496 -819.8664868663 -2000.0000000000
-1616.6901495496 -819.8664868663 -2000.0000000000
-1616.6901495496 -819.8664868663 -2000.0000000000
-1616.6901495496 -819.8664868663 -2000.0000000000
-1616.6901495496 -819.8664868663 -2000.0000000000
-481.5546789618 1005.9862510951 1037.5975086916
-481.5546789618 1005.9862510951 -2000.0000000000
-242.0513531661 465.2011364688 102.5174873279
-242.0513531661 465.2011364688 -2000.0000000000
552.5470057841 -1364.1419309826 -427.0596823331
552.5470057841 -1364.1419309826 -2000.0000000000
552.5470057841 -1364.1419309826 -2000.0000000000
552.5470057841 -1364.1419309826 -2000.0000000000
552.5470057841 -1364.1419309826 -2000.0000000000
585.3318153338 -1238.3631507866 -845.3643081775
1304.8564283770 642.9348209062 1601.8785515211
1304.8564283770 642.9348209062 -2000.0000000000
1624.2025555189 -742.4858855588 259.4147688275
1016.9493808068 1148.2559360810 -944.2581217341
1016.9493808068 1148.2559360810 -2000.0000000000
1016.9493808068 1148.2559360810 -2000.0000000000
1016.9493808068 1148.2559360810 -2000.0000000000
1016.9493808068 1148.2559360810 -2000.0000000000
-544.3095748035 137.9190863771 899.3066997442
-544.3095748035 137.9190863771 -2000.0000000000
401.0549443286 1899.1278234331 -487.3255778205
401.0549443286 1899.1278234331 -2000.0000000000
-1334.3152052843 -1312.5797057492 -1933.1589294190
-1334.3152052843 -1312.5797057492 -2000.0000000000
-1334.3152052843 -1312.5797057492 -2000.0000000000
1102.2452429316 608.6978428998 -85.8752449466
1102.2452429316 608.6978428998 -2000.0000000000
1102.2452429316 608.6978428998 -2000.0000000000
-148.9018963667 -93.1247059022 1704.1241950793
-148.9018963667 -93.1247059022 -2000.0000000000
-148.9018963667 -93.1247059022 -2000.0000000000
-148.9018963667 -93.1247059022 -2000.0000000000
-148.9018963667 -93.1247059022 -2000.0000000000
-148.9018963667 -93.1247059022 -2000.0000000000
-148.9018963667 -93.1247059022 -2000.0000000000
-148.9018963667 -93.1247059022 -2000.0000000000
-148.9018963667 -93.1247059022 -2000.0000000000
686.6774176024 200.3094976433 813.3300511317
686.6774176024 200.3094976433 -2000.0000000000
686.6774176024 200.3094976433 -2000.0000000000
686.6774176024 200.3094976433 -2000.0000000000
1003.6387132464 -1861.2422597166 939.9252533913
-385.0440332281 1401.0226227111 521.9442301097
-385.0440332281 1401.0226227111 -2000.0000000000
-755.1458199760 770.5000390469 -693.9459094254
-755.1458199760 770.5000390469 -2000.0000000000
-755.1458199760 770.5000390469 -2000.0000000000
-755.1458199760 770.5000390469 -2000.0000000000
-755.1458199760 770.5000390469 -2000.0000000000
-356.2176591241 -468.0358229650 -460.9409200039
-356.2176591241 -468.0358229650 -2000.0000000000
-356.2176591241 -468.0358229650 -2000.0000000000
1457.3366059300 1439.5564031813 959.1225792393
1955.5678034179 -182.8616410616 616.1042970768
1955.5678034179 -182.8616410616 -2000.0000000000
-508.9035406810 -647.1592750568 1614.1074152415
-508.9035406810 -647.1592750568 -2000.0000000000
-145.2544269193 -1142.6727623486 1386.6003401771
-145.2544269193 -1142.6727623486 -2000.0000000000
-145.2544269193 -1142.6727623486 -2000.0000000000
-145.2544269193 -1142.6727623486 -2000.0000000000
-145.2544269193 -1142.6727623486 -2000.0000000000
902.3247379069 1211.4938631237 -697.3343404018
1028.8580566290 52.9357299732 -295.5319780792
1028.8580566290 52.9357299732 -2000.0000000000
1991.5303468131 76.0149372074 775.6102998107
1991.5303468131 76.0149372074 -2000.0000000000
1991.5303468131 76.0149372074 -2000.0000000000
-563.7466165622 -1712.1319692438 1435.7840021513
-235.2628949941 1883.9064118757 1436.9946360933
-235.2628949941 1883.9064118757 -2000.0000000000
-235.2628949941 1883.9064118757 -2000.0000000000
-444.5333613586 313.4028770401 1631.3112087319
-738.8901466566 1263.4550092798 -1729.3525963136
-738.8901466566 1263.4550092798 -2000.0000000000
-738.8901466566 1263.4550092798 -2000.0000000000
-738.8901466566 1263.4550092798 -2000.0000000000
-738.8901466566 1263.4550092798 -2000.0000000000
-738.8901466566 1263.4550092798 -2000.0000000000
890.7358337605 821.4580282228 -29.5297654939
890.7358337605 821.4580282228 -2000.0000000000
890.7358337605 821.4580282228 -2000.0000000000
-199.0111723240 -434.1153480834 -1701.0336143003
-199.0111723240 -434.1153480834 -2000.0000000000
-199.0111723240 -434.1153480834 -2000.0000000000
-199.0111723240 -434.1153480834 -2000.0000000000
-199.0111723240 -434.1153480834 -2000.0000000000
-199.0111723240 -434.1153480834 -2000.0000000000
950.8235877572 869.3368528066 -1285.6685103378
950.8235877572 869.3368528066 -2000.0000000000
950.8235877572 869.3368528066 -2000.0000000000
-992.1391259124 -1829.9933287835 -1047.3009943560
-992.1391259124 -1829.9933287835 -2000.0000000000
-992.1391259124 -1829.9933287835 -2000.0000000000
-992.1391259124 -1829.9933287835 -2000.0000000000
-992.1391259124 -1829.9933287835 -2000.0000000000
-992.1391259124 -1829.9933287835 -2000.0000000000
-992.1391259124 -1829.9933287835 -2000.0000000000
-992.1391259124 -1829.9933287835 -2000.0000000000
-992.1391259124 -1829.9933287835 -2000.0000000000
-992.1391259124 -1829.9933287835 -2000.0000000000
-992.1391259124 -1829.9933287835 -2000.0000000000
-992.1391259124 -1829.9933287835 -2000.0000000000
-992.1391259124 -1829.9933287835 -2000.0000000000
-992.1391259124 -1829.9933287835 -2000.0000000000
-992.1391259124 -1829.9933287835 -2000.0000000000
-992.1391259124 -1829.9933287835 -2000.0000000000
-818.6788967511 432.3185107344 -426.2416761638
-818.6788967511 432.3185107344 -2000.0000000000
-818.6788967511 432.3185107344 -2000.0000000000
-818.6788967511 432.3185107344 -2000.0000000000
-818.6788967511 432.3185107344 -2000.0000000000
-818.6788967511 432.3185107344 -2000.0000000000
1300.5553644195 -1051.5906629313 388.3822353083
-921.7670221092 195.9414333292 1714.4837054731
-921.7670221092 195.9414333292 -2000.0000000000
-921.7670221092 195.9414333292 -2000.0000000000
-921.7670221092 195.9414333292 -2000.0000000000
-921.7670221092 195.9414333292 -2000.0000000000
-1154.5428736027 1403.7852074990 823.0379434052
-641.1350346493 1686.9838010288 1697.4173835030
-641.1350346493 1686.9838010288 -2000.0000000000
-1554.9335140353 -653.6732559593 -970.5224241449
990.9911503956 -914.8646626941 1643.7638822024
990.9911503956 -914.8646626941 -2000.0000000000
-676.9720328034 -705.3106159802 693.6806842755
-676.9720328034 -705.3106159802 -2000.0000000000
-676.9720328034 -705.3106159802 -2000.0000000000
-676.9720328034 -705.3106159802 -2000.0000000000
-168.8842405954 1366.6564660760 -1046.4329024647
-774.7203042651 -1898.0036004822 348.6541222455
-774.7203042651 -1898.0036004822 -2000.0000000000
-774.7203042651 -1898.0036004822 -2000.0000000000
-774.7203042651 -1898.0036004822 -2000.0000000000
-774.7203042651 -1898.0036004822 -2000.0000000000
-774.7203042651 -1898.0036004822 -2000.0000000000
-774.7203042651 -1898.0036004822 -2000.0000000000
-774.7203042651 -1898.0036004822 -2000.0000000000
-774.7203042651 -1898.0036004822 -2000.0000000000
-774.7203042651 -1898.0036004822 -2000.0000000000
-774.7203042651 -1898.0036004822 -2000.0000000000
-774.7203042651 -1898.0036004822 -2000.0000000000
109.7250489002 -623.3224327920 1342.3786597855
109.7250489002 -623.3224327920 -2000.0000000000
109.7250489002 -623.3224327920 -2000.0000000000
-962.3919428774 -897.1798882283 1444.7406145089
-1039.1059924867 -1102.9017200238 771.3350058905
-1307.9998626196 -1433.8882960530 1430.0224430973
-1307.9998626196 -1433.8882960530 -2000.0000000000
-1965.3666589685 773.5723990737 -626.5322511902
-1965.3666589685 773.5723990737 -2000.0000000000
-1965.3666589685 773.5723990737 -2000.0000000000
-1965.3666589685 773.5723990737 -2000.0000000000
-1965.3666589685 773.5723990737 -2000.0000000000
-1965.3666589685 773.5723990737 -2000.0000000000
-1965.3666589685 773.5723990737 -2000.0000000000
-1965.3666589685 773.5723990737 -2000.0000000000
-1965.3666589685 773.5723990737 -2000.0000000000
-1965.3666589685 773.5723990737 -2000.0000000000
-1055.4834354497 -925.8010901448 1606.6430463426
1436.4676444063 -1836.7275489720 -1445.8349075168
1436.4676444063 -1836.7275489720 -2000.0000000000
1436.4676444063 -1836.7275489720 -2000.0000000000
1436.4676444063 -1836.7275489720 -2000.0000000000
-1445.8693607998 370.4767996482 -184.6762229988
-1445.8693607998 370.4767996482 -2000.0000000000
-1445.8693607998 370.4767996482 -2000.0000000000
-1445.8693607998 370.4767996482 -2000.0000000000
-1445.8693607998 370.4767996482 -2000.0000000000
-1445.8693607998 370.4767996482 -2000.0000000000
1361.8748965687 840.6959280947 1748.0025079080
1361.8748965687 840.6959280947 -2000.0000000000
-232.4378435352 1654.2338256296 147.9500735904
-118.8754863847 -108.7356636485 -1671.8981054821
-118.8754863847 -108.7356636485 -2000.0000000000
-118.8754863847 -108.7356636485 -2000.0000000000
-118.8754863847 -108.7356636485 -2000.0000000000
-118.8754863847 -108.7356636485 -2000.0000000000
-118.8754863847 -108.7356636485 -2000.0000000000
-118.8754863847 -108.7356636485 -2000.0000000000
-118.8754863847 -108.7356636485 -2000.0000000000
-118.8754863847 -108.7356636485 -2000.0000000000
-118.8754863847 -108.7356636485 -2000.0000000000
-118.8754863847 -108.7356636485 -2000.0000000000
-118.8754863847 -108.7356636485 -2000.0000000000
-118.8754863847 -108.7356636485 -2000.0000000000
-347.9346969104 -1281.1619648056 -96.9838717246
-347.9346969104 -1281.1619648056 -2000.0000000000
-347.9346969104 -1281.1619648056 -2000.0000000000
-347.9346969104 -1281.1619648056 -2000.0000000000
-1080.8938156571 1993.0226994390 -1769.0114543718
-1080.8938156571 1993.0226994390 -2000.0000000000
-1080.8938156571 1993.0226994390 -2000.0000000000
-473.5808825375 -1674.6480514834 989.1959740135
-1391.2865001541 1374.4526479363 -93.3980597709
-1391.2865001541 1374.4526479363 -2000.0000000000
-1391.2865001541 1374.4526479363 -2000.0000000000
-1323.9411598022 1918.6872643735 -783.5911464107
-1323.9411598022 1918.6872643735 -2000.0000000000
1271.4461799965 -191.2030914771 905.0518003183
1271.4461799965 -191.2030914771 -2000.0000000000
1271.4461799965 -191.2030914771 -2000.0000000000
1271.4461799965 -191.2030914771 -2000.0000000000
1271.4461799965 -191.2030914771 -2000.0000000000
1271.4461799965 -191.2030914771 -2000.0000000000
1271.4461799965 -191.2030914771 -2000.0000000000
1271.4461799965 -191.2030914771 -2000.0000000000
1271.4461799965 -191.2030914771 -2000.0000000000
1271.4461799965 -191.2030914771 -2000.0000000000
1271.4461799965 -191.2030914771 -2000.0000000000
1271.4461799965 -191.2030914771 -2000.0000000000
-591.9609735407 1275.4748057214 1351.4333794786
-591.9609735407 1275.4748057214 -2000.0000000000
1627.7644851261 -1684.1688571119 1963.4205964828
-1336.3768752103 1671.5273758306 -772.6264219784
961.1280111164 274.2818212679 -1309.4928043141
961.1280111164 274.2818212679 -2000.0000000000
961.1280111164 274.2818212679 -2000.0000000000
236.3793274016 1923.3265077296 -1669.5879982106
1292.0494258680 731.6969730460 398.1800213150
1292.0494258680 731.6969730460 -2000.0000000000
-491.8341420494 1723.8454215433 -1559.7562961206
-491.8341420494 1723.8454215433 -2000.0000000000
-491.8341420494 1723.8454215433 -2000.0000000000
-491.8341420494 1723.8454215433 -2000.0000000000
-491.8341420494 1723.8454215433 -2000.0000000000
1382.4504452834 -1337.6946710587 -637.2015716036
1382.4504452834 -1337.6946710587 -2000.0000000000
1382.4504452834 -1337.6946710587 -2000.0000000000
1382.4504452834 -1337.6946710587 -2000.0000000000
1382.4504452834 -1337.6946710587 -2000.0000000000
676.8433290188 -528.4202721345 883.5428724581
676.8433290188 -528.4202721345 -2000.0000000000
676.8433290188 -528.4202721345 -2000.0000000000
1919.0787229206 1017.4276054925 118.8724261509
-878.9923194892 -1402.0667683479 1404.2881123131
-878.9923194892 -1402.0667683479 -2000.0000000000
-878.9923194892 -1402.0667683479 -2000.0000000000
-878.9923194892 -1402.0667683479 -2000.0000000000
-1505.4586862897 136.7545397564 -846.7892632646
-1505.4586862897 136.7545397564 -2000.0000000000
-1505.4586862897 136.7545397564 -2000.0000000000
-1505.4586862897 136.7545397564 -2000.0000000000
128.5024587641 -439.7512078826 -1424.6707583176
128.5024587641 -439.7512078826 -2000.0000000000
128.5024587641 -439.7512078826 -2000.0000000000
128.5024587641 -439.7512078826 -2000.0000000000
128.5024587641 -439.7512078826 -2000.0000000000
128.5024587641 -439.7512078826 -2000.0000000000
1577.1938165178 222.9354723138 -986.6154683418
1577.1938165178 222.9354723138 -2000.0000000000
1577.1938165178 222.9354723138 -2000.0000000000
1577.1938165178 222.9354723138 -2000.0000000000
1577.1938165178 222.9354723138 -2000.0000000000
-898.9867466638 -826.8915608392 133.9762232070
-898.9867466638 -826.8915608392 -2000.0000000000
-898.9867466638 -826.8915608392 -2000.0000000000
-898.9867466638 -826.8915608392 -2000.0000000000
-898.9867466638 -826.8915608392 -2000.0000000000
-898.9867466638 -826.8915608392 -2000.0000000000
-898.9867466638 -826.8915608392 -2000.0000000000
-898.9867466638 -826.8915608392 -2000.0000000000
-898.9867466638 -826.8915608392 -2000.0000000000
-898.9867466638 -826.8915608392 -2000.0000000000
-898.9867466638 -826.8915608392 -2000.0000000000
-898.9867466638 -826.8915608392 -2000.0000000000
597.7593375478 -1032.4792086545 134.5913180933
597.7593375478 -1032.4792086545 -2000.0000000000
597.7593375478 -1032.4792086545 -2000.0000000000
597.7593375478 -1032.4792086545 -2000.0000000000
597.7593375478 -1032.4792086545 -2000.0000000000
597.7593375478 -1032.4792086545 -2000.0000000000
-1959.4555330021 -1467.7726565476 -1905.0756503202
-1959.4555330021 -1467.7726565476 -2000.0000000000
-1959.4555330021 -1467.7726565476 -2000.0000000000
-1959.4555330021 -1467.7726565476 -2000.0000000000
756.8824629119 -103.2788487329 -1669.2981875123
1516.9444535561 1082.3855664669 -142.8327934718
1516.9444535561 1082.3855664669 -2000.0000000000
1516.9444535561 1082.3855664669 -2000.0000000000
1516.9444535561 1082.3855664669 -2000.0000000000
1516.9444535561 1082.3855664669 -2000.0000000000
1516.9444535561 1082.3855664669 -2000.0000000000
623.1596139731 696.8036951437 397.6424006458
623.1596139731 696.8036951437 -2000.0000000000
1260.3334617363 1221.7086042292 218.2155619155
211.8776187503 1346.3470032402 3.2135814306
-1741.7980301839 -353.3627788654 -1931.0594860620
-1741.7980301839 -353.3627788654 -2000.0000000000
-1741.7980301839 -353.3627788654 -2000.0000000000
348.4322866489 859.7719209291 -234.0011797715
348.4322866489 859.7719209291 -2000.0000000000
348.4322866489 859.7719209291 -2000.0000000000
348.4322866489 859.7719209291 -2000.0000000000
348.4322866489 859.7719209291 -2000.0000000000
348.4322866489 859.7719209291 -2000.0000000000
348.4322866489 859.7719209291 -2000.0000000000
978.0702076493 -703.5321516165 -1259.0619016165
978.0702076493 -703.5321516165 -2000.0000000000
978.0702076493 -703.5321516165 -2000.0000000000
664.0924519482 -134.4459586786 1065.7774980267
664.0924519482 -134.4459586786 -2000.0000000000
664.0924519482 -134.4459586786 -2000.0000000000
1005.7999649297 1815.0053016984 1678.4199518616
1005.7999649297 1815.0053016984 -2000.0000000000
1005.7999649297 1815.0053016984 -2000.0000000000
1005.7999649297 1815.0053016984 -2000.0000000000
1005.7999649297 1815.0053016984 -2000.0000000000
1005.7999649297 1815.0053016984 -2000.0000000000
1005.7999649297 1815.0053016984 -2000.0000000000
1005.7999649297 1815.0053016984 -2000.0000000000
1005.7999649297 1815.0053016984 -2000.0000000000
1005.7999649297 1815.0053016984 -2000.0000000000
-1602.9978781839 1416.9711404752 -439.4147992309
-1602.9978781839 1416.9711404752 -2000.0000000000
-1602.9978781839 1416.9711404752 -2000.0000000000
-1602.9978781839 1416.9711404752 -2000.0000000000
-1602.9978781839 1416.9711404752 -2000.0000000000
-1602.9978781839 1416.9711404752 -2000.0000000000
-1602.9978781839 1416.9711404752 -2000.0000000000
-1602.9978781839 1416.9711404752 -2000.0000000000
-1602.9978781839 1416.9711404752 -2000.0000000000
-1602.9978781839 1416.9711404752 -2000.0000000000
-1602.9978781839 1416.9711404752 -2000.0000000000
-1994.4325798799 899.6536373466 -1309.7516453603
-1994.4325798799 899.6536373466 -2000.0000000000
-1994.4325798799 899.6536373466 -2000.0000000000
-1994.4325798799 899.6536373466 -2000.0000000000
-1644.0238588546 -279.4986781045 -725.8972916375
1516.7003050423 197.1653026528 683.9830055381
1516.7003050423 197.1653026528 -2000.0000000000
1516.7003050423 197.1653026528 -2000.0000000000
-1764.3998633918 1475.0338723336 764.2384178496
-1161.0586324807 -994.1545391643 46.5822813345
1896.3147000684 -1968.8348292322 1611.3813615623
1896.3147000684 -1968.8348292322 -2000.0000000000
1896.3147000684 -1968.8348292322 -2000.0000000000
1896.3147000684 -1968.8348292322 -2000.0000000000
1896.3147000684 -1968.8348292322 -2000.0000000000
-234.8511434372 -945.9973263050 1761.5602703916
-234.8511434372 -945.9973263050 -2000.0000000000
-234.8511434372 -945.9973263050 -2000.0000000000
-1863.9159278546 -485.3644575752 1841.5286390580
-1863.9159278546 -485.3644575752 -2000.0000000000
897.8556285261 1799.2874541534 -655.9348772148
1162.7215846663 1405.5588297185 7.0567778404
1162.7215846663 1405.5588297185 -2000.0000000000
1162.7215846663 1405.5588297185 -2000.0000000000
1162.7215846663 1405.5588297185 -2000.0000000000
1162.7215846663 1405.5588297185 -2000.0000000000
1162.7215846663 1405.5588297185 -2000.0000000000
-272.1640132558 167.5470698670 -1431.9319659217
-1112.3864335921 -1447.8380340560 511.7271437369
916.4408792781 -444.7635142800 440.2982396771
916.4408792781 -444.7635142800 -2000.0000000000
-310.5821993211 1776.1441768541 -153.1802452811
-310.5821993211 1776.1441768541 -2000.0000000000
-310.5821993211 1776.1441768541 -2000.0000000000
-310.5821993211 1776.1441768541 -2000.0000000000
-310.5821993211 1776.1441768541 -2000.0000000000
1770.5994005859 -145.6113216177 -133.4991069755
1770.5994005859 -145.6113216177 -2000.0000000000
808.2882651903 199.1801937113 106.6681923627
808.2882651903 199.1801937113 -2000.0000000000
808.2882651903 199.1801937113 -2000.0000000000
808.2882651903 199.1801937113 -2000.0000000000
808.2882651903 199.1801937113 -2000.0000000000
808.2882651903 199.1801937113 -2000.0000000000
808.2882651903 199.1801937113 -2000.0000000000
808.2882651903 199.1801937113 -2000.0000000000
-1998.1018781327 1115.1719323813 949.5594884573
-1998.1018781327 1115.1719323813 -2000.0000000000
-1998.1018781327 1115.1719323813 -2000.0000000000
-1089.9105370081 1076.3220546153 387.4078751122
-1089.9105370081 1076.3220546153 -2000.0000000000
-1089.9105370081 1076.3220546153 -2000.0000000000
-1089.9105370081 1076.3220546153 -2000.0000000000
-1089.9105370081 1076.3220546153 -2000.0000000000
-1089.9105370081 1076.3220546153 -2000.0000000000
-1089.9105370081 1076.3220546153 -2000.0000000000
-1089.9105370081 1076.3220546153 -2000.0000000000
-848.6664837652 -1662.6553739349 1135.4626647438
-848.6664837652 -1662.6553739349 -2000.0000000000
413.1974786578 627.8302550664 1563.0978497813
413.1974786578 627.8302550664 -2000.0000000000
462.9533324943 1404.8724613099 -1736.4899154139
462.9533324943 1404.8724613099 -2000.0000000000
462.9533324943 1404.8724613099 -2000.0000000000
1140.8073245718 -440.3895235427 -663.3124202865
1140.8073245718 -440.3895235427 -2000.0000000000
1140.8073245718 -440.3895235427 -2000.0000000000
1140.8073245718 -440.3895235427 -2000.0000000000
1140.8073245718 -440.3895235427 -2000.0000000000
-76.1718314888 -721.1255372709 1013.8501606796
-76.1718314888 -721.1255372709 -2000.0000000000
-76.1718314888 -721.1255372709 -2000.0000000000
1984.9916587717 -1265.7942103572 989.0229109338
-173.0280464700 -1640.4496239074 710.6982555279
-173.0280464700 -1640.4496239074 -2000.0000000000
-173.0280464700 -1640.4496239074 -2000.0000000000
-173.0280464700 -1640.4496239074 -2000.0000000000
-173.0280464700 -1640.4496239074 -2000.0000000000
953.6061383751 -430.5288415929 -1865.7369350272
953.6061383751 -430.5288415929 -2000.0000000000
-752.1691369640 -18.1949642045 -1435.3323541521
1177.6629998690 904.2913310590 -409.7349982754
1463.0759806687 -515.8485283726 -1428.1128200762
1463.0759806687 -515.8485283726 -2000.0000000000
1463.0759806687 -515.8485283726 -2000.0000000000
83.8232239626 -1932.6007784048 1601.4321319726
1888.5356999059 -1048.9121079121 -1824.6213130930
770.3742071716 -72.3749390273 789.8077552586
770.3742071716 -72.3749390273 -2000.0000000000
1490.8444787882 643.6154755659 -1594.7618164977
1490.8444787882 643.6154755659 -2000.0000000000
1490.8444787882 643.6154755659 -2000.0000000000
-1288.1949251656 -144.5964352679 486.3974142561
-1288.1949251656 -144.5964352679 -2000.0000000000
-1288.1949251656 -144.5964352679 -2000.0000000000
-1288.1949251656 -144.5964352679 -2000.0000000000
-1288.1949251656 -144.5964352679 -2000.0000000000
-1288.1949251656 -144.5964352679 -2000.0000000000
772.7347264823 905.2528568737 1406.0855531748
772.7347264823 905.2528568737 -2000.0000000000
772.7347264823 905.2528568737 -2000.0000000000
772.7347264823 905.2528568737 -2000.0000000000
772.7347264823 905.2528568737 -2000.0000000000
-7.4840752416 901.3337839924 1686.8004716020
-573.1791509186 632.8221335076 144.5379702531
-875.8427189456 1976.6946625299 674.7287240577
-1348.5906693703 1321.2813960888 1871.0519467283
-525.7782527101 777.7748526766 1852.6962546578
-525.7782527101 777.7748526766 -2000.0000000000
-525.7782527101 777.7748526766 -2000.0000000000
1674.4128870070 -613.2242751152 290.0386199057
146.4761694673 1429.4524008561 1692.8934417412
146.4761694673 1429.4524008561 -2000.0000000000
146.4761694673 1429.4524008561 -2000.0000000000
-1024.5081340541 1825.0756105668 -680.8430900825
-1024.5081340541 1825.0756105668 -2000.0000000000
-1024.5081340541 1825.0756105668 -2000.0000000000
-1024.5081340541 1825.0756105668 -2000.0000000000
-1024.5081340541 1825.0756105668 -2000.0000000000
-1024.5081340541 1825.0756105668 -2000.0000000000
-1024.5081340541 1825.0756105668 -2000.0000000000
-263.1971257710 -1447.9760467636 -779.6011158792
-263.1971257710 -1447.9760467636 -2000.0000000000
-263.1971257710 -1447.9760467636 -2000.0000000000
-263.1971257710 -1447.9760467636 -2000.0000000000
-263.1971257710 -1447.9760467636 -2000.0000000000
-509.6528800886 1607.7880504572 932.3701796143
-509.6528800886 1607.7880504572 -2000.0000000000
-509.6528800886 1607.7880504572 -2000.0000000000
-509.6528800886 1607.7880504572 -2000.0000000000
-361.9450056802 1905.5035778402 1185.9036119572
-674.6735085774 -1078.7778000216 738.1046992731
-674.6735085774 -1078.7778000216 -2000.0000000000
-674.6735085774 -1078.7778000216 -2000.0000000000
-1275.6815432583 1371.4007783052 1688.6923958999
-241.6354524002 760.9883165156 1984.9279778385
-1490.2521743328 142.4021016610 -478.0013061641
-1490.2521743328 142.4021016610 -2000.0000000000
874.9419195673 -1047.3603478935 694.4814014207
874.9419195673 -1047.3603478935 -2000.0000000000
1566.4673791952 -910.0507101620 845.9890790608
1524.8946052222 102.7057293184 1933.9789066477
105.6893860402 -478.0329862850 -431.3430623827
105.6893860402 -478.0329862850 -2000.0000000000
105.6893860402 -478.0329862850 -2000.0000000000
902.7396214213 -1640.6508172655 634.9581700798
902.7396214213 -1640.6508172655 -2000.0000000000
902.7396214213 -1640.6508172655 -2000.0000000000
-1953.9041317486 -1474.6772788601 -79.7416590597
-1953.9041317486 -1474.6772788601 -2000.0000000000
767.0539025929 -162.6682252480 -34.0099501897
1416.0385963072 761.6062300739 932.0541294304
1416.0385963072 761.6062300739 -2000.0000000000
1416.0385963072 761.6062300739 -2000.0000000000
1416.0385963072 761.6062300739 -2000.0000000000
1416.0385963072 761.6062300739 -2000.0000000000
1416.0385963072 761.6062300739 -2000.0000000000
1416.0385963072 761.6062300739 -2000.0000000000
-1163.7982036705 875.1013655992 -356.4917567094
-1163.7982036705 875.1013655992 -2000.0000000000
-1163.7982036705 875.1013655992 -2000.0000000000
161.8156895290 -1929.7972350074 -1396.0985790649
161.8156895290 -1929.7972350074 -2000.0000000000
88.4153086889 -1824.4659945957 -26.3736218509
88.4153086889 -1824.4659945957 -2000.0000000000
-1440.5748627831 1887.9592289672 -1755.4207041717
1810.5784918437 1758.6515812829 1853.5230441796
1810.5784918437 1758.6515812829 -2000.0000000000
1399.7349671612 1902.1857549754 593.8983417014
944.4918487417 474.0396421516 1225.6777727102
944.4918487417 474.0396421516 -2000.0000000000
944.4918487417 474.0396421516 -2000.0000000000
944.4918487417 474.0396421516 -2000.0000000000
543.7989985963 479.9438806398 -1040.9569018513
543.7989985963 479.9438806398 -2000.0000000000
543.7989985963 479.9438806398 -2000.0000000000
1505.3878385196 1537.6251598984 1997.6420491134
700.1990662300 -1181.2760294300 1100.1695620157
1571.1710353154 -525.5305458170 -407.8707918508
399.4384816830 -297.9460941303 -1080.5335296083
399.4384816830 -297.9460941303 -2000.0000000000
-1688.1090399504 -1097.9397189721 -1105.8450771759
-1688.1090399504 -1097.9397189721 -2000.0000000000
-287.6099750243 914.8178907019 -1610.6796992724
1066.9507342045 1160.5716320700 -438.4101636690
1066.9507342045 1160.5716320700 -2000.0000000000
1066.9507342045 1160.5716320700 -2000.0000000000
1066.9507342045 1160.5716320700 -2000.0000000000
1148.8578089373 -1007.8860809978 1318.5211195167
707.9789768225 287.9173015386 1480.6509568959
707.9789768225 287.9173015386 -2000.0000000000
707.9789768225 287.9173015386 -2000.0000000000
-106.0495447214 1745.4062239344 620.2419431841
157.1654856815 -784.8903906372 1240.1645005940
157.1654856815 -784.8903906372 -2000.0000000000
-429.4394179896 1488.6567204147 230.8219096759
390.5394094197 -560.6975093920 -70.9770169880
1039.4359028392 1640.3891963986 846.6633993428
1039.4359028392 1640.3891963986 -2000.0000000000
1039.4359028392 1640.3891963986 -2000.0000000000
1039.4359028392 1640.3891963986 -2000.0000000000
1039.4359028392 1640.3891963986 -2000.0000000000
1072.3838731694 -722.9725978871 1894.5552075360
1668.5915925083 -443.0591069542 -345.1006450369
1668.5915925083 -443.0591069542 -2000.0000000000
1668.5915925083 -443.0591069542 -2000.0000000000
1668.5915925083 -443.0591069542 -2000.0000000000
1232.7575363954 1451.9381056662 -31.3927687647
1232.7575363954 1451.9381056662 -2000.0000000000
-112.3678029597 -1991.7480965196 -1462.9394581903
-112.3678029597 -1991.7480965196 -2000.0000000000
-112.3678029597 -1991.7480965196 -2000.0000000000
966.3618648884 -1029.0003000299 269.1737903780
966.3618648884 -1029.0003000299 -2000.0000000000
-127.8665851696 -182.4516426400 1940.6901986478
-127.8665851696 -182.4516426400 -2000.0000000000
-127.8665851696 -182.4516426400 -2000.0000000000
-127.8665851696 -182.4516426400 -2000.0000000000
-127.8665851696 -182.4516426400 -2000.0000000000
-513.1891793671 -1787.0248411327 1069.5048987660
-513.1891793671 -1787.0248411327 -2000.0000000000
-513.1891793671 -1787.0248411327 -2000.0000000000
1738.7469594615 1305.5622517096 -710.1011738067
1738.7469594615 1305.5622517096 -2000.0000000000
1738.7469594615 1305.5622517096 -2000.0000000000
1738.7469594615 1305.5622517096 -2000.0000000000
1738.7469594615 1305.5622517096 -2000.0000000000
538.6960651892 -915.4743930259 -378.8900986291
538.6960651892 -915.4743930259 -2000.0000000000
538.6960651892 -915.4743930259 -2000.0000000000
538.6960651892 -915.4743930259 -2000.0000000000
538.6960651892 -915.4743930259 -2000.0000000000
538.6960651892 -915.4743930259 -2000.0000000000
753.7951394517 -63.3049566212 -1068.7477056024
753.7951394517 -63.3049566212 -2000.0000000000
753.7951394517 -63.3049566212 -2000.0000000000
-247.0115477616 260.1205780511 347.9211566893
-247.0115477616 260.1205780511 -2000.0000000000
-247.0115477616 260.1205780511 -2000.0000000000
-247.0115477616 260.1205780511 -2000.0000000000
947.8208976137 1324.8317958911 -285.4777246318
947.8208976137 1324.8317958911 -2000.0000000000
947.8208976137 1324.8317958911 -2000.0000000000
947.8208976137 1324.8317958911 -2000.0000000000
947.8208976137 1324.8317958911 -2000.0000000000
947.8208976137 1324.8317958911 -2000.0000000000
947.8208976137 1324.8317958911 -2000.0000000000
947.8208976137 1324.8317958911 -2000.0000000000
947.8208976137 1324.8317958911 -2000.0000000000
947.8208976137 1324.8317958911 -2000.0000000000
947.8208976137 1324.8317958911 -2000.0000000000
947.8208976137 1324.8317958911 -2000.0000000000
947.8208976137 1324.8317958911 -2000.0000000000
-1409.9328419456 818.7279013519 1547.7139100512
-1409.9328419456 818.7279013519 -2000.0000000000
-1409.9328419456 818.7279013519 -2000.0000000000
-1409.9328419456 818.7279013519 -2000.0000000000
84.1144397821 -913.6294428492 1321.9224106708
84.1144397821 -913.6294428492 -2000.0000000000
84.1144397821 -913.6294428492 -2000.0000000000
84.1144397821 -913.6294428492 -2000.0000000000
84.1144397821 -913.6294428492 -2000.0000000000
84.1144397821 -913.6294428492 -2000.0000000000
84.1144397821 -913.6294428492 -2000.0000000000
84.1144397821 -913.6294428492 -2000.0000000000
84.1144397821 -913.6294428492 -2000.0000000000
84.1144397821 -913.6294428492 -2000.0000000000
84.1144397821 -913.6294428492 -2000.0000000000
-825.6272222222 1165.9165266670 -768.7522806714
507.2145163296 1592.7368178308 -793.3902844429
505.9515900623 -8.6620178321 1023.3256879443
505.9515900623 -8.6620178321 -2000.0000000000
1431.8628071116 1001.0504093707 -925.3610409863
1431.8628071116 1001.0504093707 -2000.0000000000
1431.8628071116 1001.0504093707 -2000.0000000000
-1949.4904787986 -1609.6021934860 1427.6730738004
-1949.4904787986 -1609.6021934860 -2000.0000000000
-1949.4904787986 -1609.6021934860 -2000.0000000000
-1949.4904787986 -1609.6021934860 -2000.0000000000
-1040.9774126066 -599.8489239584 1312.0919614174
-1040.9774126066 -599.8489239584 -2000.0000000000
-1040.9774126066 -599.8489239584 -2000.0000000000
786.1668920274 1471.4298396192 173.9893338134
786.1668920274 1471.4298396192 -2000.0000000000
786.1668920274 1471.4298396192 -2000.0000000000
786.1668920274 1471.4298396192 -2000.0000000000
786.1668920274 1471.4298396192 -2000.0000000000
786.1668920274 1471.4298396192 -2000.0000000000
-1151.6488093500 266.8493061589 -951.2808253634
-1151.6488093500 266.8493061589 -2000.0000000000
349.9387580911 1351.6741711626 1699.9909700006
349.9387580911 1351.6741711626 -2000.0000000000
349.9387580911 1351.6741711626 -2000.0000000000
1832.1827570683 -1053.2481127705 -938.8936271283
1832.1827570683 -1053.2481127705 -2000.0000000000
1832.1827570683 -1053.2481127705 -2000.0000000000
1832.1827570683 -1053.2481127705 -2000.0000000000
1832.1827570683 -1053.2481127705 -2000.0000000000
1832.1827570683 -1053.2481127705 -2000.0000000000
1832.1827570683 -1053.2481127705 -2000.0000000000
1832.1827570683 -1053.2481127705 -2000.0000000000
991.7015299911 1042.0947186031 -692.1926788577
1372.1189063603 654.4452902791 -549.7610021276
1372.1189063603 654.4452902791 -2000.0000000000
1372.1189063603 654.4452902791 -2000.0000000000
1372.1189063603 654.4452902791 -2000.0000000000
1987.8910547281 -1147.9441994144 3.9218990525
1857.3658217425 -1933.1629663387 -1665.7526241473
1857.3658217425 -1933.1629663387 -2000.0000000000
1857.3658217425 -1933.1629663387 -2000.0000000000
1857.3658217425 -1933.1629663387 -2000.0000000000
1857.3658217425 -1933.1629663387 -2000.0000000000
1857.3658217425 -1933.1629663387 -2000.0000000000
1585.2498064499 1642.6029582528 -1169.5272570651
1585.2498064499 1642.6029582528 -2000.0000000000
1585.2498064499 1642.6029582528 -2000.0000000000
1585.2498064499 1642.6029582528 -2000.0000000000
1585.2498064499 1642.6029582528 -2000.0000000000
1585.2498064499 1642.6029582528 -2000.0000000000
1585.2498064499 1642.6029582528 -2000.0000000000
1544.1802212942 1522.2899734305 -1467.3163301207
1544.1802212942 1522.2899734305 -2000.0000000000
1544.1802212942 1522.2899734305 -2000.0000000000
1544.1802212942 1522.2899734305 -2000.0000000000
1544.1802212942 1522.2899734305 -2000.0000000000
1544.1802212942 1522.2899734305 -2000.0000000000
1675.9353289899 1058.6073922835 118.7102559439
1675.9353289899 1058.6073922835 -2000.0000000000
1675.9353289899 1058.6073922835 -2000.0000000000
1671.4193990321 -1071.7641527042 -1955.7457006022
-715.9399520869 -1344.3770541978 1286.8887519723
1633.2727392129 1290.2050417830 -1990.4365362210
1633.2727392129 1290.2050417830 -2000.0000000000
-547.5755270573 -161.4457580930 1068.8233454135
-547.5755270573 -161.4457580930 -2000.0000000000
-547.5755270573 -161.4457580930 -2000.0000000000
-821.3856509555 -685.6300386581 -1107.1731441487
-821.3856509555 -685.6300386581 -2000.0000000000
-821.3856509555 -685.6300386581 -2000.0000000000
-821.3856509555 -685.6300386581 -2000.0000000000
-821.3856509555 -685.6300386581 -2000.0000000000
-821.3856509555 -685.6300386581 -2000.0000000000
835.1066353238 -1389.2096919875 801.7537033586
-1944.9811807262 -580.3643349391 774.7241207952
-1944.9811807262 -580.3643349391 -2000.0000000000
-1944.9811807262 -580.3643349391 -2000.0000000000
-1944.9811807262 -580.3643349391 -2000.0000000000
-1838.4765284187 1659.4250112356 704.4877743041
-1838.4765284187 1659.4250112356 -2000.0000000000
-1838.4765284187 1659.4250112356 -2000.0000000000
-1838.4765284187 1659.4250112356 -2000.0000000000
-1838.4765284187 1659.4250112356 -2000.0000000000
-1838.4765284187 1659.4250112356 -2000.0000000000
-1838.4765284187 1659.4250112356 -2000.0000000000
-1838.4765284187 1659.4250112356 -2000.0000000000
-1273.4777542748 -1805.7997985021 1675.7885458042
-1273.4777542748 -1805.7997985021 -2000.0000000000
-1273.4777542748 -1805.7997985021 -2000.0000000000
-1273.4777542748 -1805.7997985021 -2000.0000000000
-1273.4777542748 -1805.7997985021 -2000.0000000000
-1273.4777542748 -1805.7997985021 -2000.0000000000
-1273.4777542748 -1805.7997985021 -2000.0000000000
-315.7274883180 885.1565898683 1445.8992940863
-941.1000603576 372.1427470150 1392.3910028655
-941.1000603576 372.1427470150 -2000.0000000000
-941.1000603576 372.1427470150 -2000.0000000000
-333.2048535264 552.8421057417 -1408.1907861553
-333.2048535264 552.8421057417 -2000.0000000000
-333.2048535264 552.8421057417 -2000.0000000000
-333.2048535264 552.8421057417 -2000.0000000000
-333.2048535264 552.8421057417 -2000.0000000000
-333.2048535264 552.8421057417 -2000.0000000000
-333.2048535264 552.8421057417 -2000.0000000000
-333.2048535264 552.8421057417 -2000.0000000000
-333.2048535264 552.8421057417 -2000.0000000000
-333.2048535264 552.8421057417 -2000.0000000000
-333.2048535264 552.8421057417 -2000.0000000000
-333.2048535264 552.8421057417 -2000.0000000000
-333.2048535264 552.8421057417 -2000.0000000000
831.4277180690 -654.6111530262 1715.9132539692
831.4277180690 -654.6111530262 -2000.0000000000
831.4277180690 -654.6111530262 -2000.0000000000
692.5580493383 -973.0224639353 -1671.3536335944
692.5580493383 -973.0224639353 -2000.0000000000
692.5580493383 -973.0224639353 -2000.0000000000
-918.6635717229 -1754.4951995247 1422.7820224903
-918.6635717229 -1754.4951995247 -2000.0000000000
-918.6635717229 -1754.4951995247 -2000.0000000000
-918.6635717229 -1754.4951995247 -2000.0000000000
-918.6635717229 -1754.4951995247 -2000.0000000000
-918.6635717229 -1754.4951995247 -2000.0000000000
-918.6635717229 -1754.4951995247 -2000.0000000000
-918.6635717229 -1754.4951995247 -2000.0000000000
-918.6635717229 -1754.4951995247 -2000.0000000000
917.7091548699 1332.9697411610 683.4608141440
917.7091548699 1332.9697411610 -2000.0000000000
917.7091548699 1332.9697411610 -2000.0000000000
917.7091548699 1332.9697411610 -2000.0000000000
917.7091548699 1332.9697411610 -2000.0000000000
917.7091548699 1332.9697411610 -2000.0000000000
917.7091548699 1332.9697411610 -2000.0000000000
1407.0594499498 -1875.1732257168 -806.7542401580
1359.2863169152 -846.3334589271 -229.3817633732
1359.2863169152 -846.3334589271 -2000.0000000000
1359.2863169152 -846.3334589271 -2000.0000000000
1285.6579532646 1382.2935271410 1718.7859946591
1285.6579532646 1382.2935271410 -2000.0000000000
1285.6579532646 1382.2935271410 -2000.0000000000
1285.6579532646 1382.2935271410 -2000.0000000000
-1136.5394034422 1609.9794721935 1270.8604123050
-1136.5394034422 1609.9794721935 -2000.0000000000
-1136.5394034422 1609.9794721935 -2000.0000000000
1909.5226538680 -813.5279717489 -129.8584008856
-1098.5661451544 -424.7577357472 -988.6237475496
-1097.9486296040 9.2450933487 828.7424322308
1212.8495559244 1450.9611886466 1918.0856570225
1212.8495559244 1450.9611886466 -2000.0000000000
1212.8495559244 1450.9611886466 -2000.0000000000
-721.0782668750 -198.0546971208 -528.4822379092
-721.0782668750 -198.0546971208 -2000.0000000000
-721.0782668750 -198.0546971208 -2000.0000000000
-721.0782668750 -198.0546971208 -2000.0000000000
-721.0782668750 -198.0546971208 -2000.0000000000
-721.0782668750 -198.0546971208 -2000.0000000000
-1256.5819113351 -1730.8314302141 195.7784449265
-1256.5819113351 -1730.8314302141 -2000.0000000000
-1256.5819113351 -1730.8314302141 -2000.0000000000
-1256.5819113351 -1730.8314302141 -2000.0000000000
-1256.5819113351 -1730.8314302141 -2000.0000000000
-1786.9486037517 1997.0886426540 -999.5124754259
-1786.9486037517 1997.0886426540 -2000.0000000000
-1786.9486037517 1997.0886426540 -2000.0000000000
-1786.9486037517 1997.0886426540 -2000.0000000000
-1786.9486037517 1997.0886426540 -2000.0000000000
413.2188802571 1544.9032626928 -105.8110777974
-837.8837184840 -746.4267572032 -1696.5592124837
-837.8837184840 -746.4267572032 -2000.0000000000
1735.7491891968 -1780.2529108703 -1893.2493076119
1735.7491891968 -1780.2529108703 -2000.0000000000
1735.7491891968 -1780.2529108703 -2000.0000000000
1735.7491891968 -1780.2529108703 -2000.0000000000
1735.7491891968 -1780.2529108703 -2000.0000000000
1735.7491891968 -1780.2529108703 -2000.0000000000
1735.7491891968 -1780.2529108703 -2000.0000000000
1735.7491891968 -1780.2529108703 -2000.0000000000
1735.7491891968 -1780.2529108703 -2000.0000000000
1735.7491891968 -1780.2529108703 -2000.0000000000
1735.7491891968 -1780.2529108703 -2000.0000000000
1735.7491891968 -1780.2529108703 -2000.0000000000
1735.7491891968 -1780.2529108703 -2000.0000000000
1735.7491891968 -1780.2529108703 -2000.0000000000
1735.7491891968 -1780.2529108703 -2000.0000000000
-685.1493403782 -151.4757393568 -1662.6741587000
-685.1493403782 -151.4757393568 -2000.0000000000
-685.1493403782 -151.4757393568 -2000.0000000000
-685.1493403782 -151.4757393568 -2000.0000000000
-373.5393506140 -778.1793668577 279.1782168411
-373.5393506140 -778.1793668577 -2000.0000000000
1898.2689097938 1340.9510846472 780.8643765810
1898.2689097938 1340.9510846472 -2000.0000000000
1898.2689097938 1340.9510846472 -2000.0000000000
808.4395850501 -1129.6699188132 -769.2881816382
808.4395850501 -1129.6699188132 -2000.0000000000
649.4842396622 211.2042661345 -940.5647795010
649.4842396622 211.2042661345 -2000.0000000000
649.4842396622 211.2042661345 -2000.0000000000
1129.0746471033 55.1918301961 -12.9905685569
1129.0746471033 55.1918301961 -2000.0000000000
1129.0746471033 55.1918301961 -2000.0000000000
1129.0746471033 55.1918301961 -2000.0000000000
976.5498988683 -195.3543054786 258.6283041660
976.5498988683 -195.3543054786 -2000.0000000000
976.5498988683 -195.3543054786 -2000.0000000000
976.5498988683 -195.3543054786 -2000.0000000000
976.5498988683 -195.3543054786 -2000.0000000000
976.5498988683 -195.3543054786 -2000.0000000000
976.5498988683 -195.3543054786 -2000.0000000000
-1848.1878002766 -430.3880817286 501.4776720501
-1848.1878002766 -430.3880817286 -2000.0000000000
-1848.1878002766 -430.3880817286 -2000.0000000000
-407.5357315803 -931.4160700176 -932.2311138070
-407.5357315803 -931.4160700176 -2000.0000000000
-407.5357315803 -931.4160700176 -2000.0000000000
-407.5357315803 -931.4160700176 -2000.0000000000
-407.5357315803 -931.4160700176 -2000.0000000000
-407.5357315803 -931.4160700176 -2000.0000000000
-407.5357315803 -931.4160700176 -2000.0000000000
496.3475552028 428.5331364467 1665.9099777072
1246.0046917578 1776.4436557758 -343.8570786942
-1013.4432180006 -1108.0673712891 -518.3110128228
-1013.4432180006 -1108.0673712891 -2000.0000000000
351.7206797219 -179.9874698739 152.4162660052
351.7206797219 -179.9874698739 -2000.0000000000
351.7206797219 -179.9874698739 -2000.0000000000
351.7206797219 -179.9874698739 -2000.0000000000
351.7206797219 -179.9874698739 -2000.0000000000
351.7206797219 -179.9874698739 -2000.0000000000
351.7206797219 -179.9874698739 -2000.0000000000
351.7206797219 -179.9874698739 -2000.0000000000
425.0539049982 671.3138757284 -840.1343081361
-152.9653380981 1602.2499406739 -779.7533593544
-1657.5078351132 173.5698733402 1198.7137805435
-1657.5078351132 173.5698733402 -2000.0000000000
1654.8335809522 -1008.5075814286 1015.8279617706
1654.8335809522 -1008.5075814286 -2000.0000000000
1654.8335809522 -1008.5075814286 -2000.0000000000
1654.8335809522 -1008.5075814286 -2000.0000000000
1654.8335809522 -1008.5075814286 -2000.0000000000
1654.8335809522 -1008.5075814286 -2000.0000000000
1654.8335809522 -1008.5075814286 -2000.0000000000
1654.8335809522 -1008.5075814286 -2000.0000000000
-1174.1963821703 1292.4051645447 -1211.4047667484
-1174.1963821703 1292.4051645447 -2000.0000000000
452.2888303581 -1258.0938234456 1061.4295272862
452.2888303581 -1258.0938234456 -2000.0000000000
452.2888303581 -1258.0938234456 -2000.0000000000
452.2888303581 -1258.0938234456 -2000.0000000000
452.2888303581 -1258.0938234456 -2000.0000000000
452.2888303581 -1258.0938234456 -2000.0000000000
1624.4298855685 -1202.0522084782 1298.2650775158
-1309.7596338641 1961.0937834423 -1016.9683929775
-1309.7596338641 1961.0937834423 -2000.0000000000
-806.0162315885 -740.5859905934 -708.3025625561
-806.0162315885 -740.5859905934 -2000.0000000000
-806.0162315885 -740.5859905934 -2000.0000000000
-806.0162315885 -740.5859905934 -2000.0000000000
-550.9753216140 -216.3534107240 917.5316774292
-550.9753216140 -216.3534107240 -2000.0000000000
-550.9753216140 -216.3534107240 -2000.0000000000
-550.9753216140 -216.3534107240 -2000.0000000000
1011.0821875175 723.1957023148 1230.8127639751
1011.0821875175 723.1957023148 -2000.0000000000
1011.0821875175 723.1957023148 -2000.0000000000
1011.0821875175 723.1957023148 -2000.0000000000
1011.0821875175 723.1957023148 -2000.0000000000
1011.0821875175 723.1957023148 -2000.0000000000
1011.0821875175 723.1957023148 -2000.0000000000
1011.0821875175 723.1957023148 -2000.0000000000
1011.0821875175 723.1957023148 -2000.0000000000
1437.4337122757 -1208.1440910358 485.7385749109
1437.4337122757 -1208.1440910358 -2000.0000000000
1437.4337122757 -1208.1440910358 -2000.0000000000
1437.4337122757 -1208.1440910358 -2000.0000000000
-1527.5608846640 1465.1185445980 -1318.9681835202
-1527.5608846640 1465.1185445980 -2000.0000000000
-1527.5608846640 1465.1185445980 -2000.0000000000
945.0957188699 -928.6731344843 -915.9483260809
945.0957188699 -928.6731344843 -2000.0000000000
945.0957188699 -928.6731344843 -2000.0000000000
945.0957188699 -928.6731344843 -2000.0000000000
945.0957188699 -928.6731344843 -2000.0000000000
945.0957188699 -928.6731344843 -2000.0000000000
940.6919800491 1724.5374467378 -18.4228129365
940.6919800491 1724.5374467378 -2000.0000000000
-649.0425370165 -910.1625237827 -390.4612349016
-1277.7141732930 1636.1351348150 -1929.2161318573
-180.4258631768 -1186.8420882035 -1157.6912114152
-180.4258631768 -1186.8420882035 -2000.0000000000
-432.8120903973 -1669.4703116076 1870.5242129486
1267.7872381319 223.3274836040 112.0053125174
1267.7872381319 223.3274836040 -2000.0000000000
1267.7872381319 223.3274836040 -2000.0000000000
1267.7872381319 223.3274836040 -2000.0000000000
1267.7872381319 223.3274836040 -2000.0000000000
1267.7872381319 223.3274836040 -2000.0000000000
1267.7872381319 223.3274836040 -2000.0000000000
-1730.4966743842 38.1570426673 -1844.5199782958
-954.1462535156 1759.4139206471 1198.2434469700
-954.1462535156 1759.4139206471 -2000.0000000000
-954.1462535156 1759.4139206471 -2000.0000000000
-954.1462535156 1759.4139206471 -2000.0000000000
-1381.1854866552 -484.1024778624 1113.9384547255
-1381.1854866552 -484.1024778624 -2000.0000000000
548.4899776742 1624.1639352909 895.4541126603
548.4899776742 1624.1639352909 -2000.0000000000
346.6754191063 251.4837695699 -1554.4139746792
346.6754191063 251.4837695699 -2000.0000000000
346.6754191063 251.4837695699 -2000.0000000000
346.6754191063 251.4837695699 -2000.0000000000
346.6754191063 251.4837695699 -2000.0000000000
346.6754191063 251.4837695699 -2000.0000000000
346.6754191063 251.4837695699 -2000.0000000000
346.6754191063 251.4837695699 -2000.0000000000
346.6754191063 251.4837695699 -2000.0000000000
1094.2947489215 -51.1524818924 1431.5610673995
1094.2947489215 -51.1524818924 -2000.0000000000
1094.2947489215 -51.1524818924 -2000.0000000000
1094.2947489215 -51.1524818924 -2000.0000000000
1094.2947489215 -51.1524818924 -2000.0000000000
826.9837253244 449.2510370406 850.8338652655
826.9837253244 449.2510370406 -2000.0000000000
826.9837253244 449.2510370406 -2000.0000000000
826.9837253244 449.2510370406 -2000.0000000000
826.9837253244 449.2510370406 -2000.0000000000
219.9419627214 -1251.2131731934 -401.6819699731
219.9419627214 -1251.2131731934 -2000.0000000000
219.9419627214 -1251.2131731934 -2000.0000000000
219.9419627214 -1251.2131731934 -2000.0000000000
219.9419627214 -1251.2131731934 -2000.0000000000
219.9419627214 -1251.2131731934 -2000.0000000000
219.9419627214 -1251.2131731934 -2000.0000000000
219.9419627214 -1251.2131731934 -2000.0000000000
219.9419627214 -1251.2131731934 -2000.0000000000
-1460.3504396751 606.3144714013 878.5890503750
-1747.8739465920 -703.4574461255 -1083.6089110220
-304.8021875667 -1002.5938365233 -385.2230305975
-304.8021875667 -1002.5938365233 -2000.0000000000
-304.8021875667 -1002.5938365233 -2000.0000000000
810.7189207790 976.5429699621 601.3232663528
-1310.3554970381 -1208.5226507347 -1637.4319910209
-1310.3554970381 -1208.5226507347 -2000.0000000000
-1310.3554970381 -1208.5226507347 -2000.0000000000
-1805.2022716251 1871.5577410723 -1932.8212690578
-1805.2022716251 1871.5577410723 -2000.0000000000
-1805.2022716251 1871.5577410723 -2000.0000000000
-1835.4576832582 960.6493943891 -565.6946955421
-1931.6770159172 6.1960417965 928.6753913845
-1931.6770159172 6.1960417965 -2000.0000000000
-1931.6770159172 6.1960417965 -2000.0000000000
-1931.6770159172 6.1960417965 -2000.0000000000
-1879.5958890796 -1525.9451665280 1215.6293537264
-1879.5958890796 -1525.9451665280 -2000.0000000000
-1879.5958890796 -1525.9451665280 -2000.0000000000
-1879.5958890796 -1525.9451665280 -2000.0000000000
-1879.5958890796 -1525.9451665280 -2000.0000000000
1904.3366515631 348.9119863918 -751.5699542636
1280.5182664061 -1852.2940636483 -317.4071424934
762.9969750164 1608.8278682993 -133.5780952020
762.9969750164 1608.8278682993 -2000.0000000000
-1343.4422913685 -102.3925509784 252.5846130890
631.9979797613 -1282.8319054008 1597.8758519063
315.0325603281 759.4784241389 -1848.2761210716
315.0325603281 759.4784241389 -2000.0000000000
315.0325603281 759.4784241389 -2000.0000000000
315.0325603281 759.4784241389 -2000.0000000000
315.0325603281 759.4784241389 -2000.0000000000
315.0325603281 759.4784241389 -2000.0000000000
315.0325603281 759.4784241389 -2000.0000000000
315.0325603281 759.4784241389 -2000.0000000000
315.0325603281 759.4784241389 -2000.0000000000
315.0325603281 759.4784241389 -2000.0000000000
-516.9759166881 1985.8147431988 171.7654414194
-1268.3266708333 -152.3264213117 -439.7693083671
-1268.3266708333 -152.3264213117 -2000.0000000000
-1268.3266708333 -152.3264213117 -2000.0000000000
-1268.3266708333 -152.3264213117 -2000.0000000000
-1268.3266708333 -152.3264213117 -2000.0000000000
-1268.3266708333 -152.3264213117 -2000.0000000000
-1268.3266708333 -152.3264213117 -2000.0000000000
-821.6528176804 834.3074023889 -308.9702050109
-821.6528176804 834.3074023889 -2000.0000000000
-1543.4960450068 -851.9192782969 1785.6498285395
-1543.4960450068 -851.9192782969 -2000.0000000000
-1689.2179151813 1342.2168264842 -504.9641593694
196.3915456738 -414.1035420794 -1066.0702411414
-467.8383581683 1976.0435568967 1618.3230659159
-929.8827631482 1518.4678425759 -18.9576539048
-929.8827631482 1518.4678425759 -2000.0000000000
-929.8827631482 1518.4678425759 -2000.0000000000
-929.8827631482 1518.4678425759 -2000.0000000000
-151.6291432296 -881.1959713211 586.8528795913
-151.6291432296 -881.1959713211 -2000.0000000000
-151.6291432296 -881.1959713211 -2000.0000000000
-151.6291432296 -881.1959713211 -2000.0000000000
-151.6291432296 -881.1959713211 -2000.0000000000
-151.6291432296 -881.1959713211 -2000.0000000000
-246.0682781138 -1625.5480205886 -1698.2663097754
-246.0682781138 -1625.5480205886 -2000.0000000000
-246.0682781138 -1625.5480205886 -2000.0000000000
-246.0682781138 -1625.5480205886 -2000.0000000000
1019.5686112315 -954.0946193654 -296.3285918377
1019.5686112315 -954.0946193654 -2000.0000000000
1019.5686112315 -954.0946193654 -2000.0000000000
1019.5686112315 -954.0946193654 -2000.0000000000
1019.5686112315 -954.0946193654 -2000.0000000000
1019.5686112315 -954.0946193654 -2000.0000000000
1580.7065976213 622.5141904178 -1046.2784057414
1580.7065976213 622.5141904178 -2000.0000000000
1580.7065976213 622.5141904178 -2000.0000000000
1580.7065976213 622.5141904178 -2000.0000000000
1854.1903634663 -260.2476257592 965.6157367231
1249.5367761140 -1135.7443723519 -1592.2226915007
15.6935010412 -171.3097983385 -1704.9290448424
15.6935010412 -171.3097983385 -2000.0000000000
-883.6317616368 1874.0005800771 -1055.9662987573
902.9239842825 1772.0143229893 -394.3542675072
902.9239842825 1772.0143229893 -2000.0000000000
902.9239842825 1772.0143229893 -2000.0000000000
902.9239842825 1772.0143229893 -2000.0000000000
902.9239842825 1772.0143229893 -2000.0000000000
984.2357296709 -337.6740561045 1100.5836857857
984.2357296709 -337.6740561045 -2000.0000000000
984.2357296709 -337.6740561045 -2000.0000000000
984.2357296709 -337.6740561045 -2000.0000000000
482.3208191244 -331.9231624631 884.5420423196
-1350.8082391739 156.3401427831 -942.7907414051
-1350.8082391739 156.3401427831 -2000.0000000000
-1350.8082391739 156.3401427831 -2000.0000000000
-548.9504124426 -490.2327512846 -449.5341735762
-754.0144375664 971.7967752858 -1938.5374045225
-754.0144375664 971.7967752858 -2000.0000000000
-754.0144375664 971.7967752858 -2000.0000000000
1524.6129746901 164.3905446782 800.5691725716
1985.5327243167 -1091.3874872356 -454.2880058736
1985.5327243167 -1091.3874872356 -2000.0000000000
548.5564579293 -1575.9258460380 -1270.3299102845
548.5564579293 -1575.9258460380 -2000.0000000000
548.5564579293 -1575.9258460380 -2000.0000000000
-1982.7454530675 1356.1813781470 -939.7761113826
-1982.7454530675 1356.1813781470 -2000.0000000000
-1982.7454530675 1356.1813781470 -2000.0000000000
-1982.7454530675 1356.1813781470 -2000.0000000000
-1982.7454530675 1356.1813781470 -2000.0000000000
-1982.7454530675 1356.1813781470 -2000.0000000000
-1982.7454530675 1356.1813781470 -2000.0000000000
-1982.7454530675 1356.1813781470 -2000.0000000000
-1982.7454530675 1356.1813781470 -2000.0000000000
-1982.7454530675 1356.1813781470 -2000.0000000000
-235.4243702706 -1516.6779175760 1896.2291756213
-83.4575620551 1315.2101484548 1556.7498656122
-83.4575620551 1315.2101484548 -2000.0000000000
573.6381333415 683.7203934339 1850.8273452739
573.6381333415 683.7203934339 -2000.0000000000
573.6381333415 683.7203934339 -2000.0000000000
573.6381333415 683.7203934339 -2000.0000000000
573.6381333415 683.7203934339 -2000.0000000000
573.6381333415 683.7203934339 -2000.0000000000
275.4315472448 1440.1378727036 -1437.4570323179
275.4315472448 1440.1378727036 -2000.0000000000
275.4315472448 1440.1378727036 -2000.0000000000
275.4315472448 1440.1378727036 -2000.0000000000
275.4315472448 1440.1378727036 -2000.0000000000
275.4315472448 1440.1378727036 -2000.0000000000
275.4315472448 1440.1378727036 -2000.0000000000
-1966.7325042536 796.7633521231 951.0783744300
1129.9321544684 1052.1366267569 1126.2975539856
1129.9321544684 1052.1366267569 -2000.0000000000
1129.9321544684 1052.1366267569 -2000.0000000000
1129.9321544684 1052.1366267569 -2000.0000000000
1129.9321544684 1052.1366267569 -2000.0000000000
1129.9321544684 1052.1366267569 -2000.0000000000
161.9953734897 641.1666361496 1928.5056427068
161.9953734897 641.1666361496 -2000.0000000000
161.9953734897 641.1666361496 -2000.0000000000
161.9953734897 641.1666361496 -2000.0000000000
161.9953734897 641.1666361496 -2000.0000000000
843.1464715079 -854.6563789454 184.9632148121
843.1464715079 -854.6563789454 -2000.0000000000
-1743.7322368161 792.6073661174 -454.4011734287
-1743.7322368161 792.6073661174 -2000.0000000000
-1743.7322368161 792.6073661174 -2000.0000000000
665.1360306848 -819.0608837216 408.9553907019
665.1360306848 -819.0608837216 -2000.0000000000
665.1360306848 -819.0608837216 -2000.0000000000
1204.4169190862 -596.6739799311 1903.9902150525
1204.4169190862 -596.6739799311 -2000.0000000000
1204.4169190862 -596.6739799311 -2000.0000000000
1204.4169190862 -596.6739799311 -2000.0000000000
1204.4169190862 -596.6739799311 -2000.0000000000
-328.7189237569 1932.1042319749 -1047.6505063869
-328.7189237569 1932.1042319749 -2000.0000000000
1749.3986954497 -436.2336524789 582.9587177903
1749.3986954497 -436.2336524789 -2000.0000000000
281.3489052894 -820.9090464849 1126.8147680904
281.3489052894 -820.9090464849 -2000.0000000000
281.3489052894 -820.9090464849 -2000.0000000000
281.3489052894 -820.9090464849 -2000.0000000000
281.3489052894 -820.9090464849 -2000.0000000000
281.3489052894 -820.9090464849 -2000.0000000000
281.3489052894 -820.9090464849 -2000.0000000000
281.3489052894 -820.9090464849 -2000.0000000000
330.6420835375 1189.6505298795 1009.0902143365
330.6420835375 1189.6505298795 -2000.0000000000
330.6420835375 1189.6505298795 -2000.0000000000
330.6420835375 1189.6505298795 -2000.0000000000
330.6420835375 1189.6505298795 -2000.0000000000
330.6420835375 1189.6505298795 -2000.0000000000
330.6420835375 1189.6505298795 -2000.0000000000
330.6420835375 1189.6505298795 -2000.0000000000
330.6420835375 1189.6505298795 -2000.0000000000
1515.7021269859 1756.9494759289 1844.4387044193
-1366.8709337601 980.2473656235 -1015.0281023498
-1366.8709337601 980.2473656235 -2000.0000000000
-2.5196088953 819.5589504884 1508.2221973507
-2.5196088953 819.5589504884 -2000.0000000000
-2.5196088953 819.5589504884 -2000.0000000000
-2.5196088953 819.5589504884 -2000.0000000000
-373.6643019855 -764.2742636462 942.4185510585
-373.6643019855 -764.2742636462 -2000.0000000000
-373.6643019855 -764.2742636462 -2000.0000000000
-373.6643019855 -764.2742636462 -2000.0000000000
219.7535785843 -1587.9780329211 -695.0321437548
-1879.2508159059 -1489.6001348406 -63.6317118080
-1879.2508159059 -1489.6001348406 -2000.0000000000
-1879.2508159059 -1489.6001348406 -2000.0000000000
-1879.2508159059 -1489.6001348406 -2000.0000000000
-1879.2508159059 -1489.6001348406 -2000.0000000000
-1879.2508159059 -1489.6001348406 -2000.0000000000
-1879.2508159059 -1489.6001348406 -2000.0000000000
-1879.2508159059 -1489.6001348406 -2000.0000000000
-1879.2508159059 -1489.6001348406 -2000.0000000000
-1879.2508159059 -1489.6001348406 -2000.0000000000
156.7483018222 -1961.1193265025 -329.3399534241
156.7483018222 -1961.1193265025 -2000.0000000000
156.7483018222 -1961.1193265025 -2000.0000000000
156.7483018222 -1961.1193265025 -2000.0000000000
1371.4436554896 -257.3591608420 -1509.9422749612
131.7957375600 163.9192483252 489.5046795512
1975.3421952987 473.2656716270 465.1480730483
1719.9064104606 634.6775165019 318.2390113107
1719.9064104606 634.6775165019 -2000.0000000000
1719.9064104606 634.6775165019 -2000.0000000000
1719.9064104606 634.6775165019 -2000.0000000000
1088.9826902226 -1574.8893067793 1505.8138926954
1088.9826902226 -1574.8893067793 -2000.0000000000
1088.9826902226 -1574.8893067793 -2000.0000000000
1088.9826902226 -1574.8893067793 -2000.0000000000
1088.9826902226 -1574.8893067793 -2000.0000000000
-251.2629161603 359.4482209650 -1148.5933148012
-251.2629161603 359.4482209650 -2000.0000000000
-251.2629161603 359.4482209650 -2000.0000000000
-251.2629161603 359.4482209650 -2000.0000000000
-251.2629161603 359.4482209650 -2000.0000000000
-251.2629161603 359.4482209650 -2000.0000000000
-251.2629161603 359.4482209650 -2000.0000000000
-251.2629161603 359.4482209650 -2000.0000000000
-251.2629161603 359.4482209650 -2000.0000000000
-251.2629161603 359.4482209650 -2000.0000000000
-734.2124694021 -1527.8817863946 669.9050874913
-104.1784783636 702.1179507109 -1498.0403283779
-104.1784783636 702.1179507109 -2000.0000000000
-206.1497817380 -84.9321074788 -681.5389081326
-206.1497817380 -84.9321074788 -2000.0000000000
1769.0766971956 658.6162822085 1792.1726746808
17.8008775841 -365.3944059046 -132.8254934525
17.8008775841 -365.3944059046 -2000.0000000000
17.8008775841 -365.3944059046 -2000.0000000000
17.8008775841 -365.3944059046 -2000.0000000000
17.8008775841 -365.3944059046 -2000.0000000000
17.8008775841 -365.3944059046 -2000.0000000000
-236.8391870465 -859.4614816535 1586.6947758259
-236.8391870465 -859.4614816535 -2000.0000000000
-236.8391870465 -859.4614816535 -2000.0000000000
1637.5831456316 -1971.2680339815 -967.4194621565
-1267.4822700516 -1135.5699719299 379.9373183150
-1267.4822700516 -1135.5699719299 -2000.0000000000
-1267.4822700516 -1135.5699719299 -2000.0000000000
-1931.7764543698 1658.5060699482 -778.5593760148
-1931.7764543698 1658.5060699482 -2000.0000000000
888.1713260992 -581.3063291344 246.5177377830
1713.1424736664 193.8434711281 -619.2997889548
-681.7468728273 193.8831650434 -1521.2261644190
1780.3487010496 1146.2294181532 764.5620226810
1780.3487010496 1146.2294181532 -2000.0000000000
1780.3487010496 1146.2294181532 -2000.0000000000
1780.3487010496 1146.2294181532 -2000.0000000000
1780.3487010496 1146.2294181532 -2000.0000000000
-934.5693557965 -1151.1785636001 -1874.4901843376
-934.5693557965 -1151.1785636001 -2000.0000000000
-934.5693557965 -1151.1785636001 -2000.0000000000
-934.5693557965 -1151.1785636001 -2000.0000000000
-934.5693557965 -1151.1785636001 -2000.0000000000
-934.5693557965 -1151.1785636001 -2000.0000000000
-934.5693557965 -1151.1785636001 -2000.0000000000
-934.5693557965 -1151.1785636001 -2000.0000000000
-934.5693557965 -1151.1785636001 -2000.0000000000
-934.5693557965 -1151.1785636001 -2000.0000000000
1800.4588067929 -1816.5816142805 -1988.9770763496
1800.4588067929 -1816.5816142805 -2000.0000000000
1800.4588067929 -1816.5816142805 -2000.0000000000
1800.4588067929 -1816.5816142805 -2000.0000000000
1800.4588067929 -1816.5816142805 -2000.0000000000
1800.4588067929 -1816.5816142805 -2000.0000000000
-1563.1942402112 -604.3408860092 231.5484050752
-1563.1942402112 -604.3408860092 -2000.0000000000
-1563.1942402112 -604.3408860092 -2000.0000000000
-1563.1942402112 -604.3408860092 -2000.0000000000
-1641.4724203100 45.9548314215 831.5615551601
