-1173.9898047337 1750.3500571358 -1551.6719471057
-1173.9898047337 1750.3500571358 -2000.0000000000
-1097.5153867604 -1877.1567097256 1179.7821829618
-1097.5153867604 -1877.1567097256 -2000.0000000000
-1097.5153867604 -1877.1567097256 -2000.0000000000
-1097.5153867604 -1877.1567097256 -2000.0000000000
-1097.5153867604 -1877.1567097256 -2000.0000000000
-1097.5153867604 -1877.1567097256 -2000.0000000000
1953.9447023193 -456.1495966994 -893.1654400797
1446.1196881306 -634.2225428014 1329.7321192869
1446.1196881306 -634.2225428014 -2000.0000000000
1446.1196881306 -634.2225428014 -2000.0000000000
1446.1196881306 -634.2225428014 -2000.0000000000
1446.1196881306 -634.2225428014 -2000.0000000000
-1217.9325682981 -1646.3178611071 -1712.0913134803
-1217.9325682981 -1646.3178611071 -2000.0000000000
-1217.9325682981 -1646.3178611071 -2000.0000000000
-1217.9325682981 -1646.3178611071 -2000.0000000000
-1217.9325682981 -1646.3178611071 -2000.0000000000
-572.8931959093 1906.2312835681 -1753.7862314865
1290.3818160658 1837.5386135324 602.4158951240
1290.3818160658 1837.5386135324 -2000.0000000000
1290.3818160658 1837.5386135324 -2000.0000000000
1290.3818160658 1837.5386135324 -2000.0000000000
1290.3818160658 1837.5386135324 -2000.0000000000
1290.3818160658 1837.5386135324 -2000.0000000000
1290.3818160658 1837.5386135324 -2000.0000000000
1290.3818160658 1837.5386135324 -2000.0000000000
1290.3818160658 1837.5386135324 -2000.0000000000
1911.2378026004 202.8363352913 1983.5900660658
1911.2378026004 202.8363352913 -2000.0000000000
1911.2378026004 202.8363352913 -2000.0000000000
-1354.8472418863 1870.9259904074 -1040.9682155511
-1354.8472418863 1870.9259904074 -2000.0000000000
-1354.8472418863 1870.9259904074 -2000.0000000000
-513.6008654772 -1580.0798349758 1069.7054734545
-513.6008654772 -1580.0798349758 -2000.0000000000
-513.6008654772 -1580.0798349758 -2000.0000000000
-513.6008654772 -1580.0798349758 -2000.0000000000
-513.6008654772 -1580.0798349758 -2000.0000000000
-513.6008654772 -1580.0798349758 -2000.0000000000
775.0664302450 -565.4721860075 1792.8259872315
775.0664302450 -565.4721860075 -2000.0000000000
1512.2426621220 942.7562587411 -616.4187896880
1512.2426621220 942.7562587411 -2000.0000000000
1512.2426621220 942.7562587411 -2000.0000000000
818.1389768244 1991.8912528053 1474.1976265417
818.1389768244 1991.8912528053 -2000.0000000000
818.1389768244 1991.8912528053 -2000.0000000000
818.1389768244 1991.8912528053 -2000.0000000000
818.1389768244 1991.8912528053 -2000.0000000000
818.1389768244 1991.8912528053 -2000.0000000000
148.0983838280 -602.5710068293 1013.6515669440
148.0983838280 -602.5710068293 -2000.0000000000
148.0983838280 -602.5710068293 -2000.0000000000
148.0983838280 -602.5710068293 -2000.0000000000
-697.0809194713 1095.3299935204 1094.9081219879
-17.5630703786 494.6468309713 1790.8036365234
-17.5630703786 494.6468309713 -2000.0000000000
-1286.1723113245 -1741.3093575455 503.4047570594
890.0554619513 -489.7975924000 1158.2602650742
890.0554619513 -489.7975924000 -2000.0000000000
890.0554619513 -489.7975924000 -2000.0000000000
890.0554619513 -489.7975924000 -2000.0000000000
-958.1040388263 -532.9374374999 91.4591650759
-958.1040388263 -532.9374374999 -2000.0000000000
-958.1040388263 -532.9374374999 -2000.0000000000
-958.1040388263 -532.9374374999 -2000.0000000000
-958.1040388263 -532.9374374999 -2000.0000000000
-958.1040388263 -532.9374374999 -2000.0000000000
-958.1040388263 -532.9374374999 -2000.0000000000
-1472.5902681064 -1530.5370567986 1022.2641856707
-1472.5902681064 -1530.5370567986 -2000.0000000000
-1472.5902681064 -1530.5370567986 -2000.0000000000
-1472.5902681064 -1530.5370567986 -2000.0000000000
-1472.5902681064 -1530.5370567986 -2000.0000000000
-1472.5902681064 -1530.5370567986 -2000.0000000000
-1472.5902681064 -1530.5370567986 -2000.0000000000
-1472.5902681064 -1530.5370567986 -2000.0000000000
1642.1172246632 1540.3846189762 -577.2225658533
-1822.0037099301 183.3830075715 1842.2784437635
1637.0669927185 -137.1704741890 -485.0289069419
1637.0669927185 -137.1704741890 -2000.0000000000
1637.0669927185 -137.1704741890 -2000.0000000000
-89.3746274500 1356.1257662337 -1074.6608113945
-895.9888465441 1314.3432914616 672.4433840512
746.5414359677 647.5481102988 -279.2368409242
746.5414359677 647.5481102988 -2000.0000000000
1803.4767374757 930.1837036648 -765.8715562002
-1872.2366892237 -1406.8615719552 -1102.5847586108
-128.2055217759 591.5605136324 1176.0622407243
-128.2055217759 591.5605136324 -2000.0000000000
-1655.8304926136 -234.1809498487 203.3964725045
-387.1972843227 1938.9059278993 -674.2481874292
-387.1972843227 1938.9059278993 -2000.0000000000
-387.1972843227 1938.9059278993 -2000.0000000000
-387.1972843227 1938.9059278993 -2000.0000000000
-387.1972843227 1938.9059278993 -2000.0000000000
-387.1972843227 1938.9059278993 -2000.0000000000
-387.1972843227 1938.9059278993 -2000.0000000000
-387.1972843227 1938.9059278993 -2000.0000000000
-387.1972843227 1938.9059278993 -2000.0000000000
-387.1972843227 1938.9059278993 -2000.0000000000
-664.7155038338 759.0066564829 -408.0149932793
-664.7155038338 759.0066564829 -2000.0000000000
-664.7155038338 759.0066564829 -2000.0000000000
-664.7155038338 759.0066564829 -2000.0000000000
-291.3891801974 1445.1180635965 -633.9953707173
-291.3891801974 1445.1180635965 -2000.0000000000
-291.3891801974 1445.1180635965 -2000.0000000000
-291.3891801974 1445.1180635965 -2000.0000000000
-291.3891801974 1445.1180635965 -2000.0000000000
-291.3891801974 1445.1180635965 -2000.0000000000
-581.4677737128 -110.5411316645 -575.5833341092
-581.4677737128 -110.5411316645 -2000.0000000000
1359.3067320244 -612.1087447490 -1405.0318977675
1359.3067320244 -612.1087447490 -2000.0000000000
-1411.5525148802 -1283.9683432853 -350.6263198717
-1411.5525148802 -1283.9683432853 -2000.0000000000
-1411.5525148802 -1283.9683432853 -2000.0000000000
-1411.5525148802 -1283.9683432853 -2000.0000000000
1397.3877361884 1829.1700793365 1566.6711686575
1397.3877361884 1829.1700793365 -2000.0000000000
-1463.4622639126 1833.7213161059 -1844.6186589417
-1463.4622639126 1833.7213161059 -2000.0000000000
1657.0345970355 314.3586145649 -1936.9102690419
1657.0345970355 314.3586145649 -2000.0000000000
1657.0345970355 314.3586145649 -2000.0000000000
-1911.0495823650 1523.3882085604 1859.4879710201
-747.4041969760 557.3534656525 1273.2975879634
-747.4041969760 557.3534656525 -2000.0000000000
-811.6079281279 -1115.5167870963 -1904.7856544108
-811.6079281279 -1115.5167870963 -2000.0000000000
1831.6496602472 -529.4283014953 -1435.6405360943
1831.6496602472 -529.4283014953 -2000.0000000000
1831.6496602472 -529.4283014953 -2000.0000000000
1831.6496602472 -529.4283014953 -2000.0000000000
1831.6496602472 -529.4283014953 -2000.0000000000
1831.6496602472 -529.4283014953 -2000.0000000000
1831.6496602472 -529.4283014953 -2000.0000000000
1831.6496602472 -529.4283014953 -2000.0000000000
-1001.8045691262 -1525.6651928853 1102.3759576641
-1617.5282503861 -614.7451924730 -406.3719676544
-121.7036427976 1490.9197402879 1135.9894909303
-121.7036427976 1490.9197402879 -2000.0000000000
-121.7036427976 1490.9197402879 -2000.0000000000
-455.0380904526 495.5432845375 1037.1966129870
-455.0380904526 495.5432845375 -2000.0000000000
1910.1753937624 317.5444379876 1943.6330526150
1910.1753937624 317.5444379876 -2000.0000000000
1910.1753937624 317.5444379876 -2000.0000000000
1910.1753937624 317.5444379876 -2000.0000000000
-1734.3061563805 -1708.2417068409 -632.5805166035
-1734.3061563805 -1708.2417068409 -2000.0000000000
-1734.3061563805 -1708.2417068409 -2000.0000000000
276.8441051884 -1211.6502080016 -992.1008211275
16.2182138964 -46.2833921230 192.9917038533
16.2182138964 -46.2833921230 -2000.0000000000
-1852.4342581360 -106.2732232518 844.6489184159
-1852.4342581360 -106.2732232518 -2000.0000000000
-1852.4342581360 -106.2732232518 -2000.0000000000
-1852.4342581360 -106.2732232518 -2000.0000000000
-1852.4342581360 -106.2732232518 -2000.0000000000
-1852.4342581360 -106.2732232518 -2000.0000000000
-1852.4342581360 -106.2732232518 -2000.0000000000
-1852.4342581360 -106.2732232518 -2000.0000000000
-526.8082463151 -462.2671095004 -1373.7395362101
-526.8082463151 -462.2671095004 -2000.0000000000
-1678.5732161624 887.0226306207 -537.1653897591
-1678.5732161624 887.0226306207 -2000.0000000000
-1678.5732161624 887.0226306207 -2000.0000000000
-1678.5732161624 887.0226306207 -2000.0000000000
-1678.5732161624 887.0226306207 -2000.0000000000
906.6394265427 1952.0976895977 1632.9485150963
906.6394265427 1952.0976895977 -2000.0000000000
906.6394265427 1952.0976895977 -2000.0000000000
906.6394265427 1952.0976895977 -2000.0000000000
-1634.5203448895 -94.1419794247 -682.2365483858
165.6238970456 1461.6094680067 -415.6949698080
165.6238970456 1461.6094680067 -2000.0000000000
165.6238970456 1461.6094680067 -2000.0000000000
165.6238970456 1461.6094680067 -2000.0000000000
165.6238970456 1461.6094680067 -2000.0000000000
165.6238970456 1461.6094680067 -2000.0000000000
165.6238970456 1461.6094680067 -2000.0000000000
165.6238970456 1461.6094680067 -2000.0000000000
165.6238970456 1461.6094680067 -2000.0000000000
165.6238970456 1461.6094680067 -2000.0000000000
165.6238970456 1461.6094680067 -2000.0000000000
165.6238970456 1461.6094680067 -2000.0000000000
1153.7618490755 1337.5629383739 1772.1709696744
1153.7618490755 1337.5629383739 -2000.0000000000
1153.7618490755 1337.5629383739 -2000.0000000000
1153.7618490755 1337.5629383739 -2000.0000000000
1153.7618490755 1337.5629383739 -2000.0000000000
-1013.8082403631 303.8455684365 374.1597744420
-1013.8082403631 303.8455684365 -2000.0000000000
-1013.8082403631 303.8455684365 -2000.0000000000
696.1552029781 -446.1749725360 1402.1679921967
696.1552029781 -446.1749725360 -2000.0000000000
696.1552029781 -446.1749725360 -2000.0000000000
696.1552029781 -446.1749725360 -2000.0000000000
696.1552029781 -446.1749725360 -2000.0000000000
696.1552029781 -446.1749725360 -2000.0000000000
696.1552029781 -446.1749725360 -2000.0000000000
696.1552029781 -446.1749725360 -2000.0000000000
696.1552029781 -446.1749725360 -2000.0000000000
-1181.4365277253 1847.0448565024 1007.3918758433
-1181.4365277253 1847.0448565024 -2000.0000000000
-1181.4365277253 1847.0448565024 -2000.0000000000
-1181.4365277253 1847.0448565024 -2000.0000000000
1747.4076130290 1553.1219937622 -1259.7347773833
1747.4076130290 1553.1219937622 -2000.0000000000
1747.4076130290 1553.1219937622 -2000.0000000000
1700.3131069781 -45.4867261294 5.6069798671
1700.3131069781 -45.4867261294 -2000.0000000000
-163.1810034566 -950.1822916579 -1191.3814337605
-163.1810034566 -950.1822916579 -2000.0000000000
-163.1810034566 -950.1822916579 -2000.0000000000
1163.9428838291 1989.2303215832 608.4580872135
1163.9428838291 1989.2303215832 -2000.0000000000
-1653.3998930084 1245.2595410713 563.0979885430
-1653.3998930084 1245.2595410713 -2000.0000000000
-1653.3998930084 1245.2595410713 -2000.0000000000
-1653.3998930084 1245.2595410713 -2000.0000000000
-1653.3998930084 1245.2595410713 -2000.0000000000
748.4143045497 1066.6451464629 -1042.1550429707
748.4143045497 1066.6451464629 -2000.0000000000
748.4143045497 1066.6451464629 -2000.0000000000
748.4143045497 1066.6451464629 -2000.0000000000
748.4143045497 1066.6451464629 -2000.0000000000
748.4143045497 1066.6451464629 -2000.0000000000
748.4143045497 1066.6451464629 -2000.0000000000
748.4143045497 1066.6451464629 -2000.0000000000
748.4143045497 1066.6451464629 -2000.0000000000
-1710.8739097669 -1789.3491061713 1743.5532142305
-1710.8739097669 -1789.3491061713 -2000.0000000000
-1710.8739097669 -1789.3491061713 -2000.0000000000
-1710.8739097669 -1789.3491061713 -2000.0000000000
208.2094609739 864.9846359385 -307.7523301335
1287.5868194806 -513.5462837680 925.0300757596
1287.5868194806 -513.5462837680 -2000.0000000000
-1393.2872247840 222.4138529949 476.4108803215
-1393.2872247840 222.4138529949 -2000.0000000000
1270.6054400588 94.5682615477 -836.5856007685
1270.6054400588 94.5682615477 -2000.0000000000
1270.6054400588 94.5682615477 -2000.0000000000
1270.6054400588 94.5682615477 -2000.0000000000
1270.6054400588 94.5682615477 -2000.0000000000
1270.6054400588 94.5682615477 -2000.0000000000
1664.8574098771 804.6717482886 -1930.5139745406
1664.8574098771 804.6717482886 -2000.0000000000
1664.8574098771 804.6717482886 -2000.0000000000
1664.8574098771 804.6717482886 -2000.0000000000
599.2193432595 909.4853569371 832.8771914613
-1740.0046842319 -1015.7113929483 707.4367457885
-1740.0046842319 -1015.7113929483 -2000.0000000000
-1740.0046842319 -1015.7113929483 -2000.0000000000
-1740.0046842319 -1015.7113929483 -2000.0000000000
-1740.0046842319 -1015.7113929483 -2000.0000000000
-1740.0046842319 -1015.7113929483 -2000.0000000000
-1407.8550231085 1499.4915269068 -998.1655369862
-1407.8550231085 1499.4915269068 -2000.0000000000
1828.3654240111 250.6488838291 1665.4007109596
1828.3654240111 250.6488838291 -2000.0000000000
485.6433869894 1272.9718827675 974.1168729502
485.6433869894 1272.9718827675 -2000.0000000000
1243.1053996293 -1409.1345002536 -40.4340968468
1243.1053996293 -1409.1345002536 -2000.0000000000
1243.1053996293 -1409.1345002536 -2000.0000000000
339.6911232248 -121.8347585574 1256.8711863233
339.6911232248 -121.8347585574 -2000.0000000000
339.6911232248 -121.8347585574 -2000.0000000000
1599.4455210968 416.1961840607 1454.9488188400
-133.2428780157 -954.0939022139 992.1885242613
-133.2428780157 -954.0939022139 -2000.0000000000
-133.2428780157 -954.0939022139 -2000.0000000000
-133.2428780157 -954.0939022139 -2000.0000000000
-133.2428780157 -954.0939022139 -2000.0000000000
-133.2428780157 -954.0939022139 -2000.0000000000
-133.2428780157 -954.0939022139 -2000.0000000000
-133.2428780157 -954.0939022139 -2000.0000000000
-133.2428780157 -954.0939022139 -2000.0000000000
-198.9304017342 718.2801757579 -950.4890710992
701.6088887245 1860.8652309245 997.5326263290
-14.0016209809 1705.3605303578 -72.2422071813
292.0255416010 1551.5471570344 -1590.9291979949
292.0255416010 1551.5471570344 -2000.0000000000
292.0255416010 1551.5471570344 -2000.0000000000
292.0255416010 1551.5471570344 -2000.0000000000
292.0255416010 1551.5471570344 -2000.0000000000
292.0255416010 1551.5471570344 -2000.0000000000
1765.4565843991 1022.4091216126 -1136.1501598418
1765.4565843991 1022.4091216126 -2000.0000000000
416.9873058364 443.4468993590 712.9558111651
416.9873058364 443.4468993590 -2000.0000000000
416.9873058364 443.4468993590 -2000.0000000000
797.5994668506 678.5007688382 137.1026993076
797.5994668506 678.5007688382 -2000.0000000000
797.5994668506 678.5007688382 -2000.0000000000
-296.3079001803 268.0531776041 -1389.0199410102
-296.3079001803 268.0531776041 -2000.0000000000
410.2205033995 1392.1023524200 -983.7864723083
410.2205033995 1392.1023524200 -2000.0000000000
410.2205033995 1392.1023524200 -2000.0000000000
410.2205033995 1392.1023524200 -2000.0000000000
410.2205033995 1392.1023524200 -2000.0000000000
410.2205033995 1392.1023524200 -2000.0000000000
410.2205033995 1392.1023524200 -2000.0000000000
-1921.7723992800 275.1492626751 -328.6225968783
-1033.8390777575 -528.7420078228 -143.4941091859
-1033.8390777575 -528.7420078228 -2000.0000000000
1016.6958195600 1788.1131369810 829.4551063703
1016.6958195600 1788.1131369810 -2000.0000000000
1016.6958195600 1788.1131369810 -2000.0000000000
1016.6958195600 1788.1131369810 -2000.0000000000
187.8875277478 -380.7736003285 1488.0100052557
187.8875277478 -380.7736003285 -2000.0000000000
-1918.0444302518 1383.2500501436 633.6523928500
-1918.0444302518 1383.2500501436 -2000.0000000000
-1918.0444302518 1383.2500501436 -2000.0000000000
-1426.4053249981 23.4311418537 -851.3171330792
-1426.4053249981 23.4311418537 -2000.0000000000
-1426.4053249981 23.4311418537 -2000.0000000000
-1401.1134486425 -1758.6020641094 1808.1580144083
-1401.1134486425 -1758.6020641094 -2000.0000000000
627.0678140618 71.1187487546 -575.7614363579
627.0678140618 71.1187487546 -2000.0000000000
627.0678140618 71.1187487546 -2000.0000000000
627.0678140618 71.1187487546 -2000.0000000000
627.0678140618 71.1187487546 -2000.0000000000
627.0678140618 71.1187487546 -2000.0000000000
627.0678140618 71.1187487546 -2000.0000000000
627.0678140618 71.1187487546 -2000.0000000000
926.9616788574 -803.9906646392 -435.0351589100
1769.7233486193 852.5660869547 -1062.0442784168
1979.2855377181 860.3133448518 -514.3655689876
1979.2855377181 860.3133448518 -2000.0000000000
-1089.8199577822 1225.6727600433 1907.6594147256
-1089.8199577822 1225.6727600433 -2000.0000000000
540.6787158610 -553.0376723048 -1044.1791586725
724.7670216373 -188.2956414729 -1013.0293634360
724.7670216373 -188.2956414729 -2000.0000000000
662.2030416244 -436.5525772010 1297.8802671192
662.2030416244 -436.5525772010 -2000.0000000000
662.2030416244 -436.5525772010 -2000.0000000000
662.2030416244 -436.5525772010 -2000.0000000000
-659.0624076485 657.2309795222 951.5741055176
-659.0624076485 657.2309795222 -2000.0000000000
-659.0624076485 657.2309795222 -2000.0000000000
-659.0624076485 657.2309795222 -2000.0000000000
-659.0624076485 657.2309795222 -2000.0000000000
-659.0624076485 657.2309795222 -2000.0000000000
-659.0624076485 657.2309795222 -2000.0000000000
-16.4943574620 -1348.2275708990 765.4026527213
-367.9419632020 957.4789969807 1228.5873658025
253.3965202585 1011.4903557618 1838.0573677145
253.3965202585 1011.4903557618 -2000.0000000000
253.3965202585 1011.4903557618 -2000.0000000000
-727.2233370812 456.5310553655 1944.7693861491
-727.2233370812 456.5310553655 -2000.0000000000
-727.2233370812 456.5310553655 -2000.0000000000
-727.2233370812 456.5310553655 -2000.0000000000
-727.2233370812 456.5310553655 -2000.0000000000
942.0883759942 1619.2325723357 1894.1877583235
132.5657216033 611.7789424527 1482.8979112336
132.5657216033 611.7789424527 -2000.0000000000
132.5657216033 611.7789424527 -2000.0000000000
132.5657216033 611.7789424527 -2000.0000000000
1373.8640128174 -477.7718262775 331.8213956896
1573.6214854566 -1436.2423785011 1754.6775352197
1573.6214854566 -1436.2423785011 -2000.0000000000
1573.6214854566 -1436.2423785011 -2000.0000000000
1573.6214854566 -1436.2423785011 -2000.0000000000
1573.6214854566 -1436.2423785011 -2000.0000000000
1573.6214854566 -1436.2423785011 -2000.0000000000
1573.6214854566 -1436.2423785011 -2000.0000000000
1573.6214854566 -1436.2423785011 -2000.0000000000
1573.6214854566 -1436.2423785011 -2000.0000000000
1573.6214854566 -1436.2423785011 -2000.0000000000
1573.6214854566 -1436.2423785011 -2000.0000000000
1573.6214854566 -1436.2423785011 -2000.0000000000
1573.6214854566 -1436.2423785011 -2000.0000000000
1573.6214854566 -1436.2423785011 -2000.0000000000
1573.6214854566 -1436.2423785011 -2000.0000000000
1573.6214854566 -1436.2423785011 -2000.0000000000
1573.6214854566 -1436.2423785011 -2000.0000000000
-1623.1647403256 336.8087099618 -80.2967665548
-887.5666429082 -77.3464928795 -1166.9684799019
-887.5666429082 -77.3464928795 -2000.0000000000
-887.5666429082 -77.3464928795 -2000.0000000000
902.0169636261 -959.2871823759 966.5682057713
902.0169636261 -959.2871823759 -2000.0000000000
902.0169636261 -959.2871823759 -2000.0000000000
902.0169636261 -959.2871823759 -2000.0000000000
1365.9889277168 -314.2109748530 -1878.9686412871
749.0498994788 -296.0864608718 -1429.1097255323
749.0498994788 -296.0864608718 -2000.0000000000
749.0498994788 -296.0864608718 -2000.0000000000
749.0498994788 -296.0864608718 -2000.0000000000
749.0498994788 -296.0864608718 -2000.0000000000
749.0498994788 -296.0864608718 -2000.0000000000
749.0498994788 -296.0864608718 -2000.0000000000
749.0498994788 -296.0864608718 -2000.0000000000
-1499.4425598279 1624.2338042103 -1762.9565297743
840.2386209547 -1047.5762471335 -411.8022614994
840.2386209547 -1047.5762471335 -2000.0000000000
840.2386209547 -1047.5762471335 -2000.0000000000
-148.7178241156 1339.2512419562 640.3220460261
-1693.9264168476 -1624.9291283299 -1164.8073485613
1472.0286604238 309.2894336372 -481.7248375947
1472.0286604238 309.2894336372 -2000.0000000000
1472.0286604238 309.2894336372 -2000.0000000000
1472.0286604238 309.2894336372 -2000.0000000000
-1278.2629461222 243.5329557413 777.8334071273
-1278.2629461222 243.5329557413 -2000.0000000000
-1278.2629461222 243.5329557413 -2000.0000000000
-1278.2629461222 243.5329557413 -2000.0000000000
529.9772244979 -1297.3601707572 1362.7470472555
-1386.7174920563 -1542.1663688227 822.2378091711
-1386.7174920563 -1542.1663688227 -2000.0000000000
-1386.7174920563 -1542.1663688227 -2000.0000000000
-1436.4847094744 1147.2420898119 -1005.8758232438
-1436.4847094744 1147.2420898119 -2000.0000000000
-1834.5469726489 -497.0698630046 -245.7127301936
-1834.5469726489 -497.0698630046 -2000.0000000000
1741.6213040104 1126.7867914267 -64.0899013650
153.4422891262 1651.7547983522 747.4168271263
153.4422891262 1651.7547983522 -2000.0000000000
153.4422891262 1651.7547983522 -2000.0000000000
153.4422891262 1651.7547983522 -2000.0000000000
153.4422891262 1651.7547983522 -2000.0000000000
-421.4902473521 1805.5872571716 876.2452752115
-421.4902473521 1805.5872571716 -2000.0000000000
-421.4902473521 1805.5872571716 -2000.0000000000
-421.4902473521 1805.5872571716 -2000.0000000000
-421.4902473521 1805.5872571716 -2000.0000000000
-421.4902473521 1805.5872571716 -2000.0000000000
542.0901623872 501.4256806872 1054.7029812899
-225.8697714512 1752.0069982369 1289.6227362220
-225.8697714512 1752.0069982369 -2000.0000000000
-225.8697714512 1752.0069982369 -2000.0000000000
264.2920678308 521.5148564533 -1462.9841916791
264.2920678308 521.5148564533 -2000.0000000000
264.2920678308 521.5148564533 -2000.0000000000
264.2920678308 521.5148564533 -2000.0000000000
264.2920678308 521.5148564533 -2000.0000000000
-1282.1773166660 -173.1577257124 -25.2533047704
1305.9946523788 -775.4776183568 -370.3726999740
1305.9946523788 -775.4776183568 -2000.0000000000
1305.9946523788 -775.4776183568 -2000.0000000000
1305.9946523788 -775.4776183568 -2000.0000000000
1477.6655265064 788.6459113677 -194.5244743511
1477.6655265064 788.6459113677 -2000.0000000000
1477.6655265064 788.6459113677 -2000.0000000000
1647.5712426707 -1400.9797468819 -530.4906917341
1647.5712426707 -1400.9797468819 -2000.0000000000
-1649.4950654213 -729.9259904177 -317.3233351328
-1438.3995689010 -818.3793879195 560.7963147267
-1438.3995689010 -818.3793879195 -2000.0000000000
-1438.3995689010 -818.3793879195 -2000.0000000000
-1984.3509325380 -905.7920240951 -50.4895446566
-1984.3509325380 -905.7920240951 -2000.0000000000
-1984.3509325380 -905.7920240951 -2000.0000000000
-1984.3509325380 -905.7920240951 -2000.0000000000
-1984.3509325380 -905.7920240951 -2000.0000000000
-1984.3509325380 -905.7920240951 -2000.0000000000
-1984.3509325380 -905.7920240951 -2000.0000000000
-1984.3509325380 -905.7920240951 -2000.0000000000
-1984.3509325380 -905.7920240951 -2000.0000000000
-1984.3509325380 -905.7920240951 -2000.0000000000
-1790.4478837818 -1253.2533058267 314.8790263274
137.4441376635 1173.0320601857 -482.5898208337
-463.0463276028 1083.9647558055 -1342.9028916124
-463.0463276028 1083.9647558055 -2000.0000000000
-463.0463276028 1083.9647558055 -2000.0000000000
-463.0463276028 1083.9647558055 -2000.0000000000
-463.0463276028 1083.9647558055 -2000.0000000000
-1953.6613299694 197.3928643725 322.4646111540
-1953.6613299694 197.3928643725 -2000.0000000000
-1953.6613299694 197.3928643725 -2000.0000000000
-1953.6613299694 197.3928643725 -2000.0000000000
-1496.7165109913 1912.2317313459 -907.4353831866
1840.3356407504 -857.6965193951 1645.7984842612
611.6663101794 -308.5705460367 1161.3120730268
611.6663101794 -308.5705460367 -2000.0000000000
611.6663101794 -308.5705460367 -2000.0000000000
1387.7219677097 -1445.5716434925 827.7722152019
1387.7219677097 -1445.5716434925 -2000.0000000000
1387.7219677097 -1445.5716434925 -2000.0000000000
1369.2309498094 389.4415050354 301.4006880964
1369.2309498094 389.4415050354 -2000.0000000000
1369.2309498094 389.4415050354 -2000.0000000000
1906.6450823069 1119.7502619961 1425.8566030830
1906.6450823069 1119.7502619961 -2000.0000000000
1906.6450823069 1119.7502619961 -2000.0000000000
1906.6450823069 1119.7502619961 -2000.0000000000
-1540.5395770450 -661.6020685293 -620.2041897372
-1540.5395770450 -661.6020685293 -2000.0000000000
-958.7001854375 -1710.3489417603 1171.5807688909
-958.7001854375 -1710.3489417603 -2000.0000000000
-958.7001854375 -1710.3489417603 -2000.0000000000
-1404.9065447927 1604.1378842881 -1111.9875227551
-1404.9065447927 1604.1378842881 -2000.0000000000
-1404.9065447927 1604.1378842881 -2000.0000000000
-884.5031472224 1974.5160331073 1311.2406485787
-1847.5581106671 145.1613204746 1026.9580686026
664.1768914913 -357.3526645041 -1289.7436285668
664.1768914913 -357.3526645041 -2000.0000000000
664.1768914913 -357.3526645041 -2000.0000000000
664.1768914913 -357.3526645041 -2000.0000000000
664.1768914913 -357.3526645041 -2000.0000000000
664.1768914913 -357.3526645041 -2000.0000000000
664.1768914913 -357.3526645041 -2000.0000000000
664.1768914913 -357.3526645041 -2000.0000000000
664.1768914913 -357.3526645041 -2000.0000000000
520.6639788116 1803.9136281056 -275.9175980624
520.6639788116 1803.9136281056 -2000.0000000000
520.6639788116 1803.9136281056 -2000.0000000000
520.6639788116 1803.9136281056 -2000.0000000000
520.6639788116 1803.9136281056 -2000.0000000000
520.6639788116 1803.9136281056 -2000.0000000000
1648.5174072655 1476.1264311865 -1951.1353528278
1648.5174072655 1476.1264311865 -2000.0000000000
1648.5174072655 1476.1264311865 -2000.0000000000
1648.5174072655 1476.1264311865 -2000.0000000000
693.0082278793 608.4680631858 1321.9383340441
693.0082278793 608.4680631858 -2000.0000000000
693.0082278793 608.4680631858 -2000.0000000000
693.0082278793 608.4680631858 -2000.0000000000
1766.7381746907 -1686.1535398921 229.2798156053
1883.8585264998 -658.0343562109 72.0239927473
1883.8585264998 -658.0343562109 -2000.0000000000
1883.8585264998 -658.0343562109 -2000.0000000000
1883.8585264998 -658.0343562109 -2000.0000000000
1883.8585264998 -658.0343562109 -2000.0000000000
243.4588506373 -1594.8240531973 741.5221634019
-1430.6585554791 -726.0176921437 -50.6394803312
145.6310508445 1557.3123399608 757.1980275332
145.6310508445 1557.3123399608 -2000.0000000000
145.6310508445 1557.3123399608 -2000.0000000000
1217.6160239631 -1032.9646786866 -1012.9474057193
1217.6160239631 -1032.9646786866 -2000.0000000000
1217.6160239631 -1032.9646786866 -2000.0000000000
1217.6160239631 -1032.9646786866 -2000.0000000000
1217.6160239631 -1032.9646786866 -2000.0000000000
1541.3160697626 -1353.4040454203 284.8509432588
-1231.8693430426 1213.6889739380 -1109.9773484192
1941.8541055373 1879.3633831854 -233.0492502936
1941.8541055373 1879.3633831854 -2000.0000000000
168.4672731074 824.2413049427 -229.2802783239
-1245.2165502268 354.5124253254 185.3670419719
-1245.2165502268 354.5124253254 -2000.0000000000
-1245.2165502268 354.5124253254 -2000.0000000000
-1245.2165502268 354.5124253254 -2000.0000000000
-1245.2165502268 354.5124253254 -2000.0000000000
-1245.2165502268 354.5124253254 -2000.0000000000
-1245.2165502268 354.5124253254 -2000.0000000000
-1245.2165502268 354.5124253254 -2000.0000000000
-854.3840512959 80.3864713536 -1924.6284243518
-854.3840512959 80.3864713536 -2000.0000000000
-1082.3445408965 -1438.4403318259 580.8059499396
996.1085425110 1018.3157149847 1609.6351863653
996.1085425110 1018.3157149847 -2000.0000000000
996.1085425110 1018.3157149847 -2000.0000000000
996.1085425110 1018.3157149847 -2000.0000000000
996.1085425110 1018.3157149847 -2000.0000000000
996.1085425110 1018.3157149847 -2000.0000000000
-553.2019322613 -239.5264768363 13.1667472994
-553.2019322613 -239.5264768363 -2000.0000000000
1909.3924296145 97.5913262602 1921.3489005360
1909.3924296145 97.5913262602 -2000.0000000000
-380.6193671975 319.2983063807 -302.8607418884
-380.6193671975 319.2983063807 -2000.0000000000
-380.6193671975 319.2983063807 -2000.0000000000
-380.6193671975 319.2983063807 -2000.0000000000
-380.6193671975 319.2983063807 -2000.0000000000
-380.6193671975 319.2983063807 -2000.0000000000
-380.6193671975 319.2983063807 -2000.0000000000
-380.6193671975 319.2983063807 -2000.0000000000
-380.6193671975 319.2983063807 -2000.0000000000
-380.6193671975 319.2983063807 -2000.0000000000
-380.6193671975 319.2983063807 -2000.0000000000
-380.6193671975 319.2983063807 -2000.0000000000
-269.6594436770 26.5090427536 1048.2510946533
-269.6594436770 26.5090427536 -2000.0000000000
-983.6199633968 1858.2775440992 -251.9888352921
-983.6199633968 1858.2775440992 -2000.0000000000
-983.6199633968 1858.2775440992 -2000.0000000000
-983.6199633968 1858.2775440992 -2000.0000000000
-983.6199633968 1858.2775440992 -2000.0000000000
-983.6199633968 1858.2775440992 -2000.0000000000
-983.6199633968 1858.2775440992 -2000.0000000000
-983.6199633968 1858.2775440992 -2000.0000000000
-983.6199633968 1858.2775440992 -2000.0000000000
-983.6199633968 1858.2775440992 -2000.0000000000
-1677.7591957973 557.9465471750 -1306.9918037428
1843.0549364382 -1096.3094472158 88.0951722695
1843.0549364382 -1096.3094472158 -2000.0000000000
-1915.2517577859 560.5849760622 1836.0923424720
-1915.2517577859 560.5849760622 -2000.0000000000
-1915.2517577859 560.5849760622 -2000.0000000000
-1169.2406664344 -1473.0880186115 -437.5833556490
1837.7681500194 -1839.3496830899 -286.3646236944
-954.7795196540 1638.3501991139 -1752.5513281191
-954.7795196540 1638.3501991139 -2000.0000000000
1704.8863434554 1507.4160360146 40.3616609892
1704.8863434554 1507.4160360146 -2000.0000000000
1704.8863434554 1507.4160360146 -2000.0000000000
1704.8863434554 1507.4160360146 -2000.0000000000
1704.8863434554 1507.4160360146 -2000.0000000000
801.3296135267 1677.1685534206 -852.0534385866
801.3296135267 1677.1685534206 -2000.0000000000
801.3296135267 1677.1685534206 -2000.0000000000
-1614.4317786243 -519.8717966181 -1478.9605701174
-1614.4317786243 -519.8717966181 -2000.0000000000
-1614.4317786243 -519.8717966181 -2000.0000000000
-1614.4317786243 -519.8717966181 -2000.0000000000
-1614.4317786243 -519.8717966181 -2000.0000000000
-1614.4317786243 -519.8717966181 -2000.0000000000
-1614.4317786243 -519.8717966181 -2000.0000000000
-1614.4317786243 -519.8717966181 -2000.0000000000
-1614.4317786243 -519.8717966181 -2000.0000000000
-1614.4317786243 -519.8717966181 -2000.0000000000
-1614.4317786243 -519.8717966181 -2000.0000000000
-1614.4317786243 -519.8717966181 -2000.0000000000
-1614.4317786243 -519.8717966181 -2000.0000000000
-815.4602746626 -1453.2685750365 1150.7511140925
-815.4602746626 -1453.2685750365 -2000.0000000000
-815.4602746626 -1453.2685750365 -2000.0000000000
-368.9534759540 1427.1166462344 637.1269706976
-368.9534759540 1427.1166462344 -2000.0000000000
482.4179943616 1324.2289989866 1128.0448358752
1797.7997554269 -1260.0821633030 -701.5046914001
1797.7997554269 -1260.0821633030 -2000.0000000000
1797.7997554269 -1260.0821633030 -2000.0000000000
1797.7997554269 -1260.0821633030 -2000.0000000000
1797.7997554269 -1260.0821633030 -2000.0000000000
-311.3123100714 -1219.2079475365 104.7448915723
435.6293339406 1421.7223755663 -1838.4322049669
435.6293339406 1421.7223755663 -2000.0000000000
435.6293339406 1421.7223755663 -2000.0000000000
435.6293339406 1421.7223755663 -2000.0000000000
435.6293339406 1421.7223755663 -2000.0000000000
435.6293339406 1421.7223755663 -2000.0000000000
435.6293339406 1421.7223755663 -2000.0000000000
-536.9432445742 -1389.7393369521 1857.6848833566
-536.9432445742 -1389.7393369521 -2000.0000000000
-536.9432445742 -1389.7393369521 -2000.0000000000
-536.9432445742 -1389.7393369521 -2000.0000000000
-536.9432445742 -1389.7393369521 -2000.0000000000
-536.9432445742 -1389.7393369521 -2000.0000000000
-536.9432445742 -1389.7393369521 -2000.0000000000
-536.9432445742 -1389.7393369521 -2000.0000000000
-536.9432445742 -1389.7393369521 -2000.0000000000
-536.9432445742 -1389.7393369521 -2000.0000000000
-536.9432445742 -1389.7393369521 -2000.0000000000
-536.9432445742 -1389.7393369521 -2000.0000000000
-536.9432445742 -1389.7393369521 -2000.0000000000
-536.9432445742 -1389.7393369521 -2000.0000000000
-536.9432445742 -1389.7393369521 -2000.0000000000
-536.9432445742 -1389.7393369521 -2000.0000000000
-536.9432445742 -1389.7393369521 -2000.0000000000
973.7816812126 673.3583614212 249.7300938596
973.7816812126 673.3583614212 -2000.0000000000
-651.7258459407 -1485.1696140114 -572.9573715391
-651.7258459407 -1485.1696140114 -2000.0000000000
-651.7258459407 -1485.1696140114 -2000.0000000000
-651.7258459407 -1485.1696140114 -2000.0000000000
-1826.1176797087 1244.8911661979 -307.5207332731
151.3365836286 -1651.0381093252 10.2500377656
-888.1313820504 101.5601623383 1740.1285287935
-888.1313820504 101.5601623383 -2000.0000000000
-888.1313820504 101.5601623383 -2000.0000000000
-1621.3013786544 1459.8584926174 -1716.1539108907
947.7857754341 -1661.0110433447 834.0865775488
947.7857754341 -1661.0110433447 -2000.0000000000
245.0346579536 -791.4319540001 233.9542358622
1700.5377280358 651.8419386268 1554.0714863519
-1881.9910285121 -1098.3980909083 -98.4914874391
-1881.9910285121 -1098.3980909083 -2000.0000000000
-1881.9910285121 -1098.3980909083 -2000.0000000000
921.3300856642 -1268.9020902869 1369.3249508882
921.3300856642 -1268.9020902869 -2000.0000000000
921.3300856642 -1268.9020902869 -2000.0000000000
921.3300856642 -1268.9020902869 -2000.0000000000
921.3300856642 -1268.9020902869 -2000.0000000000
-199.9918674969 931.2982704937 -173.3309849886
-199.9918674969 931.2982704937 -2000.0000000000
-199.9918674969 931.2982704937 -2000.0000000000
-199.9918674969 931.2982704937 -2000.0000000000
234.5988686790 -1883.2213396840 -1350.7377130968
789.7602089380 1640.6731953268 1931.2191101432
789.7602089380 1640.6731953268 -2000.0000000000
789.7602089380 1640.6731953268 -2000.0000000000
789.7602089380 1640.6731953268 -2000.0000000000
1006.2519970716 -165.9918986093 1450.5536911938
1901.5735638596 -1457.5626666358 -1988.9234132098
1901.5735638596 -1457.5626666358 -2000.0000000000
-1389.7342460138 1330.5469853822 -880.6184821577
246.4644001149 -659.3676963442 462.1797990697
246.4644001149 -659.3676963442 -2000.0000000000
246.4644001149 -659.3676963442 -2000.0000000000
246.4644001149 -659.3676963442 -2000.0000000000
246.4644001149 -659.3676963442 -2000.0000000000
246.4644001149 -659.3676963442 -2000.0000000000
246.4644001149 -659.3676963442 -2000.0000000000
246.4644001149 -659.3676963442 -2000.0000000000
246.4644001149 -659.3676963442 -2000.0000000000
246.4644001149 -659.3676963442 -2000.0000000000
246.4644001149 -659.3676963442 -2000.0000000000
246.4644001149 -659.3676963442 -2000.0000000000
246.4644001149 -659.3676963442 -2000.0000000000
246.4644001149 -659.3676963442 -2000.0000000000
-171.8141388836 1607.3511344623 1730.2101107116
-265.7531228486 601.9271270240 -1422.4457790081
1239.7764561243 1026.5004603523 -527.0813606574
1065.5445160050 1867.2047664539 -82.0388232938
1065.5445160050 1867.2047664539 -2000.0000000000
1065.5445160050 1867.2047664539 -2000.0000000000
1065.5445160050 1867.2047664539 -2000.0000000000
1065.5445160050 1867.2047664539 -2000.0000000000
1065.5445160050 1867.2047664539 -2000.0000000000
1065.5445160050 1867.2047664539 -2000.0000000000
1065.5445160050 1867.2047664539 -2000.0000000000
1065.5445160050 1867.2047664539 -2000.0000000000
1065.5445160050 1867.2047664539 -2000.0000000000
-1626.8957522139 1974.9354268784 865.4360436149
-1800.1072940149 -1358.1672401670 873.2264045804
-1308.5021427115 130.3980116727 -367.8900296797
-1308.5021427115 130.3980116727 -2000.0000000000
-1308.5021427115 130.3980116727 -2000.0000000000
-450.0628970661 1925.3157856074 1316.9525800149
-450.0628970661 1925.3157856074 -2000.0000000000
-1319.4909644299 -66.0484449097 -845.6380162094
-1319.4909644299 -66.0484449097 -2000.0000000000
-1319.4909644299 -66.0484449097 -2000.0000000000
-1319.4909644299 -66.0484449097 -2000.0000000000
-715.5956017311 262.0476813047 756.8913755936
-715.5956017311 262.0476813047 -2000.0000000000
-715.5956017311 262.0476813047 -2000.0000000000
-198.6491275647 1621.0309466895 396.7812739516
-198.6491275647 1621.0309466895 -2000.0000000000
-198.6491275647 1621.0309466895 -2000.0000000000
-198.6491275647 1621.0309466895 -2000.0000000000
-198.6491275647 1621.0309466895 -2000.0000000000
-1426.3656441523 -126.3396142938 41.2469733341
-1426.3656441523 -126.3396142938 -2000.0000000000
-1426.3656441523 -126.3396142938 -2000.0000000000
860.4381010916 -3.1644876064 294.1947852878
860.4381010916 -3.1644876064 -2000.0000000000
860.4381010916 -3.1644876064 -2000.0000000000
-1507.2615720268 -485.9714925424 1382.6663955863
-1507.2615720268 -485.9714925424 -2000.0000000000
1389.6998729427 -1359.6614573419 -124.6855350937
-1172.6373431083 155.5943452446 -586.6323085884
1379.5983219262 -1607.5000301920 -1675.7577387391
1379.5983219262 -1607.5000301920 -2000.0000000000
1379.5983219262 -1607.5000301920 -2000.0000000000
1379.5983219262 -1607.5000301920 -2000.0000000000
1118.7788277159 -1872.1238614853 -21.9987602656
1118.7788277159 -1872.1238614853 -2000.0000000000
-757.9265393539 -1406.0658950790 1901.7374639013
-757.9265393539 -1406.0658950790 -2000.0000000000
-757.9265393539 -1406.0658950790 -2000.0000000000
-757.9265393539 -1406.0658950790 -2000.0000000000
-757.9265393539 -1406.0658950790 -2000.0000000000
-757.9265393539 -1406.0658950790 -2000.0000000000
-757.9265393539 -1406.0658950790 -2000.0000000000
-757.9265393539 -1406.0658950790 -2000.0000000000
-757.9265393539 -1406.0658950790 -2000.0000000000
-757.9265393539 -1406.0658950790 -2000.0000000000
-1963.1090409200 398.4786464333 -1723.8226258774
282.0332626175 296.6842975458 730.0932586601
-148.4081247490 1279.8583515675 1565.9850945658
-148.4081247490 1279.8583515675 -2000.0000000000
-1091.7213797430 -596.1599279062 1455.0478507857
-1091.7213797430 -596.1599279062 -2000.0000000000
-1091.7213797430 -596.1599279062 -2000.0000000000
408.6804608425 -1182.1506440519 -1587.6540192495
408.6804608425 -1182.1506440519 -2000.0000000000
408.6804608425 -1182.1506440519 -2000.0000000000
408.6804608425 -1182.1506440519 -2000.0000000000
408.6804608425 -1182.1506440519 -2000.0000000000
408.6804608425 -1182.1506440519 -2000.0000000000
408.6804608425 -1182.1506440519 -2000.0000000000
408.6804608425 -1182.1506440519 -2000.0000000000
408.6804608425 -1182.1506440519 -2000.0000000000
-0.8808860207 251.0787636681 -857.8613281009
-3.9567490749 -1323.1533693572 1642.6822047664
-3.9567490749 -1323.1533693572 -2000.0000000000
1186.4478364741 1056.7457330270 -1681.9009503488
1186.4478364741 1056.7457330270 -2000.0000000000
1186.4478364741 1056.7457330270 -2000.0000000000
-1810.9816452156 75.6793538901 1423.1719095847
-1810.9816452156 75.6793538901 -2000.0000000000
-1810.9816452156 75.6793538901 -2000.0000000000
-1810.9816452156 75.6793538901 -2000.0000000000
-513.6788659566 -764.6130536500 -874.7880243094
-513.6788659566 -764.6130536500 -2000.0000000000
-513.6788659566 -764.6130536500 -2000.0000000000
-513.6788659566 -764.6130536500 -2000.0000000000
-513.6788659566 -764.6130536500 -2000.0000000000
870.3960831679 -1833.5744554981 -1991.0687252550
870.3960831679 -1833.5744554981 -2000.0000000000
870.3960831679 -1833.5744554981 -2000.0000000000
870.3960831679 -1833.5744554981 -2000.0000000000
870.3960831679 -1833.5744554981 -2000.0000000000
-482.6097936663 -263.0494265133 309.8716737996
39.3058487900 1527.0273368771 1720.2999390010
1421.5981406846 -652.8343960299 -1132.1248965560
1421.5981406846 -652.8343960299 -2000.0000000000
1421.5981406846 -652.8343960299 -2000.0000000000
1421.5981406846 -652.8343960299 -2000.0000000000
1421.5981406846 -652.8343960299 -2000.0000000000
-1156.3632158751 716.2463895320 -643.5602192762
-1156.3632158751 716.2463895320 -2000.0000000000
411.8698188713 -493.1597910770 -1525.6741060905
411.8698188713 -493.1597910770 -2000.0000000000
411.8698188713 -493.1597910770 -2000.0000000000
-148.3230200816 -1772.4818438225 672.0424099395
-1294.7673318106 -440.2621528348 1668.5455179669
-1294.7673318106 -440.2621528348 -2000.0000000000
-373.7866422327 309.6041114212 661.3537372329
-373.7866422327 309.6041114212 -2000.0000000000
-373.7866422327 309.6041114212 -2000.0000000000
-373.7866422327 309.6041114212 -2000.0000000000
-373.7866422327 309.6041114212 -2000.0000000000
-1084.0155482001 -1111.8927580400 362.2274574232
-1084.0155482001 -1111.8927580400 -2000.0000000000
-1084.0155482001 -1111.8927580400 -2000.0000000000
-1084.0155482001 -1111.8927580400 -2000.0000000000
-1153.0696270986 772.1339895861 782.4235251736
-1153.0696270986 772.1339895861 -2000.0000000000
-1153.0696270986 772.1339895861 -2000.0000000000
-1153.0696270986 772.1339895861 -2000.0000000000
-1153.0696270986 772.1339895861 -2000.0000000000
-1153.0696270986 772.1339895861 -2000.0000000000
-1153.0696270986 772.1339895861 -2000.0000000000
1084.0926366061 -82.3571901316 972.6699583534
1084.0926366061 -82.3571901316 -2000.0000000000
1084.0926366061 -82.3571901316 -2000.0000000000
1084.0926366061 -82.3571901316 -2000.0000000000
1084.0926366061 -82.3571901316 -2000.0000000000
1084.0926366061 -82.3571901316 -2000.0000000000
1084.0926366061 -82.3571901316 -2000.0000000000
1084.0926366061 -82.3571901316 -2000.0000000000
1084.0926366061 -82.3571901316 -2000.0000000000
1084.0926366061 -82.3571901316 -2000.0000000000
-151.2726227338 1527.9086071176 -1252.0466927224
-151.2726227338 1527.9086071176 -2000.0000000000
-151.2726227338 1527.9086071176 -2000.0000000000
162.2645704149 1413.4671225422 110.0071664785
162.2645704149 1413.4671225422 -2000.0000000000
1881.1921502936 803.2251282590 -1332.0096050560
1881.1921502936 803.2251282590 -2000.0000000000
1881.1921502936 803.2251282590 -2000.0000000000
1896.9270328974 1091.6246538948 -54.4329431133
1896.9270328974 1091.6246538948 -2000.0000000000
1896.9270328974 1091.6246538948 -2000.0000000000
1896.9270328974 1091.6246538948 -2000.0000000000
1896.9270328974 1091.6246538948 -2000.0000000000
1896.9270328974 1091.6246538948 -2000.0000000000
1896.9270328974 1091.6246538948 -2000.0000000000
1896.9270328974 1091.6246538948 -2000.0000000000
1896.9270328974 1091.6246538948 -2000.0000000000
1896.9270328974 1091.6246538948 -2000.0000000000
-1203.7172595621 1288.8998316507 1280.7286498909
-49.9043887709 -45.7727029579 1662.1415643593
-1859.7723220249 -1719.7403985916 -698.7250113968
-349.4456508124 1072.3516514301 -1232.2993397022
-1464.6121299519 -1660.2961407758 -576.9223820042
-1464.6121299519 -1660.2961407758 -2000.0000000000
1987.2562950949 882.7477898350 318.7444366791
1987.2562950949 882.7477898350 -2000.0000000000
1987.2562950949 882.7477898350 -2000.0000000000
-1324.1137851113 1804.3507072320 -620.8877667977
-1324.1137851113 1804.3507072320 -2000.0000000000
-1915.1482860386 1657.4159788212 -1466.7086484226
-1915.1482860386 1657.4159788212 -2000.0000000000
-1915.1482860386 1657.4159788212 -2000.0000000000
-1915.1482860386 1657.4159788212 -2000.0000000000
1428.8989529448 133.4241839812 -245.0586979521
1428.8989529448 133.4241839812 -2000.0000000000
1907.7879805537 -810.4461351314 1491.5872956460
-1116.5362050372 110.9600014964 -556.3382486370
-1116.5362050372 110.9600014964 -2000.0000000000
-1116.5362050372 110.9600014964 -2000.0000000000
-1116.5362050372 110.9600014964 -2000.0000000000
-61.9339909138 -909.7384935093 312.6839303206
-1268.4547461657 951.3996522972 -762.1011985930
1013.5802381322 808.1845348320 1138.1782227668
1013.5802381322 808.1845348320 -2000.0000000000
-913.5922147604 1974.7279368539 -421.3510613903
-913.5922147604 1974.7279368539 -2000.0000000000
-913.5922147604 1974.7279368539 -2000.0000000000
-913.5922147604 1974.7279368539 -2000.0000000000
-270.0806114152 -1598.3603647165 -1020.4860697076
-270.0806114152 -1598.3603647165 -2000.0000000000
-270.0806114152 -1598.3603647165 -2000.0000000000
-270.0806114152 -1598.3603647165 -2000.0000000000
-270.0806114152 -1598.3603647165 -2000.0000000000
-1139.5189033177 -1127.7435028028 121.0894824445
-1139.5189033177 -1127.7435028028 -2000.0000000000
-1139.5189033177 -1127.7435028028 -2000.0000000000
-1139.5189033177 -1127.7435028028 -2000.0000000000
1595.3914708125 1477.6026374191 -200.0470957344
1595.3914708125 1477.6026374191 -2000.0000000000
1595.3914708125 1477.6026374191 -2000.0000000000
1595.3914708125 1477.6026374191 -2000.0000000000
1595.3914708125 1477.6026374191 -2000.0000000000
1595.3914708125 1477.6026374191 -2000.0000000000
-498.3743771151 -1886.6543000701 1594.7577370087
-498.3743771151 -1886.6543000701 -2000.0000000000
-498.3743771151 -1886.6543000701 -2000.0000000000
1102.6336674295 143.6205701660 1327.4314162475
1930.1683281941 -1882.2562332093 -1204.1206290638
1930.1683281941 -1882.2562332093 -2000.0000000000
1930.1683281941 -1882.2562332093 -2000.0000000000
1930.1683281941 -1882.2562332093 -2000.0000000000
1930.1683281941 -1882.2562332093 -2000.0000000000
1930.1683281941 -1882.2562332093 -2000.0000000000
-39.9510195161 375.6173648409 -187.9313059444
-39.9510195161 375.6173648409 -2000.0000000000
-39.9510195161 375.6173648409 -2000.0000000000
-39.9510195161 375.6173648409 -2000.0000000000
-1941.0722511787 559.8866012113 1220.8941554574
398.8544067252 -1520.9205350488 429.9202838582
398.8544067252 -1520.9205350488 -2000.0000000000
398.8544067252 -1520.9205350488 -2000.0000000000
-399.5171904596 999.0111176408 264.6000976783
-399.5171904596 999.0111176408 -2000.0000000000
-399.5171904596 999.0111176408 -2000.0000000000
-399.5171904596 999.0111176408 -2000.0000000000
1421.5188772194 -160.8393418162 784.6209799719
590.1940500362 9.0931444767 1303.0427943502
590.1940500362 9.0931444767 -2000.0000000000
590.1940500362 9.0931444767 -2000.0000000000
177.1753002129 -1174.5701313589 1688.7434438048
177.1753002129 -1174.5701313589 -2000.0000000000
177.1753002129 -1174.5701313589 -2000.0000000000
177.1753002129 -1174.5701313589 -2000.0000000000
1967.7267812991 -1658.3166603735 -287.1261567010
1314.4270813848 1856.0162343546 36.1650124246
1052.5460332622 754.3222261942 13.8933057248
1052.5460332622 754.3222261942 -2000.0000000000
1052.5460332622 754.3222261942 -2000.0000000000
1052.5460332622 754.3222261942 -2000.0000000000
1052.5460332622 754.3222261942 -2000.0000000000
1052.5460332622 754.3222261942 -2000.0000000000
1867.1172365029 338.4088168152 -41.5190499033
1867.1172365029 338.4088168152 -2000.0000000000
1810.0618382465 964.2875262406 1065.8495134725
1810.0618382465 964.2875262406 -2000.0000000000
-302.2812321172 -1937.2441935587 -1903.4060356126
-1245.3086043903 235.4848923163 1444.1588629254
-1245.3086043903 235.4848923163 -2000.0000000000
-1245.3086043903 235.4848923163 -2000.0000000000
-1245.3086043903 235.4848923163 -2000.0000000000
-1324.3845543739 -1208.8650554386 -233.0225893034
-1324.3845543739 -1208.8650554386 -2000.0000000000
-847.7475637435 -168.1917613424 -602.9278531211
-1727.8598161731 -964.2965291022 1837.1157480718
-1727.8598161731 -964.2965291022 -2000.0000000000
-1727.8598161731 -964.2965291022 -2000.0000000000
-1727.8598161731 -964.2965291022 -2000.0000000000
-1727.8598161731 -964.2965291022 -2000.0000000000
-1727.8598161731 -964.2965291022 -2000.0000000000
-1727.8598161731 -964.2965291022 -2000.0000000000
-1727.8598161731 -964.2965291022 -2000.0000000000
-1727.8598161731 -964.2965291022 -2000.0000000000
-1727.8598161731 -964.2965291022 -2000.0000000000
-1970.2932120299 -1289.5954036567 -1700.7313506994
411.8945910255 1859.9003305289 1212.4196828866
1141.4243607984 -1072.4266101731 -1564.4623460676
1141.4243607984 -1072.4266101731 -2000.0000000000
1141.4243607984 -1072.4266101731 -2000.0000000000
1141.4243607984 -1072.4266101731 -2000.0000000000
-917.6897661813 265.6709315328 58.1735434266
-917.6897661813 265.6709315328 -2000.0000000000
-917.6897661813 265.6709315328 -2000.0000000000
-14.3834144136 -81.6996118896 -1883.7725509263
-14.3834144136 -81.6996118896 -2000.0000000000
-393.6365799663 -1468.4067175141 -101.3506980314
-393.6365799663 -1468.4067175141 -2000.0000000000
-393.6365799663 -1468.4067175141 -2000.0000000000
-393.6365799663 -1468.4067175141 -2000.0000000000
-393.6365799663 -1468.4067175141 -2000.0000000000
373.3504429259 1206.6810383194 -1360.2256877731
373.3504429259 1206.6810383194 -2000.0000000000
373.3504429259 1206.6810383194 -2000.0000000000
373.3504429259 1206.6810383194 -2000.0000000000
862.9579188075 -1603.8660670856 132.7942798285
862.9579188075 -1603.8660670856 -2000.0000000000
862.9579188075 -1603.8660670856 -2000.0000000000
862.9579188075 -1603.8660670856 -2000.0000000000
-58.4896461128 675.5148085178 -1853.9521164678
-58.4896461128 675.5148085178 -2000.0000000000
-58.4896461128 675.5148085178 -2000.0000000000
-1815.1947298377 -128.7482209196 1948.3206274751
-1815.1947298377 -128.7482209196 -2000.0000000000
-1800.4323326641 1731.5761211261 -625.0792259052
-1800.4323326641 1731.5761211261 -2000.0000000000
-1800.4323326641 1731.5761211261 -2000.0000000000
-1800.4323326641 1731.5761211261 -2000.0000000000
-1800.4323326641 1731.5761211261 -2000.0000000000
-1800.4323326641 1731.5761211261 -2000.0000000000
-1800.4323326641 1731.5761211261 -2000.0000000000
-1475.4241203532 405.1251190949 1390.7981989166
-1475.4241203532 405.1251190949 -2000.0000000000
-1858.6947182284 1216.3807207199 -1954.8360489109
-1858.6947182284 1216.3807207199 -2000.0000000000
-1858.6947182284 1216.3807207199 -2000.0000000000
-1858.6947182284 1216.3807207199 -2000.0000000000
1347.4390538913 194.8169485561 1547.2362380156
880.9165832206 -462.5481537458 -1798.7605156540
1433.8583298812 1504.6965755288 -250.5307370055
1433.8583298812 1504.6965755288 -2000.0000000000
1433.8583298812 1504.6965755288 -2000.0000000000
1433.8583298812 1504.6965755288 -2000.0000000000
1433.8583298812 1504.6965755288 -2000.0000000000
1433.8583298812 1504.6965755288 -2000.0000000000
1433.8583298812 1504.6965755288 -2000.0000000000
-1332.4457935441 -1328.0777464813 1591.4745476868
-1332.4457935441 -1328.0777464813 -2000.0000000000
-1332.4457935441 -1328.0777464813 -2000.0000000000
-1332.4457935441 -1328.0777464813 -2000.0000000000
-1332.4457935441 -1328.0777464813 -2000.0000000000
-1332.4457935441 -1328.0777464813 -2000.0000000000
-1332.4457935441 -1328.0777464813 -2000.0000000000
-1332.4457935441 -1328.0777464813 -2000.0000000000
383.3905325362 -1697.7394212946 -1959.7917656717
383.3905325362 -1697.7394212946 -2000.0000000000
383.3905325362 -1697.7394212946 -2000.0000000000
383.3905325362 -1697.7394212946 -2000.0000000000
383.3905325362 -1697.7394212946 -2000.0000000000
800.1913959496 930.2684416664 580.8958946712
-402.2379284755 -942.7324745294 1404.1146966049
-402.2379284755 -942.7324745294 -2000.0000000000
-594.8184148929 965.7391301378 -583.3989310476
-594.8184148929 965.7391301378 -2000.0000000000
-594.8184148929 965.7391301378 -2000.0000000000
-594.8184148929 965.7391301378 -2000.0000000000
-594.8184148929 965.7391301378 -2000.0000000000
-1195.2816704836 -325.2780229760 -795.4379321703
-1195.2816704836 -325.2780229760 -2000.0000000000
-1220.7757747035 496.1803380245 1721.6411693424
-1220.7757747035 496.1803380245 -2000.0000000000
-1802.8549622023 -1727.7669841513 -507.6508484858
1574.5210091661 408.0786903780 1674.8190360093
1574.5210091661 408.0786903780 -2000.0000000000
1938.3559575551 -551.5237066706 1482.6387048750
1938.3559575551 -551.5237066706 -2000.0000000000
388.7200909091 13.3251576959 -1960.6981540367
388.7200909091 13.3251576959 -2000.0000000000
1981.5580650367 -470.5354896931 -1867.5362650777
1981.5580650367 -470.5354896931 -2000.0000000000
845.5041313543 161.8852827628 -1632.5922015005
845.5041313543 161.8852827628 -2000.0000000000
1072.2478089535 1364.3103440857 -204.7423261165
-122.0125154686 -1333.2786787321 1611.7324866664
-122.0125154686 -1333.2786787321 -2000.0000000000
-122.0125154686 -1333.2786787321 -2000.0000000000
-122.0125154686 -1333.2786787321 -2000.0000000000
53.9331442593 -990.1195438689 838.3552163519
53.9331442593 -990.1195438689 -2000.0000000000
53.9331442593 -990.1195438689 -2000.0000000000
53.9331442593 -990.1195438689 -2000.0000000000
-1966.7723015011 781.7099142223 500.0260961632
-1966.7723015011 781.7099142223 -2000.0000000000
-1869.1315858725 185.3706556406 -709.6532846589
-1869.1315858725 185.3706556406 -2000.0000000000
-1869.1315858725 185.3706556406 -2000.0000000000
-1869.1315858725 185.3706556406 -2000.0000000000
-1869.1315858725 185.3706556406 -2000.0000000000
-1869.1315858725 185.3706556406 -2000.0000000000
-1869.1315858725 185.3706556406 -2000.0000000000
-1869.1315858725 185.3706556406 -2000.0000000000
-1869.1315858725 185.3706556406 -2000.0000000000
-1869.1315858725 185.3706556406 -2000.0000000000
-1869.1315858725 185.3706556406 -2000.0000000000
457.4959031648 556.7673565450 -276.4300026054
457.4959031648 556.7673565450 -2000.0000000000
457.4959031648 556.7673565450 -2000.0000000000
457.4959031648 556.7673565450 -2000.0000000000
457.4959031648 556.7673565450 -2000.0000000000
457.4959031648 556.7673565450 -2000.0000000000
457.4959031648 556.7673565450 -2000.0000000000
457.4959031648 556.7673565450 -2000.0000000000
457.4959031648 556.7673565450 -2000.0000000000
-1708.3250467703 -51.1314757460 1362.6985176956
-1708.3250467703 -51.1314757460 -2000.0000000000
-1708.3250467703 -51.1314757460 -2000.0000000000
-1708.3250467703 -51.1314757460 -2000.0000000000
-1708.3250467703 -51.1314757460 -2000.0000000000
-1409.2812854222 1058.6224706514 -1769.6957034686
-1409.2812854222 1058.6224706514 -2000.0000000000
1551.1377852457 996.2653564413 -1809.9627843507
1854.0544950944 -1547.0756395609 -1072.8158009582
-632.6329045688 388.2370424280 262.8495778732
-632.6329045688 388.2370424280 -2000.0000000000
-632.6329045688 388.2370424280 -2000.0000000000
-632.6329045688 388.2370424280 -2000.0000000000
-632.6329045688 388.2370424280 -2000.0000000000
-632.6329045688 388.2370424280 -2000.0000000000
-1094.8831019528 -276.2125644907 1660.6759783635
-1094.8831019528 -276.2125644907 -2000.0000000000
-1094.8831019528 -276.2125644907 -2000.0000000000
-1094.8831019528 -276.2125644907 -2000.0000000000
-1861.9051994470 1742.9493350098 -1325.6649267013
1742.5491363801 121.2539496732 1227.5205238955
1742.5491363801 121.2539496732 -2000.0000000000
1742.5491363801 121.2539496732 -2000.0000000000
1742.5491363801 121.2539496732 -2000.0000000000
1742.5491363801 121.2539496732 -2000.0000000000
1742.5491363801 121.2539496732 -2000.0000000000
1742.5491363801 121.2539496732 -2000.0000000000
1742.5491363801 121.2539496732 -2000.0000000000
1742.5491363801 121.2539496732 -2000.0000000000
1742.5491363801 121.2539496732 -2000.0000000000
1704.7126841902 -728.0936312734 -718.9985731534
1704.7126841902 -728.0936312734 -2000.0000000000
1704.7126841902 -728.0936312734 -2000.0000000000
1704.7126841902 -728.0936312734 -2000.0000000000
1704.7126841902 -728.0936312734 -2000.0000000000
1704.7126841902 -728.0936312734 -2000.0000000000
1704.7126841902 -728.0936312734 -2000.0000000000
1704.7126841902 -728.0936312734 -2000.0000000000
-562.5410831343 -1260.4986809733 -951.8029094828
279.0324140987 -940.4656086104 466.9409003218
279.0324140987 -940.4656086104 -2000.0000000000
279.0324140987 -940.4656086104 -2000.0000000000
-642.9294655668 1893.0712306238 -1444.2535113070
-642.9294655668 1893.0712306238 -2000.0000000000
-642.9294655668 1893.0712306238 -2000.0000000000
-642.9294655668 1893.0712306238 -2000.0000000000
-642.9294655668 1893.0712306238 -2000.0000000000
1043.2205310917 -80.5779000446 -1436.2904614491
453.9585764031 -706.3585355532 1717.7864703199
453.9585764031 -706.3585355532 -2000.0000000000
1226.8998843913 -1301.6275420976 -1926.3465704455
1226.8998843913 -1301.6275420976 -2000.0000000000
1226.8998843913 -1301.6275420976 -2000.0000000000
1226.8998843913 -1301.6275420976 -2000.0000000000
1226.8998843913 -1301.6275420976 -2000.0000000000
1226.8998843913 -1301.6275420976 -2000.0000000000
1226.8998843913 -1301.6275420976 -2000.0000000000
1226.8998843913 -1301.6275420976 -2000.0000000000
-788.9741296145 818.6368431129 -1567.7990005098
-788.9741296145 818.6368431129 -2000.0000000000
-788.9741296145 818.6368431129 -2000.0000000000
-788.9741296145 818.6368431129 -2000.0000000000
-788.9741296145 818.6368431129 -2000.0000000000
-259.2929604164 1918.3540169730 -34.3760559966
-259.2929604164 1918.3540169730 -2000.0000000000
-375.0547764410 -415.1270728268 -561.2119977814
-375.0547764410 -415.1270728268 -2000.0000000000
-375.0547764410 -415.1270728268 -2000.0000000000
-375.0547764410 -415.1270728268 -2000.0000000000
-375.0547764410 -415.1270728268 -2000.0000000000
-375.0547764410 -415.1270728268 -2000.0000000000
-375.0547764410 -415.1270728268 -2000.0000000000
-1279.1347629110 -318.2352074893 -422.1254055130
-1279.1347629110 -318.2352074893 -2000.0000000000
-1279.1347629110 -318.2352074893 -2000.0000000000
1086.7253185756 -344.3319290012 -1757.7124802091
1086.7253185756 -344.3319290012 -2000.0000000000
1086.7253185756 -344.3319290012 -2000.0000000000
1086.7253185756 -344.3319290012 -2000.0000000000
1086.7253185756 -344.3319290012 -2000.0000000000
1086.7253185756 -344.3319290012 -2000.0000000000
434.8764612437 1210.2009521933 1887.2455938996
434.8764612437 1210.2009521933 -2000.0000000000
434.8764612437 1210.2009521933 -2000.0000000000
434.8764612437 1210.2009521933 -2000.0000000000
434.8764612437 1210.2009521933 -2000.0000000000
-151.5504125454 -843.9801721986 1283.7173007844
-151.5504125454 -843.9801721986 -2000.0000000000
1505.6342985011 1142.8065507036 -1430.3645481958
1505.6342985011 1142.8065507036 -2000.0000000000
-1667.2055968996 -688.0362733171 -248.7602027005
-1667.2055968996 -688.0362733171 -2000.0000000000
-1667.2055968996 -688.0362733171 -2000.0000000000
-1667.2055968996 -688.0362733171 -2000.0000000000
-1269.6354228497 -767.9728667827 -1569.7513344871
-333.3267460596 -1874.8208321352 -301.8574288142
-333.3267460596 -1874.8208321352 -2000.0000000000
-1598.1689784118 1460.7217109864 -1067.8972813949
-1598.1689784118 1460.7217109864 -2000.0000000000
-1598.1689784118 1460.7217109864 -2000.0000000000
-1598.1689784118 1460.7217109864 -2000.0000000000
-1354.4347707038 -1674.7703494148 -48.3519119450
-1354.4347707038 -1674.7703494148 -2000.0000000000
248.1395704553 -1157.9515917563 -1556.3918188296
248.1395704553 -1157.9515917563 -2000.0000000000
-1149.9470533122 -1350.2922146883 -722.4340013236
-1149.9470533122 -1350.2922146883 -2000.0000000000
-1149.9470533122 -1350.2922146883 -2000.0000000000
-1149.9470533122 -1350.2922146883 -2000.0000000000
-1149.9470533122 -1350.2922146883 -2000.0000000000
-1149.9470533122 -1350.2922146883 -2000.0000000000
-1149.9470533122 -1350.2922146883 -2000.0000000000
-1149.9470533122 -1350.2922146883 -2000.0000000000
-1149.9470533122 -1350.2922146883 -2000.0000000000
-106.0082335429 1697.2729528234 -96.8638870529
393.2195428251 1168.9572455810 -616.0772337526
393.2195428251 1168.9572455810 -2000.0000000000
393.2195428251 1168.9572455810 -2000.0000000000
393.2195428251 1168.9572455810 -2000.0000000000
-97.8709497747 -1628.4893014104 -143.0599389337
-1950.6712115062 -588.3336206271 537.7840157811
-1950.6712115062 -588.3336206271 -2000.0000000000
-1950.6712115062 -588.3336206271 -2000.0000000000
-1255.6013721690 1325.8695759517 -927.1351775732
-1255.6013721690 1325.8695759517 -2000.0000000000
-1720.9502470481 1378.0694997122 -297.2457117369
-1720.9502470481 1378.0694997122 -2000.0000000000
-1720.9502470481 1378.0694997122 -2000.0000000000
703.5500256115 -1599.6427076219 1546.3052687091
1156.8275036938 -945.1437788263 1150.4104775678
-1508.5499859870 846.8543894451 1804.7562466519
-1508.5499859870 846.8543894451 -2000.0000000000
-1508.5499859870 846.8543894451 -2000.0000000000
591.8227610695 -1664.6380376719 275.8753249416
591.8227610695 -1664.6380376719 -2000.0000000000
1953.2586001550 -403.1653908503 68.2141903493
571.2400410901 -414.0985523100 -1798.5389115874
571.2400410901 -414.0985523100 -2000.0000000000
571.2400410901 -414.0985523100 -2000.0000000000
571.2400410901 -414.0985523100 -2000.0000000000
571.2400410901 -414.0985523100 -2000.0000000000
571.2400410901 -414.0985523100 -2000.0000000000
-261.9443469842 -1289.1883931011 1433.3663712259
-261.9443469842 -1289.1883931011 -2000.0000000000
-261.9443469842 -1289.1883931011 -2000.0000000000
-261.9443469842 -1289.1883931011 -2000.0000000000
-261.9443469842 -1289.1883931011 -2000.0000000000
-261.9443469842 -1289.1883931011 -2000.0000000000
-261.9443469842 -1289.1883931011 -2000.0000000000
-261.9443469842 -1289.1883931011 -2000.0000000000
-261.9443469842 -1289.1883931011 -2000.0000000000
-261.9443469842 -1289.1883931011 -2000.0000000000
-261.9443469842 -1289.1883931011 -2000.0000000000
-261.9443469842 -1289.1883931011 -2000.0000000000
-261.9443469842 -1289.1883931011 -2000.0000000000
-261.9443469842 -1289.1883931011 -2000.0000000000
-261.9443469842 -1289.1883931011 -2000.0000000000
-261.9443469842 -1289.1883931011 -2000.0000000000
-1897.1865453272 1880.3361306588 -615.3280374081
-1897.1865453272 1880.3361306588 -2000.0000000000
-1897.1865453272 1880.3361306588 -2000.0000000000
-1897.1865453272 1880.3361306588 -2000.0000000000
-1897.1865453272 1880.3361306588 -2000.0000000000
-1897.1865453272 1880.3361306588 -2000.0000000000
-1897.1865453272 1880.3361306588 -2000.0000000000
-1897.1865453272 1880.3361306588 -2000.0000000000
-1897.1865453272 1880.3361306588 -2000.0000000000
53.0122422565 -842.9134859016 -41.6849981262
53.0122422565 -842.9134859016 -2000.0000000000
53.0122422565 -842.9134859016 -2000.0000000000
53.0122422565 -842.9134859016 -2000.0000000000
53.0122422565 -842.9134859016 -2000.0000000000
-382.2841615537 -1991.3745524927 1449.9832593882
444.6398281776 -1317.5533934886 -1738.2071221160
444.6398281776 -1317.5533934886 -2000.0000000000
444.6398281776 -1317.5533934886 -2000.0000000000
444.6398281776 -1317.5533934886 -2000.0000000000
456.9336705196 1018.8905589534 565.1530130698
456.9336705196 1018.8905589534 -2000.0000000000
456.9336705196 1018.8905589534 -2000.0000000000
456.9336705196 1018.8905589534 -2000.0000000000
275.9816355564 -1610.7169833310 1685.1642137107
275.9816355564 -1610.7169833310 -2000.0000000000
255.7561708644 -1526.5626122135 1640.4865125916
255.7561708644 -1526.5626122135 -2000.0000000000
-1259.8132157984 -834.3600132635 -921.0444950902
-1259.8132157984 -834.3600132635 -2000.0000000000
-1259.8132157984 -834.3600132635 -2000.0000000000
-1259.8132157984 -834.3600132635 -2000.0000000000
-1259.8132157984 -834.3600132635 -2000.0000000000
-1259.8132157984 -834.3600132635 -2000.0000000000
1584.2936769307 1180.6551337045 -1413.8148128750
1606.8094181346 1187.7343322209 -1192.0080315929
1606.8094181346 1187.7343322209 -2000.0000000000
1606.8094181346 1187.7343322209 -2000.0000000000
1606.8094181346 1187.7343322209 -2000.0000000000
1606.8094181346 1187.7343322209 -2000.0000000000
1606.8094181346 1187.7343322209 -2000.0000000000
1606.8094181346 1187.7343322209 -2000.0000000000
1606.8094181346 1187.7343322209 -2000.0000000000
1606.8094181346 1187.7343322209 -2000.0000000000
1606.8094181346 1187.7343322209 -2000.0000000000
-80.3570521168 1481.7127793801 694.8036025321
-373.9431828754 445.9357276301 213.1980067545
-373.9431828754 445.9357276301 -2000.0000000000
-373.9431828754 445.9357276301 -2000.0000000000
-749.7072132084 -1042.6883048357 -822.7086305893
1409.1634980024 -1186.8768211555 -805.0245531457
-452.0769437151 -1318.9518856607 -959.4997999476
-452.0769437151 -1318.9518856607 -2000.0000000000
-452.0769437151 -1318.9518856607 -2000.0000000000
-452.0769437151 -1318.9518856607 -2000.0000000000
-452.0769437151 -1318.9518856607 -2000.0000000000
-452.0769437151 -1318.9518856607 -2000.0000000000
-1518.8904175994 -1655.6997686336 -1322.8055709629
-1518.8904175994 -1655.6997686336 -2000.0000000000
-1518.8904175994 -1655.6997686336 -2000.0000000000
-1518.8904175994 -1655.6997686336 -2000.0000000000
-1518.8904175994 -1655.6997686336 -2000.0000000000
-1518.8904175994 -1655.6997686336 -2000.0000000000
960.4016403888 -534.7198220876 863.9876136092
960.4016403888 -534.7198220876 -2000.0000000000
287.4834743665 -1818.0224920575 -759.4600864009
-630.7304976708 1784.5094848069 -48.4952223180
-630.7304976708 1784.5094848069 -2000.0000000000
1227.5975419223 -428.9623362167 1714.7530838112
1227.5975419223 -428.9623362167 -2000.0000000000
1227.5975419223 -428.9623362167 -2000.0000000000
1227.5975419223 -428.9623362167 -2000.0000000000
804.7294482771 721.3146712856 -1431.9939567828
804.7294482771 721.3146712856 -2000.0000000000
804.7294482771 721.3146712856 -2000.0000000000
-1302.6536848629 1810.9653348235 1172.3101199110
-1302.6536848629 1810.9653348235 -2000.0000000000
-1302.6536848629 1810.9653348235 -2000.0000000000
219.1937236225 1163.8866778687 76.1503401791
1646.1044217090 1310.0134016449 -1042.1386083628
1561.1055077126 -581.0316633660 -1375.5554630684
1561.1055077126 -581.0316633660 -2000.0000000000
1561.1055077126 -581.0316633660 -2000.0000000000
1561.1055077126 -581.0316633660 -2000.0000000000
1561.1055077126 -581.0316633660 -2000.0000000000
1561.1055077126 -581.0316633660 -2000.0000000000
625.3574481723 1957.0563972261 71.6920249954
625.3574481723 1957.0563972261 -2000.0000000000
-510.5426412530 -1164.3397157902 1265.8845209145
-510.5426412530 -1164.3397157902 -2000.0000000000
1498.9311621169 -1800.2795742181 -462.0665198417
1498.9311621169 -1800.2795742181 -2000.0000000000
1498.9311621169 -1800.2795742181 -2000.0000000000
1498.9311621169 -1800.2795742181 -2000.0000000000
1498.9311621169 -1800.2795742181 -2000.0000000000
1498.9311621169 -1800.2795742181 -2000.0000000000
-1075.4160624043 -289.9525320485 1202.9403285302
-1075.4160624043 -289.9525320485 -2000.0000000000
-1075.4160624043 -289.9525320485 -2000.0000000000
-1075.4160624043 -289.9525320485 -2000.0000000000
-1399.5225073010 1661.0540097105 -1315.0998559126
-791.4793250017 1554.0904954492 346.6530574968
-791.4793250017 1554.0904954492 -2000.0000000000
-791.4793250017 1554.0904954492 -2000.0000000000
-791.4793250017 1554.0904954492 -2000.0000000000
-791.4793250017 1554.0904954492 -2000.0000000000
743.9293469669 862.8239362679 1285.0806846334
125.5414588615 879.5481499270 1838.1143569037
1445.1509459342 1835.3026511942 1926.9618361973
1445.1509459342 1835.3026511942 -2000.0000000000
-134.3325417686 -498.3431961952 1606.1295298071
-134.3325417686 -498.3431961952 -2000.0000000000
-134.3325417686 -498.3431961952 -2000.0000000000
-134.3325417686 -498.3431961952 -2000.0000000000
-134.3325417686 -498.3431961952 -2000.0000000000
-134.3325417686 -498.3431961952 -2000.0000000000
-134.3325417686 -498.3431961952 -2000.0000000000
-134.3325417686 -498.3431961952 -2000.0000000000
-522.9580498624 -1979.0679055025 1769.1297692968
-522.9580498624 -1979.0679055025 -2000.0000000000
-522.9580498624 -1979.0679055025 -2000.0000000000
-522.9580498624 -1979.0679055025 -2000.0000000000
-522.9580498624 -1979.0679055025 -2000.0000000000
-522.9580498624 -1979.0679055025 -2000.0000000000
-522.9580498624 -1979.0679055025 -2000.0000000000
-950.3465990635 1585.2383277246 -1962.8522466749
-950.3465990635 1585.2383277246 -2000.0000000000
-1293.1847597459 -521.9044282839 946.7017820239
-924.4890835791 -775.8348157525 -521.3908854591
-924.4890835791 -775.8348157525 -2000.0000000000
-924.4890835791 -775.8348157525 -2000.0000000000
1271.1200920090 318.2582787186 -1320.9022102098
1271.1200920090 318.2582787186 -2000.0000000000
1271.1200920090 318.2582787186 -2000.0000000000
1271.1200920090 318.2582787186 -2000.0000000000
1271.1200920090 318.2582787186 -2000.0000000000
1271.1200920090 318.2582787186 -2000.0000000000
1271.1200920090 318.2582787186 -2000.0000000000
837.5936874926 1466.7160689689 -1301.9159094114
815.8617004824 53.7031362074 1268.5478998776
1630.8062233640 -1450.9098149208 -469.1262293972
461.8595911641 579.5678143534 -1741.3662731264
299.1025364066 -1703.3783768020 -928.8488915052
299.1025364066 -1703.3783768020 -2000.0000000000
1666.1341418259 75.9983983202 416.2778085994
1666.1341418259 75.9983983202 -2000.0000000000
-1676.9184358466 493.3414004154 -1848.9763738499
-1676.9184358466 493.3414004154 -2000.0000000000
-184.1478807343 -733.7289950837 -281.4760160095
-184.1478807343 -733.7289950837 -2000.0000000000
-184.1478807343 -733.7289950837 -2000.0000000000
-184.1478807343 -733.7289950837 -2000.0000000000
-184.1478807343 -733.7289950837 -2000.0000000000
1476.4580290995 1873.8750882034 -1616.8038946368
1476.4580290995 1873.8750882034 -2000.0000000000
-1420.1258580799 1167.6015131411 1142.6848476490
-1420.1258580799 1167.6015131411 -2000.0000000000
117.6030246230 -1755.9860258422 -136.5584883587
-580.4467875569 -633.9538575762 1627.6789193601
1096.3438108296 -1962.2648664045 -258.8472962527
1096.3438108296 -1962.2648664045 -2000.0000000000
1096.3438108296 -1962.2648664045 -2000.0000000000
1096.3438108296 -1962.2648664045 -2000.0000000000
578.9310973188 -1327.3122166769 -1597.0848302841
578.9310973188 -1327.3122166769 -2000.0000000000
222.0340724179 15.0602087351 478.6011216258
-1655.5590685308 -1091.5846181399 122.1604427667
-1655.5590685308 -1091.5846181399 -2000.0000000000
-1033.3698718278 68.7217094372 757.3370562965
-1033.3698718278 68.7217094372 -2000.0000000000
-352.3550913424 -1520.4405265221 -1441.6504384148
-352.3550913424 -1520.4405265221 -2000.0000000000
-1876.8502543885 -63.2404697003 -712.4362155563
-657.3024715905 -1537.6868355821 1179.4295305042
-657.3024715905 -1537.6868355821 -2000.0000000000
-657.3024715905 -1537.6868355821 -2000.0000000000
-657.3024715905 -1537.6868355821 -2000.0000000000
-657.3024715905 -1537.6868355821 -2000.0000000000
-336.8702350415 -1411.6097678425 1343.5020489395
-336.8702350415 -1411.6097678425 -2000.0000000000
-336.8702350415 -1411.6097678425 -2000.0000000000
-336.8702350415 -1411.6097678425 -2000.0000000000
-336.8702350415 -1411.6097678425 -2000.0000000000
-336.8702350415 -1411.6097678425 -2000.0000000000
848.2002478971 1184.3337807303 1634.1643943279
-460.4836870041 66.8183916707 28.3300716107
-460.4836870041 66.8183916707 -2000.0000000000
-460.4836870041 66.8183916707 -2000.0000000000
-460.4836870041 66.8183916707 -2000.0000000000
-460.4836870041 66.8183916707 -2000.0000000000
1814.4838674347 -1268.1380959756 667.9229582519
1814.4838674347 -1268.1380959756 -2000.0000000000
1814.4838674347 -1268.1380959756 -2000.0000000000
-1126.6411131460 -951.8842630893 -1752.9349339864
505.6350782216 -214.8699302079 -1968.4788187559
505.6350782216 -214.8699302079 -2000.0000000000
505.6350782216 -214.8699302079 -2000.0000000000
505.6350782216 -214.8699302079 -2000.0000000000
505.6350782216 -214.8699302079 -2000.0000000000
505.6350782216 -214.8699302079 -2000.0000000000
505.6350782216 -214.8699302079 -2000.0000000000
505.6350782216 -214.8699302079 -2000.0000000000
849.8959896666 -1571.3386627715 565.3270094871
849.8959896666 -1571.3386627715 -2000.0000000000
849.8959896666 -1571.3386627715 -2000.0000000000
-1215.3315788103 1235.0769771751 1896.2475608872
-1215.3315788103 1235.0769771751 -2000.0000000000
-1215.3315788103 1235.0769771751 -2000.0000000000
721.7839612108 -1940.2383688599 -874.9103713334
-1942.8717955932 -1418.4002504427 -1937.5287770614
648.1831393084 1761.4844267584 -1496.6627925890
648.1831393084 1761.4844267584 -2000.0000000000
-688.2053455273 1144.7916982101 1128.8897723669
-688.2053455273 1144.7916982101 -2000.0000000000
-688.2053455273 1144.7916982101 -2000.0000000000
-688.2053455273 1144.7916982101 -2000.0000000000
-688.2053455273 1144.7916982101 -2000.0000000000
-688.2053455273 1144.7916982101 -2000.0000000000
158.5414354961 1830.6312943979 1686.5411698340
158.5414354961 1830.6312943979 -2000.0000000000
-733.3425478257 1003.8612387441 1575.8926721290
-733.3425478257 1003.8612387441 -2000.0000000000
-909.2216085803 1380.0020761269 1282.0652308524
-909.2216085803 1380.0020761269 -2000.0000000000
-1582.5437506685 539.5827947487 37.8339636767
-1582.5437506685 539.5827947487 -2000.0000000000
186.9650938576 1900.5598407004 -1491.0548000465
186.9650938576 1900.5598407004 -2000.0000000000
186.9650938576 1900.5598407004 -2000.0000000000
186.9650938576 1900.5598407004 -2000.0000000000
58.9211793100 239.7998173640 820.2890620401
58.9211793100 239.7998173640 -2000.0000000000
58.9211793100 239.7998173640 -2000.0000000000
58.9211793100 239.7998173640 -2000.0000000000
58.9211793100 239.7998173640 -2000.0000000000
-1916.8213216433 -570.0746005205 -1109.1689619156
-1916.8213216433 -570.0746005205 -2000.0000000000
-1315.8599080411 -1222.9462701031 -893.2381026337
-458.1555046722 1216.2750793778 419.6577305338
-458.1555046722 1216.2750793778 -2000.0000000000
-458.1555046722 1216.2750793778 -2000.0000000000
-458.1555046722 1216.2750793778 -2000.0000000000
-458.1555046722 1216.2750793778 -2000.0000000000
-458.1555046722 1216.2750793778 -2000.0000000000
1199.7897361859 588.2017125726 -1385.0246865617
-910.6998769934 -251.9367192047 676.6549190890
-910.6998769934 -251.9367192047 -2000.0000000000
-1444.8535898280 -1857.1635386604 1478.3128179147
-1444.8535898280 -1857.1635386604 -2000.0000000000
-1444.8535898280 -1857.1635386604 -2000.0000000000
-1444.8535898280 -1857.1635386604 -2000.0000000000
-1444.8535898280 -1857.1635386604 -2000.0000000000
-1444.8535898280 -1857.1635386604 -2000.0000000000
-1444.8535898280 -1857.1635386604 -2000.0000000000
-1444.8535898280 -1857.1635386604 -2000.0000000000
-1444.8535898280 -1857.1635386604 -2000.0000000000
-1444.8535898280 -1857.1635386604 -2000.0000000000
-1444.8535898280 -1857.1635386604 -2000.0000000000
-1444.8535898280 -1857.1635386604 -2000.0000000000
-1444.8535898280 -1857.1635386604 -2000.0000000000
-234.1329834688 1705.3788895979 1820.4241958470
-234.1329834688 1705.3788895979 -2000.0000000000
-234.1329834688 1705.3788895979 -2000.0000000000
574.5350016650 272.0879959456 931.5148838161
574.5350016650 272.0879959456 -2000.0000000000
574.5350016650 272.0879959456 -2000.0000000000
574.5350016650 272.0879959456 -2000.0000000000
574.5350016650 272.0879959456 -2000.0000000000
574.5350016650 272.0879959456 -2000.0000000000
574.5350016650 272.0879959456 -2000.0000000000
574.5350016650 272.0879959456 -2000.0000000000
-1054.7397801823 -1475.2960827294 -245.0012989658
-1054.7397801823 -1475.2960827294 -2000.0000000000
-1054.7397801823 -1475.2960827294 -2000.0000000000
-1054.7397801823 -1475.2960827294 -2000.0000000000
-1054.7397801823 -1475.2960827294 -2000.0000000000
634.1600305889 -151.7015954753 -1145.0491678596
634.1600305889 -151.7015954753 -2000.0000000000
634.1600305889 -151.7015954753 -2000.0000000000
634.1600305889 -151.7015954753 -2000.0000000000
634.1600305889 -151.7015954753 -2000.0000000000
634.1600305889 -151.7015954753 -2000.0000000000
634.1600305889 -151.7015954753 -2000.0000000000
634.1600305889 -151.7015954753 -2000.0000000000
1548.2499714432 -1258.2872938621 -1581.8865286088
1974.3490235631 739.9307614228 932.4376944702
1974.3490235631 739.9307614228 -2000.0000000000
1974.3490235631 739.9307614228 -2000.0000000000
1974.3490235631 739.9307614228 -2000.0000000000
1974.3490235631 739.9307614228 -2000.0000000000
1974.3490235631 739.9307614228 -2000.0000000000
-1105.5358661345 -146.3214329662 -1613.5044664423
-1105.5358661345 -146.3214329662 -2000.0000000000
-1105.5358661345 -146.3214329662 -2000.0000000000
1810.7989219951 1962.3950703294 -721.3454764690
402.3019035155 196.7417500839 -472.6804805957
402.3019035155 196.7417500839 -2000.0000000000
402.3019035155 196.7417500839 -2000.0000000000
402.3019035155 196.7417500839 -2000.0000000000
402.3019035155 196.7417500839 -2000.0000000000
402.3019035155 196.7417500839 -2000.0000000000
402.3019035155 196.7417500839 -2000.0000000000
402.3019035155 196.7417500839 -2000.0000000000
402.3019035155 196.7417500839 -2000.0000000000
402.3019035155 196.7417500839 -2000.0000000000
925.0640951789 408.2448866031 384.0901927771
1742.4636058015 -671.0043189288 365.0163071777
1942.9685316927 -213.8978778445 360.0168049701
1942.9685316927 -213.8978778445 -2000.0000000000
-1218.5951608806 -1864.1909505722 1545.2892720385
-1218.5951608806 -1864.1909505722 -2000.0000000000
-1666.8441525050 -1897.8579274605 -1437.2945531091
-1666.8441525050 -1897.8579274605 -2000.0000000000
-1666.8441525050 -1897.8579274605 -2000.0000000000
-1666.8441525050 -1897.8579274605 -2000.0000000000
-1666.8441525050 -1897.8579274605 -2000.0000000000
-1666.8441525050 -1897.8579274605 -2000.0000000000
-1666.8441525050 -1897.8579274605 -2000.0000000000
-1666.8441525050 -1897.8579274605 -2000.0000000000
-1666.8441525050 -1897.8579274605 -2000.0000000000
-428.4830451505 566.8033520598 -1078.4896909717
-428.4830451505 566.8033520598 -2000.0000000000
-428.4830451505 566.8033520598 -2000.0000000000
-428.4830451505 566.8033520598 -2000.0000000000
-428.4830451505 566.8033520598 -2000.0000000000
-428.4830451505 566.8033520598 -2000.0000000000
-428.4830451505 566.8033520598 -2000.0000000000
-1721.1554593547 870.5877586610 316.9931677530
-45.0025008192 66.4809969572 -760.8065515233
-45.0025008192 66.4809969572 -2000.0000000000
-1220.9810573779 -160.4306454038 804.5892019769
-1220.9810573779 -160.4306454038 -2000.0000000000
-1220.9810573779 -160.4306454038 -2000.0000000000
-1220.9810573779 -160.4306454038 -2000.0000000000
-1220.9810573779 -160.4306454038 -2000.0000000000
-1220.9810573779 -160.4306454038 -2000.0000000000
-1220.9810573779 -160.4306454038 -2000.0000000000
-1220.9810573779 -160.4306454038 -2000.0000000000
-1565.2918052460 -1170.3005042764 1271.1219307700
-1565.2918052460 -1170.3005042764 -2000.0000000000
-505.9721908075 470.4817334918 -955.4335445187
1468.6921144567 1880.4048011197 197.0879470152
1468.6921144567 1880.4048011197 -2000.0000000000
1468.6921144567 1880.4048011197 -2000.0000000000
1468.6921144567 1880.4048011197 -2000.0000000000
1468.6921144567 1880.4048011197 -2000.0000000000
1468.6921144567 1880.4048011197 -2000.0000000000
1468.6921144567 1880.4048011197 -2000.0000000000
1468.6921144567 1880.4048011197 -2000.0000000000
1468.6921144567 1880.4048011197 -2000.0000000000
1468.6921144567 1880.4048011197 -2000.0000000000
1468.6921144567 1880.4048011197 -2000.0000000000
1468.6921144567 1880.4048011197 -2000.0000000000
1468.6921144567 1880.4048011197 -2000.0000000000
1468.6921144567 1880.4048011197 -2000.0000000000
1468.6921144567 1880.4048011197 -2000.0000000000
1468.6921144567 1880.4048011197 -2000.0000000000
1468.6921144567 1880.4048011197 -2000.0000000000
1468.6921144567 1880.4048011197 -2000.0000000000
1468.6921144567 1880.4048011197 -2000.0000000000
1468.6921144567 1880.4048011197 -2000.0000000000
1468.6921144567 1880.4048011197 -2000.0000000000
1468.6921144567 1880.4048011197 -2000.0000000000
1468.6921144567 1880.4048011197 -2000.0000000000
-1109.8560423190 181.2605691024 -496.2920892280
-1109.8560423190 181.2605691024 -2000.0000000000
-1109.8560423190 181.2605691024 -2000.0000000000
237.4960853928 -384.3302240082 -139.4295543641
296.7184715793 -1688.1810696460 375.9991213610
296.7184715793 -1688.1810696460 -2000.0000000000
296.7184715793 -1688.1810696460 -2000.0000000000
296.7184715793 -1688.1810696460 -2000.0000000000
296.7184715793 -1688.1810696460 -2000.0000000000
296.7184715793 -1688.1810696460 -2000.0000000000
296.7184715793 -1688.1810696460 -2000.0000000000
-1443.6731483538 796.1843526043 -52.0890349265
-523.2248713834 511.0537367009 1957.2380967392
-1860.8770308053 -1675.9837753267 -144.5376114205
-377.9705374836 -859.4254010969 -1246.0548991079
-377.9705374836 -859.4254010969 -2000.0000000000
-793.9110016010 995.8999876998 1074.0069041447
-793.9110016010 995.8999876998 -2000.0000000000
-793.9110016010 995.8999876998 -2000.0000000000
1445.7462726681 1775.0948064105 -343.8639208436
-465.6307587091 797.8020154723 -208.2714964179
-1613.3014157029 931.9030616622 -278.9657569819
-1613.3014157029 931.9030616622 -2000.0000000000
-1613.3014157029 931.9030616622 -2000.0000000000
-1613.3014157029 931.9030616622 -2000.0000000000
-1613.3014157029 931.9030616622 -2000.0000000000
-168.4643385837 499.3041977481 755.3914102302
100.6136492633 -262.4189330903 1985.1266956065
100.6136492633 -262.4189330903 -2000.0000000000
100.6136492633 -262.4189330903 -2000.0000000000
100.6136492633 -262.4189330903 -2000.0000000000
100.6136492633 -262.4189330903 -2000.0000000000
100.6136492633 -262.4189330903 -2000.0000000000
100.6136492633 -262.4189330903 -2000.0000000000
100.6136492633 -262.4189330903 -2000.0000000000
100.6136492633 -262.4189330903 -2000.0000000000
100.6136492633 -262.4189330903 -2000.0000000000
193.8119940520 -1579.7031647646 714.4329969817
1472.1093414176 1346.1454979059 -493.8729465013
-1100.2474834008 266.9599294435 1839.0263691238
-378.2476501575 -1902.1088161451 -366.5198147686
-497.7938441519 -35.1194925212 -1321.5451045443
1564.9772494401 378.4805432784 -1512.6399650529
1564.9772494401 378.4805432784 -2000.0000000000
1564.9772494401 378.4805432784 -2000.0000000000
1564.9772494401 378.4805432784 -2000.0000000000
-955.5985343202 -1904.9395344646 625.3329067713
905.9145517868 434.8219595603 -1496.7981230358
905.9145517868 434.8219595603 -2000.0000000000
905.9145517868 434.8219595603 -2000.0000000000
-1618.8374274684 1903.6959901733 -808.7091234870
-1618.8374274684 1903.6959901733 -2000.0000000000
-1618.8374274684 1903.6959901733 -2000.0000000000
-107.1764794847 -39.9717527212 437.8201355436
-1344.5351168029 -1547.7501308085 -959.4859753250
-533.1396659611 715.6421089691 -981.7743841098
-533.1396659611 715.6421089691 -2000.0000000000
-533.1396659611 715.6421089691 -2000.0000000000
195.2813701982 -603.1701725581 973.9017814195
195.2813701982 -603.1701725581 -2000.0000000000
97.2527383553 -1609.1837919834 43.9569616405
97.2527383553 -1609.1837919834 -2000.0000000000
97.2527383553 -1609.1837919834 -2000.0000000000
97.2527383553 -1609.1837919834 -2000.0000000000
150.2536615791 -709.0081573595 -9.8391243842
150.2536615791 -709.0081573595 -2000.0000000000
79.6558306335 1241.2450608698 -888.7506569353
79.6558306335 1241.2450608698 -2000.0000000000
1659.9954654716 1598.0108306978 1458.3014064617
1659.9954654716 1598.0108306978 -2000.0000000000
1659.9954654716 1598.0108306978 -2000.0000000000
1659.9954654716 1598.0108306978 -2000.0000000000
1659.9954654716 1598.0108306978 -2000.0000000000
1659.9954654716 1598.0108306978 -2000.0000000000
1659.9954654716 1598.0108306978 -2000.0000000000
1279.0377037818 1417.8279429197 -1492.2029564627
1279.0377037818 1417.8279429197 -2000.0000000000
1279.0377037818 1417.8279429197 -2000.0000000000
1279.0377037818 1417.8279429197 -2000.0000000000
1279.0377037818 1417.8279429197 -2000.0000000000
1279.0377037818 1417.8279429197 -2000.0000000000
1279.0377037818 1417.8279429197 -2000.0000000000
1741.0315612864 -162.0006235465 903.5991741672
1508.1595413715 -126.9478232321 -719.8345623628
1742.9172834070 -1087.8248708969 217.1471525067
1742.9172834070 -1087.8248708969 -2000.0000000000
1742.9172834070 -1087.8248708969 -2000.0000000000
1742.9172834070 -1087.8248708969 -2000.0000000000
540.9941463025 -684.4208921672 -78.4085791998
540.9941463025 -684.4208921672 -2000.0000000000
-75.0925913990 -74.0973816475 -1263.7398355100
-75.0925913990 -74.0973816475 -2000.0000000000
-75.0925913990 -74.0973816475 -2000.0000000000
-75.0925913990 -74.0973816475 -2000.0000000000
-75.0925913990 -74.0973816475 -2000.0000000000
-75.0925913990 -74.0973816475 -2000.0000000000
-75.0925913990 -74.0973816475 -2000.0000000000
-75.0925913990 -74.0973816475 -2000.0000000000
-75.0925913990 -74.0973816475 -2000.0000000000
-584.8999004024 -261.4237063397 585.4675690273
1660.3579077375 216.9223330194 -838.5922394938
-1135.8921377708 1690.2061298809 -1671.7464630386
-547.1348729035 -825.5935452615 -279.3510843599
-547.1348729035 -825.5935452615 -2000.0000000000
-547.1348729035 -825.5935452615 -2000.0000000000
-547.1348729035 -825.5935452615 -2000.0000000000
-547.1348729035 -825.5935452615 -2000.0000000000
-547.1348729035 -825.5935452615 -2000.0000000000
-547.1348729035 -825.5935452615 -2000.0000000000
-547.1348729035 -825.5935452615 -2000.0000000000
-547.1348729035 -825.5935452615 -2000.0000000000
-547.1348729035 -825.5935452615 -2000.0000000000
-547.1348729035 -825.5935452615 -2000.0000000000
-547.1348729035 -825.5935452615 -2000.0000000000
-547.1348729035 -825.5935452615 -2000.0000000000
-547.1348729035 -825.5935452615 -2000.0000000000
-547.1348729035 -825.5935452615 -2000.0000000000
-547.1348729035 -825.5935452615 -2000.0000000000
-547.1348729035 -825.5935452615 -2000.0000000000
-547.1348729035 -825.5935452615 -2000.0000000000
-547.1348729035 -825.5935452615 -2000.0000000000
-1698.7976662409 622.2463478792 -426.2090927574
-1698.7976662409 622.2463478792 -2000.0000000000
1492.6124191532 -1116.6911719438 -1194.1290965159
1492.6124191532 -1116.6911719438 -2000.0000000000
1492.6124191532 -1116.6911719438 -2000.0000000000
-1818.2203512633 1926.9570929238 -1327.3878525488
-1818.2203512633 1926.9570929238 -2000.0000000000
-1818.2203512633 1926.9570929238 -2000.0000000000
-1818.2203512633 1926.9570929238 -2000.0000000000
-1818.2203512633 1926.9570929238 -2000.0000000000
-1818.2203512633 1926.9570929238 -2000.0000000000
-461.1546347832 1925.8247159108 -1536.4243036304
-461.1546347832 1925.8247159108 -2000.0000000000
-461.1546347832 1925.8247159108 -2000.0000000000
-461.1546347832 1925.8247159108 -2000.0000000000
-461.1546347832 1925.8247159108 -2000.0000000000
-928.7968539963 1778.7756475261 1963.0140119194
-928.7968539963 1778.7756475261 -2000.0000000000
-928.7968539963 1778.7756475261 -2000.0000000000
-928.7968539963 1778.7756475261 -2000.0000000000
-928.7968539963 1778.7756475261 -2000.0000000000
-928.7968539963 1778.7756475261 -2000.0000000000
-928.7968539963 1778.7756475261 -2000.0000000000
-928.7968539963 1778.7756475261 -2000.0000000000
-928.7968539963 1778.7756475261 -2000.0000000000
-928.7968539963 1778.7756475261 -2000.0000000000
1621.8913607932 -1632.0419856800 -1985.7421509646
1621.8913607932 -1632.0419856800 -2000.0000000000
1621.8913607932 -1632.0419856800 -2000.0000000000
1621.8913607932 -1632.0419856800 -2000.0000000000
1621.8913607932 -1632.0419856800 -2000.0000000000
1940.2214274214 -1300.2833321013 1654.3582728342
1165.0496890936 858.1741154660 312.0760700886
1165.0496890936 858.1741154660 -2000.0000000000
1165.0496890936 858.1741154660 -2000.0000000000
1165.0496890936 858.1741154660 -2000.0000000000
1165.0496890936 858.1741154660 -2000.0000000000
1165.0496890936 858.1741154660 -2000.0000000000
1165.0496890936 858.1741154660 -2000.0000000000
1165.0496890936 858.1741154660 -2000.0000000000
1165.0496890936 858.1741154660 -2000.0000000000
1165.0496890936 858.1741154660 -2000.0000000000
1165.0496890936 858.1741154660 -2000.0000000000
-503.1986957791 -331.4296494220 -818.4243364227
-503.1986957791 -331.4296494220 -2000.0000000000
-503.1986957791 -331.4296494220 -2000.0000000000
-503.1986957791 -331.4296494220 -2000.0000000000
-503.1986957791 -331.4296494220 -2000.0000000000
-503.1986957791 -331.4296494220 -2000.0000000000
-503.1986957791 -331.4296494220 -2000.0000000000
-503.1986957791 -331.4296494220 -2000.0000000000
1372.0635379948 610.3606593089 110.1203145536
1372.0635379948 610.3606593089 -2000.0000000000
-264.9781732891 369.0069399352 28.9367943334
-264.9781732891 369.0069399352 -2000.0000000000
-449.3339183360 1377.3248838954 -374.7037772004
-449.3339183360 1377.3248838954 -2000.0000000000
-449.3339183360 1377.3248838954 -2000.0000000000
-449.3339183360 1377.3248838954 -2000.0000000000
-449.3339183360 1377.3248838954 -2000.0000000000
-449.3339183360 1377.3248838954 -2000.0000000000
-449.3339183360 1377.3248838954 -2000.0000000000
-449.3339183360 1377.3248838954 -2000.0000000000
350.3599943225 345.9085310226 1191.1270271366
-106.7559760156 -669.5244473991 -730.0542126599
-106.7559760156 -669.5244473991 -2000.0000000000
-106.7559760156 -669.5244473991 -2000.0000000000
-368.4848580148 1610.2072097505 -1433.2854767765
-1823.7054571429 1157.1063463986 -172.0483895874
-1823.7054571429 1157.1063463986 -2000.0000000000
-1823.7054571429 1157.1063463986 -2000.0000000000
-1823.7054571429 1157.1063463986 -2000.0000000000
1206.3893594182 -128.5733682164 1736.7943910861
1559.3989206229 859.9994170049 140.3482998146
1559.3989206229 859.9994170049 -2000.0000000000
1559.3989206229 859.9994170049 -2000.0000000000
1559.3989206229 859.9994170049 -2000.0000000000
1559.3989206229 859.9994170049 -2000.0000000000
1559.3989206229 859.9994170049 -2000.0000000000
1559.3989206229 859.9994170049 -2000.0000000000
1559.3989206229 859.9994170049 -2000.0000000000
-788.4462280341 -292.3551251734 -1605.5125167572
-788.4462280341 -292.3551251734 -2000.0000000000
-788.4462280341 -292.3551251734 -2000.0000000000
-788.4462280341 -292.3551251734 -2000.0000000000
68.3712655403 473.7246951541 1875.1202344216
-714.1211181633 -1678.3621836342 1238.3425966869
1715.4846661746 -855.1918186117 -860.0674709276
-960.4926639271 1479.5342337620 -1322.8537866148
-960.4926639271 1479.5342337620 -2000.0000000000
1882.6189482449 -1443.2799792996 24.4070146939
1882.6189482449 -1443.2799792996 -2000.0000000000
1882.6189482449 -1443.2799792996 -2000.0000000000
-1818.5461453426 -151.0660232485 -1482.1306310541
-1818.5461453426 -151.0660232485 -2000.0000000000
-1818.5461453426 -151.0660232485 -2000.0000000000
-1818.5461453426 -151.0660232485 -2000.0000000000
-1818.5461453426 -151.0660232485 -2000.0000000000
-1818.5461453426 -151.0660232485 -2000.0000000000
-1818.5461453426 -151.0660232485 -2000.0000000000
1526.4440934384 1761.8107048753 1543.0432587602
1526.4440934384 1761.8107048753 -2000.0000000000
-1373.0319698666 1624.3388218430 -1711.6435240891
-1373.0319698666 1624.3388218430 -2000.0000000000
-1373.0319698666 1624.3388218430 -2000.0000000000
-1373.0319698666 1624.3388218430 -2000.0000000000
32.8624790184 -1596.1579989121 -1475.2375107674
32.8624790184 -1596.1579989121 -2000.0000000000
32.8624790184 -1596.1579989121 -2000.0000000000
32.8624790184 -1596.1579989121 -2000.0000000000
32.8624790184 -1596.1579989121 -2000.0000000000
32.8624790184 -1596.1579989121 -2000.0000000000
32.8624790184 -1596.1579989121 -2000.0000000000
32.8624790184 -1596.1579989121 -2000.0000000000
-508.7603567668 -442.0805837035 79.0672843692
-508.7603567668 -442.0805837035 -2000.0000000000
-508.7603567668 -442.0805837035 -2000.0000000000
-348.8202313971 186.1898466556 -1061.3692423738
1167.2690650076 -207.4868257892 -59.1251966365
1167.2690650076 -207.4868257892 -2000.0000000000
-1720.5481728641 -959.5270782191 1037.7609669035
483.9968865140 685.6603069893 308.3943434586
-875.1947452150 -1666.8004330940 -1232.0536903456
-875.1947452150 -1666.8004330940 -2000.0000000000
-875.1947452150 -1666.8004330940 -2000.0000000000
-875.1947452150 -1666.8004330940 -2000.0000000000
-875.1947452150 -1666.8004330940 -2000.0000000000
-875.1947452150 -1666.8004330940 -2000.0000000000
-875.1947452150 -1666.8004330940 -2000.0000000000
-875.1947452150 -1666.8004330940 -2000.0000000000
-1123.4549784390 316.4487793760 1685.1898558838
-36.6093789500 1395.2603550571 1763.6651462895
-36.6093789500 1395.2603550571 -2000.0000000000
-36.6093789500 1395.2603550571 -2000.0000000000
-36.6093789500 1395.2603550571 -2000.0000000000
-790.9844831847 -1593.7176713281 954.6790298629
-790.9844831847 -1593.7176713281 -2000.0000000000
1674.1074820441 -1197.2475919395 -717.4434381141
-885.6878850615 1302.0402160678 340.7993280294
-885.6878850615 1302.0402160678 -2000.0000000000
-885.6878850615 1302.0402160678 -2000.0000000000
-885.6878850615 1302.0402160678 -2000.0000000000
-885.6878850615 1302.0402160678 -2000.0000000000
-885.6878850615 1302.0402160678 -2000.0000000000
-885.6878850615 1302.0402160678 -2000.0000000000
-885.6878850615 1302.0402160678 -2000.0000000000
-885.6878850615 1302.0402160678 -2000.0000000000
-885.6878850615 1302.0402160678 -2000.0000000000
-885.6878850615 1302.0402160678 -2000.0000000000
-885.6878850615 1302.0402160678 -2000.0000000000
-885.6878850615 1302.0402160678 -2000.0000000000
1600.7511531962 965.6731618811 605.2480386681
1600.7511531962 965.6731618811 -2000.0000000000
1600.7511531962 965.6731618811 -2000.0000000000
-999.7597893734 -313.7402620323 -1890.4218900972
-999.7597893734 -313.7402620323 -2000.0000000000
479.9325052630 -809.0217980506 58.1002229230
-1828.9033273434 -1804.5673363783 -453.6833105040
-1828.9033273434 -1804.5673363783 -2000.0000000000
-1751.7528865341 1371.4642858344 635.9914552382
-1751.7528865341 1371.4642858344 -2000.0000000000
-1751.7528865341 1371.4642858344 -2000.0000000000
-1751.7528865341 1371.4642858344 -2000.0000000000
-154.1482674133 1108.7682224343 891.1404875449
-154.1482674133 1108.7682224343 -2000.0000000000
-154.1482674133 1108.7682224343 -2000.0000000000
-154.1482674133 1108.7682224343 -2000.0000000000
1105.2412893148 -1383.8332961042 -1536.8342511902
1379.5420000433 -41.0127962741 -593.5836449072
1379.5420000433 -41.0127962741 -2000.0000000000
-920.9821820710 1909.5259380125 1995.7500215856
-920.9821820710 1909.5259380125 -2000.0000000000
-920.9821820710 1909.5259380125 -2000.0000000000
415.6220631646 922.3912319170 -995.1891455118
-33.7041945967 1395.4153845658 1903.6359091135
-1155.0157216216 -486.3615293810 -667.0503741038
-1155.0157216216 -486.3615293810 -2000.0000000000
-1155.0157216216 -486.3615293810 -2000.0000000000
-1155.0157216216 -486.3615293810 -2000.0000000000
-1155.0157216216 -486.3615293810 -2000.0000000000
1016.4272932892 -127.1752442432 1587.7203282175
1016.4272932892 -127.1752442432 -2000.0000000000
1016.4272932892 -127.1752442432 -2000.0000000000
1016.4272932892 -127.1752442432 -2000.0000000000
1027.7541680528 -752.9176984078 1221.3373122155
1027.7541680528 -752.9176984078 -2000.0000000000
1027.7541680528 -752.9176984078 -2000.0000000000
943.9910740566 -1376.8544968434 -929.8991479398
943.9910740566 -1376.8544968434 -2000.0000000000
1651.0087663412 1111.9957992051 -90.4990101928
1651.0087663412 1111.9957992051 -2000.0000000000
1651.0087663412 1111.9957992051 -2000.0000000000
1651.0087663412 1111.9957992051 -2000.0000000000
1651.0087663412 1111.9957992051 -2000.0000000000
1509.5066419589 1532.7307888290 1461.6539170465
1509.5066419589 1532.7307888290 -2000.0000000000
1509.5066419589 1532.7307888290 -2000.0000000000
1509.5066419589 1532.7307888290 -2000.0000000000
-1854.5810993375 1889.7813547569 995.9436476919
-118.8151178765 1209.9936756458 571.9141742231
-5.3295627733 9.1470015420 -1440.1059805238
-5.3295627733 9.1470015420 -2000.0000000000
-5.3295627733 9.1470015420 -2000.0000000000
-5.3295627733 9.1470015420 -2000.0000000000
1907.8043420782 -172.0687429825 571.0927731229
1907.8043420782 -172.0687429825 -2000.0000000000
1907.8043420782 -172.0687429825 -2000.0000000000
1907.8043420782 -172.0687429825 -2000.0000000000
1907.8043420782 -172.0687429825 -2000.0000000000
1907.8043420782 -172.0687429825 -2000.0000000000
1907.8043420782 -172.0687429825 -2000.0000000000
1907.8043420782 -172.0687429825 -2000.0000000000
1907.8043420782 -172.0687429825 -2000.0000000000
1907.8043420782 -172.0687429825 -2000.0000000000
1907.8043420782 -172.0687429825 -2000.0000000000
-368.1971093746 -186.7382133807 479.5848547081
-368.1971093746 -186.7382133807 -2000.0000000000
-368.1971093746 -186.7382133807 -2000.0000000000
-368.1971093746 -186.7382133807 -2000.0000000000
-368.1971093746 -186.7382133807 -2000.0000000000
-368.1971093746 -186.7382133807 -2000.0000000000
-368.1971093746 -186.7382133807 -2000.0000000000
-368.1971093746 -186.7382133807 -2000.0000000000
-969.6921527708 921.3160841307 -1117.9459251254
-969.6921527708 921.3160841307 -2000.0000000000
-969.6921527708 921.3160841307 -2000.0000000000
-969.6921527708 921.3160841307 -2000.0000000000
-969.6921527708 921.3160841307 -2000.0000000000
-969.6921527708 921.3160841307 -2000.0000000000
-969.6921527708 921.3160841307 -2000.0000000000
-969.6921527708 921.3160841307 -2000.0000000000
-969.6921527708 921.3160841307 -2000.0000000000
-969.6921527708 921.3160841307 -2000.0000000000
-969.6921527708 921.3160841307 -2000.0000000000
-969.6921527708 921.3160841307 -2000.0000000000
-969.6921527708 921.3160841307 -2000.0000000000
-969.6921527708 921.3160841307 -2000.0000000000
-969.6921527708 921.3160841307 -2000.0000000000
-969.6921527708 921.3160841307 -2000.0000000000
-969.6921527708 921.3160841307 -2000.0000000000
-969.6921527708 921.3160841307 -2000.0000000000
-969.6921527708 921.3160841307 -2000.0000000000
-969.6921527708 921.3160841307 -2000.0000000000
-1847.9676260599 1382.6344357850 51.5723850102
853.9643850750 581.7425305041 -435.6754055478
853.9643850750 581.7425305041 -2000.0000000000
776.7871274002 278.1003365115 -1910.2072450632
776.7871274002 278.1003365115 -2000.0000000000
776.7871274002 278.1003365115 -2000.0000000000
-1547.3469776228 -900.6877934997 1297.0026533814
1755.0786808440 395.5837231590 -1248.3720711074
1755.0786808440 395.5837231590 -2000.0000000000
1661.0476289936 -1478.0005357889 641.9255085718
1661.0476289936 -1478.0005357889 -2000.0000000000
-200.6668739440 400.2072940585 -1785.0154107054
-1720.9721129016 -83.1301628494 1915.4479850915
-1720.9721129016 -83.1301628494 -2000.0000000000
-1720.9721129016 -83.1301628494 -2000.0000000000
-1720.9721129016 -83.1301628494 -2000.0000000000
-1720.9721129016 -83.1301628494 -2000.0000000000
-1720.9721129016 -83.1301628494 -2000.0000000000
-1720.9721129016 -83.1301628494 -2000.0000000000
383.2882335287 600.6134086636 1830.1146798831
1370.8987688667 -978.8830231645 -813.0364103450
1370.8987688667 -978.8830231645 -2000.0000000000
1605.3542541325 -1978.2700179454 -1871.9445764010
1605.3542541325 -1978.2700179454 -2000.0000000000
1324.6059178784 -1739.0824878175 -1829.2814297727
