-272.5106966466 1150.5505389111 -1208.6693450773
-272.5106966466 1150.5505389111 -2000.0000000000
1757.8606606454 994.3123905414 -514.1455224424
1126.5198176091 -34.9164718806 1481.7374928826
1126.5198176091 -34.9164718806 -2000.0000000000
966.6119165545 -1491.8169740905 -545.5204758665
-287.7012787400 -1160.4461536447 8.8708962445
-287.7012787400 -1160.4461536447 -2000.0000000000
-287.7012787400 -1160.4461536447 -2000.0000000000
1622.5075343904 -1876.8149115535 1445.5072473369
763.2144662628 -118.0002464168 274.7470415427
-1294.7510581447 1188.6761027861 1444.2451718451
-1294.7510581447 1188.6761027861 -2000.0000000000
-1294.7510581447 1188.6761027861 -2000.0000000000
-1294.7510581447 1188.6761027861 -2000.0000000000
-1294.7510581447 1188.6761027861 -2000.0000000000
-1294.7510581447 1188.6761027861 -2000.0000000000
-1294.7510581447 1188.6761027861 -2000.0000000000
1492.3648478832 -1084.0863919408 609.1970725181
1492.3648478832 -1084.0863919408 -2000.0000000000
1492.3648478832 -1084.0863919408 -2000.0000000000
1492.3648478832 -1084.0863919408 -2000.0000000000
-850.9659883477 781.4396639746 418.8728775921
-850.9659883477 781.4396639746 -2000.0000000000
-850.9659883477 781.4396639746 -2000.0000000000
1180.7946473208 213.6377852996 360.2367907946
1180.7946473208 213.6377852996 -2000.0000000000
-1504.5946037263 -402.1555852691 896.0623639964
182.9818559142 -1551.4002328106 -1090.0845492903
182.9818559142 -1551.4002328106 -2000.0000000000
182.9818559142 -1551.4002328106 -2000.0000000000
182.9818559142 -1551.4002328106 -2000.0000000000
1583.0802396535 -1655.5797633789 968.4590601963
1583.0802396535 -1655.5797633789 -2000.0000000000
1583.0802396535 -1655.5797633789 -2000.0000000000
-734.8662266210 1675.5253193406 -1031.9092935097
-671.2753789081 1315.8485606137 489.2010244762
562.2969891586 1711.4895664143 -1324.3339696304
562.2969891586 1711.4895664143 -2000.0000000000
1780.3974469235 2.7194096920 -849.6429854741
1780.3974469235 2.7194096920 -2000.0000000000
1581.6280471764 -691.5149938124 -1406.7844923729
1581.6280471764 -691.5149938124 -2000.0000000000
-1993.9894194726 -1192.0340252087 762.1572381080
-1993.9894194726 -1192.0340252087 -2000.0000000000
-1993.9894194726 -1192.0340252087 -2000.0000000000
-1993.9894194726 -1192.0340252087 -2000.0000000000
-1993.9894194726 -1192.0340252087 -2000.0000000000
-572.9118874178 -561.9730570909 -1015.0122743561
358.7131469400 1053.8665250314 -1336.8931283593
358.7131469400 1053.8665250314 -2000.0000000000
358.7131469400 1053.8665250314 -2000.0000000000
358.7131469400 1053.8665250314 -2000.0000000000
358.7131469400 1053.8665250314 -2000.0000000000
-137.5782262955 1434.9330762337 728.1240422550
-137.5782262955 1434.9330762337 -2000.0000000000
-137.5782262955 1434.9330762337 -2000.0000000000
-137.5782262955 1434.9330762337 -2000.0000000000
-137.5782262955 1434.9330762337 -2000.0000000000
856.4576029148 -1215.2790682307 983.7775888965
856.4576029148 -1215.2790682307 -2000.0000000000
856.4576029148 -1215.2790682307 -2000.0000000000
-500.7460269148 -928.3995180441 -712.4137470904
-500.7460269148 -928.3995180441 -2000.0000000000
-500.7460269148 -928.3995180441 -2000.0000000000
-500.7460269148 -928.3995180441 -2000.0000000000
-500.7460269148 -928.3995180441 -2000.0000000000
-500.7460269148 -928.3995180441 -2000.0000000000
-500.7460269148 -928.3995180441 -2000.0000000000
-500.7460269148 -928.3995180441 -2000.0000000000
-500.7460269148 -928.3995180441 -2000.0000000000
-460.9645794476 -1822.4876924483 1632.0286454096
-460.9645794476 -1822.4876924483 -2000.0000000000
-1115.1563734561 -175.2752094429 616.4795860431
-1493.0713719464 -397.2026470788 -1743.9961869910
-1493.0713719464 -397.2026470788 -2000.0000000000
-1493.0713719464 -397.2026470788 -2000.0000000000
310.0688373762 -898.1329837675 -892.7215338215
310.0688373762 -898.1329837675 -2000.0000000000
310.0688373762 -898.1329837675 -2000.0000000000
310.0688373762 -898.1329837675 -2000.0000000000
310.0688373762 -898.1329837675 -2000.0000000000
310.0688373762 -898.1329837675 -2000.0000000000
310.0688373762 -898.1329837675 -2000.0000000000
310.0688373762 -898.1329837675 -2000.0000000000
-449.5551201402 -943.2846396723 -205.9028711497
-449.5551201402 -943.2846396723 -2000.0000000000
-449.5551201402 -943.2846396723 -2000.0000000000
-1664.2104865002 -223.9418055397 -1119.8925366670
-1664.2104865002 -223.9418055397 -2000.0000000000
-605.4811121125 -176.6856437233 1855.0298673106
1453.0283584206 -287.4304656342 -412.2477551287
1341.2356277782 -131.3150105317 55.0866345184
1341.2356277782 -131.3150105317 -2000.0000000000
1341.2356277782 -131.3150105317 -2000.0000000000
1341.2356277782 -131.3150105317 -2000.0000000000
1341.2356277782 -131.3150105317 -2000.0000000000
1341.2356277782 -131.3150105317 -2000.0000000000
1341.2356277782 -131.3150105317 -2000.0000000000
1341.2356277782 -131.3150105317 -2000.0000000000
-725.2380198657 -1065.0131882190 -1550.0388506429
-725.2380198657 -1065.0131882190 -2000.0000000000
-1625.8077007692 -1240.4114135272 -1953.7090889600
515.4624187635 -1796.8858357473 -5.6424442168
515.4624187635 -1796.8858357473 -2000.0000000000
515.4624187635 -1796.8858357473 -2000.0000000000
515.4624187635 -1796.8858357473 -2000.0000000000
515.4624187635 -1796.8858357473 -2000.0000000000
515.4624187635 -1796.8858357473 -2000.0000000000
515.4624187635 -1796.8858357473 -2000.0000000000
515.4624187635 -1796.8858357473 -2000.0000000000
515.4624187635 -1796.8858357473 -2000.0000000000
515.4624187635 -1796.8858357473 -2000.0000000000
515.4624187635 -1796.8858357473 -2000.0000000000
515.4624187635 -1796.8858357473 -2000.0000000000
885.9968632909 -338.9249998170 756.4501062351
490.1060996610 -529.6204071444 223.0546219130
490.1060996610 -529.6204071444 -2000.0000000000
490.1060996610 -529.6204071444 -2000.0000000000
-431.3219498326 76.5156713081 -1618.1158365121
-431.3219498326 76.5156713081 -2000.0000000000
-431.3219498326 76.5156713081 -2000.0000000000
-431.3219498326 76.5156713081 -2000.0000000000
-431.3219498326 76.5156713081 -2000.0000000000
-670.5153446225 1837.1067145810 115.0718929318
-670.5153446225 1837.1067145810 -2000.0000000000
-670.5153446225 1837.1067145810 -2000.0000000000
-670.5153446225 1837.1067145810 -2000.0000000000
-670.5153446225 1837.1067145810 -2000.0000000000
-670.5153446225 1837.1067145810 -2000.0000000000
-670.5153446225 1837.1067145810 -2000.0000000000
-1867.6145741434 -690.9371737138 -797.9251092594
-1632.9925787260 -766.2132229045 -972.3567403950
1157.3716978686 -690.4551782900 267.1526917900
1882.8599596763 -1566.8485039994 -1873.8833976541
1882.8599596763 -1566.8485039994 -2000.0000000000
1882.8599596763 -1566.8485039994 -2000.0000000000
1923.8522356072 320.4947434707 -132.6105963284
1923.8522356072 320.4947434707 -2000.0000000000
123.9012047435 -1341.9492206529 -977.7569806940
123.9012047435 -1341.9492206529 -2000.0000000000
123.9012047435 -1341.9492206529 -2000.0000000000
123.9012047435 -1341.9492206529 -2000.0000000000
123.9012047435 -1341.9492206529 -2000.0000000000
123.9012047435 -1341.9492206529 -2000.0000000000
123.9012047435 -1341.9492206529 -2000.0000000000
123.9012047435 -1341.9492206529 -2000.0000000000
123.9012047435 -1341.9492206529 -2000.0000000000
1338.0100366592 -622.8036170204 -1859.2333128190
-1016.7415776330 -58.0280571204 -244.6971889563
-1016.7415776330 -58.0280571204 -2000.0000000000
-1016.7415776330 -58.0280571204 -2000.0000000000
-1016.7415776330 -58.0280571204 -2000.0000000000
-1864.6547567977 -1379.7263060135 604.7364633006
-1283.4369003276 1003.6755460400 -667.9734963618
-1283.4369003276 1003.6755460400 -2000.0000000000
-648.2863050241 358.3679134684 -188.8174260684
-648.2863050241 358.3679134684 -2000.0000000000
-648.2863050241 358.3679134684 -2000.0000000000
-648.2863050241 358.3679134684 -2000.0000000000
-648.2863050241 358.3679134684 -2000.0000000000
-648.2863050241 358.3679134684 -2000.0000000000
-648.2863050241 358.3679134684 -2000.0000000000
-648.2863050241 358.3679134684 -2000.0000000000
-648.2863050241 358.3679134684 -2000.0000000000
-648.2863050241 358.3679134684 -2000.0000000000
-648.2863050241 358.3679134684 -2000.0000000000
-648.2863050241 358.3679134684 -2000.0000000000
-648.2863050241 358.3679134684 -2000.0000000000
-648.2863050241 358.3679134684 -2000.0000000000
-648.2863050241 358.3679134684 -2000.0000000000
-648.2863050241 358.3679134684 -2000.0000000000
-648.2863050241 358.3679134684 -2000.0000000000
-648.2863050241 358.3679134684 -2000.0000000000
-648.2863050241 358.3679134684 -2000.0000000000
-648.2863050241 358.3679134684 -2000.0000000000
-648.2863050241 358.3679134684 -2000.0000000000
-648.2863050241 358.3679134684 -2000.0000000000
-648.2863050241 358.3679134684 -2000.0000000000
-648.2863050241 358.3679134684 -2000.0000000000
-648.2863050241 358.3679134684 -2000.0000000000
-648.2863050241 358.3679134684 -2000.0000000000
1401.7629360262 -1034.6744904268 1049.7715865557
1401.7629360262 -1034.6744904268 -2000.0000000000
-1261.7757759625 1098.6772583453 -1532.4761857036
-1542.1067893296 -1636.2882185101 -968.0915636996
-1542.1067893296 -1636.2882185101 -2000.0000000000
-1542.1067893296 -1636.2882185101 -2000.0000000000
-1542.1067893296 -1636.2882185101 -2000.0000000000
-1881.2053725450 522.4919122756 -364.5620495039
-1881.2053725450 522.4919122756 -2000.0000000000
1705.9218141828 -817.2871779602 146.8377274511
-915.4192583376 -800.7714897027 -996.3430296223
-915.4192583376 -800.7714897027 -2000.0000000000
-915.4192583376 -800.7714897027 -2000.0000000000
-615.5702029104 951.5516612313 -438.4629559559
-615.5702029104 951.5516612313 -2000.0000000000
-615.5702029104 951.5516612313 -2000.0000000000
-615.5702029104 951.5516612313 -2000.0000000000
412.8504152544 -1429.7251740472 -1571.2918395181
412.8504152544 -1429.7251740472 -2000.0000000000
412.8504152544 -1429.7251740472 -2000.0000000000
412.8504152544 -1429.7251740472 -2000.0000000000
412.8504152544 -1429.7251740472 -2000.0000000000
412.8504152544 -1429.7251740472 -2000.0000000000
-1329.4938500647 -1395.5186678508 -1863.8289424651
-1177.3202577844 969.0334426354 -470.3713801807
-1177.3202577844 969.0334426354 -2000.0000000000
-1177.3202577844 969.0334426354 -2000.0000000000
-590.3616321999 975.7411835244 15.9598983452
-590.3616321999 975.7411835244 -2000.0000000000
-590.3616321999 975.7411835244 -2000.0000000000
-36.0978921477 375.9244572204 -1677.0573492449
-36.0978921477 375.9244572204 -2000.0000000000
1796.7032917161 236.9758270892 -1511.2450741040
1796.7032917161 236.9758270892 -2000.0000000000
1796.7032917161 236.9758270892 -2000.0000000000
1796.7032917161 236.9758270892 -2000.0000000000
1796.7032917161 236.9758270892 -2000.0000000000
1796.7032917161 236.9758270892 -2000.0000000000
1796.7032917161 236.9758270892 -2000.0000000000
1796.7032917161 236.9758270892 -2000.0000000000
1796.7032917161 236.9758270892 -2000.0000000000
1796.7032917161 236.9758270892 -2000.0000000000
1796.7032917161 236.9758270892 -2000.0000000000
1796.7032917161 236.9758270892 -2000.0000000000
1796.7032917161 236.9758270892 -2000.0000000000
1796.7032917161 236.9758270892 -2000.0000000000
1796.7032917161 236.9758270892 -2000.0000000000
1796.7032917161 236.9758270892 -2000.0000000000
1796.7032917161 236.9758270892 -2000.0000000000
1796.7032917161 236.9758270892 -2000.0000000000
1796.7032917161 236.9758270892 -2000.0000000000
1796.7032917161 236.9758270892 -2000.0000000000
1796.7032917161 236.9758270892 -2000.0000000000
1796.7032917161 236.9758270892 -2000.0000000000
1796.7032917161 236.9758270892 -2000.0000000000
-1585.5716597454 1433.1732707962 -412.6758242398
-1585.5716597454 1433.1732707962 -2000.0000000000
-1585.5716597454 1433.1732707962 -2000.0000000000
-1585.5716597454 1433.1732707962 -2000.0000000000
1872.0929735553 -1189.9098534316 769.9793407606
1168.3649666126 -945.6270783372 1654.7300823630
1168.3649666126 -945.6270783372 -2000.0000000000
1168.3649666126 -945.6270783372 -2000.0000000000
1168.3649666126 -945.6270783372 -2000.0000000000
-1255.3324145539 1098.6367187291 222.0335717033
-1255.3324145539 1098.6367187291 -2000.0000000000
-1255.3324145539 1098.6367187291 -2000.0000000000
-1255.3324145539 1098.6367187291 -2000.0000000000
-1255.3324145539 1098.6367187291 -2000.0000000000
-1255.3324145539 1098.6367187291 -2000.0000000000
-1255.3324145539 1098.6367187291 -2000.0000000000
-1255.3324145539 1098.6367187291 -2000.0000000000
-1255.3324145539 1098.6367187291 -2000.0000000000
-1255.3324145539 1098.6367187291 -2000.0000000000
-1255.3324145539 1098.6367187291 -2000.0000000000
1566.9524304190 -1334.5668904570 -1343.8869603161
1566.9524304190 -1334.5668904570 -2000.0000000000
1566.9524304190 -1334.5668904570 -2000.0000000000
1566.9524304190 -1334.5668904570 -2000.0000000000
1566.9524304190 -1334.5668904570 -2000.0000000000
1566.9524304190 -1334.5668904570 -2000.0000000000
1721.8957288068 -55.7791577511 -1691.6079888970
111.7631608400 -731.9106110012 -340.2197162033
1788.7144705120 126.5962371199 -416.3151213376
1788.7144705120 126.5962371199 -2000.0000000000
1788.7144705120 126.5962371199 -2000.0000000000
1800.4680755557 1707.1608017126 1247.7645492369
1800.4680755557 1707.1608017126 -2000.0000000000
1800.4680755557 1707.1608017126 -2000.0000000000
1800.4680755557 1707.1608017126 -2000.0000000000
1800.4680755557 1707.1608017126 -2000.0000000000
-1960.4068106626 -1329.0134511965 1827.3032176451
1307.2095937152 7.9857507659 1056.2379669795
-413.1450166894 22.7616413855 -1039.2818826850
695.1632536326 41.6151717614 -1775.6116290293
695.1632536326 41.6151717614 -2000.0000000000
695.1632536326 41.6151717614 -2000.0000000000
695.1632536326 41.6151717614 -2000.0000000000
695.1632536326 41.6151717614 -2000.0000000000
695.1632536326 41.6151717614 -2000.0000000000
695.1632536326 41.6151717614 -2000.0000000000
695.1632536326 41.6151717614 -2000.0000000000
-976.8356956614 -570.9307199031 1616.4965604149
-976.8356956614 -570.9307199031 -2000.0000000000
-976.8356956614 -570.9307199031 -2000.0000000000
-976.8356956614 -570.9307199031 -2000.0000000000
-976.8356956614 -570.9307199031 -2000.0000000000
-976.8356956614 -570.9307199031 -2000.0000000000
1404.0417182900 -363.4699001164 909.3954890074
1404.0417182900 -363.4699001164 -2000.0000000000
1404.0417182900 -363.4699001164 -2000.0000000000
1404.0417182900 -363.4699001164 -2000.0000000000
1404.0417182900 -363.4699001164 -2000.0000000000
1404.0417182900 -363.4699001164 -2000.0000000000
1404.0417182900 -363.4699001164 -2000.0000000000
1404.0417182900 -363.4699001164 -2000.0000000000
1404.0417182900 -363.4699001164 -2000.0000000000
1404.0417182900 -363.4699001164 -2000.0000000000
1404.0417182900 -363.4699001164 -2000.0000000000
1404.0417182900 -363.4699001164 -2000.0000000000
1404.0417182900 -363.4699001164 -2000.0000000000
1404.0417182900 -363.4699001164 -2000.0000000000
1404.0417182900 -363.4699001164 -2000.0000000000
1404.0417182900 -363.4699001164 -2000.0000000000
1404.0417182900 -363.4699001164 -2000.0000000000
1404.0417182900 -363.4699001164 -2000.0000000000
1404.0417182900 -363.4699001164 -2000.0000000000
1404.0417182900 -363.4699001164 -2000.0000000000
1404.0417182900 -363.4699001164 -2000.0000000000
1404.0417182900 -363.4699001164 -2000.0000000000
1404.0417182900 -363.4699001164 -2000.0000000000
1404.0417182900 -363.4699001164 -2000.0000000000
1404.0417182900 -363.4699001164 -2000.0000000000
-926.2600898015 -935.3574331837 429.7921834913
-926.2600898015 -935.3574331837 -2000.0000000000
-273.8890276922 214.7154691821 1746.7086678096
-273.8890276922 214.7154691821 -2000.0000000000
1369.3906083337 568.2952712959 -944.2112766379
1369.3906083337 568.2952712959 -2000.0000000000
1369.3906083337 568.2952712959 -2000.0000000000
1369.3906083337 568.2952712959 -2000.0000000000
1369.3906083337 568.2952712959 -2000.0000000000
1369.3906083337 568.2952712959 -2000.0000000000
1369.3906083337 568.2952712959 -2000.0000000000
1369.3906083337 568.2952712959 -2000.0000000000
927.4707226090 -1763.8042464818 1454.6830592860
927.4707226090 -1763.8042464818 -2000.0000000000
1493.1260039095 316.9559145280 -503.5022767191
1493.1260039095 316.9559145280 -2000.0000000000
1346.0284566918 -1640.9928236949 -1310.7513116471
1873.5023770584 440.0229472375 -683.4790577974
1873.5023770584 440.0229472375 -2000.0000000000
1873.5023770584 440.0229472375 -2000.0000000000
1873.5023770584 440.0229472375 -2000.0000000000
400.0261274759 536.0226278112 1896.7192077787
-1158.1412055265 1600.5819854657 -1989.8938698803
-1927.7156291398 -1979.4639083627 570.3030488249
-1927.7156291398 -1979.4639083627 -2000.0000000000
103.6973287418 669.0070169367 1766.6098934317
-221.3582715416 -948.7165343508 893.9459783187
-221.3582715416 -948.7165343508 -2000.0000000000
-1257.3095130653 -1170.0678589563 1698.4789155255
-1257.3095130653 -1170.0678589563 -2000.0000000000
-1257.3095130653 -1170.0678589563 -2000.0000000000
-1086.1070740894 -1844.9206712677 1134.1262247987
-1086.1070740894 -1844.9206712677 -2000.0000000000
-1086.1070740894 -1844.9206712677 -2000.0000000000
-1086.1070740894 -1844.9206712677 -2000.0000000000
-1086.1070740894 -1844.9206712677 -2000.0000000000
-1086.1070740894 -1844.9206712677 -2000.0000000000
-1086.1070740894 -1844.9206712677 -2000.0000000000
-1086.1070740894 -1844.9206712677 -2000.0000000000
-372.4821973106 -296.1498853806 1825.1295620676
-372.4821973106 -296.1498853806 -2000.0000000000
-1197.6657723106 -1742.2421873350 -180.5889671904
946.3300221823 1494.2858950975 1321.2556990070
946.3300221823 1494.2858950975 -2000.0000000000
946.3300221823 1494.2858950975 -2000.0000000000
-288.3142534677 312.4824132087 -1431.2499986567
-1842.3633576840 782.1723653644 -1657.3354910523
-1991.6395667427 1966.6750635063 196.7879253876
-1262.2330953315 -844.6079665901 1540.7179645160
-1481.5473251735 -1306.7164566636 -1332.5575236592
-1481.5473251735 -1306.7164566636 -2000.0000000000
-1481.5473251735 -1306.7164566636 -2000.0000000000
-1481.5473251735 -1306.7164566636 -2000.0000000000
-1481.5473251735 -1306.7164566636 -2000.0000000000
-1481.5473251735 -1306.7164566636 -2000.0000000000
1126.8433102283 1298.2202127623 -629.8724369294
435.2302508603 154.4132144944 1787.2263045693
435.2302508603 154.4132144944 -2000.0000000000
-318.5232661270 296.6894189441 1999.4033664442
-318.5232661270 296.6894189441 -2000.0000000000
-318.5232661270 296.6894189441 -2000.0000000000
802.9594732765 1180.6973087652 -846.5701553272
802.9594732765 1180.6973087652 -2000.0000000000
802.9594732765 1180.6973087652 -2000.0000000000
802.9594732765 1180.6973087652 -2000.0000000000
802.9594732765 1180.6973087652 -2000.0000000000
744.5851214915 805.6154056358 1241.6539227295
744.5851214915 805.6154056358 -2000.0000000000
744.5851214915 805.6154056358 -2000.0000000000
744.5851214915 805.6154056358 -2000.0000000000
744.5851214915 805.6154056358 -2000.0000000000
1931.0873308646 1159.9693267882 173.8858259067
1454.5381217403 881.0732634488 -1339.5407087371
-1061.6815763863 -1509.0379556731 -57.3515330935
-1037.8949909227 -554.4205772344 1754.4515314701
-538.0713292329 -469.8740151416 340.7641195610
-538.0713292329 -469.8740151416 -2000.0000000000
-1501.6944572759 -900.6462148014 1673.7106287676
-1501.6944572759 -900.6462148014 -2000.0000000000
-1501.6944572759 -900.6462148014 -2000.0000000000
-1501.6944572759 -900.6462148014 -2000.0000000000
-1501.6944572759 -900.6462148014 -2000.0000000000
-528.2844078425 -698.1012790674 331.5216245474
599.3268008697 1919.2547270626 -1351.7159797463
599.3268008697 1919.2547270626 -2000.0000000000
1208.7288636678 -1222.3225178208 -677.7074993764
1208.7288636678 -1222.3225178208 -2000.0000000000
1208.7288636678 -1222.3225178208 -2000.0000000000
1208.7288636678 -1222.3225178208 -2000.0000000000
1208.7288636678 -1222.3225178208 -2000.0000000000
1208.7288636678 -1222.3225178208 -2000.0000000000
1208.7288636678 -1222.3225178208 -2000.0000000000
1208.7288636678 -1222.3225178208 -2000.0000000000
1208.7288636678 -1222.3225178208 -2000.0000000000
1208.7288636678 -1222.3225178208 -2000.0000000000
-1818.7385128349 -1856.9546016946 1836.4329390361
-1818.7385128349 -1856.9546016946 -2000.0000000000
-1818.7385128349 -1856.9546016946 -2000.0000000000
134.5250870516 -1070.5916207905 408.6004410820
134.5250870516 -1070.5916207905 -2000.0000000000
134.5250870516 -1070.5916207905 -2000.0000000000
353.5888103902 120.4192302011 -747.9179893134
353.5888103902 120.4192302011 -2000.0000000000
-991.9292408674 1835.8209180858 -1601.8798381481
-1581.5675918511 558.9956596323 -1895.5763544821
-1581.5675918511 558.9956596323 -2000.0000000000
-1581.5675918511 558.9956596323 -2000.0000000000
-1581.5675918511 558.9956596323 -2000.0000000000
-1581.5675918511 558.9956596323 -2000.0000000000
-1581.5675918511 558.9956596323 -2000.0000000000
-1581.5675918511 558.9956596323 -2000.0000000000
-1581.5675918511 558.9956596323 -2000.0000000000
-1581.5675918511 558.9956596323 -2000.0000000000
-1581.5675918511 558.9956596323 -2000.0000000000
-1581.5675918511 558.9956596323 -2000.0000000000
-1581.5675918511 558.9956596323 -2000.0000000000
-1581.5675918511 558.9956596323 -2000.0000000000
-1581.5675918511 558.9956596323 -2000.0000000000
-1581.5675918511 558.9956596323 -2000.0000000000
-1581.5675918511 558.9956596323 -2000.0000000000
-1581.5675918511 558.9956596323 -2000.0000000000
-1361.5911534558 -4.9434507338 430.1922218682
-1361.5911534558 -4.9434507338 -2000.0000000000
-1361.5911534558 -4.9434507338 -2000.0000000000
-1361.5911534558 -4.9434507338 -2000.0000000000
445.4096278033 1976.5896902045 -155.4119138657
-1238.9756543953 1242.5076642630 254.8447138185
-1588.9541332792 560.3409243851 232.6148554273
307.3434199886 1307.5210043875 1737.3372869420
307.3434199886 1307.5210043875 -2000.0000000000
307.3434199886 1307.5210043875 -2000.0000000000
307.3434199886 1307.5210043875 -2000.0000000000
307.3434199886 1307.5210043875 -2000.0000000000
1119.8229254501 -150.8252082198 -968.7391730399
1119.8229254501 -150.8252082198 -2000.0000000000
1119.8229254501 -150.8252082198 -2000.0000000000
1119.8229254501 -150.8252082198 -2000.0000000000
-583.1931478435 -628.2572766218 956.7155876767
-583.1931478435 -628.2572766218 -2000.0000000000
-583.1931478435 -628.2572766218 -2000.0000000000
-583.1931478435 -628.2572766218 -2000.0000000000
-583.1931478435 -628.2572766218 -2000.0000000000
-583.1931478435 -628.2572766218 -2000.0000000000
-1299.9467383739 1647.9053931466 1112.8618009520
678.7161307212 -978.2048282817 1116.4961976148
678.7161307212 -978.2048282817 -2000.0000000000
-1344.9991933026 -213.5913821511 186.3135001052
-156.8251082469 615.1508186631 902.8418265847
-156.8251082469 615.1508186631 -2000.0000000000
-156.8251082469 615.1508186631 -2000.0000000000
-156.8251082469 615.1508186631 -2000.0000000000
-156.8251082469 615.1508186631 -2000.0000000000
-156.8251082469 615.1508186631 -2000.0000000000
-156.8251082469 615.1508186631 -2000.0000000000
-156.8251082469 615.1508186631 -2000.0000000000
-156.8251082469 615.1508186631 -2000.0000000000
-156.8251082469 615.1508186631 -2000.0000000000
-156.8251082469 615.1508186631 -2000.0000000000
-156.8251082469 615.1508186631 -2000.0000000000
-1073.5062912595 334.9020300912 120.8181593573
-1982.8380752942 188.6877972558 -230.3312842298
-1311.9718701145 486.6060208218 876.0465096673
-1718.0401959688 -1739.6165459580 -126.4420837134
-1718.0401959688 -1739.6165459580 -2000.0000000000
-1718.0401959688 -1739.6165459580 -2000.0000000000
-1718.0401959688 -1739.6165459580 -2000.0000000000
-1718.0401959688 -1739.6165459580 -2000.0000000000
-1718.0401959688 -1739.6165459580 -2000.0000000000
-1718.0401959688 -1739.6165459580 -2000.0000000000
-1718.0401959688 -1739.6165459580 -2000.0000000000
-1718.0401959688 -1739.6165459580 -2000.0000000000
1793.3104324948 -1766.6397773213 -0.6857851579
-1310.5615162903 958.3290477817 459.7493207356
-1310.5615162903 958.3290477817 -2000.0000000000
-1310.5615162903 958.3290477817 -2000.0000000000
-1310.5615162903 958.3290477817 -2000.0000000000
-1310.5615162903 958.3290477817 -2000.0000000000
-1310.5615162903 958.3290477817 -2000.0000000000
1495.8517895770 1654.4197858581 1384.4454552626
1495.8517895770 1654.4197858581 -2000.0000000000
1495.8517895770 1654.4197858581 -2000.0000000000
1495.8517895770 1654.4197858581 -2000.0000000000
1495.8517895770 1654.4197858581 -2000.0000000000
1495.8517895770 1654.4197858581 -2000.0000000000
692.4530728613 898.0285677178 144.6385370560
692.4530728613 898.0285677178 -2000.0000000000
692.4530728613 898.0285677178 -2000.0000000000
624.1912511727 -5.5407390735 858.3074725072
624.1912511727 -5.5407390735 -2000.0000000000
624.1912511727 -5.5407390735 -2000.0000000000
-1535.3571017169 -1200.8504162862 184.0234627906
-1535.3571017169 -1200.8504162862 -2000.0000000000
-884.0158186227 -309.7683741539 208.2291491231
-884.0158186227 -309.7683741539 -2000.0000000000
1849.7729878036 -1620.7381245014 -1916.8400642919
1849.7729878036 -1620.7381245014 -2000.0000000000
1849.7729878036 -1620.7381245014 -2000.0000000000
1849.7729878036 -1620.7381245014 -2000.0000000000
-372.5302517608 1828.0199929238 1131.0224612347
-372.5302517608 1828.0199929238 -2000.0000000000
-372.5302517608 1828.0199929238 -2000.0000000000
-372.5302517608 1828.0199929238 -2000.0000000000
-372.5302517608 1828.0199929238 -2000.0000000000
467.0556221420 -36.7021630379 992.9365070973
467.0556221420 -36.7021630379 -2000.0000000000
467.0556221420 -36.7021630379 -2000.0000000000
467.0556221420 -36.7021630379 -2000.0000000000
467.0556221420 -36.7021630379 -2000.0000000000
1620.0916906030 -455.4706190425 696.7751864821
1620.0916906030 -455.4706190425 -2000.0000000000
1620.0916906030 -455.4706190425 -2000.0000000000
1620.0916906030 -455.4706190425 -2000.0000000000
1620.0916906030 -455.4706190425 -2000.0000000000
1620.0916906030 -455.4706190425 -2000.0000000000
1620.0916906030 -455.4706190425 -2000.0000000000
1287.2164634660 -892.5584414700 63.6225651087
1287.2164634660 -892.5584414700 -2000.0000000000
1287.2164634660 -892.5584414700 -2000.0000000000
1287.2164634660 -892.5584414700 -2000.0000000000
-180.7037564820 -1545.6060537013 -1766.9968544086
-180.7037564820 -1545.6060537013 -2000.0000000000
-180.7037564820 -1545.6060537013 -2000.0000000000
-180.7037564820 -1545.6060537013 -2000.0000000000
-180.7037564820 -1545.6060537013 -2000.0000000000
-180.7037564820 -1545.6060537013 -2000.0000000000
-180.7037564820 -1545.6060537013 -2000.0000000000
-180.7037564820 -1545.6060537013 -2000.0000000000
-180.7037564820 -1545.6060537013 -2000.0000000000
291.1196325291 -1240.5386329544 -332.0387950717
291.1196325291 -1240.5386329544 -2000.0000000000
-990.9782289552 -868.1515896586 1556.5349798679
-990.9782289552 -868.1515896586 -2000.0000000000
-1162.1680196288 1955.2029446546 858.9743018055
-336.5892366616 195.5858965535 -1961.1008205455
-336.5892366616 195.5858965535 -2000.0000000000
-336.5892366616 195.5858965535 -2000.0000000000
-336.5892366616 195.5858965535 -2000.0000000000
-336.5892366616 195.5858965535 -2000.0000000000
1438.2968120956 1924.0347037611 1030.8051360102
1438.2968120956 1924.0347037611 -2000.0000000000
1438.2968120956 1924.0347037611 -2000.0000000000
1438.2968120956 1924.0347037611 -2000.0000000000
-18.0046494819 -1548.5051224301 387.6546173638
949.1440219867 1195.8928581729 1527.1600502358
949.1440219867 1195.8928581729 -2000.0000000000
949.1440219867 1195.8928581729 -2000.0000000000
949.1440219867 1195.8928581729 -2000.0000000000
949.1440219867 1195.8928581729 -2000.0000000000
949.1440219867 1195.8928581729 -2000.0000000000
-1807.2328277839 719.6295855791 1164.8347422950
-1807.2328277839 719.6295855791 -2000.0000000000
-1807.2328277839 719.6295855791 -2000.0000000000
-1807.2328277839 719.6295855791 -2000.0000000000
-1807.2328277839 719.6295855791 -2000.0000000000
-1807.2328277839 719.6295855791 -2000.0000000000
-1474.0058373965 -1129.3065315237 399.8823952570
-1474.0058373965 -1129.3065315237 -2000.0000000000
-1474.0058373965 -1129.3065315237 -2000.0000000000
912.3893573837 846.9891667788 832.5717067109
912.3893573837 846.9891667788 -2000.0000000000
912.3893573837 846.9891667788 -2000.0000000000
912.3893573837 846.9891667788 -2000.0000000000
995.1198349350 -142.5733671076 -853.2107029986
995.1198349350 -142.5733671076 -2000.0000000000
995.1198349350 -142.5733671076 -2000.0000000000
995.1198349350 -142.5733671076 -2000.0000000000
995.1198349350 -142.5733671076 -2000.0000000000
995.1198349350 -142.5733671076 -2000.0000000000
-1168.2302477838 -909.5075085011 -157.3178615039
-1168.2302477838 -909.5075085011 -2000.0000000000
-1168.2302477838 -909.5075085011 -2000.0000000000
-1914.5458482273 -900.9720624046 364.2778170239
-1914.5458482273 -900.9720624046 -2000.0000000000
-1438.8817530608 1242.3130137094 1834.4521432922
917.9441503816 132.0998872223 -1607.6188873390
917.9441503816 132.0998872223 -2000.0000000000
917.9441503816 132.0998872223 -2000.0000000000
917.9441503816 132.0998872223 -2000.0000000000
917.9441503816 132.0998872223 -2000.0000000000
917.9441503816 132.0998872223 -2000.0000000000
1180.6401253594 -1470.4009331205 -200.0343902095
1180.6401253594 -1470.4009331205 -2000.0000000000
-1634.3682890584 76.7746840578 283.4123815366
-1634.3682890584 76.7746840578 -2000.0000000000
-1634.3682890584 76.7746840578 -2000.0000000000
-1634.3682890584 76.7746840578 -2000.0000000000
-1634.3682890584 76.7746840578 -2000.0000000000
-698.4191339215 -1257.8016022075 -1881.5340624701
-698.4191339215 -1257.8016022075 -2000.0000000000
-698.4191339215 -1257.8016022075 -2000.0000000000
990.1772327694 -678.9149233435 -1752.3521681462
990.1772327694 -678.9149233435 -2000.0000000000
990.1772327694 -678.9149233435 -2000.0000000000
-777.5971929050 -456.8880289409 514.8097575723
-777.5971929050 -456.8880289409 -2000.0000000000
-777.5971929050 -456.8880289409 -2000.0000000000
-777.5971929050 -456.8880289409 -2000.0000000000
1219.2843894297 -300.5339157937 126.9519158338
1219.2843894297 -300.5339157937 -2000.0000000000
1219.2843894297 -300.5339157937 -2000.0000000000
1219.2843894297 -300.5339157937 -2000.0000000000
1219.2843894297 -300.5339157937 -2000.0000000000
1219.2843894297 -300.5339157937 -2000.0000000000
-21.1282122302 845.3470785227 304.8591560324
-21.1282122302 845.3470785227 -2000.0000000000
-1816.5302488769 -1952.8368892506 -951.1461020515
-1816.5302488769 -1952.8368892506 -2000.0000000000
-1168.3557562895 805.8651169270 -1246.3050263371
-1741.2792266473 1325.4422865744 -1525.4558490539
-1741.2792266473 1325.4422865744 -2000.0000000000
-1741.2792266473 1325.4422865744 -2000.0000000000
-1741.2792266473 1325.4422865744 -2000.0000000000
-172.3668921991 -1065.5935957591 1459.1318473354
-172.3668921991 -1065.5935957591 -2000.0000000000
-1728.0219397947 840.4681456944 1963.2334921854
-1728.0219397947 840.4681456944 -2000.0000000000
-1728.0219397947 840.4681456944 -2000.0000000000
-1728.0219397947 840.4681456944 -2000.0000000000
-1728.0219397947 840.4681456944 -2000.0000000000
-83.2586681462 669.6919463552 -681.6751816325
-83.2586681462 669.6919463552 -2000.0000000000
-83.2586681462 669.6919463552 -2000.0000000000
-83.2586681462 669.6919463552 -2000.0000000000
174.1483094905 1199.3258742912 -1687.0113605823
-1285.5028911209 -1616.7817716869 -1094.2644810136
-1285.5028911209 -1616.7817716869 -2000.0000000000
-1285.5028911209 -1616.7817716869 -2000.0000000000
-1285.5028911209 -1616.7817716869 -2000.0000000000
1955.4931510355 1747.3478911740 1546.7608158806
-389.2554757439 -693.9450852144 1127.1576348754
-389.2554757439 -693.9450852144 -2000.0000000000
-389.2554757439 -693.9450852144 -2000.0000000000
-389.2554757439 -693.9450852144 -2000.0000000000
-389.2554757439 -693.9450852144 -2000.0000000000
-389.2554757439 -693.9450852144 -2000.0000000000
-1073.6872235636 -1198.4198220593 -1975.3226977440
-1073.6872235636 -1198.4198220593 -2000.0000000000
-1073.6872235636 -1198.4198220593 -2000.0000000000
-1073.6872235636 -1198.4198220593 -2000.0000000000
-1073.6872235636 -1198.4198220593 -2000.0000000000
-1073.6872235636 -1198.4198220593 -2000.0000000000
-1073.6872235636 -1198.4198220593 -2000.0000000000
-1073.6872235636 -1198.4198220593 -2000.0000000000
-1073.6872235636 -1198.4198220593 -2000.0000000000
-1073.6872235636 -1198.4198220593 -2000.0000000000
-1073.6872235636 -1198.4198220593 -2000.0000000000
615.6874332122 318.7557358779 -1353.1139625374
615.6874332122 318.7557358779 -2000.0000000000
615.6874332122 318.7557358779 -2000.0000000000
830.3637546311 -1222.1685556106 1491.6458270414
830.3637546311 -1222.1685556106 -2000.0000000000
830.3637546311 -1222.1685556106 -2000.0000000000
1369.0385844741 1177.3276336578 -332.0520435181
1369.0385844741 1177.3276336578 -2000.0000000000
-1985.9652155146 -298.1631797683 -1136.2471121425
-1985.9652155146 -298.1631797683 -2000.0000000000
-1985.9652155146 -298.1631797683 -2000.0000000000
-1985.9652155146 -298.1631797683 -2000.0000000000
504.2351712491 -1581.4554389340 589.2547793339
638.2689853345 159.5242822611 -1424.4106833216
-1909.5794258602 -1368.4701266029 -48.4494332706
-1156.7055557193 -1018.2678352655 1595.7475203809
-1156.7055557193 -1018.2678352655 -2000.0000000000
-1156.7055557193 -1018.2678352655 -2000.0000000000
-1156.7055557193 -1018.2678352655 -2000.0000000000
-1156.7055557193 -1018.2678352655 -2000.0000000000
1760.3207629067 -341.6021067911 359.0464548189
1417.4640824121 74.6119733276 -1639.5062949373
-205.8034273715 1589.9881497628 -1681.3558811160
-205.8034273715 1589.9881497628 -2000.0000000000
-205.8034273715 1589.9881497628 -2000.0000000000
456.5318348898 -1047.0508567008 1084.5672249529
456.5318348898 -1047.0508567008 -2000.0000000000
1652.1382366394 -1701.9467354158 -1498.9105743025
1652.1382366394 -1701.9467354158 -2000.0000000000
1652.1382366394 -1701.9467354158 -2000.0000000000
1652.1382366394 -1701.9467354158 -2000.0000000000
1652.1382366394 -1701.9467354158 -2000.0000000000
1652.1382366394 -1701.9467354158 -2000.0000000000
1652.1382366394 -1701.9467354158 -2000.0000000000
1652.1382366394 -1701.9467354158 -2000.0000000000
1652.1382366394 -1701.9467354158 -2000.0000000000
1801.1663296031 1210.7113989758 122.9635798461
1801.1663296031 1210.7113989758 -2000.0000000000
1229.8451180407 -1833.3568171507 -508.7759785357
1229.8451180407 -1833.3568171507 -2000.0000000000
1229.8451180407 -1833.3568171507 -2000.0000000000
-244.7308720068 477.8713466428 1034.3192575408
1740.8919240749 -810.5264004887 591.1976330038
423.6400811853 1588.5547947703 1346.4994943633
423.6400811853 1588.5547947703 -2000.0000000000
423.6400811853 1588.5547947703 -2000.0000000000
423.6400811853 1588.5547947703 -2000.0000000000
-461.8007813903 -317.3483283934 1556.5029988287
-0.7311229717 551.6115084833 -1346.6166016561
-0.7311229717 551.6115084833 -2000.0000000000
-0.7311229717 551.6115084833 -2000.0000000000
-0.7311229717 551.6115084833 -2000.0000000000
15.5925952040 215.7473488526 1294.4510245141
15.5925952040 215.7473488526 -2000.0000000000
15.5925952040 215.7473488526 -2000.0000000000
15.5925952040 215.7473488526 -2000.0000000000
15.5925952040 215.7473488526 -2000.0000000000
15.5925952040 215.7473488526 -2000.0000000000
15.5925952040 215.7473488526 -2000.0000000000
15.5925952040 215.7473488526 -2000.0000000000
15.5925952040 215.7473488526 -2000.0000000000
15.5925952040 215.7473488526 -2000.0000000000
15.5925952040 215.7473488526 -2000.0000000000
15.5925952040 215.7473488526 -2000.0000000000
-1999.2590887202 -362.6694048878 -1157.9138682952
-1999.2590887202 -362.6694048878 -2000.0000000000
1628.6184191623 -1961.0397907851 -312.3989157115
1628.6184191623 -1961.0397907851 -2000.0000000000
-1454.7126131107 215.6021279828 -723.1003079030
-1454.7126131107 215.6021279828 -2000.0000000000
-1454.7126131107 215.6021279828 -2000.0000000000
-1454.7126131107 215.6021279828 -2000.0000000000
1356.7666503978 1290.4684943774 63.0956052139
1356.7666503978 1290.4684943774 -2000.0000000000
1356.7666503978 1290.4684943774 -2000.0000000000
1356.7666503978 1290.4684943774 -2000.0000000000
1356.7666503978 1290.4684943774 -2000.0000000000
155.7952769861 -688.8743231967 -413.3295746504
155.7952769861 -688.8743231967 -2000.0000000000
155.7952769861 -688.8743231967 -2000.0000000000
155.7952769861 -688.8743231967 -2000.0000000000
155.7952769861 -688.8743231967 -2000.0000000000
155.7952769861 -688.8743231967 -2000.0000000000
1747.2359688673 -1618.4090420134 286.7327596345
985.5003196657 -772.8305825980 -15.6903627469
985.5003196657 -772.8305825980 -2000.0000000000
-931.5234751080 -1013.7642589844 -1803.5958387442
-931.5234751080 -1013.7642589844 -2000.0000000000
-931.5234751080 -1013.7642589844 -2000.0000000000
-931.5234751080 -1013.7642589844 -2000.0000000000
-931.5234751080 -1013.7642589844 -2000.0000000000
-931.5234751080 -1013.7642589844 -2000.0000000000
-931.5234751080 -1013.7642589844 -2000.0000000000
-931.5234751080 -1013.7642589844 -2000.0000000000
-931.5234751080 -1013.7642589844 -2000.0000000000
-1477.3945317997 -1751.0857454426 -570.6513980834
-1477.3945317997 -1751.0857454426 -2000.0000000000
-1477.3945317997 -1751.0857454426 -2000.0000000000
-797.2268740119 -764.5684009059 -173.0702513071
-797.2268740119 -764.5684009059 -2000.0000000000
940.9503706950 226.6787728747 871.1278024341
940.9503706950 226.6787728747 -2000.0000000000
940.9503706950 226.6787728747 -2000.0000000000
940.9503706950 226.6787728747 -2000.0000000000
940.9503706950 226.6787728747 -2000.0000000000
477.6349854760 -1469.0670774535 1911.7815200159
477.6349854760 -1469.0670774535 -2000.0000000000
477.6349854760 -1469.0670774535 -2000.0000000000
-319.5635283613 -705.8358616815 1337.6990167756
-319.5635283613 -705.8358616815 -2000.0000000000
-319.5635283613 -705.8358616815 -2000.0000000000
-1678.4623569707 411.2400759462 -1367.6342585374
532.2958523680 1882.9480061252 383.1785661458
532.2958523680 1882.9480061252 -2000.0000000000
532.2958523680 1882.9480061252 -2000.0000000000
532.2958523680 1882.9480061252 -2000.0000000000
-871.5217753632 1038.4923309896 -1906.6426389527
-871.5217753632 1038.4923309896 -2000.0000000000
-871.5217753632 1038.4923309896 -2000.0000000000
-871.5217753632 1038.4923309896 -2000.0000000000
-1493.6032050700 -313.5915324076 1427.7105266284
-1493.6032050700 -313.5915324076 -2000.0000000000
-1493.6032050700 -313.5915324076 -2000.0000000000
-1493.6032050700 -313.5915324076 -2000.0000000000
-1109.6357711318 -1637.3754486234 -216.9874588038
-1109.6357711318 -1637.3754486234 -2000.0000000000
-1109.6357711318 -1637.3754486234 -2000.0000000000
-1109.6357711318 -1637.3754486234 -2000.0000000000
-1109.6357711318 -1637.3754486234 -2000.0000000000
-1109.6357711318 -1637.3754486234 -2000.0000000000
-1109.6357711318 -1637.3754486234 -2000.0000000000
-1109.6357711318 -1637.3754486234 -2000.0000000000
-1109.6357711318 -1637.3754486234 -2000.0000000000
-1109.6357711318 -1637.3754486234 -2000.0000000000
-1872.1643726582 455.0913815608 -840.3557522158
-1872.1643726582 455.0913815608 -2000.0000000000
1026.2275358005 -1915.8876433511 1489.7559931946
1026.2275358005 -1915.8876433511 -2000.0000000000
-1556.6633879789 -1090.2955791573 727.3640505344
-1556.6633879789 -1090.2955791573 -2000.0000000000
-1556.6633879789 -1090.2955791573 -2000.0000000000
-1556.6633879789 -1090.2955791573 -2000.0000000000
-1556.6633879789 -1090.2955791573 -2000.0000000000
-1556.6633879789 -1090.2955791573 -2000.0000000000
-1556.6633879789 -1090.2955791573 -2000.0000000000
-1556.6633879789 -1090.2955791573 -2000.0000000000
1390.1053131309 -1773.5635125633 232.7055393388
175.8292964971 1471.1756280367 -492.3983679238
175.8292964971 1471.1756280367 -2000.0000000000
175.8292964971 1471.1756280367 -2000.0000000000
175.8292964971 1471.1756280367 -2000.0000000000
175.8292964971 1471.1756280367 -2000.0000000000
175.8292964971 1471.1756280367 -2000.0000000000
1997.7114161515 1957.2336646874 173.1634071386
-1361.2380067273 -834.6396723846 -1988.7214159700
-1361.2380067273 -834.6396723846 -2000.0000000000
1016.7985597697 1044.4097225991 -1547.5519760556
1016.7985597697 1044.4097225991 -2000.0000000000
1016.7985597697 1044.4097225991 -2000.0000000000
1016.7985597697 1044.4097225991 -2000.0000000000
1016.7985597697 1044.4097225991 -2000.0000000000
1016.7985597697 1044.4097225991 -2000.0000000000
1016.7985597697 1044.4097225991 -2000.0000000000
1016.7985597697 1044.4097225991 -2000.0000000000
1016.7985597697 1044.4097225991 -2000.0000000000
1016.7985597697 1044.4097225991 -2000.0000000000
1016.7985597697 1044.4097225991 -2000.0000000000
1016.7985597697 1044.4097225991 -2000.0000000000
1016.7985597697 1044.4097225991 -2000.0000000000
1016.7985597697 1044.4097225991 -2000.0000000000
1016.7985597697 1044.4097225991 -2000.0000000000
1016.7985597697 1044.4097225991 -2000.0000000000
1016.7985597697 1044.4097225991 -2000.0000000000
1016.7985597697 1044.4097225991 -2000.0000000000
1016.7985597697 1044.4097225991 -2000.0000000000
-616.6731565673 -1940.3377285554 251.5873648804
-616.6731565673 -1940.3377285554 -2000.0000000000
-616.6731565673 -1940.3377285554 -2000.0000000000
-1564.5980385467 1590.5521500068 -1027.9659720075
-1724.5545985542 1207.4731560742 1371.8859140816
-1911.6377786412 -1026.5837593725 -115.1533937048
-1911.6377786412 -1026.5837593725 -2000.0000000000
-1911.6377786412 -1026.5837593725 -2000.0000000000
-1911.6377786412 -1026.5837593725 -2000.0000000000
262.1588601729 -246.7357335896 694.4707576781
262.1588601729 -246.7357335896 -2000.0000000000
262.1588601729 -246.7357335896 -2000.0000000000
262.1588601729 -246.7357335896 -2000.0000000000
421.7606022401 1338.9229596789 -1334.8329275980
421.7606022401 1338.9229596789 -2000.0000000000
421.7606022401 1338.9229596789 -2000.0000000000
-438.8878829470 477.4536303247 985.2255915814
1383.4482440002 -817.8786870984 332.1908718810
530.3539351994 1670.3443003155 1081.5715682789
530.3539351994 1670.3443003155 -2000.0000000000
530.3539351994 1670.3443003155 -2000.0000000000
-727.6487074367 916.8758584698 365.9071638985
-727.6487074367 916.8758584698 -2000.0000000000
-1119.1932388163 1290.6114716075 -130.1945711409
-1119.1932388163 1290.6114716075 -2000.0000000000
-1119.1932388163 1290.6114716075 -2000.0000000000
-313.4883121836 -869.2532334888 371.3513357838
-313.4883121836 -869.2532334888 -2000.0000000000
-1767.8997495251 1158.2763342618 -1553.2987278853
-1767.8997495251 1158.2763342618 -2000.0000000000
20.3868123714 -606.3819373687 -844.1290920990
20.3868123714 -606.3819373687 -2000.0000000000
20.3868123714 -606.3819373687 -2000.0000000000
1030.4665969051 946.8120645441 -714.6295571193
1030.4665969051 946.8120645441 -2000.0000000000
1030.4665969051 946.8120645441 -2000.0000000000
827.7245685976 1251.7089803327 997.8688367955
282.9244109714 -1591.3850881878 1983.7322916468
-1057.5677128918 1733.5513960277 -501.0103312105
-1057.5677128918 1733.5513960277 -2000.0000000000
-1057.5677128918 1733.5513960277 -2000.0000000000
-1057.5677128918 1733.5513960277 -2000.0000000000
1576.9572830218 -14.0519231849 -1467.3324654081
1576.9572830218 -14.0519231849 -2000.0000000000
1940.4188890253 -475.1846854002 -879.4445906857
1940.4188890253 -475.1846854002 -2000.0000000000
378.2547785116 1867.4114895118 813.1287726564
378.2547785116 1867.4114895118 -2000.0000000000
378.2547785116 1867.4114895118 -2000.0000000000
378.2547785116 1867.4114895118 -2000.0000000000
378.2547785116 1867.4114895118 -2000.0000000000
378.2547785116 1867.4114895118 -2000.0000000000
378.2547785116 1867.4114895118 -2000.0000000000
378.2547785116 1867.4114895118 -2000.0000000000
378.2547785116 1867.4114895118 -2000.0000000000
378.2547785116 1867.4114895118 -2000.0000000000
378.2547785116 1867.4114895118 -2000.0000000000
378.2547785116 1867.4114895118 -2000.0000000000
378.2547785116 1867.4114895118 -2000.0000000000
378.2547785116 1867.4114895118 -2000.0000000000
378.2547785116 1867.4114895118 -2000.0000000000
-1792.5290683577 -961.7588189351 -375.5714793365
207.2716298520 -309.5493957228 -52.6840622293
207.2716298520 -309.5493957228 -2000.0000000000
207.2716298520 -309.5493957228 -2000.0000000000
207.2716298520 -309.5493957228 -2000.0000000000
207.2716298520 -309.5493957228 -2000.0000000000
207.2716298520 -309.5493957228 -2000.0000000000
-1161.0952889073 -1225.3829733053 1453.7399470526
-1161.0952889073 -1225.3829733053 -2000.0000000000
-1161.0952889073 -1225.3829733053 -2000.0000000000
1755.4376385123 -74.6056294200 408.2834318164
1755.4376385123 -74.6056294200 -2000.0000000000
1931.2963088335 843.2305709373 527.5873860619
74.5848489304 1710.8128136094 1377.2021807987
74.5848489304 1710.8128136094 -2000.0000000000
1039.5851795608 -1468.5010727055 829.6145975754
-1761.5387338950 349.5439140800 -882.0389214521
-1761.5387338950 349.5439140800 -2000.0000000000
-1761.5387338950 349.5439140800 -2000.0000000000
-1761.5387338950 349.5439140800 -2000.0000000000
-1761.5387338950 349.5439140800 -2000.0000000000
-706.7100818543 1877.1130934068 1002.9372342066
-706.7100818543 1877.1130934068 -2000.0000000000
-706.7100818543 1877.1130934068 -2000.0000000000
-706.7100818543 1877.1130934068 -2000.0000000000
-99.4652762787 -693.5511855207 -1086.7078877179
-99.4652762787 -693.5511855207 -2000.0000000000
-99.4652762787 -693.5511855207 -2000.0000000000
-99.4652762787 -693.5511855207 -2000.0000000000
-99.4652762787 -693.5511855207 -2000.0000000000
-99.4652762787 -693.5511855207 -2000.0000000000
-99.4652762787 -693.5511855207 -2000.0000000000
-99.4652762787 -693.5511855207 -2000.0000000000
-99.4652762787 -693.5511855207 -2000.0000000000
-99.4652762787 -693.5511855207 -2000.0000000000
-99.4652762787 -693.5511855207 -2000.0000000000
-99.4652762787 -693.5511855207 -2000.0000000000
-99.4652762787 -693.5511855207 -2000.0000000000
-99.4652762787 -693.5511855207 -2000.0000000000
-99.4652762787 -693.5511855207 -2000.0000000000
-99.4652762787 -693.5511855207 -2000.0000000000
-1220.2112316964 995.5184609669 -1082.8391144128
986.4108321981 -414.6776664909 -1221.1730717990
975.8289527536 -958.1802326655 836.3885921862
975.8289527536 -958.1802326655 -2000.0000000000
975.8289527536 -958.1802326655 -2000.0000000000
-483.1476525657 321.7592150129 1004.8637982985
1500.8351180698 -1510.3597030673 1701.4386199635
1500.8351180698 -1510.3597030673 -2000.0000000000
1500.8351180698 -1510.3597030673 -2000.0000000000
1500.8351180698 -1510.3597030673 -2000.0000000000
1500.8351180698 -1510.3597030673 -2000.0000000000
1500.8351180698 -1510.3597030673 -2000.0000000000
1500.8351180698 -1510.3597030673 -2000.0000000000
1500.8351180698 -1510.3597030673 -2000.0000000000
1268.1101650367 -1706.3915476936 -625.7490558475
1268.1101650367 -1706.3915476936 -2000.0000000000
1268.1101650367 -1706.3915476936 -2000.0000000000
1268.1101650367 -1706.3915476936 -2000.0000000000
-923.6419298739 1428.5123816242 1318.9069719998
-1463.8941683561 267.0051635226 16.9246292551
-1463.8941683561 267.0051635226 -2000.0000000000
-1463.8941683561 267.0051635226 -2000.0000000000
-1463.8941683561 267.0051635226 -2000.0000000000
-1463.8941683561 267.0051635226 -2000.0000000000
-1463.8941683561 267.0051635226 -2000.0000000000
-1463.8941683561 267.0051635226 -2000.0000000000
-1463.8941683561 267.0051635226 -2000.0000000000
-1520.3168327682 -1576.0209717944 -1583.4263748114
-1520.3168327682 -1576.0209717944 -2000.0000000000
-352.4408171153 1737.3200946114 -1419.0482952049
-209.7005549008 -1563.3597420626 336.3627992861
1786.0232702090 -761.7671973622 -807.5501888710
1786.0232702090 -761.7671973622 -2000.0000000000
-539.2254479007 97.1270487149 -151.3238650379
-539.2254479007 97.1270487149 -2000.0000000000
-539.2254479007 97.1270487149 -2000.0000000000
-539.2254479007 97.1270487149 -2000.0000000000
-539.2254479007 97.1270487149 -2000.0000000000
-539.2254479007 97.1270487149 -2000.0000000000
1051.8182368371 -1399.0079514009 -236.7244537460
1579.5197396727 -448.9622263808 125.4566198711
1579.5197396727 -448.9622263808 -2000.0000000000
1579.5197396727 -448.9622263808 -2000.0000000000
1579.5197396727 -448.9622263808 -2000.0000000000
-1075.3038717762 -1715.1190114847 -568.0818505496
-1075.3038717762 -1715.1190114847 -2000.0000000000
-602.6770360818 1224.3376146779 750.5052452401
-602.6770360818 1224.3376146779 -2000.0000000000
-602.6770360818 1224.3376146779 -2000.0000000000
1200.2205553613 568.5442516917 1384.2573691268
1200.2205553613 568.5442516917 -2000.0000000000
1200.2205553613 568.5442516917 -2000.0000000000
1200.2205553613 568.5442516917 -2000.0000000000
1200.2205553613 568.5442516917 -2000.0000000000
1200.2205553613 568.5442516917 -2000.0000000000
1200.2205553613 568.5442516917 -2000.0000000000
921.9732220083 743.8110717941 1218.0207121413
921.9732220083 743.8110717941 -2000.0000000000
921.9732220083 743.8110717941 -2000.0000000000
921.9732220083 743.8110717941 -2000.0000000000
921.9732220083 743.8110717941 -2000.0000000000
921.9732220083 743.8110717941 -2000.0000000000
921.9732220083 743.8110717941 -2000.0000000000
1787.6650833831 -661.5501970508 -189.1616942490
1787.6650833831 -661.5501970508 -2000.0000000000
1787.6650833831 -661.5501970508 -2000.0000000000
-1757.4136488200 1364.3548837842 329.2446680151
-1757.4136488200 1364.3548837842 -2000.0000000000
1166.9004420671 -703.4802431983 79.9586040701
-1934.9850830010 1378.6332413804 -1879.7891723969
-1934.9850830010 1378.6332413804 -2000.0000000000
-1934.9850830010 1378.6332413804 -2000.0000000000
-294.8703875051 414.3689846233 -1934.9360281344
-294.8703875051 414.3689846233 -2000.0000000000
-294.8703875051 414.3689846233 -2000.0000000000
-1282.7038991180 -311.6018396053 -850.9371310044
-1282.7038991180 -311.6018396053 -2000.0000000000
707.6752033273 -1021.9177709774 -919.5969034060
707.6752033273 -1021.9177709774 -2000.0000000000
707.6752033273 -1021.9177709774 -2000.0000000000
707.6752033273 -1021.9177709774 -2000.0000000000
707.6752033273 -1021.9177709774 -2000.0000000000
1914.3984694616 -227.6847268829 1397.3473685631
1914.3984694616 -227.6847268829 -2000.0000000000
-780.7833142476 -496.2834953265 197.8937905814
-780.7833142476 -496.2834953265 -2000.0000000000
-780.7833142476 -496.2834953265 -2000.0000000000
-780.7833142476 -496.2834953265 -2000.0000000000
1939.6525509811 -612.1282365744 -450.3652189135
1939.6525509811 -612.1282365744 -2000.0000000000
1939.6525509811 -612.1282365744 -2000.0000000000
-366.1483831334 863.3718565677 -890.1706077579
-366.1483831334 863.3718565677 -2000.0000000000
1133.7736826541 491.5382972578 -1774.6551398675
1133.7736826541 491.5382972578 -2000.0000000000
-609.0721300936 -545.6945075422 -908.6621814482
-465.1455691633 1686.2213064358 -1513.3194251681
1233.2561656418 -1425.7927453240 701.8868675753
1233.2561656418 -1425.7927453240 -2000.0000000000
1233.2561656418 -1425.7927453240 -2000.0000000000
1233.2561656418 -1425.7927453240 -2000.0000000000
1233.2561656418 -1425.7927453240 -2000.0000000000
1233.2561656418 -1425.7927453240 -2000.0000000000
1233.2561656418 -1425.7927453240 -2000.0000000000
1233.2561656418 -1425.7927453240 -2000.0000000000
1233.2561656418 -1425.7927453240 -2000.0000000000
1723.5399302010 -279.0882482947 725.1627257070
1723.5399302010 -279.0882482947 -2000.0000000000
1050.6145697084 -1390.5620541309 369.2641318137
486.4119846797 27.6273317078 1322.2786646531
486.4119846797 27.6273317078 -2000.0000000000
486.4119846797 27.6273317078 -2000.0000000000
486.4119846797 27.6273317078 -2000.0000000000
486.4119846797 27.6273317078 -2000.0000000000
486.4119846797 27.6273317078 -2000.0000000000
486.4119846797 27.6273317078 -2000.0000000000
486.4119846797 27.6273317078 -2000.0000000000
486.4119846797 27.6273317078 -2000.0000000000
486.4119846797 27.6273317078 -2000.0000000000
486.4119846797 27.6273317078 -2000.0000000000
-339.2547731176 116.2952591340 1355.8710402393
-339.2547731176 116.2952591340 -2000.0000000000
-339.2547731176 116.2952591340 -2000.0000000000
-339.2547731176 116.2952591340 -2000.0000000000
-339.2547731176 116.2952591340 -2000.0000000000
-500.6669935196 -691.0179515365 2.6740158066
-500.6669935196 -691.0179515365 -2000.0000000000
-500.6669935196 -691.0179515365 -2000.0000000000
-500.6669935196 -691.0179515365 -2000.0000000000
-500.6669935196 -691.0179515365 -2000.0000000000
-811.4432974100 -465.4191242536 -1719.9616597662
-811.4432974100 -465.4191242536 -2000.0000000000
-811.4432974100 -465.4191242536 -2000.0000000000
-811.4432974100 -465.4191242536 -2000.0000000000
-70.7250393889 1061.1938832481 -1572.6312524908
-70.7250393889 1061.1938832481 -2000.0000000000
283.2562986470 -1998.2359159351 -1257.9499768849
-1556.7463207299 16.7900235559 1706.3425840157
-1556.7463207299 16.7900235559 -2000.0000000000
-696.8104775156 779.0822836171 942.6716991211
-696.8104775156 779.0822836171 -2000.0000000000
-1877.6932792385 1118.8365505152 804.2771000787
-1877.6932792385 1118.8365505152 -2000.0000000000
863.6165665225 -1340.0838942897 539.5170969873
863.6165665225 -1340.0838942897 -2000.0000000000
863.6165665225 -1340.0838942897 -2000.0000000000
863.6165665225 -1340.0838942897 -2000.0000000000
863.6165665225 -1340.0838942897 -2000.0000000000
863.6165665225 -1340.0838942897 -2000.0000000000
863.6165665225 -1340.0838942897 -2000.0000000000
-1858.7340557537 1531.7109925784 -675.8157002804
-886.3365906825 -40.9432289591 808.0127614720
1921.0934739020 1128.4950789048 -1123.4291332811
1921.0934739020 1128.4950789048 -2000.0000000000
1921.0934739020 1128.4950789048 -2000.0000000000
1921.0934739020 1128.4950789048 -2000.0000000000
1921.0934739020 1128.4950789048 -2000.0000000000
1921.0934739020 1128.4950789048 -2000.0000000000
-808.8548148418 -978.5405892945 1997.6119459909
-808.8548148418 -978.5405892945 -2000.0000000000
1446.8002280923 1324.4895470307 266.7034049247
1446.8002280923 1324.4895470307 -2000.0000000000
-1127.5321275190 51.8910641312 -1269.7056185263
-1127.5321275190 51.8910641312 -2000.0000000000
-1127.5321275190 51.8910641312 -2000.0000000000
-414.2078224929 1749.6730801709 345.6276514214
-414.2078224929 1749.6730801709 -2000.0000000000
-414.2078224929 1749.6730801709 -2000.0000000000
-414.2078224929 1749.6730801709 -2000.0000000000
-1853.9566283096 1784.3409067308 576.9592715815
-1853.9566283096 1784.3409067308 -2000.0000000000
-601.7756090175 1865.1168595471 -49.7476393093
-601.7756090175 1865.1168595471 -2000.0000000000
-601.7756090175 1865.1168595471 -2000.0000000000
-601.7756090175 1865.1168595471 -2000.0000000000
-601.7756090175 1865.1168595471 -2000.0000000000
-601.7756090175 1865.1168595471 -2000.0000000000
-601.7756090175 1865.1168595471 -2000.0000000000
-1214.5895215163 1965.7132486440 1731.9973779571
-1214.5895215163 1965.7132486440 -2000.0000000000
-497.5811658743 1464.3618906863 323.3647235897
-497.5811658743 1464.3618906863 -2000.0000000000
-497.5811658743 1464.3618906863 -2000.0000000000
-497.5811658743 1464.3618906863 -2000.0000000000
-497.5811658743 1464.3618906863 -2000.0000000000
-497.5811658743 1464.3618906863 -2000.0000000000
-497.5811658743 1464.3618906863 -2000.0000000000
-497.5811658743 1464.3618906863 -2000.0000000000
1127.6691073051 1410.3378243580 1427.7490275285
-722.3095811729 -193.8556791745 -170.0983113533
-722.3095811729 -193.8556791745 -2000.0000000000
-722.3095811729 -193.8556791745 -2000.0000000000
-722.3095811729 -193.8556791745 -2000.0000000000
45.3916727042 -375.6302756848 704.5731755090
-724.1462639081 1198.4906693243 -1507.0403690304
-724.1462639081 1198.4906693243 -2000.0000000000
-724.1462639081 1198.4906693243 -2000.0000000000
1064.2445773933 -113.9111135510 -502.3933324437
1064.2445773933 -113.9111135510 -2000.0000000000
1064.2445773933 -113.9111135510 -2000.0000000000
1064.2445773933 -113.9111135510 -2000.0000000000
1064.2445773933 -113.9111135510 -2000.0000000000
1064.2445773933 -113.9111135510 -2000.0000000000
1064.2445773933 -113.9111135510 -2000.0000000000
1064.2445773933 -113.9111135510 -2000.0000000000
1064.2445773933 -113.9111135510 -2000.0000000000
1064.2445773933 -113.9111135510 -2000.0000000000
1403.9684351404 -1686.0254591815 -130.1685013151
1403.9684351404 -1686.0254591815 -2000.0000000000
-804.6021339497 1286.6547333307 -1334.9130935357
-804.6021339497 1286.6547333307 -2000.0000000000
-804.6021339497 1286.6547333307 -2000.0000000000
-804.6021339497 1286.6547333307 -2000.0000000000
-804.6021339497 1286.6547333307 -2000.0000000000
472.4661622324 -1869.8382354700 129.6268292763
-1529.4162417301 500.6113799821 1638.1434553026
-1529.4162417301 500.6113799821 -2000.0000000000
-1529.4162417301 500.6113799821 -2000.0000000000
-1529.4162417301 500.6113799821 -2000.0000000000
-1529.4162417301 500.6113799821 -2000.0000000000
-1529.4162417301 500.6113799821 -2000.0000000000
-1529.4162417301 500.6113799821 -2000.0000000000
-129.7563320870 972.5688379843 -520.8662055247
-938.8104137512 1397.4547442944 996.1865301529
-938.8104137512 1397.4547442944 -2000.0000000000
-4.4907427832 -1969.0132535844 351.0216088673
-1209.7475121016 -114.4496085885 1409.8062746288
-1209.7475121016 -114.4496085885 -2000.0000000000
1048.9179031222 -1717.6951627570 1232.9836754499
1557.4298340961 605.9276530214 1630.7876282637
669.7981505610 -1829.2082857787 863.6631703081
669.7981505610 -1829.2082857787 -2000.0000000000
-580.2966623083 -1884.8726890997 107.0241190453
-580.2966623083 -1884.8726890997 -2000.0000000000
1289.2516173262 1035.5962132948 700.7520106927
1289.2516173262 1035.5962132948 -2000.0000000000
1289.2516173262 1035.5962132948 -2000.0000000000
1289.2516173262 1035.5962132948 -2000.0000000000
-718.5873714320 -672.8921560514 1913.7812664183
-1873.8277486946 770.3218849898 0.4509012153
-1873.8277486946 770.3218849898 -2000.0000000000
-1873.8277486946 770.3218849898 -2000.0000000000
-1873.8277486946 770.3218849898 -2000.0000000000
-1873.8277486946 770.3218849898 -2000.0000000000
-1873.8277486946 770.3218849898 -2000.0000000000
-1873.8277486946 770.3218849898 -2000.0000000000
-1873.8277486946 770.3218849898 -2000.0000000000
-606.2428545068 1092.6642475636 914.7949672755
-606.2428545068 1092.6642475636 -2000.0000000000
-606.2428545068 1092.6642475636 -2000.0000000000
-606.2428545068 1092.6642475636 -2000.0000000000
-606.2428545068 1092.6642475636 -2000.0000000000
-606.2428545068 1092.6642475636 -2000.0000000000
-606.2428545068 1092.6642475636 -2000.0000000000
-1669.3913875282 -905.3310930217 1713.1588022224
867.6208229120 164.3925901532 -117.2479107876
867.6208229120 164.3925901532 -2000.0000000000
-1839.8851047720 -965.4121019499 1651.0925802441
-1839.8851047720 -965.4121019499 -2000.0000000000
-1839.8851047720 -965.4121019499 -2000.0000000000
1766.0781701890 -1538.0156608997 654.2706288193
370.0783624563 -6.1945596325 -1752.7970489185
370.0783624563 -6.1945596325 -2000.0000000000
370.0783624563 -6.1945596325 -2000.0000000000
370.0783624563 -6.1945596325 -2000.0000000000
370.0783624563 -6.1945596325 -2000.0000000000
370.0783624563 -6.1945596325 -2000.0000000000
370.0783624563 -6.1945596325 -2000.0000000000
714.3177691061 -429.6947047660 -720.3607239396
714.3177691061 -429.6947047660 -2000.0000000000
714.3177691061 -429.6947047660 -2000.0000000000
714.3177691061 -429.6947047660 -2000.0000000000
714.3177691061 -429.6947047660 -2000.0000000000
714.3177691061 -429.6947047660 -2000.0000000000
714.3177691061 -429.6947047660 -2000.0000000000
714.3177691061 -429.6947047660 -2000.0000000000
1086.0012456444 -77.6335447541 -1176.8998900147
-698.4076605966 42.5781967673 -1043.1521662110
-698.4076605966 42.5781967673 -2000.0000000000
1643.9445128808 -1242.5224752764 394.5723146453
1116.0639751818 1394.6021813393 1026.1369255322
1116.0639751818 1394.6021813393 -2000.0000000000
1116.0639751818 1394.6021813393 -2000.0000000000
1116.0639751818 1394.6021813393 -2000.0000000000
1116.0639751818 1394.6021813393 -2000.0000000000
1116.0639751818 1394.6021813393 -2000.0000000000
931.6502803878 1961.9602823315 1442.1300063581
931.6502803878 1961.9602823315 -2000.0000000000
931.6502803878 1961.9602823315 -2000.0000000000
931.6502803878 1961.9602823315 -2000.0000000000
931.6502803878 1961.9602823315 -2000.0000000000
931.6502803878 1961.9602823315 -2000.0000000000
931.6502803878 1961.9602823315 -2000.0000000000
931.6502803878 1961.9602823315 -2000.0000000000
931.6502803878 1961.9602823315 -2000.0000000000
931.6502803878 1961.9602823315 -2000.0000000000
-34.8677719246 -1579.5432022902 1178.5282697802
-34.8677719246 -1579.5432022902 -2000.0000000000
-34.8677719246 -1579.5432022902 -2000.0000000000
626.8809742506 1598.7811574142 1425.0882441020
626.8809742506 1598.7811574142 -2000.0000000000
626.8809742506 1598.7811574142 -2000.0000000000
626.8809742506 1598.7811574142 -2000.0000000000
1474.6449219583 -1058.9502683534 1535.4151235968
1474.6449219583 -1058.9502683534 -2000.0000000000
1474.6449219583 -1058.9502683534 -2000.0000000000
1614.0546748690 10.8476602331 -240.0237013018
1614.0546748690 10.8476602331 -2000.0000000000
598.2443055634 -864.5010786339 -265.7890501687
598.2443055634 -864.5010786339 -2000.0000000000
598.2443055634 -864.5010786339 -2000.0000000000
598.2443055634 -864.5010786339 -2000.0000000000
598.2443055634 -864.5010786339 -2000.0000000000
598.2443055634 -864.5010786339 -2000.0000000000
598.2443055634 -864.5010786339 -2000.0000000000
-1700.6778273621 -1434.8088387867 401.5601882543
-1700.6778273621 -1434.8088387867 -2000.0000000000
-556.5265772688 759.0353912119 1894.9610154991
-556.5265772688 759.0353912119 -2000.0000000000
-556.5265772688 759.0353912119 -2000.0000000000
-556.5265772688 759.0353912119 -2000.0000000000
-556.5265772688 759.0353912119 -2000.0000000000
-556.5265772688 759.0353912119 -2000.0000000000
-556.5265772688 759.0353912119 -2000.0000000000
-556.5265772688 759.0353912119 -2000.0000000000
-556.5265772688 759.0353912119 -2000.0000000000
-382.3413798561 237.2828841942 372.0868556887
-382.3413798561 237.2828841942 -2000.0000000000
-382.3413798561 237.2828841942 -2000.0000000000
-382.3413798561 237.2828841942 -2000.0000000000
-382.3413798561 237.2828841942 -2000.0000000000
-382.3413798561 237.2828841942 -2000.0000000000
-12.1582763368 -1065.8123682267 1739.8786036997
-12.1582763368 -1065.8123682267 -2000.0000000000
-12.1582763368 -1065.8123682267 -2000.0000000000
-12.1582763368 -1065.8123682267 -2000.0000000000
346.3106670211 191.5941760427 -1628.4043323071
-637.8021858388 -294.9312196291 -688.0729955433
-165.5824076875 -6.7067470660 -78.5757388740
-612.7310986444 1684.4432519001 1289.7541527265
-612.7310986444 1684.4432519001 -2000.0000000000
-612.7310986444 1684.4432519001 -2000.0000000000
-612.7310986444 1684.4432519001 -2000.0000000000
-612.7310986444 1684.4432519001 -2000.0000000000
-612.7310986444 1684.4432519001 -2000.0000000000
-612.7310986444 1684.4432519001 -2000.0000000000
-612.7310986444 1684.4432519001 -2000.0000000000
-612.7310986444 1684.4432519001 -2000.0000000000
580.1949688109 762.3490470407 -1485.0995216555
-41.7177633219 -781.9291175499 3.1551957305
-41.7177633219 -781.9291175499 -2000.0000000000
-41.7177633219 -781.9291175499 -2000.0000000000
-41.7177633219 -781.9291175499 -2000.0000000000
1749.9227572408 975.7047344412 -461.7652710703
1749.9227572408 975.7047344412 -2000.0000000000
1749.9227572408 975.7047344412 -2000.0000000000
1749.9227572408 975.7047344412 -2000.0000000000
1749.9227572408 975.7047344412 -2000.0000000000
1306.5073455605 -1870.3291463791 322.8181375761
-1193.7187109174 500.0707363785 -1060.8753935144
-1193.7187109174 500.0707363785 -2000.0000000000
284.6655565644 1242.8299901017 1933.3503176196
284.6655565644 1242.8299901017 -2000.0000000000
1494.6521445705 416.0832432158 461.3121827267
1494.6521445705 416.0832432158 -2000.0000000000
1494.6521445705 416.0832432158 -2000.0000000000
1494.6521445705 416.0832432158 -2000.0000000000
1494.6521445705 416.0832432158 -2000.0000000000
1494.6521445705 416.0832432158 -2000.0000000000
-843.8550079360 753.4364546836 1015.2953500659
527.9181006884 -729.3500104175 -1952.6500002818
527.9181006884 -729.3500104175 -2000.0000000000
527.9181006884 -729.3500104175 -2000.0000000000
527.9181006884 -729.3500104175 -2000.0000000000
527.9181006884 -729.3500104175 -2000.0000000000
527.9181006884 -729.3500104175 -2000.0000000000
-1031.8156216920 416.2948969798 -1245.8943617696
-116.7096798692 155.6601369281 1979.0684481861
-1197.8069696711 -452.9539791905 -1321.5547433800
-1197.8069696711 -452.9539791905 -2000.0000000000
-1930.7522407911 1858.3420263646 -277.1754157677
-1930.7522407911 1858.3420263646 -2000.0000000000
-1930.7522407911 1858.3420263646 -2000.0000000000
1995.9714990872 181.3691940964 -401.9570323337
1995.9714990872 181.3691940964 -2000.0000000000
-713.0873616266 -1984.9336339827 1793.0124149251
-274.4671656808 322.1504022945 -1097.3224050062
-1940.5116009952 1853.9213070448 -1592.9212096765
-1940.5116009952 1853.9213070448 -2000.0000000000
-1940.5116009952 1853.9213070448 -2000.0000000000
-1940.5116009952 1853.9213070448 -2000.0000000000
-1940.5116009952 1853.9213070448 -2000.0000000000
890.3319667065 -981.6607946978 -585.2965419859
890.3319667065 -981.6607946978 -2000.0000000000
16.4811642075 -45.6146008969 1591.5209776362
16.4811642075 -45.6146008969 -2000.0000000000
1911.4428746425 1251.2314654535 -1453.7623510727
-1242.8146716901 722.9671997131 920.6506483923
-1242.8146716901 722.9671997131 -2000.0000000000
-1242.8146716901 722.9671997131 -2000.0000000000
-1242.8146716901 722.9671997131 -2000.0000000000
-1242.8146716901 722.9671997131 -2000.0000000000
-1242.8146716901 722.9671997131 -2000.0000000000
-1242.8146716901 722.9671997131 -2000.0000000000
-1242.8146716901 722.9671997131 -2000.0000000000
-1242.8146716901 722.9671997131 -2000.0000000000
-1242.8146716901 722.9671997131 -2000.0000000000
-1242.8146716901 722.9671997131 -2000.0000000000
-1242.8146716901 722.9671997131 -2000.0000000000
-1242.8146716901 722.9671997131 -2000.0000000000
-1242.8146716901 722.9671997131 -2000.0000000000
-1242.8146716901 722.9671997131 -2000.0000000000
-1242.8146716901 722.9671997131 -2000.0000000000
1873.8775061753 -911.7051693634 1480.2467886353
1873.8775061753 -911.7051693634 -2000.0000000000
1873.8775061753 -911.7051693634 -2000.0000000000
1873.8775061753 -911.7051693634 -2000.0000000000
1873.8775061753 -911.7051693634 -2000.0000000000
1873.8775061753 -911.7051693634 -2000.0000000000
1873.8775061753 -911.7051693634 -2000.0000000000
1873.8775061753 -911.7051693634 -2000.0000000000
1873.8775061753 -911.7051693634 -2000.0000000000
1873.8775061753 -911.7051693634 -2000.0000000000
428.8124353502 832.3023932216 -56.9252841253
428.8124353502 832.3023932216 -2000.0000000000
428.8124353502 832.3023932216 -2000.0000000000
428.8124353502 832.3023932216 -2000.0000000000
428.8124353502 832.3023932216 -2000.0000000000
779.0228541854 -1661.8995835794 618.0416793543
1248.4484673847 -477.6828183255 -1838.7531802996
1248.4484673847 -477.6828183255 -2000.0000000000
-1114.3363264390 580.5609136799 1748.9190221699
-1114.3363264390 580.5609136799 -2000.0000000000
-1114.3363264390 580.5609136799 -2000.0000000000
-1114.3363264390 580.5609136799 -2000.0000000000
206.8877513175 1932.9050362391 1262.4461285098
614.5988921387 -931.6488732941 1343.6466444840
614.5988921387 -931.6488732941 -2000.0000000000
614.5988921387 -931.6488732941 -2000.0000000000
614.5988921387 -931.6488732941 -2000.0000000000
1584.6465150826 373.7953320781 -448.1124688511
1584.6465150826 373.7953320781 -2000.0000000000
1584.6465150826 373.7953320781 -2000.0000000000
1584.6465150826 373.7953320781 -2000.0000000000
1584.6465150826 373.7953320781 -2000.0000000000
714.4343403115 -597.0831296553 12.5945645790
714.4343403115 -597.0831296553 -2000.0000000000
-1614.9374451232 -1003.3829024455 824.3786772226
-290.4625723066 1651.3699518228 1287.6412823539
-290.4625723066 1651.3699518228 -2000.0000000000
1283.7053026358 40.3309463632 -529.6332714740
-408.2837461078 -253.8008706305 583.9770860824
-408.2837461078 -253.8008706305 -2000.0000000000
-408.2837461078 -253.8008706305 -2000.0000000000
-408.2837461078 -253.8008706305 -2000.0000000000
-408.2837461078 -253.8008706305 -2000.0000000000
-1755.4237232135 1668.3190331067 1259.0306874165
-1755.4237232135 1668.3190331067 -2000.0000000000
-1755.4237232135 1668.3190331067 -2000.0000000000
-1755.4237232135 1668.3190331067 -2000.0000000000
-601.1756831072 -623.8224973284 136.0412454749
-601.1756831072 -623.8224973284 -2000.0000000000
-601.1756831072 -623.8224973284 -2000.0000000000
64.8293232809 -1322.7198120728 424.7197985060
64.8293232809 -1322.7198120728 -2000.0000000000
-1404.1069259534 1610.6362610975 1983.1336573810
-1404.1069259534 1610.6362610975 -2000.0000000000
-113.0315877995 359.5522226696 1788.6762144593
-113.0315877995 359.5522226696 -2000.0000000000
-113.0315877995 359.5522226696 -2000.0000000000
-113.0315877995 359.5522226696 -2000.0000000000
-113.0315877995 359.5522226696 -2000.0000000000
-113.0315877995 359.5522226696 -2000.0000000000
-908.9425107586 95.4801048601 320.7448575645
-908.9425107586 95.4801048601 -2000.0000000000
756.2348375078 -1963.4313760787 -861.6529078260
-107.1259377556 821.4859057907 -1306.8156691658
-107.1259377556 821.4859057907 -2000.0000000000
-107.1259377556 821.4859057907 -2000.0000000000
-1297.6022483654 -1881.7974489306 1898.8240821247
-1346.9259893104 944.6836885668 982.9150795871
-1346.9259893104 944.6836885668 -2000.0000000000
-1346.9259893104 944.6836885668 -2000.0000000000
-1025.5343738823 -1848.2804870528 -198.9134903555
-1323.4948587911 -1447.4605034813 -891.6153686390
905.6319714270 -648.2096534283 1222.6211258063
-1289.0610271935 804.4033036314 1363.0114794090
-1289.0610271935 804.4033036314 -2000.0000000000
-1289.0610271935 804.4033036314 -2000.0000000000
-1289.0610271935 804.4033036314 -2000.0000000000
1737.7429754767 867.9415057712 -1354.4509469982
1737.7429754767 867.9415057712 -2000.0000000000
1737.7429754767 867.9415057712 -2000.0000000000
1737.7429754767 867.9415057712 -2000.0000000000
1848.2819510510 1626.4268520006 1784.9639804016
1848.2819510510 1626.4268520006 -2000.0000000000
1848.2819510510 1626.4268520006 -2000.0000000000
1848.2819510510 1626.4268520006 -2000.0000000000
1848.2819510510 1626.4268520006 -2000.0000000000
1128.2917539890 1543.6213013985 -1965.4669755305
1128.2917539890 1543.6213013985 -2000.0000000000
1128.2917539890 1543.6213013985 -2000.0000000000
1128.2917539890 1543.6213013985 -2000.0000000000
1128.2917539890 1543.6213013985 -2000.0000000000
-408.7494482636 -921.0723602588 -173.4849057037
474.0387258818 1561.7386124182 -1072.4626969092
474.0387258818 1561.7386124182 -2000.0000000000
474.0387258818 1561.7386124182 -2000.0000000000
474.0387258818 1561.7386124182 -2000.0000000000
1017.3359112804 1984.0018413325 -1645.4309228062
1017.3359112804 1984.0018413325 -2000.0000000000
1017.3359112804 1984.0018413325 -2000.0000000000
-1569.6425674287 323.1862676297 -756.1927601560
-1569.6425674287 323.1862676297 -2000.0000000000
-1569.6425674287 323.1862676297 -2000.0000000000
-1569.6425674287 323.1862676297 -2000.0000000000
-1569.6425674287 323.1862676297 -2000.0000000000
-1569.6425674287 323.1862676297 -2000.0000000000
-1569.6425674287 323.1862676297 -2000.0000000000
1974.8833772929 837.4931851171 -421.6901321200
1974.8833772929 837.4931851171 -2000.0000000000
1258.9249735964 1296.6233925295 -1771.0282675430
1852.9303480924 562.8877556456 700.4790649709
1852.9303480924 562.8877556456 -2000.0000000000
656.1813175538 357.0036106892 -951.5169167601
656.1813175538 357.0036106892 -2000.0000000000
656.1813175538 357.0036106892 -2000.0000000000
656.1813175538 357.0036106892 -2000.0000000000
656.1813175538 357.0036106892 -2000.0000000000
-583.9986735142 -888.6262695372 -986.2908050837
-583.9986735142 -888.6262695372 -2000.0000000000
-583.9986735142 -888.6262695372 -2000.0000000000
-583.9986735142 -888.6262695372 -2000.0000000000
1164.1777851283 -1842.4370575264 1254.0370544967
1164.1777851283 -1842.4370575264 -2000.0000000000
1164.1777851283 -1842.4370575264 -2000.0000000000
1317.9570802931 -1522.9760129462 -1720.0434407864
1388.0101563594 -874.3067053148 -729.5340012129
1388.0101563594 -874.3067053148 -2000.0000000000
1388.0101563594 -874.3067053148 -2000.0000000000
1388.0101563594 -874.3067053148 -2000.0000000000
-467.8236130771 -541.9058078969 1869.3072927263
-467.8236130771 -541.9058078969 -2000.0000000000
-467.8236130771 -541.9058078969 -2000.0000000000
892.1659434979 78.2145932639 -1561.9772619734
892.1659434979 78.2145932639 -2000.0000000000
799.5759315196 -1989.9752993501 219.7086308557
955.7104265769 -1983.4450799288 -1026.0528501687
955.7104265769 -1983.4450799288 -2000.0000000000
-1323.6481530310 108.9447926416 816.9461803156
-1595.6619416148 155.9975416192 -127.3621540760
-1595.6619416148 155.9975416192 -2000.0000000000
-1595.6619416148 155.9975416192 -2000.0000000000
-1595.6619416148 155.9975416192 -2000.0000000000
-1595.6619416148 155.9975416192 -2000.0000000000
-1206.8850354152 334.3259495409 -1251.8093966403
-1206.8850354152 334.3259495409 -2000.0000000000
-570.3304594184 1400.7563083219 -217.8414468353
-570.3304594184 1400.7563083219 -2000.0000000000
-570.3304594184 1400.7563083219 -2000.0000000000
-570.3304594184 1400.7563083219 -2000.0000000000
-570.3304594184 1400.7563083219 -2000.0000000000
690.1156090379 -830.6963272321 350.7013622121
-1497.7954146280 749.7420600805 1376.4357052868
781.1206346492 -1211.5265553676 -1078.6681054042
781.1206346492 -1211.5265553676 -2000.0000000000
-382.9785745460 -262.8008180580 1393.9881495284
-382.9785745460 -262.8008180580 -2000.0000000000
-382.9785745460 -262.8008180580 -2000.0000000000
-382.9785745460 -262.8008180580 -2000.0000000000
-382.9785745460 -262.8008180580 -2000.0000000000
-382.9785745460 -262.8008180580 -2000.0000000000
-382.9785745460 -262.8008180580 -2000.0000000000
-382.9785745460 -262.8008180580 -2000.0000000000
-382.9785745460 -262.8008180580 -2000.0000000000
-382.9785745460 -262.8008180580 -2000.0000000000
-1868.7006354276 -1833.7925289061 -684.9625926079
-1868.7006354276 -1833.7925289061 -2000.0000000000
-1868.7006354276 -1833.7925289061 -2000.0000000000
1174.6144208451 1363.2924614932 1438.1670410788
1174.6144208451 1363.2924614932 -2000.0000000000
1174.6144208451 1363.2924614932 -2000.0000000000
932.5053385728 1600.9863980624 -1971.1120778326
828.5155842328 552.7298622512 357.9879590613
828.5155842328 552.7298622512 -2000.0000000000
828.5155842328 552.7298622512 -2000.0000000000
828.5155842328 552.7298622512 -2000.0000000000
828.5155842328 552.7298622512 -2000.0000000000
828.5155842328 552.7298622512 -2000.0000000000
-1037.0479516015 1088.8795352378 -772.6572463513
1588.5487615220 -1847.6469884637 1722.4463823170
1588.5487615220 -1847.6469884637 -2000.0000000000
1588.5487615220 -1847.6469884637 -2000.0000000000
1327.2210153564 -1931.3950536859 920.4149333783
1327.2210153564 -1931.3950536859 -2000.0000000000
910.4958588096 -1250.4034945025 840.5135092804
910.4958588096 -1250.4034945025 -2000.0000000000
910.4958588096 -1250.4034945025 -2000.0000000000
910.4958588096 -1250.4034945025 -2000.0000000000
910.4958588096 -1250.4034945025 -2000.0000000000
-550.2960588544 -815.0910891143 195.3732836949
-550.2960588544 -815.0910891143 -2000.0000000000
-550.2960588544 -815.0910891143 -2000.0000000000
-1842.5111459370 792.1124081487 -626.5333818265
1042.4983310671 -1010.2314436458 286.9017083643
1042.4983310671 -1010.2314436458 -2000.0000000000
1042.4983310671 -1010.2314436458 -2000.0000000000
1042.4983310671 -1010.2314436458 -2000.0000000000
1042.4983310671 -1010.2314436458 -2000.0000000000
1042.4983310671 -1010.2314436458 -2000.0000000000
1042.4983310671 -1010.2314436458 -2000.0000000000
1042.4983310671 -1010.2314436458 -2000.0000000000
1042.4983310671 -1010.2314436458 -2000.0000000000
1042.4983310671 -1010.2314436458 -2000.0000000000
1042.4983310671 -1010.2314436458 -2000.0000000000
1042.4983310671 -1010.2314436458 -2000.0000000000
1042.4983310671 -1010.2314436458 -2000.0000000000
1042.4983310671 -1010.2314436458 -2000.0000000000
1042.4983310671 -1010.2314436458 -2000.0000000000
1042.4983310671 -1010.2314436458 -2000.0000000000
513.2503650896 -594.6448004184 186.5862794781
513.2503650896 -594.6448004184 -2000.0000000000
513.2503650896 -594.6448004184 -2000.0000000000
513.2503650896 -594.6448004184 -2000.0000000000
513.2503650896 -594.6448004184 -2000.0000000000
1610.5086399227 1422.3342079021 -1902.3140473411
1610.5086399227 1422.3342079021 -2000.0000000000
1610.5086399227 1422.3342079021 -2000.0000000000
1610.5086399227 1422.3342079021 -2000.0000000000
1610.5086399227 1422.3342079021 -2000.0000000000
1610.5086399227 1422.3342079021 -2000.0000000000
1610.5086399227 1422.3342079021 -2000.0000000000
663.2321570577 -1187.3832793024 -827.2459955959
1372.4124061724 -1766.0280905429 -909.0587144137
641.7366241499 957.6252172007 740.2252514507
641.7366241499 957.6252172007 -2000.0000000000
641.7366241499 957.6252172007 -2000.0000000000
641.7366241499 957.6252172007 -2000.0000000000
-434.4470948957 -891.7246095460 1389.0143981751
-434.4470948957 -891.7246095460 -2000.0000000000
1616.2498824405 10.0261869104 1154.6946229842
1616.2498824405 10.0261869104 -2000.0000000000
1616.2498824405 10.0261869104 -2000.0000000000
1616.2498824405 10.0261869104 -2000.0000000000
1616.2498824405 10.0261869104 -2000.0000000000
1616.2498824405 10.0261869104 -2000.0000000000
1616.2498824405 10.0261869104 -2000.0000000000
882.5642596397 -903.4320493830 -1848.7407562974
882.5642596397 -903.4320493830 -2000.0000000000
1352.2598602973 -1884.2836239696 -1208.8123601728
1736.9311850735 35.9696748996 400.2630503528
-1848.0381574996 -1521.7150387987 1800.3308795188
714.7539353376 34.2998538225 -1994.8368765134
714.7539353376 34.2998538225 -2000.0000000000
714.7539353376 34.2998538225 -2000.0000000000
714.7539353376 34.2998538225 -2000.0000000000
772.5702159115 -1534.4685933017 927.9988592856
772.5702159115 -1534.4685933017 -2000.0000000000
772.5702159115 -1534.4685933017 -2000.0000000000
744.0803042524 246.5639260286 -540.6822603510
744.0803042524 246.5639260286 -2000.0000000000
744.0803042524 246.5639260286 -2000.0000000000
744.0803042524 246.5639260286 -2000.0000000000
744.0803042524 246.5639260286 -2000.0000000000
744.0803042524 246.5639260286 -2000.0000000000
744.0803042524 246.5639260286 -2000.0000000000
744.0803042524 246.5639260286 -2000.0000000000
1814.6594059122 305.1059078140 153.7791596284
1814.6594059122 305.1059078140 -2000.0000000000
330.7671022350 -459.4617152750 246.2921587196
330.7671022350 -459.4617152750 -2000.0000000000
330.7671022350 -459.4617152750 -2000.0000000000
330.7671022350 -459.4617152750 -2000.0000000000
330.7671022350 -459.4617152750 -2000.0000000000
1133.7959232897 1523.7741767233 -1973.2747293671
1133.7959232897 1523.7741767233 -2000.0000000000
1133.7959232897 1523.7741767233 -2000.0000000000
1133.7959232897 1523.7741767233 -2000.0000000000
1133.7959232897 1523.7741767233 -2000.0000000000
1133.7959232897 1523.7741767233 -2000.0000000000
1133.7959232897 1523.7741767233 -2000.0000000000
1133.7959232897 1523.7741767233 -2000.0000000000
1133.7959232897 1523.7741767233 -2000.0000000000
664.0159022754 1808.4054727514 26.7104600146
664.0159022754 1808.4054727514 -2000.0000000000
664.0159022754 1808.4054727514 -2000.0000000000
-1989.3145797546 287.8116239326 -694.7991112713
-1989.3145797546 287.8116239326 -2000.0000000000
-1989.3145797546 287.8116239326 -2000.0000000000
-1989.3145797546 287.8116239326 -2000.0000000000
-1989.3145797546 287.8116239326 -2000.0000000000
473.7210837003 -59.9944786803 1527.4948620393
1022.0845318970 -737.5368320197 -1722.7187812146
1022.0845318970 -737.5368320197 -2000.0000000000
-1701.2639919820 -388.2632335026 -1032.3382548204
-1701.2639919820 -388.2632335026 -2000.0000000000
-1701.2639919820 -388.2632335026 -2000.0000000000
-1952.3355731960 -1551.7101924627 744.2244819976
-1952.3355731960 -1551.7101924627 -2000.0000000000
-1952.3355731960 -1551.7101924627 -2000.0000000000
-1952.3355731960 -1551.7101924627 -2000.0000000000
-1952.3355731960 -1551.7101924627 -2000.0000000000
-1952.3355731960 -1551.7101924627 -2000.0000000000
168.5980447189 1880.0007779293 -222.6465044726
168.5980447189 1880.0007779293 -2000.0000000000
168.5980447189 1880.0007779293 -2000.0000000000
168.5980447189 1880.0007779293 -2000.0000000000
168.5980447189 1880.0007779293 -2000.0000000000
168.5980447189 1880.0007779293 -2000.0000000000
168.5980447189 1880.0007779293 -2000.0000000000
168.5980447189 1880.0007779293 -2000.0000000000
168.5980447189 1880.0007779293 -2000.0000000000
168.5980447189 1880.0007779293 -2000.0000000000
168.5980447189 1880.0007779293 -2000.0000000000
168.5980447189 1880.0007779293 -2000.0000000000
645.6014663647 393.5932655159 -359.2006555121
-1288.7618618496 623.7616478388 1651.8080084603
-1288.7618618496 623.7616478388 -2000.0000000000
-1288.7618618496 623.7616478388 -2000.0000000000
1066.4059173784 1700.1509881211 1959.7140270223
1066.4059173784 1700.1509881211 -2000.0000000000
1066.4059173784 1700.1509881211 -2000.0000000000
1066.4059173784 1700.1509881211 -2000.0000000000
1066.4059173784 1700.1509881211 -2000.0000000000
1066.4059173784 1700.1509881211 -2000.0000000000
-255.5562941852 -528.9966848677 -1212.4793081248
-255.5562941852 -528.9966848677 -2000.0000000000
-255.5562941852 -528.9966848677 -2000.0000000000
-1510.4964859139 618.8595586488 -277.1205545511
-1510.4964859139 618.8595586488 -2000.0000000000
-563.4717277598 421.2716389599 1356.0262941501
-563.4717277598 421.2716389599 -2000.0000000000
-563.4717277598 421.2716389599 -2000.0000000000
-563.4717277598 421.2716389599 -2000.0000000000
-563.4717277598 421.2716389599 -2000.0000000000
-563.4717277598 421.2716389599 -2000.0000000000
-563.4717277598 421.2716389599 -2000.0000000000
-563.4717277598 421.2716389599 -2000.0000000000
-563.4717277598 421.2716389599 -2000.0000000000
-563.4717277598 421.2716389599 -2000.0000000000
528.2117518228 400.9514471959 84.6010634843
528.2117518228 400.9514471959 -2000.0000000000
528.2117518228 400.9514471959 -2000.0000000000
528.2117518228 400.9514471959 -2000.0000000000
528.2117518228 400.9514471959 -2000.0000000000
1568.3639683831 144.1421419231 804.4375577427
1568.3639683831 144.1421419231 -2000.0000000000
1568.3639683831 144.1421419231 -2000.0000000000
1568.3639683831 144.1421419231 -2000.0000000000
1568.3639683831 144.1421419231 -2000.0000000000
1066.4329996575 839.5153384577 -332.5300573025
1066.4329996575 839.5153384577 -2000.0000000000
1066.4329996575 839.5153384577 -2000.0000000000
524.7679775090 -1304.1318377594 -314.2195595968
473.8934175475 220.0051010303 1576.8080993063
473.8934175475 220.0051010303 -2000.0000000000
473.8934175475 220.0051010303 -2000.0000000000
473.8934175475 220.0051010303 -2000.0000000000
473.8934175475 220.0051010303 -2000.0000000000
473.8934175475 220.0051010303 -2000.0000000000
-190.3186173654 147.9119377719 506.0264764169
-1349.6142718046 -734.8478224453 -107.4927141598
-1349.6142718046 -734.8478224453 -2000.0000000000
-1349.6142718046 -734.8478224453 -2000.0000000000
-1349.6142718046 -734.8478224453 -2000.0000000000
-1349.6142718046 -734.8478224453 -2000.0000000000
-175.7032681164 857.8480853434 -129.0449496161
-175.7032681164 857.8480853434 -2000.0000000000
-175.7032681164 857.8480853434 -2000.0000000000
-175.7032681164 857.8480853434 -2000.0000000000
-175.7032681164 857.8480853434 -2000.0000000000
-175.7032681164 857.8480853434 -2000.0000000000
-175.7032681164 857.8480853434 -2000.0000000000
1177.3911545398 -1628.2222044412 -1965.6725111305
1177.3911545398 -1628.2222044412 -2000.0000000000
-757.8616612045 -938.4775784700 1461.5764332968
-757.8616612045 -938.4775784700 -2000.0000000000
-757.8616612045 -938.4775784700 -2000.0000000000
-757.8616612045 -938.4775784700 -2000.0000000000
-757.8616612045 -938.4775784700 -2000.0000000000
-757.8616612045 -938.4775784700 -2000.0000000000
-757.8616612045 -938.4775784700 -2000.0000000000
565.0337249130 -1001.4557364094 -1134.0805150062
565.0337249130 -1001.4557364094 -2000.0000000000
565.0337249130 -1001.4557364094 -2000.0000000000
565.0337249130 -1001.4557364094 -2000.0000000000
565.0337249130 -1001.4557364094 -2000.0000000000
565.0337249130 -1001.4557364094 -2000.0000000000
-1616.8169781953 -602.2458386478 -478.9068760715
-1616.8169781953 -602.2458386478 -2000.0000000000
-1616.8169781953 -602.2458386478 -2000.0000000000
-883.4285157923 392.1550418036 -507.9573138325
-883.4285157923 392.1550418036 -2000.0000000000
-883.4285157923 392.1550418036 -2000.0000000000
1711.6526963403 -1100.4274276802 1696.3790987925
1711.6526963403 -1100.4274276802 -2000.0000000000
-1766.0024186371 837.6905770892 909.6443402827
-1766.0024186371 837.6905770892 -2000.0000000000
-1766.0024186371 837.6905770892 -2000.0000000000
1545.1800090299 -370.2806086804 -1968.1661117966
1545.1800090299 -370.2806086804 -2000.0000000000
1545.1800090299 -370.2806086804 -2000.0000000000
1545.1800090299 -370.2806086804 -2000.0000000000
-284.7954245001 159.3869417225 745.9952926875
-1233.9078159819 -1304.6910573044 -119.1561332540
-1233.9078159819 -1304.6910573044 -2000.0000000000
-1233.9078159819 -1304.6910573044 -2000.0000000000
-1233.9078159819 -1304.6910573044 -2000.0000000000
-1233.9078159819 -1304.6910573044 -2000.0000000000
-1233.9078159819 -1304.6910573044 -2000.0000000000
-1233.9078159819 -1304.6910573044 -2000.0000000000
-1233.9078159819 -1304.6910573044 -2000.0000000000
-1233.9078159819 -1304.6910573044 -2000.0000000000
-1233.9078159819 -1304.6910573044 -2000.0000000000
-1233.9078159819 -1304.6910573044 -2000.0000000000
343.2130166365 -741.5777551847 -1180.8273854720
343.2130166365 -741.5777551847 -2000.0000000000
343.2130166365 -741.5777551847 -2000.0000000000
343.2130166365 -741.5777551847 -2000.0000000000
343.2130166365 -741.5777551847 -2000.0000000000
343.2130166365 -741.5777551847 -2000.0000000000
343.2130166365 -741.5777551847 -2000.0000000000
343.2130166365 -741.5777551847 -2000.0000000000
1299.9299258784 1110.8954428532 789.5701453643
877.9662622992 -805.9276543715 -1525.8940461856
877.9662622992 -805.9276543715 -2000.0000000000
877.9662622992 -805.9276543715 -2000.0000000000
877.9662622992 -805.9276543715 -2000.0000000000
877.9662622992 -805.9276543715 -2000.0000000000
877.9662622992 -805.9276543715 -2000.0000000000
877.9662622992 -805.9276543715 -2000.0000000000
877.9662622992 -805.9276543715 -2000.0000000000
877.9662622992 -805.9276543715 -2000.0000000000
877.9662622992 -805.9276543715 -2000.0000000000
877.9662622992 -805.9276543715 -2000.0000000000
877.9662622992 -805.9276543715 -2000.0000000000
877.9662622992 -805.9276543715 -2000.0000000000
877.9662622992 -805.9276543715 -2000.0000000000
877.9662622992 -805.9276543715 -2000.0000000000
-469.8225764329 -364.1671447819 -735.7172455642
-469.8225764329 -364.1671447819 -2000.0000000000
-469.8225764329 -364.1671447819 -2000.0000000000
-469.8225764329 -364.1671447819 -2000.0000000000
-469.8225764329 -364.1671447819 -2000.0000000000
1238.6273322876 -1806.2884937431 -1485.7769505753
1238.6273322876 -1806.2884937431 -2000.0000000000
1238.6273322876 -1806.2884937431 -2000.0000000000
1238.6273322876 -1806.2884937431 -2000.0000000000
1129.8675427652 360.2890395734 1165.6024667319
1129.8675427652 360.2890395734 -2000.0000000000
1129.8675427652 360.2890395734 -2000.0000000000
1129.8675427652 360.2890395734 -2000.0000000000
1129.8675427652 360.2890395734 -2000.0000000000
1129.8675427652 360.2890395734 -2000.0000000000
1129.8675427652 360.2890395734 -2000.0000000000
1129.8675427652 360.2890395734 -2000.0000000000
1129.8675427652 360.2890395734 -2000.0000000000
677.1161775751 808.7712121027 1108.0201841427
677.1161775751 808.7712121027 -2000.0000000000
-1906.2268142507 -891.8623517951 -1182.1500491523
512.0253722693 -1250.2006551761 201.6788010131
512.0253722693 -1250.2006551761 -2000.0000000000
512.0253722693 -1250.2006551761 -2000.0000000000
-1504.6487027823 555.2131796241 1493.3024438633
-1504.6487027823 555.2131796241 -2000.0000000000
-1859.6402754496 1699.9777736737 480.4786386975
775.5633752446 730.2716190468 1303.0523677689
1317.9619050810 1801.0389963060 1213.6591349651
1317.9619050810 1801.0389963060 -2000.0000000000
1317.9619050810 1801.0389963060 -2000.0000000000
1317.9619050810 1801.0389963060 -2000.0000000000
1317.9619050810 1801.0389963060 -2000.0000000000
1317.9619050810 1801.0389963060 -2000.0000000000
667.0635924590 -670.5153716614 1008.6455948279
667.0635924590 -670.5153716614 -2000.0000000000
667.0635924590 -670.5153716614 -2000.0000000000
667.0635924590 -670.5153716614 -2000.0000000000
667.0635924590 -670.5153716614 -2000.0000000000
1618.5392912263 782.1074066483 1006.8427833639
1463.0642607484 -965.4929318424 -351.0837643641
1463.0642607484 -965.4929318424 -2000.0000000000
-1280.2037646189 726.7327057669 -287.4395058678
-1280.2037646189 726.7327057669 -2000.0000000000
-1280.2037646189 726.7327057669 -2000.0000000000
-737.2410330033 601.4520136901 838.6085322852
-838.5619484890 -1626.9116657527 -1055.1341167755
1415.0107624664 805.7052283708 1891.2650226584
-1380.2636621363 1853.0828945260 606.0303085937
-915.4123501955 429.0213650025 432.7314017597
-915.4123501955 429.0213650025 -2000.0000000000
-915.4123501955 429.0213650025 -2000.0000000000
-1149.6118491099 1099.6480776340 924.8449836619
425.8456069796 -1570.3291296624 -145.4647104943
1974.1278651081 675.2305972771 1623.8560755202
1974.1278651081 675.2305972771 -2000.0000000000
-1513.5770473213 198.0204360280 1647.0788197826
-1513.5770473213 198.0204360280 -2000.0000000000
-1513.5770473213 198.0204360280 -2000.0000000000
-1513.5770473213 198.0204360280 -2000.0000000000
-1513.5770473213 198.0204360280 -2000.0000000000
-1513.5770473213 198.0204360280 -2000.0000000000
-1513.5770473213 198.0204360280 -2000.0000000000
-1513.5770473213 198.0204360280 -2000.0000000000
-1513.5770473213 198.0204360280 -2000.0000000000
-1513.5770473213 198.0204360280 -2000.0000000000
-1513.5770473213 198.0204360280 -2000.0000000000
-482.9305553858 548.6026410874 724.8843709719
-1070.0263072992 -1368.8861079000 -929.7489721281
-1070.0263072992 -1368.8861079000 -2000.0000000000
-1070.0263072992 -1368.8861079000 -2000.0000000000
1775.5914229731 -349.1094384784 -1604.0355629960
1775.5914229731 -349.1094384784 -2000.0000000000
1710.5185513789 -960.7415101317 975.5837151014
1710.5185513789 -960.7415101317 -2000.0000000000
1710.5185513789 -960.7415101317 -2000.0000000000
-1044.7116718945 727.9942937575 1151.0321052928
-32.2147763983 209.8651068571 -930.7541866761
-32.2147763983 209.8651068571 -2000.0000000000
-32.2147763983 209.8651068571 -2000.0000000000
-1322.0527175527 607.5711058631 -60.0250036959
-1322.0527175527 607.5711058631 -2000.0000000000
-1322.0527175527 607.5711058631 -2000.0000000000
-1322.0527175527 607.5711058631 -2000.0000000000
-1322.0527175527 607.5711058631 -2000.0000000000
-1322.0527175527 607.5711058631 -2000.0000000000
-1322.0527175527 607.5711058631 -2000.0000000000
-1573.8264668114 -728.1086352882 1509.9761302993
-93.9705499606 -1206.6893779692 105.4923727210
-93.9705499606 -1206.6893779692 -2000.0000000000
-93.9705499606 -1206.6893779692 -2000.0000000000
1614.0014394474 -1381.5905530037 111.0179107599
1614.0014394474 -1381.5905530037 -2000.0000000000
1614.0014394474 -1381.5905530037 -2000.0000000000
-574.2042587306 -1305.5188376190 773.5057751744
-574.2042587306 -1305.5188376190 -2000.0000000000
899.1091928094 221.9274326095 1448.3428733788
1033.7339577986 1376.5707310130 -964.0246650179
562.3337044606 373.4234503314 -1040.0613567213
1259.3411783168 -1077.2835810178 -799.1986235518
1259.3411783168 -1077.2835810178 -2000.0000000000
1259.3411783168 -1077.2835810178 -2000.0000000000
1259.3411783168 -1077.2835810178 -2000.0000000000
1259.3411783168 -1077.2835810178 -2000.0000000000
1259.3411783168 -1077.2835810178 -2000.0000000000
1259.3411783168 -1077.2835810178 -2000.0000000000
-708.4598367968 -135.7538535739 -258.5587888642
-708.4598367968 -135.7538535739 -2000.0000000000
-708.4598367968 -135.7538535739 -2000.0000000000
-708.4598367968 -135.7538535739 -2000.0000000000
-708.4598367968 -135.7538535739 -2000.0000000000
-708.4598367968 -135.7538535739 -2000.0000000000
-707.4149448211 655.2244707505 -1721.7297343455
367.6063349569 318.9068601853 -1341.6673706375
367.6063349569 318.9068601853 -2000.0000000000
367.6063349569 318.9068601853 -2000.0000000000
367.6063349569 318.9068601853 -2000.0000000000
367.6063349569 318.9068601853 -2000.0000000000
367.6063349569 318.9068601853 -2000.0000000000
367.6063349569 318.9068601853 -2000.0000000000
-1855.8364189651 462.4546064959 -719.9617984976
-1855.8364189651 462.4546064959 -2000.0000000000
-1524.1691151274 -904.2433352550 -1797.5027576308
-1524.1691151274 -904.2433352550 -2000.0000000000
1786.1269221937 -1737.7692998041 51.3907139245
587.9623495015 109.5461269538 -542.2349533038
587.9623495015 109.5461269538 -2000.0000000000
587.9623495015 109.5461269538 -2000.0000000000
587.9623495015 109.5461269538 -2000.0000000000
587.9623495015 109.5461269538 -2000.0000000000
587.9623495015 109.5461269538 -2000.0000000000
587.9623495015 109.5461269538 -2000.0000000000
587.9623495015 109.5461269538 -2000.0000000000
587.9623495015 109.5461269538 -2000.0000000000
587.9623495015 109.5461269538 -2000.0000000000
587.9623495015 109.5461269538 -2000.0000000000
857.5777185198 1801.7356355821 927.8177598999
857.5777185198 1801.7356355821 -2000.0000000000
857.5777185198 1801.7356355821 -2000.0000000000
857.5777185198 1801.7356355821 -2000.0000000000
1381.1739350269 1524.7037626333 949.2050025935
183.1582120037 1263.0850861382 1243.5194582284
183.1582120037 1263.0850861382 -2000.0000000000
1270.9399600487 772.9746361752 -8.2648404784
-1834.3366281178 1373.7712719911 226.9853882085
-1676.4153913042 1151.8004173321 -503.0466390697
-1676.4153913042 1151.8004173321 -2000.0000000000
-1676.4153913042 1151.8004173321 -2000.0000000000
-1676.4153913042 1151.8004173321 -2000.0000000000
-1676.4153913042 1151.8004173321 -2000.0000000000
1343.9853769708 790.6774119962 1224.7360882741
1343.9853769708 790.6774119962 -2000.0000000000
1343.9853769708 790.6774119962 -2000.0000000000
1343.9853769708 790.6774119962 -2000.0000000000
1343.9853769708 790.6774119962 -2000.0000000000
1343.9853769708 790.6774119962 -2000.0000000000
1343.9853769708 790.6774119962 -2000.0000000000
1343.9853769708 790.6774119962 -2000.0000000000
-1537.4145590547 971.6456478195 -40.4813683726
-1537.4145590547 971.6456478195 -2000.0000000000
-1537.4145590547 971.6456478195 -2000.0000000000
-1537.4145590547 971.6456478195 -2000.0000000000
-1537.4145590547 971.6456478195 -2000.0000000000
-1537.4145590547 971.6456478195 -2000.0000000000
-1537.4145590547 971.6456478195 -2000.0000000000
-707.6550985699 1371.5500663458 -1357.8654839851
-707.6550985699 1371.5500663458 -2000.0000000000
-707.6550985699 1371.5500663458 -2000.0000000000
-707.6550985699 1371.5500663458 -2000.0000000000
-707.6550985699 1371.5500663458 -2000.0000000000
1732.6059479966 -1203.2235248890 -387.8580758049
-388.5219881333 -1977.0633839688 -905.0065178413
-388.5219881333 -1977.0633839688 -2000.0000000000
-388.5219881333 -1977.0633839688 -2000.0000000000
-1782.7706407043 185.4618745060 -1141.4977936404
-1959.9474381377 -1629.3096652300 -962.5899018924
-843.6207934602 1627.3927932479 1074.7636893226
-1225.3468426782 -1514.3030557638 143.0112077351
-1225.3468426782 -1514.3030557638 -2000.0000000000
-1225.3468426782 -1514.3030557638 -2000.0000000000
-1225.3468426782 -1514.3030557638 -2000.0000000000
-1225.3468426782 -1514.3030557638 -2000.0000000000
-1225.3468426782 -1514.3030557638 -2000.0000000000
-1225.3468426782 -1514.3030557638 -2000.0000000000
-1934.8219704725 316.7798609539 297.8077566799
-1934.8219704725 316.7798609539 -2000.0000000000
886.7260547230 -1269.7452582811 980.6874409484
886.7260547230 -1269.7452582811 -2000.0000000000
886.7260547230 -1269.7452582811 -2000.0000000000
886.7260547230 -1269.7452582811 -2000.0000000000
886.7260547230 -1269.7452582811 -2000.0000000000
886.7260547230 -1269.7452582811 -2000.0000000000
886.7260547230 -1269.7452582811 -2000.0000000000
-1348.5743623325 -47.1950132872 -22.7168727880
-1348.5743623325 -47.1950132872 -2000.0000000000
1835.1182577351 1769.7827636254 1352.3293923408
1835.1182577351 1769.7827636254 -2000.0000000000
1835.1182577351 1769.7827636254 -2000.0000000000
-492.9479859760 -350.4167869580 1711.5445945095
-1895.0596627382 237.5381690976 547.3325038217
-1758.2678602574 -200.3460683065 -1852.6336592418
-1758.2678602574 -200.3460683065 -2000.0000000000
-1758.2678602574 -200.3460683065 -2000.0000000000
1706.6766557390 1532.7369339122 -997.4174182774
497.7643344493 513.2570604678 -814.8510174976
497.7643344493 513.2570604678 -2000.0000000000
497.7643344493 513.2570604678 -2000.0000000000
32.8061072410 -1005.2578343995 -1504.5138222542
32.8061072410 -1005.2578343995 -2000.0000000000
32.8061072410 -1005.2578343995 -2000.0000000000
32.8061072410 -1005.2578343995 -2000.0000000000
32.8061072410 -1005.2578343995 -2000.0000000000
32.8061072410 -1005.2578343995 -2000.0000000000
32.8061072410 -1005.2578343995 -2000.0000000000
32.8061072410 -1005.2578343995 -2000.0000000000
32.8061072410 -1005.2578343995 -2000.0000000000
32.8061072410 -1005.2578343995 -2000.0000000000
32.8061072410 -1005.2578343995 -2000.0000000000
-70.6958581913 -1274.9725039319 1682.4557736318
-70.6958581913 -1274.9725039319 -2000.0000000000
-70.6958581913 -1274.9725039319 -2000.0000000000
-70.6958581913 -1274.9725039319 -2000.0000000000
-70.6958581913 -1274.9725039319 -2000.0000000000
