368.1160774794 -1374.1336118551 536.1003644752
469.6644100367 -1683.6707858346 -182.2605119253
469.6644100367 -1683.6707858346 -2000.0000000000
469.6644100367 -1683.6707858346 -2000.0000000000
469.6644100367 -1683.6707858346 -2000.0000000000
469.6644100367 -1683.6707858346 -2000.0000000000
469.6644100367 -1683.6707858346 -2000.0000000000
469.6644100367 -1683.6707858346 -2000.0000000000
469.6644100367 -1683.6707858346 -2000.0000000000
469.6644100367 -1683.6707858346 -2000.0000000000
469.6644100367 -1683.6707858346 -2000.0000000000
-1686.1733862782 -1060.1266762194 -808.5090898120
-1686.1733862782 -1060.1266762194 -2000.0000000000
-1686.1733862782 -1060.1266762194 -2000.0000000000
-1686.1733862782 -1060.1266762194 -2000.0000000000
-1686.1733862782 -1060.1266762194 -2000.0000000000
-1686.1733862782 -1060.1266762194 -2000.0000000000
-1686.1733862782 -1060.1266762194 -2000.0000000000
-1686.1733862782 -1060.1266762194 -2000.0000000000
-1602.1716162038 -511.6738431795 1088.4668468696
-1602.1716162038 -511.6738431795 -2000.0000000000
-1602.1716162038 -511.6738431795 -2000.0000000000
1593.5599752136 1580.2263097243 1408.6389114642
-1476.1460168039 55.5479349816 636.8014297479
-1476.1460168039 55.5479349816 -2000.0000000000
-1476.1460168039 55.5479349816 -2000.0000000000
-1476.1460168039 55.5479349816 -2000.0000000000
-1172.3739839560 -1837.7316198769 -684.9236028467
-1172.3739839560 -1837.7316198769 -2000.0000000000
-1172.3739839560 -1837.7316198769 -2000.0000000000
1026.3364555499 628.0937025510 989.2044678232
1026.3364555499 628.0937025510 -2000.0000000000
-142.8491831501 1506.0435771252 -1482.8649944181
-142.8491831501 1506.0435771252 -2000.0000000000
-142.8491831501 1506.0435771252 -2000.0000000000
-1552.3800467352 -1740.3229286408 -654.4493394033
-1552.3800467352 -1740.3229286408 -2000.0000000000
-1552.3800467352 -1740.3229286408 -2000.0000000000
-1552.3800467352 -1740.3229286408 -2000.0000000000
-1724.8261155677 -311.8936029895 -646.0632677831
-451.3103375477 -1227.0789912585 -848.3447916032
-451.3103375477 -1227.0789912585 -2000.0000000000
-1675.8175771730 84.1331829209 250.8590225076
-1675.8175771730 84.1331829209 -2000.0000000000
-1675.8175771730 84.1331829209 -2000.0000000000
-1675.8175771730 84.1331829209 -2000.0000000000
-1675.8175771730 84.1331829209 -2000.0000000000
-1675.8175771730 84.1331829209 -2000.0000000000
1107.4723649964 1747.1655525756 -1852.8789620730
1814.5820084936 1118.0042845416 -650.7637823615
1814.5820084936 1118.0042845416 -2000.0000000000
-828.5587548787 1385.3765087775 276.4739928957
-828.5587548787 1385.3765087775 -2000.0000000000
-828.5587548787 1385.3765087775 -2000.0000000000
320.5118862562 -1830.3820556458 1470.7450664307
320.5118862562 -1830.3820556458 -2000.0000000000
320.5118862562 -1830.3820556458 -2000.0000000000
-1139.6215493800 -1736.6266586849 -1319.7462473485
-1139.6215493800 -1736.6266586849 -2000.0000000000
-1139.6215493800 -1736.6266586849 -2000.0000000000
188.9432920709 -1458.1122533246 1832.9611655989
188.9432920709 -1458.1122533246 -2000.0000000000
188.9432920709 -1458.1122533246 -2000.0000000000
188.9432920709 -1458.1122533246 -2000.0000000000
188.9432920709 -1458.1122533246 -2000.0000000000
-623.6433217689 214.2081565951 197.4122299050
575.6910983531 76.5198454840 -1712.2362432230
575.6910983531 76.5198454840 -2000.0000000000
575.6910983531 76.5198454840 -2000.0000000000
575.6910983531 76.5198454840 -2000.0000000000
575.6910983531 76.5198454840 -2000.0000000000
575.6910983531 76.5198454840 -2000.0000000000
575.6910983531 76.5198454840 -2000.0000000000
575.6910983531 76.5198454840 -2000.0000000000
575.6910983531 76.5198454840 -2000.0000000000
575.6910983531 76.5198454840 -2000.0000000000
1948.8696034447 438.6989992693 -649.5302655572
479.5868522298 -1163.8881115337 -1811.7202350117
-974.1811043092 -472.0209521258 626.6273080636
1974.7151162813 -854.3685985605 -1655.2697034333
-1115.6384356582 -1413.3564301386 311.7384188765
1932.6792949144 325.2342425774 -720.7353370698
-707.0309610721 -1714.5803786719 -1682.6598101582
-707.0309610721 -1714.5803786719 -2000.0000000000
-707.0309610721 -1714.5803786719 -2000.0000000000
-707.0309610721 -1714.5803786719 -2000.0000000000
-707.0309610721 -1714.5803786719 -2000.0000000000
-707.0309610721 -1714.5803786719 -2000.0000000000
-707.0309610721 -1714.5803786719 -2000.0000000000
-707.0309610721 -1714.5803786719 -2000.0000000000
-707.0309610721 -1714.5803786719 -2000.0000000000
-707.0309610721 -1714.5803786719 -2000.0000000000
-652.7782547078 -1220.1632612919 1001.9270526303
1865.9490353837 -1856.4513184443 -207.5426183299
1865.9490353837 -1856.4513184443 -2000.0000000000
1865.9490353837 -1856.4513184443 -2000.0000000000
-938.3314577528 -272.4314525863 -846.9361082814
-938.3314577528 -272.4314525863 -2000.0000000000
-938.3314577528 -272.4314525863 -2000.0000000000
-938.3314577528 -272.4314525863 -2000.0000000000
-938.3314577528 -272.4314525863 -2000.0000000000
-938.3314577528 -272.4314525863 -2000.0000000000
1176.3080789017 -100.0733900796 1980.8648208731
1176.3080789017 -100.0733900796 -2000.0000000000
1176.3080789017 -100.0733900796 -2000.0000000000
1176.3080789017 -100.0733900796 -2000.0000000000
-974.6678411309 1866.6294185265 1847.6826677878
-974.6678411309 1866.6294185265 -2000.0000000000
-974.6678411309 1866.6294185265 -2000.0000000000
-1252.9463592894 1223.9578165267 -1357.8514854768
-1252.9463592894 1223.9578165267 -2000.0000000000
-1252.9463592894 1223.9578165267 -2000.0000000000
-678.0707740207 -1498.9039271114 -758.4978899270
-678.0707740207 -1498.9039271114 -2000.0000000000
-678.0707740207 -1498.9039271114 -2000.0000000000
-195.2376519657 -172.0480159746 462.3527337718
-195.2376519657 -172.0480159746 -2000.0000000000
982.0261439326 1873.8498590344 1810.2788929927
982.0261439326 1873.8498590344 -2000.0000000000
982.0261439326 1873.8498590344 -2000.0000000000
982.0261439326 1873.8498590344 -2000.0000000000
982.0261439326 1873.8498590344 -2000.0000000000
982.0261439326 1873.8498590344 -2000.0000000000
1899.4546711178 1206.8108098920 170.1130378374
1899.4546711178 1206.8108098920 -2000.0000000000
670.4727652430 1309.5775012917 -555.5072057740
670.4727652430 1309.5775012917 -2000.0000000000
670.4727652430 1309.5775012917 -2000.0000000000
670.4727652430 1309.5775012917 -2000.0000000000
670.4727652430 1309.5775012917 -2000.0000000000
670.4727652430 1309.5775012917 -2000.0000000000
1574.2026135152 555.7192800191 1748.8048818302
1574.2026135152 555.7192800191 -2000.0000000000
1900.6134327763 -360.9508236500 126.1501604506
-791.0768832441 -907.7031830145 908.2244440112
-791.0768832441 -907.7031830145 -2000.0000000000
-791.0768832441 -907.7031830145 -2000.0000000000
-1105.4913619506 -1439.2656055025 -1260.4823017947
-1105.4913619506 -1439.2656055025 -2000.0000000000
-1105.4913619506 -1439.2656055025 -2000.0000000000
-1105.4913619506 -1439.2656055025 -2000.0000000000
-1105.4913619506 -1439.2656055025 -2000.0000000000
-1105.4913619506 -1439.2656055025 -2000.0000000000
1082.9976192543 -1844.9627494501 -1137.4516566132
1082.9976192543 -1844.9627494501 -2000.0000000000
1082.9976192543 -1844.9627494501 -2000.0000000000
1082.9976192543 -1844.9627494501 -2000.0000000000
1082.9976192543 -1844.9627494501 -2000.0000000000
1082.9976192543 -1844.9627494501 -2000.0000000000
1082.9976192543 -1844.9627494501 -2000.0000000000
1082.9976192543 -1844.9627494501 -2000.0000000000
1082.9976192543 -1844.9627494501 -2000.0000000000
1082.9976192543 -1844.9627494501 -2000.0000000000
-1590.4405237567 -42.8769300476 66.1066075603
-1590.4405237567 -42.8769300476 -2000.0000000000
-1590.4405237567 -42.8769300476 -2000.0000000000
-1590.4405237567 -42.8769300476 -2000.0000000000
-1590.4405237567 -42.8769300476 -2000.0000000000
-1590.4405237567 -42.8769300476 -2000.0000000000
-1590.4405237567 -42.8769300476 -2000.0000000000
-1590.4405237567 -42.8769300476 -2000.0000000000
-1590.4405237567 -42.8769300476 -2000.0000000000
-1590.4405237567 -42.8769300476 -2000.0000000000
-1590.4405237567 -42.8769300476 -2000.0000000000
-1590.4405237567 -42.8769300476 -2000.0000000000
-1590.4405237567 -42.8769300476 -2000.0000000000
-1343.2694739200 -397.8549039198 -91.7810805023
-1343.2694739200 -397.8549039198 -2000.0000000000
-1343.2694739200 -397.8549039198 -2000.0000000000
-1343.2694739200 -397.8549039198 -2000.0000000000
-1631.8772116301 523.3588143190 -635.9654916289
-1631.8772116301 523.3588143190 -2000.0000000000
-1631.8772116301 523.3588143190 -2000.0000000000
-1631.8772116301 523.3588143190 -2000.0000000000
-1631.8772116301 523.3588143190 -2000.0000000000
897.3182971490 -715.4419892127 227.3985726668
897.3182971490 -715.4419892127 -2000.0000000000
-30.0221657281 -1314.0799946762 -478.6971401247
-30.0221657281 -1314.0799946762 -2000.0000000000
1793.4941412244 -1635.7071195928 1992.6183149121
-754.3192174205 -392.8848629932 1985.5783810852
-754.3192174205 -392.8848629932 -2000.0000000000
1316.7327484445 -713.6227071317 -1334.5500299011
-1056.0650596711 641.0155431884 -1173.9703015178
-1056.0650596711 641.0155431884 -2000.0000000000
-1056.0650596711 641.0155431884 -2000.0000000000
-1056.0650596711 641.0155431884 -2000.0000000000
-1056.0650596711 641.0155431884 -2000.0000000000
-1056.0650596711 641.0155431884 -2000.0000000000
-1856.9904088799 -1377.1432309103 -206.5442337655
-1856.9904088799 -1377.1432309103 -2000.0000000000
-275.0756098938 117.0216880899 -768.9880157274
-275.0756098938 117.0216880899 -2000.0000000000
-275.0756098938 117.0216880899 -2000.0000000000
-301.7012939189 413.2489538229 -552.2251071529
-301.7012939189 413.2489538229 -2000.0000000000
846.5372133365 -1294.4499361611 1526.3034727399
1420.2922150797 -1803.9868917961 1236.8564254151
1420.2922150797 -1803.9868917961 -2000.0000000000
1420.2922150797 -1803.9868917961 -2000.0000000000
1420.2922150797 -1803.9868917961 -2000.0000000000
1420.2922150797 -1803.9868917961 -2000.0000000000
1420.2922150797 -1803.9868917961 -2000.0000000000
1420.2922150797 -1803.9868917961 -2000.0000000000
-1493.3587868832 535.4563296992 -822.7881362493
-1493.3587868832 535.4563296992 -2000.0000000000
-1493.3587868832 535.4563296992 -2000.0000000000
-1493.3587868832 535.4563296992 -2000.0000000000
-1493.3587868832 535.4563296992 -2000.0000000000
-1493.3587868832 535.4563296992 -2000.0000000000
-1493.3587868832 535.4563296992 -2000.0000000000
1259.4998232097 1865.5921991666 -1574.5296291781
1259.4998232097 1865.5921991666 -2000.0000000000
1259.4998232097 1865.5921991666 -2000.0000000000
1259.4998232097 1865.5921991666 -2000.0000000000
1610.4385565288 -778.7414474912 -1511.3313775315
1581.5093073708 -1789.3488843619 -1313.7238194704
1581.5093073708 -1789.3488843619 -2000.0000000000
1581.5093073708 -1789.3488843619 -2000.0000000000
1581.5093073708 -1789.3488843619 -2000.0000000000
347.2754439164 704.0093276505 -738.7370267553
347.2754439164 704.0093276505 -2000.0000000000
347.2754439164 704.0093276505 -2000.0000000000
1029.1941448565 813.5947054928 -1230.0759048244
1029.1941448565 813.5947054928 -2000.0000000000
1029.1941448565 813.5947054928 -2000.0000000000
-627.5813945214 -1713.4995933321 -1624.3188963784
-627.5813945214 -1713.4995933321 -2000.0000000000
-627.5813945214 -1713.4995933321 -2000.0000000000
-627.5813945214 -1713.4995933321 -2000.0000000000
-627.5813945214 -1713.4995933321 -2000.0000000000
-627.5813945214 -1713.4995933321 -2000.0000000000
-260.1840465320 -900.8773441634 -1304.6777857780
-260.1840465320 -900.8773441634 -2000.0000000000
-260.1840465320 -900.8773441634 -2000.0000000000
-260.1840465320 -900.8773441634 -2000.0000000000
-1796.9583003850 1008.2106821075 -1173.1636023893
1391.4008487454 -320.0729445853 -456.5121601342
1391.4008487454 -320.0729445853 -2000.0000000000
584.6415403181 -1261.9988951157 156.9257688057
584.6415403181 -1261.9988951157 -2000.0000000000
584.6415403181 -1261.9988951157 -2000.0000000000
584.6415403181 -1261.9988951157 -2000.0000000000
584.6415403181 -1261.9988951157 -2000.0000000000
411.2474387035 1997.9310078330 1841.8602803038
411.2474387035 1997.9310078330 -2000.0000000000
411.2474387035 1997.9310078330 -2000.0000000000
411.2474387035 1997.9310078330 -2000.0000000000
802.1516705013 1148.3546726213 -160.9404309625
802.1516705013 1148.3546726213 -2000.0000000000
802.1516705013 1148.3546726213 -2000.0000000000
802.1516705013 1148.3546726213 -2000.0000000000
54.9084746246 1513.5521278631 1123.1211253618
54.9084746246 1513.5521278631 -2000.0000000000
54.9084746246 1513.5521278631 -2000.0000000000
54.9084746246 1513.5521278631 -2000.0000000000
54.9084746246 1513.5521278631 -2000.0000000000
54.9084746246 1513.5521278631 -2000.0000000000
-1800.5151803713 -784.7727583592 -190.6532242552
-1800.5151803713 -784.7727583592 -2000.0000000000
-1800.5151803713 -784.7727583592 -2000.0000000000
-1885.1190467787 -1327.7097281346 -858.6359864672
-1885.1190467787 -1327.7097281346 -2000.0000000000
-598.4664531496 686.2584574988 -538.9109516337
-598.4664531496 686.2584574988 -2000.0000000000
-598.4664531496 686.2584574988 -2000.0000000000
-598.4664531496 686.2584574988 -2000.0000000000
-598.4664531496 686.2584574988 -2000.0000000000
-598.4664531496 686.2584574988 -2000.0000000000
-598.4664531496 686.2584574988 -2000.0000000000
-598.4664531496 686.2584574988 -2000.0000000000
1894.7700677617 -269.8385757643 1877.9220261875
-171.7096786470 -462.3455877098 -730.2330289644
-1294.1537059154 -517.0930045624 -944.0353476933
-1294.1537059154 -517.0930045624 -2000.0000000000
-1294.1537059154 -517.0930045624 -2000.0000000000
-1294.1537059154 -517.0930045624 -2000.0000000000
-1294.1537059154 -517.0930045624 -2000.0000000000
-1294.1537059154 -517.0930045624 -2000.0000000000
-1294.1537059154 -517.0930045624 -2000.0000000000
-1294.1537059154 -517.0930045624 -2000.0000000000
-1294.1537059154 -517.0930045624 -2000.0000000000
-1294.1537059154 -517.0930045624 -2000.0000000000
-1294.1537059154 -517.0930045624 -2000.0000000000
1560.3899488871 -120.5209158019 -534.5277312399
1560.3899488871 -120.5209158019 -2000.0000000000
1560.3899488871 -120.5209158019 -2000.0000000000
1560.3899488871 -120.5209158019 -2000.0000000000
-1795.7671647170 455.7093356218 -1729.0568872467
-1795.7671647170 455.7093356218 -2000.0000000000
-1795.7671647170 455.7093356218 -2000.0000000000
-655.2975924462 1290.7832445602 1370.7702610967
415.1910447466 -686.0683150501 1980.3777316820
415.1910447466 -686.0683150501 -2000.0000000000
415.1910447466 -686.0683150501 -2000.0000000000
415.1910447466 -686.0683150501 -2000.0000000000
415.1910447466 -686.0683150501 -2000.0000000000
599.4131795642 -1315.4474834257 1409.9899764783
599.4131795642 -1315.4474834257 -2000.0000000000
599.4131795642 -1315.4474834257 -2000.0000000000
1420.6791209590 1522.9510652186 -438.3528689493
1420.6791209590 1522.9510652186 -2000.0000000000
1420.6791209590 1522.9510652186 -2000.0000000000
1420.6791209590 1522.9510652186 -2000.0000000000
1420.6791209590 1522.9510652186 -2000.0000000000
1420.6791209590 1522.9510652186 -2000.0000000000
1420.6791209590 1522.9510652186 -2000.0000000000
1420.6791209590 1522.9510652186 -2000.0000000000
1420.6791209590 1522.9510652186 -2000.0000000000
1420.6791209590 1522.9510652186 -2000.0000000000
1420.6791209590 1522.9510652186 -2000.0000000000
1420.6791209590 1522.9510652186 -2000.0000000000
1420.6791209590 1522.9510652186 -2000.0000000000
1420.6791209590 1522.9510652186 -2000.0000000000
1420.6791209590 1522.9510652186 -2000.0000000000
1420.6791209590 1522.9510652186 -2000.0000000000
1420.6791209590 1522.9510652186 -2000.0000000000
1420.6791209590 1522.9510652186 -2000.0000000000
1420.6791209590 1522.9510652186 -2000.0000000000
1420.6791209590 1522.9510652186 -2000.0000000000
1420.6791209590 1522.9510652186 -2000.0000000000
1420.6791209590 1522.9510652186 -2000.0000000000
1420.6791209590 1522.9510652186 -2000.0000000000
1420.6791209590 1522.9510652186 -2000.0000000000
399.6859427805 860.4176387580 -324.3393084024
1022.2723866961 -285.8442092129 -1612.7535299148
1022.2723866961 -285.8442092129 -2000.0000000000
1022.2723866961 -285.8442092129 -2000.0000000000
1022.2723866961 -285.8442092129 -2000.0000000000
-1044.5890942338 1051.7655821242 1135.1461534669
-1044.5890942338 1051.7655821242 -2000.0000000000
-1044.5890942338 1051.7655821242 -2000.0000000000
-1044.5890942338 1051.7655821242 -2000.0000000000
-1044.5890942338 1051.7655821242 -2000.0000000000
-1044.5890942338 1051.7655821242 -2000.0000000000
516.7747707780 1897.7769053049 1818.8918102742
-322.7210226082 430.0203522118 -1642.9580748008
485.4443165623 901.9750614779 1413.3826016083
485.4443165623 901.9750614779 -2000.0000000000
1302.2589251259 808.7884610839 -1730.1170879609
1302.2589251259 808.7884610839 -2000.0000000000
1302.2589251259 808.7884610839 -2000.0000000000
1302.2589251259 808.7884610839 -2000.0000000000
1302.2589251259 808.7884610839 -2000.0000000000
1302.2589251259 808.7884610839 -2000.0000000000
1302.2589251259 808.7884610839 -2000.0000000000
1302.2589251259 808.7884610839 -2000.0000000000
1302.2589251259 808.7884610839 -2000.0000000000
1302.2589251259 808.7884610839 -2000.0000000000
1302.2589251259 808.7884610839 -2000.0000000000
1302.2589251259 808.7884610839 -2000.0000000000
1302.2589251259 808.7884610839 -2000.0000000000
1302.2589251259 808.7884610839 -2000.0000000000
1325.2849618205 1281.8963300614 -1979.0904154781
-1010.2090974257 -214.3145573321 -1931.9731578824
-1010.2090974257 -214.3145573321 -2000.0000000000
-1010.2090974257 -214.3145573321 -2000.0000000000
-1010.2090974257 -214.3145573321 -2000.0000000000
-1010.2090974257 -214.3145573321 -2000.0000000000
565.2701615384 -1526.3274250745 -282.2887850378
565.2701615384 -1526.3274250745 -2000.0000000000
1819.0033025232 -1832.1581479210 -1266.6686538427
1819.0033025232 -1832.1581479210 -2000.0000000000
1819.0033025232 -1832.1581479210 -2000.0000000000
-933.4440914414 1409.9828466489 508.6442390687
-933.4440914414 1409.9828466489 -2000.0000000000
-933.4440914414 1409.9828466489 -2000.0000000000
252.4861166264 -1063.0630621161 1341.0408707183
252.4861166264 -1063.0630621161 -2000.0000000000
252.4861166264 -1063.0630621161 -2000.0000000000
252.4861166264 -1063.0630621161 -2000.0000000000
252.4861166264 -1063.0630621161 -2000.0000000000
252.4861166264 -1063.0630621161 -2000.0000000000
252.4861166264 -1063.0630621161 -2000.0000000000
1432.1542033659 -329.9571526255 336.9165944204
1432.1542033659 -329.9571526255 -2000.0000000000
1432.1542033659 -329.9571526255 -2000.0000000000
1432.1542033659 -329.9571526255 -2000.0000000000
1432.1542033659 -329.9571526255 -2000.0000000000
1432.1542033659 -329.9571526255 -2000.0000000000
1432.1542033659 -329.9571526255 -2000.0000000000
1432.1542033659 -329.9571526255 -2000.0000000000
1432.1542033659 -329.9571526255 -2000.0000000000
1432.1542033659 -329.9571526255 -2000.0000000000
1432.1542033659 -329.9571526255 -2000.0000000000
1432.1542033659 -329.9571526255 -2000.0000000000
627.7797849293 122.9046759234 -223.5121628603
-1455.7817164385 1505.2672801912 -121.1763852100
-1455.7817164385 1505.2672801912 -2000.0000000000
-1455.7817164385 1505.2672801912 -2000.0000000000
367.9768182144 -1240.9449273852 -1535.2695563232
367.9768182144 -1240.9449273852 -2000.0000000000
-774.2798011778 361.4977442402 840.3206385599
-774.2798011778 361.4977442402 -2000.0000000000
211.3102426478 -154.4878993521 825.8503960335
211.3102426478 -154.4878993521 -2000.0000000000
211.3102426478 -154.4878993521 -2000.0000000000
211.3102426478 -154.4878993521 -2000.0000000000
211.3102426478 -154.4878993521 -2000.0000000000
211.3102426478 -154.4878993521 -2000.0000000000
211.3102426478 -154.4878993521 -2000.0000000000
211.3102426478 -154.4878993521 -2000.0000000000
211.3102426478 -154.4878993521 -2000.0000000000
211.3102426478 -154.4878993521 -2000.0000000000
211.3102426478 -154.4878993521 -2000.0000000000
211.3102426478 -154.4878993521 -2000.0000000000
-1726.0956154011 1677.7310668911 1698.1019482132
-1726.0956154011 1677.7310668911 -2000.0000000000
-1726.0956154011 1677.7310668911 -2000.0000000000
-1726.0956154011 1677.7310668911 -2000.0000000000
-1726.0956154011 1677.7310668911 -2000.0000000000
-1726.0956154011 1677.7310668911 -2000.0000000000
-1726.0956154011 1677.7310668911 -2000.0000000000
-533.1749485603 917.7197090187 -1793.0899234781
-533.1749485603 917.7197090187 -2000.0000000000
-706.2286245774 850.2780266592 1044.5723973722
-706.2286245774 850.2780266592 -2000.0000000000
-706.2286245774 850.2780266592 -2000.0000000000
-706.2286245774 850.2780266592 -2000.0000000000
-706.2286245774 850.2780266592 -2000.0000000000
-706.2286245774 850.2780266592 -2000.0000000000
-706.2286245774 850.2780266592 -2000.0000000000
28.9171187214 978.9162231242 1050.2886812051
1557.2013280128 366.4787092391 298.1397342148
-856.0767599471 -1820.5887990371 -1209.9335063076
1054.7678666690 995.7660460294 -203.6378386978
1054.7678666690 995.7660460294 -2000.0000000000
1054.7678666690 995.7660460294 -2000.0000000000
1868.0622652550 1492.4498791569 1521.1764091643
1868.0622652550 1492.4498791569 -2000.0000000000
-1961.1019786178 368.0329793479 -724.5888078661
1070.6455639492 93.3691926803 -523.5155297543
1070.6455639492 93.3691926803 -2000.0000000000
302.7167475753 -471.2977899654 -661.6974303280
302.7167475753 -471.2977899654 -2000.0000000000
302.7167475753 -471.2977899654 -2000.0000000000
-1773.5374951550 -1408.6547829513 -510.4456819931
-1773.5374951550 -1408.6547829513 -2000.0000000000
-378.1231342424 1633.6105753511 324.8443256295
996.6981941797 -26.9161276591 366.7476460692
996.6981941797 -26.9161276591 -2000.0000000000
-51.6133575530 -1303.1021968209 -602.5122140669
-51.6133575530 -1303.1021968209 -2000.0000000000
-51.6133575530 -1303.1021968209 -2000.0000000000
-51.6133575530 -1303.1021968209 -2000.0000000000
-51.6133575530 -1303.1021968209 -2000.0000000000
1431.4386693858 -1226.3547323867 -157.8396602609
1431.4386693858 -1226.3547323867 -2000.0000000000
1811.8317454607 -1717.5714904452 1750.5099896184
1811.8317454607 -1717.5714904452 -2000.0000000000
1811.8317454607 -1717.5714904452 -2000.0000000000
1811.8317454607 -1717.5714904452 -2000.0000000000
1811.8317454607 -1717.5714904452 -2000.0000000000
1629.4216818893 -420.2736155466 1163.4083752410
1629.4216818893 -420.2736155466 -2000.0000000000
1629.4216818893 -420.2736155466 -2000.0000000000
1629.4216818893 -420.2736155466 -2000.0000000000
1629.4216818893 -420.2736155466 -2000.0000000000
1440.2754337069 -690.0719927619 -255.9296381711
1440.2754337069 -690.0719927619 -2000.0000000000
1440.2754337069 -690.0719927619 -2000.0000000000
-738.7219159401 -1264.7352406235 658.0453357856
-738.7219159401 -1264.7352406235 -2000.0000000000
-738.7219159401 -1264.7352406235 -2000.0000000000
-939.7964994460 825.9247032399 -393.1286017400
-939.7964994460 825.9247032399 -2000.0000000000
-939.7964994460 825.9247032399 -2000.0000000000
-939.7964994460 825.9247032399 -2000.0000000000
-939.7964994460 825.9247032399 -2000.0000000000
-939.7964994460 825.9247032399 -2000.0000000000
-939.7964994460 825.9247032399 -2000.0000000000
-605.6204062281 -494.0488107428 26.4160136928
975.9462710885 -1119.3085281971 525.5981070442
975.9462710885 -1119.3085281971 -2000.0000000000
1128.4817741460 0.5265491665 -1574.2613731076
-1026.3381204200 42.9502809821 596.3023532857
-613.6674533732 1445.7553436393 777.3163338168
-613.6674533732 1445.7553436393 -2000.0000000000
-613.6674533732 1445.7553436393 -2000.0000000000
-613.6674533732 1445.7553436393 -2000.0000000000
-1477.8809888295 -1226.7020534571 1442.7071385143
16.9624045893 -1677.2091504196 1912.6968027741
-1316.1424889649 197.8099862313 248.6110757587
-1316.1424889649 197.8099862313 -2000.0000000000
1751.1090375948 -25.3146657608 -1556.1805332320
1751.1090375948 -25.3146657608 -2000.0000000000
1751.1090375948 -25.3146657608 -2000.0000000000
-1114.1969491571 -579.6053324063 -1224.1649056999
-1114.1969491571 -579.6053324063 -2000.0000000000
-1114.1969491571 -579.6053324063 -2000.0000000000
690.8644357953 -680.2651776788 -283.8160967813
-1398.5559293451 -1920.5732090572 -543.0548411721
-1398.5559293451 -1920.5732090572 -2000.0000000000
-1398.5559293451 -1920.5732090572 -2000.0000000000
-11.0528012277 -892.7440010671 -172.4731002562
-11.0528012277 -892.7440010671 -2000.0000000000
597.5460761519 882.8574949881 -1860.3329026194
597.5460761519 882.8574949881 -2000.0000000000
-694.1480521162 734.1580664148 -1539.6171144309
882.5284961689 600.9967682985 1168.9559993649
882.5284961689 600.9967682985 -2000.0000000000
882.5284961689 600.9967682985 -2000.0000000000
882.5284961689 600.9967682985 -2000.0000000000
882.5284961689 600.9967682985 -2000.0000000000
648.8015976501 -1808.0026467732 1718.0778481588
648.8015976501 -1808.0026467732 -2000.0000000000
367.7784094411 -1040.2280687298 647.8690019393
-532.8421390961 757.4825968169 -1084.7943243557
-532.8421390961 757.4825968169 -2000.0000000000
-532.8421390961 757.4825968169 -2000.0000000000
-532.8421390961 757.4825968169 -2000.0000000000
-532.8421390961 757.4825968169 -2000.0000000000
1772.2895419664 806.5977370139 1627.9294277801
1772.2895419664 806.5977370139 -2000.0000000000
1732.2151994873 1648.7729833948 -1481.2465208736
1732.2151994873 1648.7729833948 -2000.0000000000
1732.2151994873 1648.7729833948 -2000.0000000000
-45.7725705811 -988.2160956571 1288.6860280119
-45.7725705811 -988.2160956571 -2000.0000000000
-1945.8908092926 682.9338610520 89.3901805070
-1370.4029970028 692.2313454840 1220.5056212019
-1370.4029970028 692.2313454840 -2000.0000000000
-691.8413335750 -318.5277005460 564.4336423347
-691.8413335750 -318.5277005460 -2000.0000000000
-896.4643404903 1580.8730864168 -1047.7510921840
-896.4643404903 1580.8730864168 -2000.0000000000
-896.4643404903 1580.8730864168 -2000.0000000000
-896.4643404903 1580.8730864168 -2000.0000000000
-896.4643404903 1580.8730864168 -2000.0000000000
-559.0799109993 1340.9492940458 237.1484702283
-559.0799109993 1340.9492940458 -2000.0000000000
-559.0799109993 1340.9492940458 -2000.0000000000
-488.5352072335 90.5890987093 -1027.7903658560
-488.5352072335 90.5890987093 -2000.0000000000
-488.5352072335 90.5890987093 -2000.0000000000
-500.1417805433 -1516.1280110810 68.2707539467
1118.0620285761 -1841.5922936165 15.7093887996
-1292.7585995488 210.0671816388 -1319.6396907381
-1292.7585995488 210.0671816388 -2000.0000000000
-1292.7585995488 210.0671816388 -2000.0000000000
-1292.7585995488 210.0671816388 -2000.0000000000
-1292.7585995488 210.0671816388 -2000.0000000000
595.9799639625 -1600.4055026535 -1611.9275215682
595.9799639625 -1600.4055026535 -2000.0000000000
595.9799639625 -1600.4055026535 -2000.0000000000
595.9799639625 -1600.4055026535 -2000.0000000000
595.9799639625 -1600.4055026535 -2000.0000000000
595.9799639625 -1600.4055026535 -2000.0000000000
595.9799639625 -1600.4055026535 -2000.0000000000
595.9799639625 -1600.4055026535 -2000.0000000000
-1651.4518054629 -1318.9517147443 344.0770155863
39.0449089080 1589.2385160271 1838.0744981636
39.0449089080 1589.2385160271 -2000.0000000000
39.0449089080 1589.2385160271 -2000.0000000000
39.0449089080 1589.2385160271 -2000.0000000000
-1639.8127563789 810.8845521649 511.0017060114
-1639.8127563789 810.8845521649 -2000.0000000000
-723.5686740626 1801.7307071709 1078.9181431280
-723.5686740626 1801.7307071709 -2000.0000000000
-723.5686740626 1801.7307071709 -2000.0000000000
-1587.7074766869 -1263.0297429506 720.3989719043
-1587.7074766869 -1263.0297429506 -2000.0000000000
-1587.7074766869 -1263.0297429506 -2000.0000000000
-1587.7074766869 -1263.0297429506 -2000.0000000000
-1587.7074766869 -1263.0297429506 -2000.0000000000
-1587.7074766869 -1263.0297429506 -2000.0000000000
588.4678669369 298.6722453869 4.6485672224
588.4678669369 298.6722453869 -2000.0000000000
1570.5822999783 523.8523529036 -1993.3871697289
1570.5822999783 523.8523529036 -2000.0000000000
1570.5822999783 523.8523529036 -2000.0000000000
1570.5822999783 523.8523529036 -2000.0000000000
1570.5822999783 523.8523529036 -2000.0000000000
1570.5822999783 523.8523529036 -2000.0000000000
1570.5822999783 523.8523529036 -2000.0000000000
-1845.3098484778 -579.0828277389 544.2360137941
-1845.3098484778 -579.0828277389 -2000.0000000000
-1845.3098484778 -579.0828277389 -2000.0000000000
-1845.3098484778 -579.0828277389 -2000.0000000000
-1845.3098484778 -579.0828277389 -2000.0000000000
-1845.3098484778 -579.0828277389 -2000.0000000000
-1835.1094810614 -1543.9031951464 -1018.7756190112
1238.4772125378 1536.8219057302 1213.2020945466
-1874.9625282626 -57.6526271936 -1137.5806262775
-1874.9625282626 -57.6526271936 -2000.0000000000
-260.4122339749 -551.9076046847 -1532.6375189710
-260.4122339749 -551.9076046847 -2000.0000000000
110.5497379413 -1863.5110819125 210.9830154232
110.5497379413 -1863.5110819125 -2000.0000000000
110.5497379413 -1863.5110819125 -2000.0000000000
110.5497379413 -1863.5110819125 -2000.0000000000
110.5497379413 -1863.5110819125 -2000.0000000000
1885.4626985761 1942.2216595108 1583.7042390043
-1953.2760339506 1983.7259030949 10.2844280385
-1953.2760339506 1983.7259030949 -2000.0000000000
-1953.2760339506 1983.7259030949 -2000.0000000000
-1953.2760339506 1983.7259030949 -2000.0000000000
-1953.2760339506 1983.7259030949 -2000.0000000000
-1953.2760339506 1983.7259030949 -2000.0000000000
-1953.2760339506 1983.7259030949 -2000.0000000000
-1953.2760339506 1983.7259030949 -2000.0000000000
-1953.2760339506 1983.7259030949 -2000.0000000000
-1953.2760339506 1983.7259030949 -2000.0000000000
-351.1542582509 -434.8412298202 1408.4502116659
-351.1542582509 -434.8412298202 -2000.0000000000
-351.1542582509 -434.8412298202 -2000.0000000000
-351.1542582509 -434.8412298202 -2000.0000000000
-351.1542582509 -434.8412298202 -2000.0000000000
-351.1542582509 -434.8412298202 -2000.0000000000
-1598.1337769789 714.5838305311 1262.2077594809
-1296.6550997831 1306.4067460695 -1008.0136044729
-1296.6550997831 1306.4067460695 -2000.0000000000
105.9467263468 680.8180205807 715.4605713479
414.4862715135 1701.1118620017 600.4738866136
414.4862715135 1701.1118620017 -2000.0000000000
414.4862715135 1701.1118620017 -2000.0000000000
-1984.7119331175 -202.8032149309 1401.7234728373
-1984.7119331175 -202.8032149309 -2000.0000000000
-1984.7119331175 -202.8032149309 -2000.0000000000
-1984.7119331175 -202.8032149309 -2000.0000000000
-1984.7119331175 -202.8032149309 -2000.0000000000
719.4127607574 -1904.5026163067 1244.9068192732
719.4127607574 -1904.5026163067 -2000.0000000000
719.4127607574 -1904.5026163067 -2000.0000000000
719.4127607574 -1904.5026163067 -2000.0000000000
719.4127607574 -1904.5026163067 -2000.0000000000
719.4127607574 -1904.5026163067 -2000.0000000000
719.4127607574 -1904.5026163067 -2000.0000000000
719.4127607574 -1904.5026163067 -2000.0000000000
-98.4116060771 -1425.8620241296 370.6800721427
-98.4116060771 -1425.8620241296 -2000.0000000000
-98.4116060771 -1425.8620241296 -2000.0000000000
-98.4116060771 -1425.8620241296 -2000.0000000000
-98.4116060771 -1425.8620241296 -2000.0000000000
-98.4116060771 -1425.8620241296 -2000.0000000000
-98.4116060771 -1425.8620241296 -2000.0000000000
-98.4116060771 -1425.8620241296 -2000.0000000000
-98.4116060771 -1425.8620241296 -2000.0000000000
-98.4116060771 -1425.8620241296 -2000.0000000000
-1328.8970453974 1108.6207000066 -1235.4264544329
-1328.8970453974 1108.6207000066 -2000.0000000000
-1328.8970453974 1108.6207000066 -2000.0000000000
-1328.8970453974 1108.6207000066 -2000.0000000000
-1328.8970453974 1108.6207000066 -2000.0000000000
-1328.8970453974 1108.6207000066 -2000.0000000000
-1328.8970453974 1108.6207000066 -2000.0000000000
-1328.8970453974 1108.6207000066 -2000.0000000000
-1328.8970453974 1108.6207000066 -2000.0000000000
-1328.8970453974 1108.6207000066 -2000.0000000000
1678.7499923327 -1148.3351182304 252.1303321963
1678.7499923327 -1148.3351182304 -2000.0000000000
1678.7499923327 -1148.3351182304 -2000.0000000000
1678.7499923327 -1148.3351182304 -2000.0000000000
1678.7499923327 -1148.3351182304 -2000.0000000000
-344.4734410477 -1945.8421309935 -322.8366245354
-344.4734410477 -1945.8421309935 -2000.0000000000
-823.0933174784 354.5343325538 -927.1077441738
-630.2185837653 31.6137698670 -745.3927451595
-630.2185837653 31.6137698670 -2000.0000000000
1054.6345876725 536.3857307461 -1407.9663060637
1054.6345876725 536.3857307461 -2000.0000000000
1054.6345876725 536.3857307461 -2000.0000000000
-819.6074402136 -1391.9020109889 972.7538031144
-819.6074402136 -1391.9020109889 -2000.0000000000
-819.6074402136 -1391.9020109889 -2000.0000000000
-819.6074402136 -1391.9020109889 -2000.0000000000
-819.6074402136 -1391.9020109889 -2000.0000000000
-819.6074402136 -1391.9020109889 -2000.0000000000
-819.6074402136 -1391.9020109889 -2000.0000000000
-819.6074402136 -1391.9020109889 -2000.0000000000
-819.6074402136 -1391.9020109889 -2000.0000000000
-819.6074402136 -1391.9020109889 -2000.0000000000
-819.6074402136 -1391.9020109889 -2000.0000000000
-819.6074402136 -1391.9020109889 -2000.0000000000
-819.6074402136 -1391.9020109889 -2000.0000000000
-819.6074402136 -1391.9020109889 -2000.0000000000
-819.6074402136 -1391.9020109889 -2000.0000000000
-819.6074402136 -1391.9020109889 -2000.0000000000
1448.6099896179 -1320.4832956506 -1426.4523583786
1448.6099896179 -1320.4832956506 -2000.0000000000
1448.6099896179 -1320.4832956506 -2000.0000000000
1362.6346241679 -1508.6287126518 -301.3583588486
1362.6346241679 -1508.6287126518 -2000.0000000000
1362.6346241679 -1508.6287126518 -2000.0000000000
1362.6346241679 -1508.6287126518 -2000.0000000000
1538.8457722877 423.8868038143 -989.8670725377
-1130.1102944282 -1789.3172750099 -688.6597494464
-1130.1102944282 -1789.3172750099 -2000.0000000000
-972.9656950969 1404.4026908568 -1594.4581022844
-972.9656950969 1404.4026908568 -2000.0000000000
-972.9656950969 1404.4026908568 -2000.0000000000
-972.9656950969 1404.4026908568 -2000.0000000000
-65.2227850092 -531.7833582304 748.5992710010
-65.2227850092 -531.7833582304 -2000.0000000000
-65.2227850092 -531.7833582304 -2000.0000000000
834.9837713167 1626.9410842770 383.1467894149
834.9837713167 1626.9410842770 -2000.0000000000
412.9675180901 379.4164021594 -706.8504676614
412.9675180901 379.4164021594 -2000.0000000000
412.9675180901 379.4164021594 -2000.0000000000
412.9675180901 379.4164021594 -2000.0000000000
-1345.3624280989 209.6707310642 1333.7402971088
-1345.3624280989 209.6707310642 -2000.0000000000
-894.5966522945 -631.0631501668 1121.0436793454
-894.5966522945 -631.0631501668 -2000.0000000000
13.7726005093 -510.9410265281 371.8458909462
13.7726005093 -510.9410265281 -2000.0000000000
13.7726005093 -510.9410265281 -2000.0000000000
13.7726005093 -510.9410265281 -2000.0000000000
13.7726005093 -510.9410265281 -2000.0000000000
13.7726005093 -510.9410265281 -2000.0000000000
296.0208338971 -1386.4001644866 -1524.8757194330
296.0208338971 -1386.4001644866 -2000.0000000000
296.0208338971 -1386.4001644866 -2000.0000000000
-716.0913294213 -508.2027379886 1670.5410943893
-716.0913294213 -508.2027379886 -2000.0000000000
-716.0913294213 -508.2027379886 -2000.0000000000
-716.0913294213 -508.2027379886 -2000.0000000000
-716.0913294213 -508.2027379886 -2000.0000000000
-716.0913294213 -508.2027379886 -2000.0000000000
-716.0913294213 -508.2027379886 -2000.0000000000
-716.0913294213 -508.2027379886 -2000.0000000000
-716.0913294213 -508.2027379886 -2000.0000000000
-716.0913294213 -508.2027379886 -2000.0000000000
-716.0913294213 -508.2027379886 -2000.0000000000
137.1686970703 1474.6550500961 1213.5581927192
137.1686970703 1474.6550500961 -2000.0000000000
137.1686970703 1474.6550500961 -2000.0000000000
137.1686970703 1474.6550500961 -2000.0000000000
137.1686970703 1474.6550500961 -2000.0000000000
137.1686970703 1474.6550500961 -2000.0000000000
137.1686970703 1474.6550500961 -2000.0000000000
137.1686970703 1474.6550500961 -2000.0000000000
137.1686970703 1474.6550500961 -2000.0000000000
137.1686970703 1474.6550500961 -2000.0000000000
-1741.1010859536 807.0458796341 1904.9186289590
-1741.1010859536 807.0458796341 -2000.0000000000
-1741.1010859536 807.0458796341 -2000.0000000000
94.8570828689 -1897.0601159836 1922.8771847889
94.8570828689 -1897.0601159836 -2000.0000000000
94.8570828689 -1897.0601159836 -2000.0000000000
94.8570828689 -1897.0601159836 -2000.0000000000
94.8570828689 -1897.0601159836 -2000.0000000000
94.8570828689 -1897.0601159836 -2000.0000000000
49.6097049944 777.8990593503 1598.6075433221
49.6097049944 777.8990593503 -2000.0000000000
49.6097049944 777.8990593503 -2000.0000000000
49.6097049944 777.8990593503 -2000.0000000000
49.6097049944 777.8990593503 -2000.0000000000
49.6097049944 777.8990593503 -2000.0000000000
-397.3659260175 609.5401431544 223.9119664776
-397.3659260175 609.5401431544 -2000.0000000000
-397.3659260175 609.5401431544 -2000.0000000000
-397.3659260175 609.5401431544 -2000.0000000000
1161.8754775054 1988.5241079429 -215.4094498197
1161.8754775054 1988.5241079429 -2000.0000000000
-1141.4651558650 1031.4913359505 -1410.6817448887
-1141.4651558650 1031.4913359505 -2000.0000000000
-1141.4651558650 1031.4913359505 -2000.0000000000
-1141.4651558650 1031.4913359505 -2000.0000000000
113.7058961703 1801.0770856888 563.2830652736
113.7058961703 1801.0770856888 -2000.0000000000
113.7058961703 1801.0770856888 -2000.0000000000
113.7058961703 1801.0770856888 -2000.0000000000
618.4220562876 -254.3438398135 2.1264851263
618.4220562876 -254.3438398135 -2000.0000000000
618.4220562876 -254.3438398135 -2000.0000000000
618.4220562876 -254.3438398135 -2000.0000000000
329.6980397735 -306.8207558914 -1686.9340140037
329.6980397735 -306.8207558914 -2000.0000000000
329.6980397735 -306.8207558914 -2000.0000000000
329.6980397735 -306.8207558914 -2000.0000000000
775.7974032221 1164.4368558013 -1133.8495836695
-958.3464104280 -1360.6100299930 131.1642610293
-935.4551964848 950.1288790554 676.3974586632
-935.4551964848 950.1288790554 -2000.0000000000
-935.4551964848 950.1288790554 -2000.0000000000
-931.0471447854 -961.5496450578 62.0265090175
1454.1533980592 1324.3937451825 431.5196650641
1454.1533980592 1324.3937451825 -2000.0000000000
1454.1533980592 1324.3937451825 -2000.0000000000
1454.1533980592 1324.3937451825 -2000.0000000000
1585.4960989510 541.6470763901 -353.3886170308
1585.4960989510 541.6470763901 -2000.0000000000
1585.4960989510 541.6470763901 -2000.0000000000
1585.4960989510 541.6470763901 -2000.0000000000
1585.4960989510 541.6470763901 -2000.0000000000
1585.4960989510 541.6470763901 -2000.0000000000
1585.4960989510 541.6470763901 -2000.0000000000
1585.4960989510 541.6470763901 -2000.0000000000
1585.4960989510 541.6470763901 -2000.0000000000
1585.4960989510 541.6470763901 -2000.0000000000
1584.1927811497 1364.6375095073 -1774.4660031935
-301.1765752557 -312.6203902347 944.1630852800
1838.2773546752 245.4008731745 97.5795451632
1684.1153821705 1185.1606451420 -585.8190193864
1684.1153821705 1185.1606451420 -2000.0000000000
1684.1153821705 1185.1606451420 -2000.0000000000
1097.3008401426 -1842.5187908454 1200.4119128849
-404.1922869886 1694.7932322677 -90.6028675228
-404.1922869886 1694.7932322677 -2000.0000000000
-404.1922869886 1694.7932322677 -2000.0000000000
-404.1922869886 1694.7932322677 -2000.0000000000
-404.1922869886 1694.7932322677 -2000.0000000000
-404.1922869886 1694.7932322677 -2000.0000000000
-145.4641823374 -475.7941006780 -99.2115170871
-145.4641823374 -475.7941006780 -2000.0000000000
-145.4641823374 -475.7941006780 -2000.0000000000
-145.4641823374 -475.7941006780 -2000.0000000000
718.4582831878 -1027.2073155978 -1598.9646785983
1583.7681588610 -1779.5637383602 -1061.5615819972
461.7764818010 295.0146552522 -978.0094817307
461.7764818010 295.0146552522 -2000.0000000000
461.7764818010 295.0146552522 -2000.0000000000
461.7764818010 295.0146552522 -2000.0000000000
461.7764818010 295.0146552522 -2000.0000000000
461.7764818010 295.0146552522 -2000.0000000000
461.7764818010 295.0146552522 -2000.0000000000
461.7764818010 295.0146552522 -2000.0000000000
461.7764818010 295.0146552522 -2000.0000000000
461.7764818010 295.0146552522 -2000.0000000000
-95.0051868587 926.2531859558 -724.1827271537
-95.0051868587 926.2531859558 -2000.0000000000
-1119.2134610076 159.1699314717 1037.8763854712
-1119.2134610076 159.1699314717 -2000.0000000000
-1119.2134610076 159.1699314717 -2000.0000000000
627.4210026048 -424.5255588069 845.7985254076
627.4210026048 -424.5255588069 -2000.0000000000
-1667.7316814869 -1907.4483450049 -855.7976089273
-1667.7316814869 -1907.4483450049 -2000.0000000000
1130.2855062814 -408.2985953588 -1431.7318544200
1130.2855062814 -408.2985953588 -2000.0000000000
1130.2855062814 -408.2985953588 -2000.0000000000
1130.2855062814 -408.2985953588 -2000.0000000000
1130.2855062814 -408.2985953588 -2000.0000000000
1130.2855062814 -408.2985953588 -2000.0000000000
1147.1507978782 1142.4113011855 1426.9969653308
1147.1507978782 1142.4113011855 -2000.0000000000
-1439.2369288981 -1911.7826911056 -378.4376956507
-1439.2369288981 -1911.7826911056 -2000.0000000000
-1439.2369288981 -1911.7826911056 -2000.0000000000
-1439.2369288981 -1911.7826911056 -2000.0000000000
-1439.2369288981 -1911.7826911056 -2000.0000000000
-1439.2369288981 -1911.7826911056 -2000.0000000000
-1439.2369288981 -1911.7826911056 -2000.0000000000
-1439.2369288981 -1911.7826911056 -2000.0000000000
78.8799157177 -436.3528958275 -1882.7596453928
78.8799157177 -436.3528958275 -2000.0000000000
78.8799157177 -436.3528958275 -2000.0000000000
78.8799157177 -436.3528958275 -2000.0000000000
78.8799157177 -436.3528958275 -2000.0000000000
-13.1080941399 -80.8632519683 1845.7893521981
1928.0527361549 1486.2131126344 33.2208032252
1928.0527361549 1486.2131126344 -2000.0000000000
1928.0527361549 1486.2131126344 -2000.0000000000
1928.0527361549 1486.2131126344 -2000.0000000000
-96.0011654356 148.4150322152 -765.7788310870
-1173.4161245643 1298.2388175781 755.9097417663
-1173.4161245643 1298.2388175781 -2000.0000000000
-1173.4161245643 1298.2388175781 -2000.0000000000
-1173.4161245643 1298.2388175781 -2000.0000000000
-1173.4161245643 1298.2388175781 -2000.0000000000
-1173.4161245643 1298.2388175781 -2000.0000000000
-1173.4161245643 1298.2388175781 -2000.0000000000
1271.9666617857 627.1947376315 -1700.2490634964
1271.9666617857 627.1947376315 -2000.0000000000
475.7459561661 1006.1466293851 -360.0590567952
475.7459561661 1006.1466293851 -2000.0000000000
-1402.2203733376 -967.6071088857 478.9489141230
213.2959746120 -821.0879826547 1761.8357121792
213.2959746120 -821.0879826547 -2000.0000000000
213.2959746120 -821.0879826547 -2000.0000000000
213.2959746120 -821.0879826547 -2000.0000000000
-1935.1104482194 -768.1924358721 1485.1824548634
-1935.1104482194 -768.1924358721 -2000.0000000000
982.5017773431 -1272.5004932117 -359.7406694181
982.5017773431 -1272.5004932117 -2000.0000000000
1487.2032037270 358.8810185359 453.5795499002
1487.2032037270 358.8810185359 -2000.0000000000
-233.1041773044 658.4183308388 -1756.9924017336
-233.1041773044 658.4183308388 -2000.0000000000
-233.1041773044 658.4183308388 -2000.0000000000
-1359.9370446349 -1255.5798072738 1990.4194818123
964.4768525686 -1731.0206890251 -1447.9527994373
964.4768525686 -1731.0206890251 -2000.0000000000
964.4768525686 -1731.0206890251 -2000.0000000000
647.5637537692 -110.9388947119 -1583.0126855317
647.5637537692 -110.9388947119 -2000.0000000000
1132.9033174739 41.3344654946 199.5120425283
1132.9033174739 41.3344654946 -2000.0000000000
1132.9033174739 41.3344654946 -2000.0000000000
1132.9033174739 41.3344654946 -2000.0000000000
179.1906018720 -167.1862377831 130.8888753643
179.1906018720 -167.1862377831 -2000.0000000000
917.5766389252 596.5206470222 1229.0226328257
-249.0309989822 -262.6263645972 -926.7802870149
-249.0309989822 -262.6263645972 -2000.0000000000
1066.8211253703 36.4622006352 -179.7527408428
1066.8211253703 36.4622006352 -2000.0000000000
1066.8211253703 36.4622006352 -2000.0000000000
1066.8211253703 36.4622006352 -2000.0000000000
1066.8211253703 36.4622006352 -2000.0000000000
1612.2289038129 -1555.9950818778 1795.1162421125
1612.2289038129 -1555.9950818778 -2000.0000000000
1612.2289038129 -1555.9950818778 -2000.0000000000
-311.4012134323 1126.5604131017 130.8242014390
-311.4012134323 1126.5604131017 -2000.0000000000
1784.9172586430 -518.1686144849 1193.5355822850
1784.9172586430 -518.1686144849 -2000.0000000000
-1231.0902100770 803.3257901450 -1074.2758320399
1357.8084937470 73.9163373965 1834.2235949503
875.9804333067 -837.4346132948 -1838.2104269913
875.9804333067 -837.4346132948 -2000.0000000000
875.9804333067 -837.4346132948 -2000.0000000000
875.9804333067 -837.4346132948 -2000.0000000000
1795.2236266418 -1331.6325223735 -1501.3370278266
1795.2236266418 -1331.6325223735 -2000.0000000000
-1232.5915647016 -738.1275191514 1236.4108343229
-1232.5915647016 -738.1275191514 -2000.0000000000
-1232.5915647016 -738.1275191514 -2000.0000000000
-1232.5915647016 -738.1275191514 -2000.0000000000
1470.9846454724 -1968.1023616428 1191.3340404279
1373.1939676700 -1773.0893099056 555.8977832128
1373.1939676700 -1773.0893099056 -2000.0000000000
-449.5696304720 79.2767281722 876.1896944346
-449.5696304720 79.2767281722 -2000.0000000000
-449.5696304720 79.2767281722 -2000.0000000000
-786.3905439845 -1288.2978787779 1301.8843122535
-1415.4224948818 -1373.5460404682 -923.4806997935
-127.9740411951 1448.6767370101 504.5094816707
-1862.0135811378 404.6275963855 -739.7891856199
-1862.0135811378 404.6275963855 -2000.0000000000
-1862.0135811378 404.6275963855 -2000.0000000000
-1862.0135811378 404.6275963855 -2000.0000000000
-1792.3866573452 276.9919721434 -486.6864466789
-1792.3866573452 276.9919721434 -2000.0000000000
-1792.3866573452 276.9919721434 -2000.0000000000
175.9404521443 -28.8486998374 216.0604952654
-463.3325959588 405.3447615137 -151.9898608837
-463.3325959588 405.3447615137 -2000.0000000000
-711.7135325563 1696.1503397670 -491.7273089250
-711.7135325563 1696.1503397670 -2000.0000000000
-711.7135325563 1696.1503397670 -2000.0000000000
-711.7135325563 1696.1503397670 -2000.0000000000
-711.7135325563 1696.1503397670 -2000.0000000000
1512.2311967280 191.7085843770 -167.8268233797
559.3306466448 -406.1363189912 -1201.3316193892
559.3306466448 -406.1363189912 -2000.0000000000
559.3306466448 -406.1363189912 -2000.0000000000
-338.5868947510 -8.2354633789 -319.8964386504
-338.5868947510 -8.2354633789 -2000.0000000000
-338.5868947510 -8.2354633789 -2000.0000000000
-338.5868947510 -8.2354633789 -2000.0000000000
-338.5868947510 -8.2354633789 -2000.0000000000
-338.5868947510 -8.2354633789 -2000.0000000000
-338.5868947510 -8.2354633789 -2000.0000000000
-674.1263466455 -1251.6398856074 197.2631923324
-674.1263466455 -1251.6398856074 -2000.0000000000
-674.1263466455 -1251.6398856074 -2000.0000000000
-674.1263466455 -1251.6398856074 -2000.0000000000
1580.9736052410 -1288.2235129445 -502.5989767719
1580.9736052410 -1288.2235129445 -2000.0000000000
954.5958641840 -1329.4200172823 83.4452475677
954.5958641840 -1329.4200172823 -2000.0000000000
954.5958641840 -1329.4200172823 -2000.0000000000
954.5958641840 -1329.4200172823 -2000.0000000000
954.5958641840 -1329.4200172823 -2000.0000000000
954.5958641840 -1329.4200172823 -2000.0000000000
954.5958641840 -1329.4200172823 -2000.0000000000
954.5958641840 -1329.4200172823 -2000.0000000000
954.5958641840 -1329.4200172823 -2000.0000000000
954.5958641840 -1329.4200172823 -2000.0000000000
954.5958641840 -1329.4200172823 -2000.0000000000
954.5958641840 -1329.4200172823 -2000.0000000000
-575.6374848062 673.4436799791 926.6265889984
-374.1006471090 961.9278930434 -1929.9154987258
539.8329980917 245.2480851453 -1148.1488678585
539.8329980917 245.2480851453 -2000.0000000000
539.8329980917 245.2480851453 -2000.0000000000
539.8329980917 245.2480851453 -2000.0000000000
539.8329980917 245.2480851453 -2000.0000000000
539.8329980917 245.2480851453 -2000.0000000000
539.8329980917 245.2480851453 -2000.0000000000
539.8329980917 245.2480851453 -2000.0000000000
-110.9034969563 -1200.0225151293 -1827.3429651469
-110.9034969563 -1200.0225151293 -2000.0000000000
913.9920233814 103.6780448001 -577.2529578980
1399.7179250387 1195.8591899393 588.1714678479
1399.7179250387 1195.8591899393 -2000.0000000000
-1977.4405024112 1905.2481009343 1712.7097816372
-1977.4405024112 1905.2481009343 -2000.0000000000
-1977.4405024112 1905.2481009343 -2000.0000000000
-1977.4405024112 1905.2481009343 -2000.0000000000
-1977.4405024112 1905.2481009343 -2000.0000000000
-1977.4405024112 1905.2481009343 -2000.0000000000
840.5200700114 155.9100210615 1435.8988325859
-1114.9942271547 1246.8820841549 -187.6690921161
-1114.9942271547 1246.8820841549 -2000.0000000000
-1114.9942271547 1246.8820841549 -2000.0000000000
-1640.7272523603 -1373.1874372703 1868.1787192896
-1640.7272523603 -1373.1874372703 -2000.0000000000
-1640.7272523603 -1373.1874372703 -2000.0000000000
-1640.7272523603 -1373.1874372703 -2000.0000000000
-1640.7272523603 -1373.1874372703 -2000.0000000000
-1640.7272523603 -1373.1874372703 -2000.0000000000
-1640.7272523603 -1373.1874372703 -2000.0000000000
-1640.7272523603 -1373.1874372703 -2000.0000000000
-1640.7272523603 -1373.1874372703 -2000.0000000000
-1640.7272523603 -1373.1874372703 -2000.0000000000
-1640.7272523603 -1373.1874372703 -2000.0000000000
-1360.9835992782 1883.5500673605 -647.0953318018
-1360.9835992782 1883.5500673605 -2000.0000000000
-1360.9835992782 1883.5500673605 -2000.0000000000
799.9374264827 686.4793477502 -800.3791779928
833.6388639138 -498.2625406305 1238.0941531956
833.6388639138 -498.2625406305 -2000.0000000000
833.6388639138 -498.2625406305 -2000.0000000000
833.6388639138 -498.2625406305 -2000.0000000000
833.6388639138 -498.2625406305 -2000.0000000000
833.6388639138 -498.2625406305 -2000.0000000000
-1023.9875857383 463.3285874709 -757.3786662310
-1023.9875857383 463.3285874709 -2000.0000000000
-1023.9875857383 463.3285874709 -2000.0000000000
-1023.9875857383 463.3285874709 -2000.0000000000
-1023.9875857383 463.3285874709 -2000.0000000000
-1023.9875857383 463.3285874709 -2000.0000000000
-1023.9875857383 463.3285874709 -2000.0000000000
-1023.9875857383 463.3285874709 -2000.0000000000
-1023.9875857383 463.3285874709 -2000.0000000000
-1023.9875857383 463.3285874709 -2000.0000000000
-1023.9875857383 463.3285874709 -2000.0000000000
-1023.9875857383 463.3285874709 -2000.0000000000
-1023.9875857383 463.3285874709 -2000.0000000000
-1023.9875857383 463.3285874709 -2000.0000000000
-1023.9875857383 463.3285874709 -2000.0000000000
-1023.9875857383 463.3285874709 -2000.0000000000
-1023.9875857383 463.3285874709 -2000.0000000000
347.5722771178 1619.8444919798 1627.5748452593
347.5722771178 1619.8444919798 -2000.0000000000
-1358.7150496833 1830.0234352833 -830.4519011432
-1358.7150496833 1830.0234352833 -2000.0000000000
-1358.7150496833 1830.0234352833 -2000.0000000000
-1358.7150496833 1830.0234352833 -2000.0000000000
-1358.7150496833 1830.0234352833 -2000.0000000000
873.6597758866 201.8938602919 1652.3044567410
873.6597758866 201.8938602919 -2000.0000000000
873.6597758866 201.8938602919 -2000.0000000000
873.6597758866 201.8938602919 -2000.0000000000
873.6597758866 201.8938602919 -2000.0000000000
873.6597758866 201.8938602919 -2000.0000000000
873.6597758866 201.8938602919 -2000.0000000000
873.6597758866 201.8938602919 -2000.0000000000
873.6597758866 201.8938602919 -2000.0000000000
1290.9871493182 -1289.7926717804 1240.4433804724
-337.9104880737 1194.5042167079 565.1115875126
1457.4316404307 -311.8484424548 755.6774283418
1457.4316404307 -311.8484424548 -2000.0000000000
-940.7031298946 350.2139522038 -1982.9742676423
-202.8133545955 -424.1804328295 396.1964036304
-909.2466556033 265.6200846741 -1546.0695746188
1895.4830679034 643.6079960120 -445.9252428178
-499.0685597853 -1319.3464565521 -1627.7175054495
-1111.7206743047 659.0862975534 -1259.9086358245
-1111.7206743047 659.0862975534 -2000.0000000000
1838.6999734157 1175.6866575418 1679.2178982946
1838.6999734157 1175.6866575418 -2000.0000000000
1838.6999734157 1175.6866575418 -2000.0000000000
1838.6999734157 1175.6866575418 -2000.0000000000
1838.6999734157 1175.6866575418 -2000.0000000000
-1117.0861878165 1780.6639546145 -1955.7254588255
-1117.0861878165 1780.6639546145 -2000.0000000000
-1117.0861878165 1780.6639546145 -2000.0000000000
-1117.0861878165 1780.6639546145 -2000.0000000000
-1117.0861878165 1780.6639546145 -2000.0000000000
214.3436928406 1237.5369319191 -96.5583002309
214.3436928406 1237.5369319191 -2000.0000000000
214.3436928406 1237.5369319191 -2000.0000000000
214.3436928406 1237.5369319191 -2000.0000000000
1629.6365651552 681.1145506555 1270.6298322207
-1701.5823039827 1098.1417083873 631.9576810859
-1701.5823039827 1098.1417083873 -2000.0000000000
-1701.5823039827 1098.1417083873 -2000.0000000000
1116.1294132360 873.2796944927 1111.6317505813
1116.1294132360 873.2796944927 -2000.0000000000
672.2886058809 578.4200739670 214.4033607980
672.2886058809 578.4200739670 -2000.0000000000
-44.4637306471 361.8961918134 -1905.9676978775
-44.4637306471 361.8961918134 -2000.0000000000
-44.4637306471 361.8961918134 -2000.0000000000
1233.8544200062 1405.0859773754 902.2860170534
1233.8544200062 1405.0859773754 -2000.0000000000
1233.8544200062 1405.0859773754 -2000.0000000000
1765.6090872467 -1409.1745083682 -1502.2504611417
1765.6090872467 -1409.1745083682 -2000.0000000000
1123.4745239817 540.2780655820 -844.7873798212
1123.4745239817 540.2780655820 -2000.0000000000
1123.4745239817 540.2780655820 -2000.0000000000
1123.4745239817 540.2780655820 -2000.0000000000
-1825.4540608993 1332.1654297693 378.3165680408
-1825.4540608993 1332.1654297693 -2000.0000000000
-1825.4540608993 1332.1654297693 -2000.0000000000
-1825.4540608993 1332.1654297693 -2000.0000000000
-1825.4540608993 1332.1654297693 -2000.0000000000
-1825.4540608993 1332.1654297693 -2000.0000000000
-1825.4540608993 1332.1654297693 -2000.0000000000
-1825.4540608993 1332.1654297693 -2000.0000000000
-1825.4540608993 1332.1654297693 -2000.0000000000
-1825.4540608993 1332.1654297693 -2000.0000000000
-714.0217597323 1909.6469089849 353.7464463865
-714.0217597323 1909.6469089849 -2000.0000000000
-714.0217597323 1909.6469089849 -2000.0000000000
-714.0217597323 1909.6469089849 -2000.0000000000
-714.0217597323 1909.6469089849 -2000.0000000000
-714.0217597323 1909.6469089849 -2000.0000000000
-714.0217597323 1909.6469089849 -2000.0000000000
-714.0217597323 1909.6469089849 -2000.0000000000
-714.0217597323 1909.6469089849 -2000.0000000000
960.0473688658 402.5381111816 -1600.3043521403
960.0473688658 402.5381111816 -2000.0000000000
1646.6334331135 -35.1651643618 1050.3170971867
1646.6334331135 -35.1651643618 -2000.0000000000
1646.6334331135 -35.1651643618 -2000.0000000000
1646.6334331135 -35.1651643618 -2000.0000000000
1646.6334331135 -35.1651643618 -2000.0000000000
1646.6334331135 -35.1651643618 -2000.0000000000
1646.6334331135 -35.1651643618 -2000.0000000000
1646.6334331135 -35.1651643618 -2000.0000000000
1721.5135877611 767.8649325943 -299.9820236009
1721.5135877611 767.8649325943 -2000.0000000000
-1878.2550866364 -1766.3665208372 1845.2881302792
-755.0077461124 1230.9506067723 -1085.2748981309
-755.0077461124 1230.9506067723 -2000.0000000000
-755.0077461124 1230.9506067723 -2000.0000000000
-755.0077461124 1230.9506067723 -2000.0000000000
-755.0077461124 1230.9506067723 -2000.0000000000
-755.0077461124 1230.9506067723 -2000.0000000000
-755.0077461124 1230.9506067723 -2000.0000000000
-755.0077461124 1230.9506067723 -2000.0000000000
448.1024672113 -276.4368214988 -110.4010985046
448.1024672113 -276.4368214988 -2000.0000000000
522.1879764651 1532.7282842901 838.6567815893
522.1879764651 1532.7282842901 -2000.0000000000
294.4629792359 -1860.4485996255 -1729.4080208326
294.4629792359 -1860.4485996255 -2000.0000000000
-1379.1716811401 -1342.9984644469 -1457.0657997638
-9.9255309254 -1423.0500743259 961.6789941056
-9.9255309254 -1423.0500743259 -2000.0000000000
-9.9255309254 -1423.0500743259 -2000.0000000000
-9.9255309254 -1423.0500743259 -2000.0000000000
-9.9255309254 -1423.0500743259 -2000.0000000000
-1936.9033362728 187.6319951603 1737.7005620047
-750.2725625199 903.2670495331 -1990.5921667103
-750.2725625199 903.2670495331 -2000.0000000000
-750.2725625199 903.2670495331 -2000.0000000000
-847.0010630021 1433.4259851826 -1248.3738790684
-847.0010630021 1433.4259851826 -2000.0000000000
-847.0010630021 1433.4259851826 -2000.0000000000
-623.6395325956 253.2294993614 1215.3020936178
-623.6395325956 253.2294993614 -2000.0000000000
-623.6395325956 253.2294993614 -2000.0000000000
-623.6395325956 253.2294993614 -2000.0000000000
-623.6395325956 253.2294993614 -2000.0000000000
-206.3142570494 -723.3245458881 565.3940530095
1101.7725446866 -561.6123017023 1903.6112022253
1101.7725446866 -561.6123017023 -2000.0000000000
1101.7725446866 -561.6123017023 -2000.0000000000
1101.7725446866 -561.6123017023 -2000.0000000000
1101.7725446866 -561.6123017023 -2000.0000000000
-1731.0861146572 1821.7494669608 235.4455880442
-1731.0861146572 1821.7494669608 -2000.0000000000
-1731.0861146572 1821.7494669608 -2000.0000000000
-1731.0861146572 1821.7494669608 -2000.0000000000
-1731.0861146572 1821.7494669608 -2000.0000000000
-691.1686284157 148.0978285409 -762.0869427778
-691.1686284157 148.0978285409 -2000.0000000000
-691.1686284157 148.0978285409 -2000.0000000000
-691.1686284157 148.0978285409 -2000.0000000000
-691.1686284157 148.0978285409 -2000.0000000000
-1174.7110383287 571.9216843588 -952.6501257920
-1174.7110383287 571.9216843588 -2000.0000000000
-800.9000192325 -1271.1983720328 -1039.2553906041
1722.7652603973 -166.5679608096 1726.4949583880
0.3922192530 757.3177528921 1549.2564621151
0.3922192530 757.3177528921 -2000.0000000000
0.3922192530 757.3177528921 -2000.0000000000
1662.9771694509 92.2822071668 -1779.7105325095
1662.9771694509 92.2822071668 -2000.0000000000
1662.9771694509 92.2822071668 -2000.0000000000
1662.9771694509 92.2822071668 -2000.0000000000
-954.0704355225 -487.7976817330 295.9679456571
-954.0704355225 -487.7976817330 -2000.0000000000
-134.3947157758 -917.8221910816 479.5266884469
-134.3947157758 -917.8221910816 -2000.0000000000
-134.3947157758 -917.8221910816 -2000.0000000000
-491.2663820549 1495.2881539163 688.0391342999
-491.2663820549 1495.2881539163 -2000.0000000000
-491.2663820549 1495.2881539163 -2000.0000000000
-491.2663820549 1495.2881539163 -2000.0000000000
-491.2663820549 1495.2881539163 -2000.0000000000
-491.2663820549 1495.2881539163 -2000.0000000000
-775.3771880880 1414.1717402963 617.6253076371
-775.3771880880 1414.1717402963 -2000.0000000000
-775.3771880880 1414.1717402963 -2000.0000000000
1702.1252658457 1672.9404052177 -41.9831406880
1702.1252658457 1672.9404052177 -2000.0000000000
1702.1252658457 1672.9404052177 -2000.0000000000
1702.1252658457 1672.9404052177 -2000.0000000000
-1333.9761543960 -1378.8889518810 90.9091379978
1578.3461847985 -1526.9256689929 -525.9506833228
1578.3461847985 -1526.9256689929 -2000.0000000000
1578.3461847985 -1526.9256689929 -2000.0000000000
1578.3461847985 -1526.9256689929 -2000.0000000000
1578.3461847985 -1526.9256689929 -2000.0000000000
1578.3461847985 -1526.9256689929 -2000.0000000000
-1664.7029758902 -1895.3537151101 35.8097562872
-1664.7029758902 -1895.3537151101 -2000.0000000000
-1664.7029758902 -1895.3537151101 -2000.0000000000
-1664.7029758902 -1895.3537151101 -2000.0000000000
-1664.7029758902 -1895.3537151101 -2000.0000000000
1867.1199109865 -764.6918764717 -1700.8877097087
1296.6233130676 789.5095786917 -235.7789654293
1296.6233130676 789.5095786917 -2000.0000000000
1296.6233130676 789.5095786917 -2000.0000000000
1296.6233130676 789.5095786917 -2000.0000000000
1296.6233130676 789.5095786917 -2000.0000000000
1296.6233130676 789.5095786917 -2000.0000000000
1296.6233130676 789.5095786917 -2000.0000000000
-1783.8000843488 1075.4717973834 -558.6715896763
-1958.8388119698 -1567.6185030038 -806.8130367362
1413.4925368202 1154.9917892459 -1959.2467453577
1413.4925368202 1154.9917892459 -2000.0000000000
1064.9385580586 227.7462121841 1839.7831642016
1064.9385580586 227.7462121841 -2000.0000000000
1064.9385580586 227.7462121841 -2000.0000000000
1064.9385580586 227.7462121841 -2000.0000000000
799.4139971552 1332.1415134602 -1075.4123537374
799.4139971552 1332.1415134602 -2000.0000000000
799.4139971552 1332.1415134602 -2000.0000000000
799.4139971552 1332.1415134602 -2000.0000000000
799.4139971552 1332.1415134602 -2000.0000000000
799.4139971552 1332.1415134602 -2000.0000000000
799.4139971552 1332.1415134602 -2000.0000000000
-634.9069516726 1860.9916727849 -1153.8885223468
-634.9069516726 1860.9916727849 -2000.0000000000
314.0616822816 -795.0473272886 -497.1381601745
314.0616822816 -795.0473272886 -2000.0000000000
314.0616822816 -795.0473272886 -2000.0000000000
314.0616822816 -795.0473272886 -2000.0000000000
314.0616822816 -795.0473272886 -2000.0000000000
314.0616822816 -795.0473272886 -2000.0000000000
314.0616822816 -795.0473272886 -2000.0000000000
314.0616822816 -795.0473272886 -2000.0000000000
314.0616822816 -795.0473272886 -2000.0000000000
-230.4795940014 -512.5884060750 -1776.2227262731
-230.4795940014 -512.5884060750 -2000.0000000000
-230.4795940014 -512.5884060750 -2000.0000000000
-230.4795940014 -512.5884060750 -2000.0000000000
-230.4795940014 -512.5884060750 -2000.0000000000
-230.4795940014 -512.5884060750 -2000.0000000000
1530.2272044037 1837.6840563298 603.9909484184
1530.2272044037 1837.6840563298 -2000.0000000000
1530.2272044037 1837.6840563298 -2000.0000000000
1530.2272044037 1837.6840563298 -2000.0000000000
-989.1973256597 985.6935290145 -1882.8261997958
1645.8266330864 -1411.5508025256 434.8535939647
1645.8266330864 -1411.5508025256 -2000.0000000000
1645.8266330864 -1411.5508025256 -2000.0000000000
1645.8266330864 -1411.5508025256 -2000.0000000000
1645.8266330864 -1411.5508025256 -2000.0000000000
1645.8266330864 -1411.5508025256 -2000.0000000000
1645.8266330864 -1411.5508025256 -2000.0000000000
-940.6995041517 1605.7755830109 -1991.5929316328
1383.7830704278 -74.6481495225 612.3695679043
1731.5027663291 -769.8495696555 -669.1735957547
1731.5027663291 -769.8495696555 -2000.0000000000
1731.5027663291 -769.8495696555 -2000.0000000000
1731.5027663291 -769.8495696555 -2000.0000000000
1731.5027663291 -769.8495696555 -2000.0000000000
1731.5027663291 -769.8495696555 -2000.0000000000
1731.5027663291 -769.8495696555 -2000.0000000000
1731.5027663291 -769.8495696555 -2000.0000000000
-779.5286969379 -1952.6606904488 -940.4633237570
-779.5286969379 -1952.6606904488 -2000.0000000000
-617.1303161095 -1057.7988440239 -610.2350681498
298.2523422125 -1710.0228658901 1230.6623386245
298.2523422125 -1710.0228658901 -2000.0000000000
298.2523422125 -1710.0228658901 -2000.0000000000
298.2523422125 -1710.0228658901 -2000.0000000000
298.2523422125 -1710.0228658901 -2000.0000000000
1567.9572275236 1990.6049408197 -1517.9650944170
1567.9572275236 1990.6049408197 -2000.0000000000
1572.3456171246 1155.2698164136 -294.9708824778
-442.1038067156 1864.7727523884 79.8595464217
-442.1038067156 1864.7727523884 -2000.0000000000
-442.1038067156 1864.7727523884 -2000.0000000000
-442.1038067156 1864.7727523884 -2000.0000000000
867.7581241644 992.7499832215 1046.3502261688
867.7581241644 992.7499832215 -2000.0000000000
909.1913269739 279.1607298578 1444.8869581079
909.1913269739 279.1607298578 -2000.0000000000
909.1913269739 279.1607298578 -2000.0000000000
909.1913269739 279.1607298578 -2000.0000000000
909.1913269739 279.1607298578 -2000.0000000000
909.1913269739 279.1607298578 -2000.0000000000
909.1913269739 279.1607298578 -2000.0000000000
909.1913269739 279.1607298578 -2000.0000000000
909.1913269739 279.1607298578 -2000.0000000000
909.1913269739 279.1607298578 -2000.0000000000
909.1913269739 279.1607298578 -2000.0000000000
909.1913269739 279.1607298578 -2000.0000000000
-1636.7078241179 -856.5048858840 1749.5852208049
-1636.7078241179 -856.5048858840 -2000.0000000000
-1636.7078241179 -856.5048858840 -2000.0000000000
-1636.7078241179 -856.5048858840 -2000.0000000000
-1636.7078241179 -856.5048858840 -2000.0000000000
-1636.7078241179 -856.5048858840 -2000.0000000000
-1636.7078241179 -856.5048858840 -2000.0000000000
-1636.7078241179 -856.5048858840 -2000.0000000000
-1636.7078241179 -856.5048858840 -2000.0000000000
-677.3356829262 -588.4640767458 -422.4403096589
1504.6504796974 -305.4110453780 -194.8903788763
104.5151783263 134.4440769849 -228.8072411150
104.5151783263 134.4440769849 -2000.0000000000
104.5151783263 134.4440769849 -2000.0000000000
104.5151783263 134.4440769849 -2000.0000000000
104.5151783263 134.4440769849 -2000.0000000000
-1368.8360568899 -1365.9958823672 1901.3200065119
-1346.7789633227 -347.6150920312 -30.5197066428
-1346.7789633227 -347.6150920312 -2000.0000000000
-230.4613435796 -153.3747528799 -1249.7909879306
-230.4613435796 -153.3747528799 -2000.0000000000
-230.4613435796 -153.3747528799 -2000.0000000000
-230.4613435796 -153.3747528799 -2000.0000000000
482.4414075001 -1478.3300382854 -313.1684742242
482.4414075001 -1478.3300382854 -2000.0000000000
482.4414075001 -1478.3300382854 -2000.0000000000
-1316.3667218143 -1294.2722330232 996.4540617754
-1316.3667218143 -1294.2722330232 -2000.0000000000
-1256.0947796260 643.2955454745 1662.2255652674
-1256.0947796260 643.2955454745 -2000.0000000000
-1256.0947796260 643.2955454745 -2000.0000000000
1846.5895459131 286.7817493546 -841.6091357881
1846.5895459131 286.7817493546 -2000.0000000000
1846.5895459131 286.7817493546 -2000.0000000000
-1278.3989209866 1881.8437924736 1770.2339317832
-1278.3989209866 1881.8437924736 -2000.0000000000
-832.1752561126 -636.8689154918 -1786.7256004542
1436.8771878544 176.3310863132 -1032.3958006401
735.7380995670 -1258.3511485294 296.1618647971
735.7380995670 -1258.3511485294 -2000.0000000000
735.7380995670 -1258.3511485294 -2000.0000000000
735.7380995670 -1258.3511485294 -2000.0000000000
735.7380995670 -1258.3511485294 -2000.0000000000
735.7380995670 -1258.3511485294 -2000.0000000000
735.7380995670 -1258.3511485294 -2000.0000000000
735.7380995670 -1258.3511485294 -2000.0000000000
1756.2991229170 1346.3895991932 111.0588359773
888.8171171995 -1103.1176156766 -1041.4785739072
888.8171171995 -1103.1176156766 -2000.0000000000
888.8171171995 -1103.1176156766 -2000.0000000000
444.1905795897 -22.5733379249 -1731.7795312568
444.1905795897 -22.5733379249 -2000.0000000000
444.1905795897 -22.5733379249 -2000.0000000000
444.1905795897 -22.5733379249 -2000.0000000000
-1857.0503192478 -1504.8401597761 -1428.9090356224
-1857.0503192478 -1504.8401597761 -2000.0000000000
-1857.0503192478 -1504.8401597761 -2000.0000000000
-1857.0503192478 -1504.8401597761 -2000.0000000000
-1857.0503192478 -1504.8401597761 -2000.0000000000
-1857.0503192478 -1504.8401597761 -2000.0000000000
-1537.0212299153 -972.1782097931 -1382.7647237561
-1537.0212299153 -972.1782097931 -2000.0000000000
-1537.0212299153 -972.1782097931 -2000.0000000000
-1537.0212299153 -972.1782097931 -2000.0000000000
321.1403180782 -1795.6491107958 1064.8105948321
321.1403180782 -1795.6491107958 -2000.0000000000
744.2347377433 -1389.8940997158 900.0315346061
744.2347377433 -1389.8940997158 -2000.0000000000
1877.1228583834 -1598.8146902039 1953.3585155591
-1362.1710681704 1015.8484331977 1529.1753897982
-599.9160126483 688.1016501419 1364.9468798496
-599.9160126483 688.1016501419 -2000.0000000000
-599.9160126483 688.1016501419 -2000.0000000000
-599.9160126483 688.1016501419 -2000.0000000000
1902.6541832510 622.9019932153 1573.3058308956
1902.6541832510 622.9019932153 -2000.0000000000
1902.6541832510 622.9019932153 -2000.0000000000
1902.6541832510 622.9019932153 -2000.0000000000
1902.6541832510 622.9019932153 -2000.0000000000
1902.6541832510 622.9019932153 -2000.0000000000
1902.6541832510 622.9019932153 -2000.0000000000
-711.2391632404 1939.8892569364 462.6594844975
-711.2391632404 1939.8892569364 -2000.0000000000
924.3149273558 765.1829992506 -1469.2935942618
924.3149273558 765.1829992506 -2000.0000000000
924.3149273558 765.1829992506 -2000.0000000000
924.3149273558 765.1829992506 -2000.0000000000
924.3149273558 765.1829992506 -2000.0000000000
1578.0125669365 -997.9380956921 -613.9254282860
1578.0125669365 -997.9380956921 -2000.0000000000
-733.9982367126 -15.2933812241 0.2932286689
-1516.7349455755 1956.5541125293 -1802.3858140105
-1516.7349455755 1956.5541125293 -2000.0000000000
-1516.7349455755 1956.5541125293 -2000.0000000000
-1516.7349455755 1956.5541125293 -2000.0000000000
-1516.7349455755 1956.5541125293 -2000.0000000000
-1516.7349455755 1956.5541125293 -2000.0000000000
-1516.7349455755 1956.5541125293 -2000.0000000000
-1516.7349455755 1956.5541125293 -2000.0000000000
213.3052832963 698.2801969871 -1821.9468498341
213.3052832963 698.2801969871 -2000.0000000000
-1353.7993428416 483.7280569764 205.4719613557
-1353.7993428416 483.7280569764 -2000.0000000000
454.1172446915 -819.5006220119 -1629.9221981640
454.1172446915 -819.5006220119 -2000.0000000000
454.1172446915 -819.5006220119 -2000.0000000000
454.1172446915 -819.5006220119 -2000.0000000000
243.0487063517 -1068.2432289683 1814.4420948042
243.0487063517 -1068.2432289683 -2000.0000000000
-708.9614069052 835.2270114038 -553.7856281908
-708.9614069052 835.2270114038 -2000.0000000000
-708.9614069052 835.2270114038 -2000.0000000000
-833.1243342207 282.3036693325 -1121.7120193999
-833.1243342207 282.3036693325 -2000.0000000000
-1638.6553243670 1275.9166938880 261.5273592817
-1638.6553243670 1275.9166938880 -2000.0000000000
-1638.6553243670 1275.9166938880 -2000.0000000000
-1638.6553243670 1275.9166938880 -2000.0000000000
808.7320411633 1864.0797662047 -1796.9843270392
302.6242924854 -698.7386279422 1025.0646407192
302.6242924854 -698.7386279422 -2000.0000000000
302.6242924854 -698.7386279422 -2000.0000000000
302.6242924854 -698.7386279422 -2000.0000000000
-625.1591899054 -300.9180306788 1502.9184827669
-625.1591899054 -300.9180306788 -2000.0000000000
-625.1591899054 -300.9180306788 -2000.0000000000
-1370.6651778605 -56.5189832348 -772.0592895682
-1370.6651778605 -56.5189832348 -2000.0000000000
-1370.6651778605 -56.5189832348 -2000.0000000000
-1370.6651778605 -56.5189832348 -2000.0000000000
-1370.6651778605 -56.5189832348 -2000.0000000000
-1370.6651778605 -56.5189832348 -2000.0000000000
-1150.9008654442 822.8684695789 -1064.1853084303
-1150.9008654442 822.8684695789 -2000.0000000000
-840.1172065258 -164.1441971173 -1320.1433508977
-840.1172065258 -164.1441971173 -2000.0000000000
-840.1172065258 -164.1441971173 -2000.0000000000
-840.1172065258 -164.1441971173 -2000.0000000000
6.0600269975 -1508.7375369450 -1665.1385658874
6.0600269975 -1508.7375369450 -2000.0000000000
6.0600269975 -1508.7375369450 -2000.0000000000
233.0691759311 1580.2698127116 1717.8704761238
233.0691759311 1580.2698127116 -2000.0000000000
233.0691759311 1580.2698127116 -2000.0000000000
979.1862055398 933.3266149070 -922.3179331928
1172.1169159145 -1929.4962321701 1567.3985042775
1172.1169159145 -1929.4962321701 -2000.0000000000
1172.1169159145 -1929.4962321701 -2000.0000000000
1172.1169159145 -1929.4962321701 -2000.0000000000
1172.1169159145 -1929.4962321701 -2000.0000000000
1172.1169159145 -1929.4962321701 -2000.0000000000
1172.1169159145 -1929.4962321701 -2000.0000000000
1172.1169159145 -1929.4962321701 -2000.0000000000
222.8460246476 -1339.3801466623 734.2712259755
222.8460246476 -1339.3801466623 -2000.0000000000
222.8460246476 -1339.3801466623 -2000.0000000000
222.8460246476 -1339.3801466623 -2000.0000000000
222.8460246476 -1339.3801466623 -2000.0000000000
222.8460246476 -1339.3801466623 -2000.0000000000
222.8460246476 -1339.3801466623 -2000.0000000000
222.8460246476 -1339.3801466623 -2000.0000000000
1393.3541150243 -641.3396428526 -353.5347713296
1393.3541150243 -641.3396428526 -2000.0000000000
1339.0746957768 -1712.4869478792 -633.1480061066
1339.0746957768 -1712.4869478792 -2000.0000000000
1339.0746957768 -1712.4869478792 -2000.0000000000
-1660.6424966549 8.6530305871 1975.2707297681
-654.4099879088 -1458.7401155052 -352.7051807800
-654.4099879088 -1458.7401155052 -2000.0000000000
-654.4099879088 -1458.7401155052 -2000.0000000000
-654.4099879088 -1458.7401155052 -2000.0000000000
-654.4099879088 -1458.7401155052 -2000.0000000000
-839.3875981020 327.6987429025 -1210.3636717949
-263.9982213956 1919.8914862564 1054.2988175962
8.3676382457 -704.0504815805 1170.7348270113
8.3676382457 -704.0504815805 -2000.0000000000
1198.1851599365 169.2846793761 1291.8579666379
1198.1851599365 169.2846793761 -2000.0000000000
1198.1851599365 169.2846793761 -2000.0000000000
-1658.2552794768 -318.0034026178 985.3432690909
-1658.2552794768 -318.0034026178 -2000.0000000000
-1658.2552794768 -318.0034026178 -2000.0000000000
1024.6787539913 -919.8079381315 1798.1713849450
476.8671165703 278.3804244315 666.6761113478
1538.2209748555 1349.1442916732 -1145.7092284588
1538.2209748555 1349.1442916732 -2000.0000000000
1538.2209748555 1349.1442916732 -2000.0000000000
1538.2209748555 1349.1442916732 -2000.0000000000
1538.2209748555 1349.1442916732 -2000.0000000000
1538.2209748555 1349.1442916732 -2000.0000000000
1538.2209748555 1349.1442916732 -2000.0000000000
1538.2209748555 1349.1442916732 -2000.0000000000
1538.2209748555 1349.1442916732 -2000.0000000000
1538.2209748555 1349.1442916732 -2000.0000000000
1538.2209748555 1349.1442916732 -2000.0000000000
1538.2209748555 1349.1442916732 -2000.0000000000
1538.2209748555 1349.1442916732 -2000.0000000000
1538.2209748555 1349.1442916732 -2000.0000000000
1538.2209748555 1349.1442916732 -2000.0000000000
1538.2209748555 1349.1442916732 -2000.0000000000
1538.2209748555 1349.1442916732 -2000.0000000000
1538.2209748555 1349.1442916732 -2000.0000000000
1538.2209748555 1349.1442916732 -2000.0000000000
1538.2209748555 1349.1442916732 -2000.0000000000
1538.2209748555 1349.1442916732 -2000.0000000000
1538.2209748555 1349.1442916732 -2000.0000000000
1538.2209748555 1349.1442916732 -2000.0000000000
1538.2209748555 1349.1442916732 -2000.0000000000
1828.8599912324 460.6539859444 -1684.0293783929
581.3592633533 -1673.1405063462 1817.8053795377
-1037.2747890040 1020.4328015513 805.0410027733
-471.3305549171 -1124.5619130714 -1363.7298873883
540.8902690820 -1162.3476300751 1783.0232602184
540.8902690820 -1162.3476300751 -2000.0000000000
540.8902690820 -1162.3476300751 -2000.0000000000
1378.8549586417 -1489.3733006436 1709.1578693258
-1841.9773099679 -1456.7544640633 -704.6348362168
-1841.9773099679 -1456.7544640633 -2000.0000000000
-1841.9773099679 -1456.7544640633 -2000.0000000000
-1841.9773099679 -1456.7544640633 -2000.0000000000
-1841.9773099679 -1456.7544640633 -2000.0000000000
-1841.9773099679 -1456.7544640633 -2000.0000000000
1772.8520829248 -1425.9253079451 1551.0719152604
1772.8520829248 -1425.9253079451 -2000.0000000000
1772.8520829248 -1425.9253079451 -2000.0000000000
1772.8520829248 -1425.9253079451 -2000.0000000000
1772.8520829248 -1425.9253079451 -2000.0000000000
1772.8520829248 -1425.9253079451 -2000.0000000000
1031.5791060089 -1422.0548725571 -837.1111400928
1031.5791060089 -1422.0548725571 -2000.0000000000
1031.5791060089 -1422.0548725571 -2000.0000000000
1031.5791060089 -1422.0548725571 -2000.0000000000
1031.5791060089 -1422.0548725571 -2000.0000000000
1031.5791060089 -1422.0548725571 -2000.0000000000
1031.5791060089 -1422.0548725571 -2000.0000000000
1031.5791060089 -1422.0548725571 -2000.0000000000
1031.5791060089 -1422.0548725571 -2000.0000000000
847.1363588118 -1119.7206527736 -1220.6662005694
847.1363588118 -1119.7206527736 -2000.0000000000
-991.2756203702 1818.3981378370 -1751.1098262101
-991.2756203702 1818.3981378370 -2000.0000000000
-991.2756203702 1818.3981378370 -2000.0000000000
-991.2756203702 1818.3981378370 -2000.0000000000
-991.2756203702 1818.3981378370 -2000.0000000000
1526.8184571249 1431.1120638908 -1881.7809613262
1526.8184571249 1431.1120638908 -2000.0000000000
1526.8184571249 1431.1120638908 -2000.0000000000
1526.8184571249 1431.1120638908 -2000.0000000000
1526.8184571249 1431.1120638908 -2000.0000000000
1526.8184571249 1431.1120638908 -2000.0000000000
-833.3047731049 1984.4796204554 -595.3708512713
-833.3047731049 1984.4796204554 -2000.0000000000
-833.3047731049 1984.4796204554 -2000.0000000000
-833.3047731049 1984.4796204554 -2000.0000000000
-833.3047731049 1984.4796204554 -2000.0000000000
-109.0435335565 -1506.6064224650 180.8854203026
-109.0435335565 -1506.6064224650 -2000.0000000000
-1075.9312414726 1499.7012428001 766.9442145580
-71.9904621324 234.5518922167 -1434.7381055778
-71.9904621324 234.5518922167 -2000.0000000000
-71.9904621324 234.5518922167 -2000.0000000000
-71.9904621324 234.5518922167 -2000.0000000000
-71.9904621324 234.5518922167 -2000.0000000000
-71.9904621324 234.5518922167 -2000.0000000000
-1877.9379275943 795.3944637316 298.2165635105
-1877.9379275943 795.3944637316 -2000.0000000000
-108.1361529624 -831.1288228045 -1601.3359628570
-108.1361529624 -831.1288228045 -2000.0000000000
-108.1361529624 -831.1288228045 -2000.0000000000
-108.1361529624 -831.1288228045 -2000.0000000000
-108.1361529624 -831.1288228045 -2000.0000000000
-108.1361529624 -831.1288228045 -2000.0000000000
-108.1361529624 -831.1288228045 -2000.0000000000
-108.1361529624 -831.1288228045 -2000.0000000000
-108.1361529624 -831.1288228045 -2000.0000000000
-108.1361529624 -831.1288228045 -2000.0000000000
-108.1361529624 -831.1288228045 -2000.0000000000
1591.3384793020 918.5187632951 1216.0384985965
1591.3384793020 918.5187632951 -2000.0000000000
1591.3384793020 918.5187632951 -2000.0000000000
1591.3384793020 918.5187632951 -2000.0000000000
1591.3384793020 918.5187632951 -2000.0000000000
1591.3384793020 918.5187632951 -2000.0000000000
1591.3384793020 918.5187632951 -2000.0000000000
1591.3384793020 918.5187632951 -2000.0000000000
1243.3107394189 800.4618393775 464.1400628590
1243.3107394189 800.4618393775 -2000.0000000000
1243.3107394189 800.4618393775 -2000.0000000000
-594.5249651273 329.4866077624 1863.7862970803
-594.5249651273 329.4866077624 -2000.0000000000
-594.5249651273 329.4866077624 -2000.0000000000
-594.5249651273 329.4866077624 -2000.0000000000
-594.5249651273 329.4866077624 -2000.0000000000
1435.8991858381 -1164.8091919809 -713.5572144674
1563.1193882230 864.9504725522 -1573.5640527142
1377.0610029302 1219.1608639395 653.3116580605
1377.0610029302 1219.1608639395 -2000.0000000000
1377.0610029302 1219.1608639395 -2000.0000000000
1377.0610029302 1219.1608639395 -2000.0000000000
-227.4951978517 315.9522549097 -899.6234738868
-227.4951978517 315.9522549097 -2000.0000000000
-227.4951978517 315.9522549097 -2000.0000000000
-227.4951978517 315.9522549097 -2000.0000000000
-227.4951978517 315.9522549097 -2000.0000000000
-227.4951978517 315.9522549097 -2000.0000000000
-227.4951978517 315.9522549097 -2000.0000000000
-227.4951978517 315.9522549097 -2000.0000000000
-227.4951978517 315.9522549097 -2000.0000000000
-227.4951978517 315.9522549097 -2000.0000000000
-227.4951978517 315.9522549097 -2000.0000000000
-227.4951978517 315.9522549097 -2000.0000000000
-227.4951978517 315.9522549097 -2000.0000000000
-139.6944827077 -90.9843852736 37.7378825399
-139.6944827077 -90.9843852736 -2000.0000000000
-1722.8528968268 -43.5401965214 -1974.9222651347
-1722.8528968268 -43.5401965214 -2000.0000000000
-1722.8528968268 -43.5401965214 -2000.0000000000
-1722.8528968268 -43.5401965214 -2000.0000000000
1290.8464143152 -1022.1620592587 -394.4169150448
1290.8464143152 -1022.1620592587 -2000.0000000000
-210.9305778658 -1584.3626326541 -1864.9674504221
-210.9305778658 -1584.3626326541 -2000.0000000000
700.2995604957 -1009.9908233617 -68.9211653536
700.2995604957 -1009.9908233617 -2000.0000000000
700.2995604957 -1009.9908233617 -2000.0000000000
1390.0987338845 7.6354994033 -300.1293144909
1390.0987338845 7.6354994033 -2000.0000000000
1390.0987338845 7.6354994033 -2000.0000000000
1390.0987338845 7.6354994033 -2000.0000000000
1390.0987338845 7.6354994033 -2000.0000000000
1390.0987338845 7.6354994033 -2000.0000000000
1390.0987338845 7.6354994033 -2000.0000000000
1390.0987338845 7.6354994033 -2000.0000000000
1390.0987338845 7.6354994033 -2000.0000000000
1390.0987338845 7.6354994033 -2000.0000000000
1390.0987338845 7.6354994033 -2000.0000000000
1390.0987338845 7.6354994033 -2000.0000000000
-565.6327483464 -141.8600081318 241.2190824417
1131.1932834375 -1011.1075158509 -1527.7647519998
1131.1932834375 -1011.1075158509 -2000.0000000000
1131.1932834375 -1011.1075158509 -2000.0000000000
1131.1932834375 -1011.1075158509 -2000.0000000000
1131.1932834375 -1011.1075158509 -2000.0000000000
1131.1932834375 -1011.1075158509 -2000.0000000000
-1999.7688408955 325.4425247710 679.0708103970
-1999.7688408955 325.4425247710 -2000.0000000000
-1999.7688408955 325.4425247710 -2000.0000000000
-1999.7688408955 325.4425247710 -2000.0000000000
-964.8113380031 1264.4963999207 1728.5624819282
-964.8113380031 1264.4963999207 -2000.0000000000
-964.8113380031 1264.4963999207 -2000.0000000000
-964.8113380031 1264.4963999207 -2000.0000000000
-362.4988358221 -50.4035872184 -1770.5278689614
-362.4988358221 -50.4035872184 -2000.0000000000
-362.4988358221 -50.4035872184 -2000.0000000000
1756.2149638662 852.9817231864 -1402.8567988985
209.1848964932 787.2956398858 -1138.1728094320
209.1848964932 787.2956398858 -2000.0000000000
209.1848964932 787.2956398858 -2000.0000000000
441.8439124050 -840.0631118529 1884.0009235085
441.8439124050 -840.0631118529 -2000.0000000000
441.8439124050 -840.0631118529 -2000.0000000000
441.8439124050 -840.0631118529 -2000.0000000000
441.8439124050 -840.0631118529 -2000.0000000000
441.8439124050 -840.0631118529 -2000.0000000000
441.8439124050 -840.0631118529 -2000.0000000000
1804.3326080656 -345.9314698214 -1178.6976395368
1620.6278697717 1011.4083147775 1584.6398784289
1620.6278697717 1011.4083147775 -2000.0000000000
1620.6278697717 1011.4083147775 -2000.0000000000
1620.6278697717 1011.4083147775 -2000.0000000000
1620.6278697717 1011.4083147775 -2000.0000000000
1620.6278697717 1011.4083147775 -2000.0000000000
1620.6278697717 1011.4083147775 -2000.0000000000
1620.6278697717 1011.4083147775 -2000.0000000000
-1550.9859423177 247.2746029989 -539.1709576350
-1550.9859423177 247.2746029989 -2000.0000000000
-1550.9859423177 247.2746029989 -2000.0000000000
-1550.9859423177 247.2746029989 -2000.0000000000
-911.3919001773 543.8010066457 -1417.8425520755
1237.2778549867 157.8284581022 -1022.3408349651
1237.2778549867 157.8284581022 -2000.0000000000
579.7827782784 -1027.3748966504 885.3507984846
579.7827782784 -1027.3748966504 -2000.0000000000
579.7827782784 -1027.3748966504 -2000.0000000000
-1411.2908254281 853.5370301467 27.6720089287
-1411.2908254281 853.5370301467 -2000.0000000000
1598.2145655480 -1018.4701563892 -702.6467286562
-587.4019573671 -9.8669256925 1521.6618111620
-587.4019573671 -9.8669256925 -2000.0000000000
-587.4019573671 -9.8669256925 -2000.0000000000
-403.3918883858 1596.8492746743 -1752.0385979975
-403.3918883858 1596.8492746743 -2000.0000000000
1648.7057998920 -1534.7623605664 -1075.4728725255
-110.2758270259 -265.2975921183 1451.1881702366
-110.2758270259 -265.2975921183 -2000.0000000000
-110.2758270259 -265.2975921183 -2000.0000000000
-1508.2474587173 -871.8378207736 79.8149966346
-1508.2474587173 -871.8378207736 -2000.0000000000
-1508.2474587173 -871.8378207736 -2000.0000000000
-1508.2474587173 -871.8378207736 -2000.0000000000
-1508.2474587173 -871.8378207736 -2000.0000000000
1310.1225483043 -1734.1432465548 1521.4414857339
1310.1225483043 -1734.1432465548 -2000.0000000000
-313.7870262463 1794.3331967608 -421.1210472459
-313.7870262463 1794.3331967608 -2000.0000000000
-313.7870262463 1794.3331967608 -2000.0000000000
-1259.1016082425 239.8653792596 1937.6199056715
-1259.1016082425 239.8653792596 -2000.0000000000
-1259.1016082425 239.8653792596 -2000.0000000000
-580.6542512710 -986.1703146870 1153.8043072756
-1613.2612317516 -962.4152077017 1795.9540435799
-1613.2612317516 -962.4152077017 -2000.0000000000
-1613.2612317516 -962.4152077017 -2000.0000000000
-1613.2612317516 -962.4152077017 -2000.0000000000
1137.5329661269 -1089.5478657799 819.8844328786
1137.5329661269 -1089.5478657799 -2000.0000000000
1137.5329661269 -1089.5478657799 -2000.0000000000
322.0173284925 -1935.1290538791 -1102.5051620276
322.0173284925 -1935.1290538791 -2000.0000000000
322.0173284925 -1935.1290538791 -2000.0000000000
322.0173284925 -1935.1290538791 -2000.0000000000
-1674.4391340894 -896.9878153929 1724.1139483875
-1674.4391340894 -896.9878153929 -2000.0000000000
-1674.4391340894 -896.9878153929 -2000.0000000000
-1674.4391340894 -896.9878153929 -2000.0000000000
-1674.4391340894 -896.9878153929 -2000.0000000000
-1674.4391340894 -896.9878153929 -2000.0000000000
-1674.4391340894 -896.9878153929 -2000.0000000000
-104.0900964493 1801.5240646712 1529.8073086626
-104.0900964493 1801.5240646712 -2000.0000000000
-138.6570742573 -1600.7662220752 1123.1570893822
-138.6570742573 -1600.7662220752 -2000.0000000000
-138.6570742573 -1600.7662220752 -2000.0000000000
-1239.8705361030 -906.4378648523 -995.1990468318
-1239.8705361030 -906.4378648523 -2000.0000000000
-248.7830207584 31.4306852905 1516.9540107463
-248.7830207584 31.4306852905 -2000.0000000000
-248.7830207584 31.4306852905 -2000.0000000000
-248.7830207584 31.4306852905 -2000.0000000000
598.3941463915 -1929.1716788160 -247.2610830731
598.3941463915 -1929.1716788160 -2000.0000000000
598.3941463915 -1929.1716788160 -2000.0000000000
598.3941463915 -1929.1716788160 -2000.0000000000
598.3941463915 -1929.1716788160 -2000.0000000000
598.3941463915 -1929.1716788160 -2000.0000000000
598.3941463915 -1929.1716788160 -2000.0000000000
598.3941463915 -1929.1716788160 -2000.0000000000
598.3941463915 -1929.1716788160 -2000.0000000000
598.3941463915 -1929.1716788160 -2000.0000000000
598.3941463915 -1929.1716788160 -2000.0000000000
1947.0421230661 -186.3543371137 -992.2840219417
1947.0421230661 -186.3543371137 -2000.0000000000
1947.0421230661 -186.3543371137 -2000.0000000000
1947.0421230661 -186.3543371137 -2000.0000000000
86.0308637768 1106.5317629364 -1529.3183511418
86.0308637768 1106.5317629364 -2000.0000000000
-126.6204185269 -1166.8491227167 263.0205938380
-126.6204185269 -1166.8491227167 -2000.0000000000
-126.6204185269 -1166.8491227167 -2000.0000000000
-126.6204185269 -1166.8491227167 -2000.0000000000
-126.6204185269 -1166.8491227167 -2000.0000000000
675.5686883440 -1280.2645862376 -467.7451681058
-1722.6821957880 -494.7171736953 1631.5844474073
-1722.6821957880 -494.7171736953 -2000.0000000000
-1722.6821957880 -494.7171736953 -2000.0000000000
-1722.6821957880 -494.7171736953 -2000.0000000000
-1722.6821957880 -494.7171736953 -2000.0000000000
-1722.6821957880 -494.7171736953 -2000.0000000000
-1722.6821957880 -494.7171736953 -2000.0000000000
-1722.6821957880 -494.7171736953 -2000.0000000000
-1722.6821957880 -494.7171736953 -2000.0000000000
-1991.0419735166 1886.6767708207 576.9402597527
-1991.0419735166 1886.6767708207 -2000.0000000000
-1991.0419735166 1886.6767708207 -2000.0000000000
-1991.0419735166 1886.6767708207 -2000.0000000000
-1991.0419735166 1886.6767708207 -2000.0000000000
-1991.0419735166 1886.6767708207 -2000.0000000000
1298.4905524565 914.2024218623 691.2117236718
1298.4905524565 914.2024218623 -2000.0000000000
205.6678280149 -1790.2019858938 265.5391142056
1200.3899917509 484.4224024966 290.8134563694
-245.3537146166 -223.6972532005 -913.8344365847
-245.3537146166 -223.6972532005 -2000.0000000000
-245.3537146166 -223.6972532005 -2000.0000000000
-377.5461071896 -1716.6749917211 1075.2121918873
-377.5461071896 -1716.6749917211 -2000.0000000000
-377.5461071896 -1716.6749917211 -2000.0000000000
-377.5461071896 -1716.6749917211 -2000.0000000000
-377.5461071896 -1716.6749917211 -2000.0000000000
-377.5461071896 -1716.6749917211 -2000.0000000000
-377.5461071896 -1716.6749917211 -2000.0000000000
-377.5461071896 -1716.6749917211 -2000.0000000000
200.6652287717 -723.9725967931 202.4231612151
275.3769152209 696.6695196561 1956.1009445106
275.3769152209 696.6695196561 -2000.0000000000
275.3769152209 696.6695196561 -2000.0000000000
275.3769152209 696.6695196561 -2000.0000000000
275.3769152209 696.6695196561 -2000.0000000000
275.3769152209 696.6695196561 -2000.0000000000
275.3769152209 696.6695196561 -2000.0000000000
275.3769152209 696.6695196561 -2000.0000000000
275.3769152209 696.6695196561 -2000.0000000000
275.3769152209 696.6695196561 -2000.0000000000
275.3769152209 696.6695196561 -2000.0000000000
275.3769152209 696.6695196561 -2000.0000000000
-193.5477392418 328.6792753689 -309.1086078100
-193.5477392418 328.6792753689 -2000.0000000000
-193.5477392418 328.6792753689 -2000.0000000000
379.1075643538 908.8052525522 -115.3670322500
379.1075643538 908.8052525522 -2000.0000000000
379.1075643538 908.8052525522 -2000.0000000000
379.1075643538 908.8052525522 -2000.0000000000
379.1075643538 908.8052525522 -2000.0000000000
1869.8485970792 1131.7204084607 409.6789441911
1869.8485970792 1131.7204084607 -2000.0000000000
-1805.3876394202 -723.6105406454 739.7733823025
-1805.3876394202 -723.6105406454 -2000.0000000000
-1805.3876394202 -723.6105406454 -2000.0000000000
-1805.3876394202 -723.6105406454 -2000.0000000000
1274.3726653785 1733.1308304661 -634.2083930000
1274.3726653785 1733.1308304661 -2000.0000000000
-931.0464626128 432.5559510554 -1506.3398738639
-469.0936294334 -382.6660994996 86.1064540335
-469.0936294334 -382.6660994996 -2000.0000000000
931.4189152356 1339.3714756297 -240.4039980218
931.4189152356 1339.3714756297 -2000.0000000000
931.4189152356 1339.3714756297 -2000.0000000000
931.4189152356 1339.3714756297 -2000.0000000000
931.4189152356 1339.3714756297 -2000.0000000000
931.4189152356 1339.3714756297 -2000.0000000000
-1256.7174262035 1842.9576114941 1252.4647113997
-1256.7174262035 1842.9576114941 -2000.0000000000
-1256.7174262035 1842.9576114941 -2000.0000000000
-1256.7174262035 1842.9576114941 -2000.0000000000
-1256.7174262035 1842.9576114941 -2000.0000000000
941.1849820973 1493.9261277468 -100.7071698840
941.1849820973 1493.9261277468 -2000.0000000000
941.1849820973 1493.9261277468 -2000.0000000000
141.7721371085 -213.2107263946 571.3638416318
141.7721371085 -213.2107263946 -2000.0000000000
141.7721371085 -213.2107263946 -2000.0000000000
141.7721371085 -213.2107263946 -2000.0000000000
1374.3889078172 -1159.4354337715 -1681.2306800075
1374.3889078172 -1159.4354337715 -2000.0000000000
1374.3889078172 -1159.4354337715 -2000.0000000000
1374.3889078172 -1159.4354337715 -2000.0000000000
1374.3889078172 -1159.4354337715 -2000.0000000000
1374.3889078172 -1159.4354337715 -2000.0000000000
1374.3889078172 -1159.4354337715 -2000.0000000000
1374.3889078172 -1159.4354337715 -2000.0000000000
1374.3889078172 -1159.4354337715 -2000.0000000000
1374.3889078172 -1159.4354337715 -2000.0000000000
1374.3889078172 -1159.4354337715 -2000.0000000000
1374.3889078172 -1159.4354337715 -2000.0000000000
1374.3889078172 -1159.4354337715 -2000.0000000000
1374.3889078172 -1159.4354337715 -2000.0000000000
637.2339303352 79.0123724350 1404.0328258688
637.2339303352 79.0123724350 -2000.0000000000
1095.0993225217 107.2390271420 1106.6091954819
1095.0993225217 107.2390271420 -2000.0000000000
1095.0993225217 107.2390271420 -2000.0000000000
-849.4961421525 1061.1111633958 942.7311165626
-1312.0699664042 1327.6597772446 -1305.5146851892
-1312.0699664042 1327.6597772446 -2000.0000000000
-1312.0699664042 1327.6597772446 -2000.0000000000
-1312.0699664042 1327.6597772446 -2000.0000000000
-1312.0699664042 1327.6597772446 -2000.0000000000
-1312.0699664042 1327.6597772446 -2000.0000000000
-1312.0699664042 1327.6597772446 -2000.0000000000
165.4235988392 -1529.3701388519 580.4773121008
808.5902147133 1098.5740467750 1403.5601853680
808.5902147133 1098.5740467750 -2000.0000000000
808.5902147133 1098.5740467750 -2000.0000000000
-1303.7467616520 1052.7086142384 -1557.9946217007
-1303.7467616520 1052.7086142384 -2000.0000000000
1206.9359782044 -493.1449637843 1171.3179809109
1206.9359782044 -493.1449637843 -2000.0000000000
468.4403250270 -220.9456605562 1408.6862866535
468.4403250270 -220.9456605562 -2000.0000000000
468.4403250270 -220.9456605562 -2000.0000000000
468.4403250270 -220.9456605562 -2000.0000000000
564.8701836244 1610.6695555278 -762.1773900108
564.8701836244 1610.6695555278 -2000.0000000000
564.8701836244 1610.6695555278 -2000.0000000000
564.8701836244 1610.6695555278 -2000.0000000000
564.8701836244 1610.6695555278 -2000.0000000000
564.8701836244 1610.6695555278 -2000.0000000000
564.8701836244 1610.6695555278 -2000.0000000000
564.8701836244 1610.6695555278 -2000.0000000000
564.8701836244 1610.6695555278 -2000.0000000000
564.8701836244 1610.6695555278 -2000.0000000000
564.8701836244 1610.6695555278 -2000.0000000000
564.8701836244 1610.6695555278 -2000.0000000000
-293.2983319329 1508.6139387023 1401.6968730524
-293.2983319329 1508.6139387023 -2000.0000000000
-293.2983319329 1508.6139387023 -2000.0000000000
-293.2983319329 1508.6139387023 -2000.0000000000
-293.2983319329 1508.6139387023 -2000.0000000000
-293.2983319329 1508.6139387023 -2000.0000000000
-1776.8077878284 -422.2333256245 1107.4724281718
-1776.8077878284 -422.2333256245 -2000.0000000000
-1934.0742520676 1231.1539963007 -467.4947269501
-1934.0742520676 1231.1539963007 -2000.0000000000
-1934.0742520676 1231.1539963007 -2000.0000000000
-1934.0742520676 1231.1539963007 -2000.0000000000
-1934.0742520676 1231.1539963007 -2000.0000000000
-1934.0742520676 1231.1539963007 -2000.0000000000
-1934.0742520676 1231.1539963007 -2000.0000000000
1534.3942697976 -848.6728665019 -125.9709936826
-590.5301439856 -728.6629208858 -1093.8032705210
-590.5301439856 -728.6629208858 -2000.0000000000
-590.5301439856 -728.6629208858 -2000.0000000000
-590.5301439856 -728.6629208858 -2000.0000000000
-590.5301439856 -728.6629208858 -2000.0000000000
-590.5301439856 -728.6629208858 -2000.0000000000
-590.5301439856 -728.6629208858 -2000.0000000000
-590.5301439856 -728.6629208858 -2000.0000000000
-590.5301439856 -728.6629208858 -2000.0000000000
-590.5301439856 -728.6629208858 -2000.0000000000
-315.2050056103 -869.8076233521 -769.3339163338
-315.2050056103 -869.8076233521 -2000.0000000000
-315.2050056103 -869.8076233521 -2000.0000000000
-315.2050056103 -869.8076233521 -2000.0000000000
992.1586686032 940.0229312050 -1163.7006049565
992.1586686032 940.0229312050 -2000.0000000000
992.1586686032 940.0229312050 -2000.0000000000
992.1586686032 940.0229312050 -2000.0000000000
-1185.9244184834 -1534.0784515451 264.1158090772
-1185.9244184834 -1534.0784515451 -2000.0000000000
-481.4005523144 1092.6561163569 -720.1335070339
-481.4005523144 1092.6561163569 -2000.0000000000
-481.4005523144 1092.6561163569 -2000.0000000000
-481.4005523144 1092.6561163569 -2000.0000000000
-481.4005523144 1092.6561163569 -2000.0000000000
-481.4005523144 1092.6561163569 -2000.0000000000
-481.4005523144 1092.6561163569 -2000.0000000000
-481.4005523144 1092.6561163569 -2000.0000000000
-481.4005523144 1092.6561163569 -2000.0000000000
-481.4005523144 1092.6561163569 -2000.0000000000
-481.4005523144 1092.6561163569 -2000.0000000000
-481.4005523144 1092.6561163569 -2000.0000000000
-481.4005523144 1092.6561163569 -2000.0000000000
-481.4005523144 1092.6561163569 -2000.0000000000
-481.4005523144 1092.6561163569 -2000.0000000000
-481.4005523144 1092.6561163569 -2000.0000000000
-481.4005523144 1092.6561163569 -2000.0000000000
-481.4005523144 1092.6561163569 -2000.0000000000
-481.4005523144 1092.6561163569 -2000.0000000000
-139.7672516352 1604.1557590423 -222.4309939500
-1748.9463763392 1932.9430603544 470.4097977419
-1223.5864560506 791.1900166899 -342.2662586496
-1223.5864560506 791.1900166899 -2000.0000000000
-1223.5864560506 791.1900166899 -2000.0000000000
-1223.5864560506 791.1900166899 -2000.0000000000
-1223.5864560506 791.1900166899 -2000.0000000000
-1223.5864560506 791.1900166899 -2000.0000000000
-1223.5864560506 791.1900166899 -2000.0000000000
-1223.5864560506 791.1900166899 -2000.0000000000
-1223.5864560506 791.1900166899 -2000.0000000000
-1223.5864560506 791.1900166899 -2000.0000000000
-1223.5864560506 791.1900166899 -2000.0000000000
-940.8173004028 1396.3032130857 -396.3081830776
-940.8173004028 1396.3032130857 -2000.0000000000
-940.8173004028 1396.3032130857 -2000.0000000000
-1521.8157583760 -869.4039914032 -1225.3625168700
-1521.8157583760 -869.4039914032 -2000.0000000000
-680.0514395206 -1995.1934500225 -895.0631577364
-680.0514395206 -1995.1934500225 -2000.0000000000
-680.0514395206 -1995.1934500225 -2000.0000000000
-680.0514395206 -1995.1934500225 -2000.0000000000
-680.0514395206 -1995.1934500225 -2000.0000000000
-837.2880285413 -1583.6688098491 769.3180014354
-837.2880285413 -1583.6688098491 -2000.0000000000
1739.5020298838 925.0603679183 370.4035109705
1739.5020298838 925.0603679183 -2000.0000000000
1739.5020298838 925.0603679183 -2000.0000000000
1739.5020298838 925.0603679183 -2000.0000000000
312.1851863527 -1700.6063384980 1385.1463029033
312.1851863527 -1700.6063384980 -2000.0000000000
312.1851863527 -1700.6063384980 -2000.0000000000
-1181.3058041402 -1527.5111640338 498.3660516586
-533.4840394817 -324.2608001244 -743.1514777772
-533.4840394817 -324.2608001244 -2000.0000000000
-1778.1079519998 1512.3588936664 176.4118007337
-1778.1079519998 1512.3588936664 -2000.0000000000
-1778.1079519998 1512.3588936664 -2000.0000000000
-1778.1079519998 1512.3588936664 -2000.0000000000
1386.6978815280 -424.1289373209 238.5091484087
1386.6978815280 -424.1289373209 -2000.0000000000
