824.2712510572 -1271.2436187930 -1770.3182843177
824.2712510572 -1271.2436187930 -2000.0000000000
-486.3442480505 441.0952691520 -580.2963609577
-486.3442480505 441.0952691520 -2000.0000000000
-1522.9462708985 -1232.2298587636 1021.9222161233
-1522.9462708985 -1232.2298587636 -2000.0000000000
-1522.9462708985 -1232.2298587636 -2000.0000000000
1779.2261030592 188.1953458442 -1086.4055514302
1779.2261030592 188.1953458442 -2000.0000000000
-1783.5784565371 138.9786850428 -183.2498236393
-666.1112924070 1306.6270282479 -1351.9800576870
732.3764797357 -494.5964886487 1035.0725164925
-354.5812068414 1569.2005025356 857.0310101737
-354.5812068414 1569.2005025356 -2000.0000000000
-354.5812068414 1569.2005025356 -2000.0000000000
-354.5812068414 1569.2005025356 -2000.0000000000
-354.5812068414 1569.2005025356 -2000.0000000000
-1632.1411936398 -286.7504579185 962.8177108928
-1632.1411936398 -286.7504579185 -2000.0000000000
-408.7877385306 -845.5487152829 1928.9619385317
-217.3173597809 1266.9591157353 1115.6720755034
-217.3173597809 1266.9591157353 -2000.0000000000
-217.3173597809 1266.9591157353 -2000.0000000000
-217.3173597809 1266.9591157353 -2000.0000000000
-217.3173597809 1266.9591157353 -2000.0000000000
-217.3173597809 1266.9591157353 -2000.0000000000
-217.3173597809 1266.9591157353 -2000.0000000000
-217.3173597809 1266.9591157353 -2000.0000000000
-217.3173597809 1266.9591157353 -2000.0000000000
1343.6512230089 1072.7837860829 -1139.4784801949
710.1657232060 1151.4713626220 -1584.6519202098
710.1657232060 1151.4713626220 -2000.0000000000
-73.1636920471 838.2848023606 -1098.4140155169
-1743.4211002113 -1405.6863691297 -307.6125167092
-1743.4211002113 -1405.6863691297 -2000.0000000000
-1743.4211002113 -1405.6863691297 -2000.0000000000
1276.4074478198 -632.3354052775 -1368.5973159859
1276.4074478198 -632.3354052775 -2000.0000000000
894.1376851389 -591.1217430722 -1192.6180318557
894.1376851389 -591.1217430722 -2000.0000000000
894.1376851389 -591.1217430722 -2000.0000000000
894.1376851389 -591.1217430722 -2000.0000000000
894.1376851389 -591.1217430722 -2000.0000000000
894.1376851389 -591.1217430722 -2000.0000000000
894.1376851389 -591.1217430722 -2000.0000000000
894.1376851389 -591.1217430722 -2000.0000000000
894.1376851389 -591.1217430722 -2000.0000000000
894.1376851389 -591.1217430722 -2000.0000000000
894.1376851389 -591.1217430722 -2000.0000000000
-1820.2521015175 -1926.5146414009 1272.8079953858
-1820.2521015175 -1926.5146414009 -2000.0000000000
-1820.2521015175 -1926.5146414009 -2000.0000000000
-859.5521263430 -1496.2047550113 863.2282264740
-859.5521263430 -1496.2047550113 -2000.0000000000
-859.5521263430 -1496.2047550113 -2000.0000000000
-859.5521263430 -1496.2047550113 -2000.0000000000
-859.5521263430 -1496.2047550113 -2000.0000000000
-859.5521263430 -1496.2047550113 -2000.0000000000
119.1756051299 -596.2024757081 859.4439024154
-1890.2668434968 -536.8768152557 -742.2763957065
-1017.3639295041 -283.8938914343 -1197.5768145454
-1017.3639295041 -283.8938914343 -2000.0000000000
-1017.3639295041 -283.8938914343 -2000.0000000000
223.2458294984 -1387.9275974790 -166.5300085898
223.2458294984 -1387.9275974790 -2000.0000000000
223.2458294984 -1387.9275974790 -2000.0000000000
223.2458294984 -1387.9275974790 -2000.0000000000
223.2458294984 -1387.9275974790 -2000.0000000000
223.2458294984 -1387.9275974790 -2000.0000000000
223.2458294984 -1387.9275974790 -2000.0000000000
223.2458294984 -1387.9275974790 -2000.0000000000
-929.3950343089 910.8979626424 -1039.6329349307
-1995.3350844048 212.5685773482 1193.1126492290
-1299.3082374107 -872.7793139724 -1516.1951648364
-1299.3082374107 -872.7793139724 -2000.0000000000
-1299.3082374107 -872.7793139724 -2000.0000000000
-73.1129596893 572.8933141781 -1071.0796148448
-73.1129596893 572.8933141781 -2000.0000000000
-73.1129596893 572.8933141781 -2000.0000000000
-73.1129596893 572.8933141781 -2000.0000000000
-697.1845367484 344.3462050055 539.4856975504
-697.1845367484 344.3462050055 -2000.0000000000
-697.1845367484 344.3462050055 -2000.0000000000
-697.1845367484 344.3462050055 -2000.0000000000
-697.1845367484 344.3462050055 -2000.0000000000
-647.7427158823 1040.0385631907 -295.6131553117
-765.3244285600 -1284.6363974456 -381.3442463689
-765.3244285600 -1284.6363974456 -2000.0000000000
-765.3244285600 -1284.6363974456 -2000.0000000000
-1466.4836718109 -1137.9856075341 467.2543971397
-1466.4836718109 -1137.9856075341 -2000.0000000000
-894.7453136833 38.1447075883 71.3130970093
-1826.5126511909 475.3273509197 -1563.8714303436
-1826.5126511909 475.3273509197 -2000.0000000000
-1826.5126511909 475.3273509197 -2000.0000000000
-172.9417566998 251.5123132290 -695.2247409620
-172.9417566998 251.5123132290 -2000.0000000000
-172.9417566998 251.5123132290 -2000.0000000000
-172.9417566998 251.5123132290 -2000.0000000000
1744.9989017311 -899.3696565854 1694.2467828324
1744.9989017311 -899.3696565854 -2000.0000000000
-1587.8114684531 -535.1971574811 -1811.5019524712
-1587.8114684531 -535.1971574811 -2000.0000000000
227.2421276396 642.4214430723 -235.1237442442
0.0214239481 -1025.4220615773 521.5626656576
0.0214239481 -1025.4220615773 -2000.0000000000
0.0214239481 -1025.4220615773 -2000.0000000000
-198.0504688913 -1088.8167995729 688.5299271180
-198.0504688913 -1088.8167995729 -2000.0000000000
-198.0504688913 -1088.8167995729 -2000.0000000000
-198.0504688913 -1088.8167995729 -2000.0000000000
-1323.9817358546 -414.3937671488 -333.7563640161
-1323.9817358546 -414.3937671488 -2000.0000000000
-1323.9817358546 -414.3937671488 -2000.0000000000
1218.7581539122 -735.2802931661 970.9619288325
1218.7581539122 -735.2802931661 -2000.0000000000
1218.7581539122 -735.2802931661 -2000.0000000000
-1524.6394578668 -738.3964290298 -1048.6030901087
-1524.6394578668 -738.3964290298 -2000.0000000000
-607.3962417206 1272.3491868188 -501.8738066131
-607.3962417206 1272.3491868188 -2000.0000000000
-607.3962417206 1272.3491868188 -2000.0000000000
-607.3962417206 1272.3491868188 -2000.0000000000
-607.3962417206 1272.3491868188 -2000.0000000000
-607.3962417206 1272.3491868188 -2000.0000000000
-1380.3619107352 -312.1583540792 612.4607372739
-1870.7487841893 1446.1863017266 -1202.3091352052
449.9964730108 727.6254061180 1138.2296436389
449.9964730108 727.6254061180 -2000.0000000000
1164.8614442600 454.1672468138 221.0369169085
1617.7948226198 -172.2722875479 500.1914245167
1617.7948226198 -172.2722875479 -2000.0000000000
1617.7948226198 -172.2722875479 -2000.0000000000
1617.7948226198 -172.2722875479 -2000.0000000000
1890.2607336112 1680.8185002383 168.8607808857
-919.9763897797 -454.1321035157 -653.1099951818
-919.9763897797 -454.1321035157 -2000.0000000000
-919.9763897797 -454.1321035157 -2000.0000000000
-919.9763897797 -454.1321035157 -2000.0000000000
-919.9763897797 -454.1321035157 -2000.0000000000
-919.9763897797 -454.1321035157 -2000.0000000000
-176.1330727156 1426.5633507615 663.9942301086
-176.1330727156 1426.5633507615 -2000.0000000000
-1090.8674852608 -681.8783906413 674.4992671044
-1090.8674852608 -681.8783906413 -2000.0000000000
-1090.8674852608 -681.8783906413 -2000.0000000000
-1090.8674852608 -681.8783906413 -2000.0000000000
-1090.8674852608 -681.8783906413 -2000.0000000000
-1090.8674852608 -681.8783906413 -2000.0000000000
1072.0820053260 195.0742330188 -1131.8854968979
1826.9787058833 -884.3813712797 563.5133297223
1826.9787058833 -884.3813712797 -2000.0000000000
1826.9787058833 -884.3813712797 -2000.0000000000
1826.9787058833 -884.3813712797 -2000.0000000000
1826.9787058833 -884.3813712797 -2000.0000000000
940.3669137223 1420.6266911265 1722.1378747912
-152.2349571827 704.1271740677 -1179.3959197733
-152.2349571827 704.1271740677 -2000.0000000000
-1008.4142052391 -810.0430859028 789.0484636966
-1008.4142052391 -810.0430859028 -2000.0000000000
644.4906421003 1508.5573911019 -715.7052769424
644.4906421003 1508.5573911019 -2000.0000000000
644.4906421003 1508.5573911019 -2000.0000000000
1268.3996221295 -948.7327505112 -455.5977226276
1268.3996221295 -948.7327505112 -2000.0000000000
1804.4049378427 -216.8846054087 1393.3968834796
1804.4049378427 -216.8846054087 -2000.0000000000
1804.4049378427 -216.8846054087 -2000.0000000000
1804.4049378427 -216.8846054087 -2000.0000000000
1804.4049378427 -216.8846054087 -2000.0000000000
1446.4364526012 -1000.5108268520 -647.9643317043
-845.3701584022 487.0842898587 -806.9539788109
-845.3701584022 487.0842898587 -2000.0000000000
-845.3701584022 487.0842898587 -2000.0000000000
-784.8515838620 733.1679746619 1311.1585367605
-1108.0084811037 -1622.6354209944 -322.7808604385
-1108.0084811037 -1622.6354209944 -2000.0000000000
-1108.0084811037 -1622.6354209944 -2000.0000000000
18.4247001470 -924.8891970247 -355.2411128557
18.4247001470 -924.8891970247 -2000.0000000000
18.4247001470 -924.8891970247 -2000.0000000000
-109.4566629400 -1062.7795196432 658.9476216987
-109.4566629400 -1062.7795196432 -2000.0000000000
-109.4566629400 -1062.7795196432 -2000.0000000000
-109.4566629400 -1062.7795196432 -2000.0000000000
-109.4566629400 -1062.7795196432 -2000.0000000000
-109.4566629400 -1062.7795196432 -2000.0000000000
-109.4566629400 -1062.7795196432 -2000.0000000000
-1418.1046811398 -1380.0505633609 135.1369477222
-1418.1046811398 -1380.0505633609 -2000.0000000000
-1418.1046811398 -1380.0505633609 -2000.0000000000
-1418.1046811398 -1380.0505633609 -2000.0000000000
-1418.1046811398 -1380.0505633609 -2000.0000000000
-1418.1046811398 -1380.0505633609 -2000.0000000000
309.2409595930 -256.6055418432 -483.6643159742
357.8113727343 1343.2835126694 418.7547170615
357.8113727343 1343.2835126694 -2000.0000000000
766.6201772935 -586.9115667497 1468.2272662507
766.6201772935 -586.9115667497 -2000.0000000000
719.9518759600 -1250.4844299126 -1242.9375713796
719.9518759600 -1250.4844299126 -2000.0000000000
1692.6156245071 -1495.7740146592 -225.1766432434
1692.6156245071 -1495.7740146592 -2000.0000000000
-294.3714673817 -92.2164612783 1730.2168212571
-294.3714673817 -92.2164612783 -2000.0000000000
-294.3714673817 -92.2164612783 -2000.0000000000
-512.0207654648 -1009.6813139131 -116.9996457113
1824.5544013070 1421.5612737349 1432.5919940153
1824.5544013070 1421.5612737349 -2000.0000000000
-1267.9487917987 1153.5729014897 509.1865764777
-1267.9487917987 1153.5729014897 -2000.0000000000
-1267.9487917987 1153.5729014897 -2000.0000000000
-1267.9487917987 1153.5729014897 -2000.0000000000
1257.9808571608 -968.5652972206 1785.0953828051
-432.5679499805 -180.2043342502 172.1754641859
1363.9018955516 78.9757203340 358.1313644585
1825.6060484325 1110.4125631892 -256.0890383608
1825.6060484325 1110.4125631892 -2000.0000000000
1825.6060484325 1110.4125631892 -2000.0000000000
571.7470203622 -1445.0642621761 901.2402137329
571.7470203622 -1445.0642621761 -2000.0000000000
571.7470203622 -1445.0642621761 -2000.0000000000
571.7470203622 -1445.0642621761 -2000.0000000000
-48.6864020773 988.8390246769 1286.6995936644
-48.6864020773 988.8390246769 -2000.0000000000
-48.6864020773 988.8390246769 -2000.0000000000
-48.6864020773 988.8390246769 -2000.0000000000
-48.6864020773 988.8390246769 -2000.0000000000
-786.6195856795 -1417.5267439445 1117.8600049622
-786.6195856795 -1417.5267439445 -2000.0000000000
-786.6195856795 -1417.5267439445 -2000.0000000000
-786.6195856795 -1417.5267439445 -2000.0000000000
729.9473886812 -934.1397171904 1546.7367423458
729.9473886812 -934.1397171904 -2000.0000000000
729.9473886812 -934.1397171904 -2000.0000000000
729.9473886812 -934.1397171904 -2000.0000000000
729.9473886812 -934.1397171904 -2000.0000000000
729.9473886812 -934.1397171904 -2000.0000000000
-360.0322744206 1398.2512337202 1913.1728282468
-360.0322744206 1398.2512337202 -2000.0000000000
1957.6475664344 1274.2458059206 -1031.4228392656
1957.6475664344 1274.2458059206 -2000.0000000000
1957.6475664344 1274.2458059206 -2000.0000000000
1957.6475664344 1274.2458059206 -2000.0000000000
1957.6475664344 1274.2458059206 -2000.0000000000
1957.6475664344 1274.2458059206 -2000.0000000000
-178.9059028021 -1795.5658817007 -71.7985526034
-178.9059028021 -1795.5658817007 -2000.0000000000
-178.9059028021 -1795.5658817007 -2000.0000000000
-178.9059028021 -1795.5658817007 -2000.0000000000
-178.9059028021 -1795.5658817007 -2000.0000000000
-178.9059028021 -1795.5658817007 -2000.0000000000
-178.9059028021 -1795.5658817007 -2000.0000000000
-178.9059028021 -1795.5658817007 -2000.0000000000
-178.9059028021 -1795.5658817007 -2000.0000000000
-178.9059028021 -1795.5658817007 -2000.0000000000
457.2657671361 1518.5952781418 -87.4093821913
457.2657671361 1518.5952781418 -2000.0000000000
457.2657671361 1518.5952781418 -2000.0000000000
907.1542167820 -366.7532908898 754.0997318781
593.5928907262 71.2990470035 -439.0901915070
593.5928907262 71.2990470035 -2000.0000000000
593.5928907262 71.2990470035 -2000.0000000000
593.5928907262 71.2990470035 -2000.0000000000
593.5928907262 71.2990470035 -2000.0000000000
-981.0008133641 -1984.5588506314 245.1735578770
-981.0008133641 -1984.5588506314 -2000.0000000000
-981.0008133641 -1984.5588506314 -2000.0000000000
-981.0008133641 -1984.5588506314 -2000.0000000000
-981.0008133641 -1984.5588506314 -2000.0000000000
-981.0008133641 -1984.5588506314 -2000.0000000000
-925.3021783265 -1547.8373238092 -1855.4619310671
-925.3021783265 -1547.8373238092 -2000.0000000000
-925.3021783265 -1547.8373238092 -2000.0000000000
-925.3021783265 -1547.8373238092 -2000.0000000000
-925.3021783265 -1547.8373238092 -2000.0000000000
-925.3021783265 -1547.8373238092 -2000.0000000000
1837.0606043221 1346.1910065775 38.3919979433
1837.0606043221 1346.1910065775 -2000.0000000000
1837.0606043221 1346.1910065775 -2000.0000000000
1837.0606043221 1346.1910065775 -2000.0000000000
-1225.8275099116 -1784.3025871348 641.6648855472
-1225.8275099116 -1784.3025871348 -2000.0000000000
-1225.8275099116 -1784.3025871348 -2000.0000000000
1812.3129759128 -1999.6604978905 -219.0537489251
1812.3129759128 -1999.6604978905 -2000.0000000000
-1329.2335035737 205.5249907153 1023.9983760183
-1329.2335035737 205.5249907153 -2000.0000000000
1041.4282309889 769.7837620366 -619.9173352201
1041.4282309889 769.7837620366 -2000.0000000000
-1327.3000358676 629.8763342172 -1747.1068550898
-1327.3000358676 629.8763342172 -2000.0000000000
-1327.3000358676 629.8763342172 -2000.0000000000
1222.5316249632 -1439.0043552025 958.7318554844
1222.5316249632 -1439.0043552025 -2000.0000000000
1222.5316249632 -1439.0043552025 -2000.0000000000
1222.5316249632 -1439.0043552025 -2000.0000000000
1222.5316249632 -1439.0043552025 -2000.0000000000
-904.0228126287 -312.4323142828 486.2359596429
-904.0228126287 -312.4323142828 -2000.0000000000
-904.0228126287 -312.4323142828 -2000.0000000000
-904.0228126287 -312.4323142828 -2000.0000000000
-904.0228126287 -312.4323142828 -2000.0000000000
-904.0228126287 -312.4323142828 -2000.0000000000
-904.0228126287 -312.4323142828 -2000.0000000000
-904.0228126287 -312.4323142828 -2000.0000000000
-904.0228126287 -312.4323142828 -2000.0000000000
-904.0228126287 -312.4323142828 -2000.0000000000
-904.0228126287 -312.4323142828 -2000.0000000000
-904.0228126287 -312.4323142828 -2000.0000000000
-904.0228126287 -312.4323142828 -2000.0000000000
-904.0228126287 -312.4323142828 -2000.0000000000
-686.4393279383 345.8995109646 1142.5780585978
1541.5840703667 -1446.7529312140 -111.3416149822
-1614.2070110092 1530.8546295871 1934.7702083486
-1614.2070110092 1530.8546295871 -2000.0000000000
-1614.2070110092 1530.8546295871 -2000.0000000000
597.2800822986 -1355.8538850035 -793.4325735339
-1760.3808094114 -1542.7869068472 -1059.1614244288
-532.8842576050 -1863.5779082762 -1975.0165295583
-1115.3549323776 1444.0380771275 797.1413499515
-1115.3549323776 1444.0380771275 -2000.0000000000
771.2914451137 1297.5468390529 -881.1961024909
128.2351749133 -694.5813886588 -1220.5392265050
-1615.5258534129 -753.5533513596 -911.6516049888
1261.0532804035 982.5784520024 688.1049350054
1261.0532804035 982.5784520024 -2000.0000000000
1261.0532804035 982.5784520024 -2000.0000000000
1261.0532804035 982.5784520024 -2000.0000000000
-1909.5120680189 1245.3440143831 -831.2761890594
-1909.5120680189 1245.3440143831 -2000.0000000000
-1909.5120680189 1245.3440143831 -2000.0000000000
-1909.5120680189 1245.3440143831 -2000.0000000000
847.4238559931 -781.0651515549 1301.2020045351
815.4253232090 662.9829421510 1256.7945997865
694.5709310849 -725.4610268459 909.4394485280
394.1726985687 590.2931638139 -181.4524570734
394.1726985687 590.2931638139 -2000.0000000000
-908.5573228526 -286.8840906424 1052.4133364722
-1433.1873140904 1525.6519457731 -151.1279296776
-1202.3876609029 1720.1718676007 -1512.6068607230
-1129.4537153815 1841.3905319792 -800.3281057663
-1766.0399844772 462.9482987444 859.7790926315
-25.9762432722 684.3494239769 -665.7053103574
-25.9762432722 684.3494239769 -2000.0000000000
216.1296105318 -174.7815693734 702.5308301263
755.5101132309 -1607.9620734274 1304.2640301155
755.5101132309 -1607.9620734274 -2000.0000000000
755.5101132309 -1607.9620734274 -2000.0000000000
1155.5027773030 467.5765673256 1239.7628076711
1155.5027773030 467.5765673256 -2000.0000000000
-306.9641891521 -812.1515260403 484.8645582180
-306.9641891521 -812.1515260403 -2000.0000000000
490.9037462937 -1079.3133487872 -143.1072135549
-805.1385629563 1485.9454484237 1774.5566757473
-805.1385629563 1485.9454484237 -2000.0000000000
-1640.4297214823 -799.6061676117 -1539.7654357413
-1640.4297214823 -799.6061676117 -2000.0000000000
-1640.4297214823 -799.6061676117 -2000.0000000000
-1640.4297214823 -799.6061676117 -2000.0000000000
-1640.4297214823 -799.6061676117 -2000.0000000000
-1640.4297214823 -799.6061676117 -2000.0000000000
-1640.4297214823 -799.6061676117 -2000.0000000000
-302.4657543466 508.7622885732 -16.0901079269
-302.4657543466 508.7622885732 -2000.0000000000
-302.4657543466 508.7622885732 -2000.0000000000
-302.4657543466 508.7622885732 -2000.0000000000
-302.4657543466 508.7622885732 -2000.0000000000
-302.4657543466 508.7622885732 -2000.0000000000
-1529.4229820886 791.0446280686 -293.0038023375
-1529.4229820886 791.0446280686 -2000.0000000000
1368.3750420314 120.4856419797 -1392.1125258884
1368.3750420314 120.4856419797 -2000.0000000000
1278.2834870601 -1155.7290540239 1920.8037889754
1278.2834870601 -1155.7290540239 -2000.0000000000
1278.2834870601 -1155.7290540239 -2000.0000000000
1600.3046187236 -624.1904680144 -705.6681336371
1600.3046187236 -624.1904680144 -2000.0000000000
1600.3046187236 -624.1904680144 -2000.0000000000
1097.7295013342 -1420.0572834468 219.5961739776
1717.2933372972 -431.0539859909 1325.0585771359
1717.2933372972 -431.0539859909 -2000.0000000000
1717.2933372972 -431.0539859909 -2000.0000000000
1717.2933372972 -431.0539859909 -2000.0000000000
-1052.2355848179 -347.3398213915 -1751.3912717001
-1052.2355848179 -347.3398213915 -2000.0000000000
-1052.2355848179 -347.3398213915 -2000.0000000000
-1623.1831997681 1841.4030741977 778.7944920353
-1623.1831997681 1841.4030741977 -2000.0000000000
-1623.1831997681 1841.4030741977 -2000.0000000000
-1623.1831997681 1841.4030741977 -2000.0000000000
-1623.1831997681 1841.4030741977 -2000.0000000000
-1623.1831997681 1841.4030741977 -2000.0000000000
-1623.1831997681 1841.4030741977 -2000.0000000000
-1623.1831997681 1841.4030741977 -2000.0000000000
-1623.1831997681 1841.4030741977 -2000.0000000000
-1623.1831997681 1841.4030741977 -2000.0000000000
-437.0108307712 1380.4883142267 -1880.9228467680
-437.0108307712 1380.4883142267 -2000.0000000000
-1579.2117850374 -975.1570025132 1910.3524495679
-401.7072129236 578.2056150993 1698.2952687886
-401.7072129236 578.2056150993 -2000.0000000000
-401.7072129236 578.2056150993 -2000.0000000000
-401.7072129236 578.2056150993 -2000.0000000000
-401.7072129236 578.2056150993 -2000.0000000000
-401.7072129236 578.2056150993 -2000.0000000000
-401.7072129236 578.2056150993 -2000.0000000000
-401.7072129236 578.2056150993 -2000.0000000000
-401.7072129236 578.2056150993 -2000.0000000000
1546.9413480356 -1708.1463266634 861.8968266329
-1667.1237035178 -1086.4292592821 1095.9518660638
-1667.1237035178 -1086.4292592821 -2000.0000000000
-1667.1237035178 -1086.4292592821 -2000.0000000000
-1448.2936673733 1185.6828622883 -1877.2303859554
-1448.2936673733 1185.6828622883 -2000.0000000000
897.7752838587 -828.9598131758 1948.0713082275
897.7752838587 -828.9598131758 -2000.0000000000
897.7752838587 -828.9598131758 -2000.0000000000
897.7752838587 -828.9598131758 -2000.0000000000
897.7752838587 -828.9598131758 -2000.0000000000
-1465.8556493039 831.0231159482 1512.3018750424
-1465.8556493039 831.0231159482 -2000.0000000000
-1465.8556493039 831.0231159482 -2000.0000000000
-1465.8556493039 831.0231159482 -2000.0000000000
177.1606694384 -991.1587676378 390.5274781782
177.1606694384 -991.1587676378 -2000.0000000000
-877.8530394997 -1038.7491151084 1301.2427038356
-877.8530394997 -1038.7491151084 -2000.0000000000
-1160.6126598034 1158.5660304416 625.7294251335
492.3694466855 911.0460208087 760.7870543009
-1048.0569387463 127.0225038473 -156.9681095387
-1048.0569387463 127.0225038473 -2000.0000000000
-1635.7921869609 1353.3915761366 -1320.5651642240
1811.2702681006 -1670.9726971557 762.9630516634
-1560.3356435136 229.7973709550 -1334.0325430216
-1560.3356435136 229.7973709550 -2000.0000000000
-1560.3356435136 229.7973709550 -2000.0000000000
-1560.3356435136 229.7973709550 -2000.0000000000
-1560.3356435136 229.7973709550 -2000.0000000000
-1560.3356435136 229.7973709550 -2000.0000000000
542.5388920835 -39.5739743181 -678.9062380047
542.5388920835 -39.5739743181 -2000.0000000000
542.5388920835 -39.5739743181 -2000.0000000000
542.5388920835 -39.5739743181 -2000.0000000000
542.5388920835 -39.5739743181 -2000.0000000000
542.5388920835 -39.5739743181 -2000.0000000000
542.5388920835 -39.5739743181 -2000.0000000000
542.5388920835 -39.5739743181 -2000.0000000000
542.5388920835 -39.5739743181 -2000.0000000000
542.5388920835 -39.5739743181 -2000.0000000000
542.5388920835 -39.5739743181 -2000.0000000000
542.5388920835 -39.5739743181 -2000.0000000000
698.2143565349 1633.7987196539 1223.8321463771
1858.8179345621 -450.1845144029 605.6133126193
-1834.9494432829 995.2660078250 -937.4879522099
-1834.9494432829 995.2660078250 -2000.0000000000
-1834.9494432829 995.2660078250 -2000.0000000000
-473.1066890367 -1303.5525138307 1110.3130508113
103.0112560769 907.3677782865 1313.9324802275
-353.5777868197 1722.8025498585 380.1440719321
-353.5777868197 1722.8025498585 -2000.0000000000
-353.5777868197 1722.8025498585 -2000.0000000000
-353.5777868197 1722.8025498585 -2000.0000000000
-353.5777868197 1722.8025498585 -2000.0000000000
-353.5777868197 1722.8025498585 -2000.0000000000
1000.2629302923 1068.6195347938 -541.8576900119
1000.2629302923 1068.6195347938 -2000.0000000000
1000.2629302923 1068.6195347938 -2000.0000000000
1000.2629302923 1068.6195347938 -2000.0000000000
1000.2629302923 1068.6195347938 -2000.0000000000
1000.2629302923 1068.6195347938 -2000.0000000000
1000.2629302923 1068.6195347938 -2000.0000000000
687.2417230274 -1389.1029874854 564.4467966612
687.2417230274 -1389.1029874854 -2000.0000000000
687.2417230274 -1389.1029874854 -2000.0000000000
1894.0671347245 302.6701068134 1854.3890032515
1894.0671347245 302.6701068134 -2000.0000000000
12.0092241441 898.9050490253 -478.2458066291
12.0092241441 898.9050490253 -2000.0000000000
12.0092241441 898.9050490253 -2000.0000000000
12.0092241441 898.9050490253 -2000.0000000000
12.0092241441 898.9050490253 -2000.0000000000
12.0092241441 898.9050490253 -2000.0000000000
-1968.1119625726 1982.3707319642 -1285.4352882162
-1968.1119625726 1982.3707319642 -2000.0000000000
-1546.3132384810 587.5677131251 -1347.0809456215
-1546.3132384810 587.5677131251 -2000.0000000000
1045.5902167680 -1918.0335547182 -1497.2949812509
1045.5902167680 -1918.0335547182 -2000.0000000000
1045.5902167680 -1918.0335547182 -2000.0000000000
1045.5902167680 -1918.0335547182 -2000.0000000000
730.3752049563 1439.8351997181 -1205.4500614444
660.2475994951 265.8891504284 1723.4109351012
660.2475994951 265.8891504284 -2000.0000000000
660.2475994951 265.8891504284 -2000.0000000000
660.2475994951 265.8891504284 -2000.0000000000
660.2475994951 265.8891504284 -2000.0000000000
660.2475994951 265.8891504284 -2000.0000000000
660.2475994951 265.8891504284 -2000.0000000000
1343.9403079016 159.6864381422 1612.0240343522
1343.9403079016 159.6864381422 -2000.0000000000
-600.5000177904 1531.6923579206 -1269.9758722036
-600.5000177904 1531.6923579206 -2000.0000000000
1454.9491465996 1648.0639505362 1786.0777778956
1454.9491465996 1648.0639505362 -2000.0000000000
1454.9491465996 1648.0639505362 -2000.0000000000
1454.9491465996 1648.0639505362 -2000.0000000000
1454.9491465996 1648.0639505362 -2000.0000000000
1454.9491465996 1648.0639505362 -2000.0000000000
-1498.6308950516 344.2668124483 168.6663539739
-1498.6308950516 344.2668124483 -2000.0000000000
662.3797969336 -1284.4593192343 962.4620295601
662.3797969336 -1284.4593192343 -2000.0000000000
-1244.1645056430 1258.9147587275 -1959.9605223845
-952.5374440229 254.1372690083 -254.4720159460
-952.5374440229 254.1372690083 -2000.0000000000
-952.5374440229 254.1372690083 -2000.0000000000
1458.2100983386 -1178.2902498954 -1281.1488093944
812.2601211166 1470.3711876939 1445.7169141203
812.2601211166 1470.3711876939 -2000.0000000000
-1661.6287405480 -626.8496241162 -1944.2859284424
-1661.6287405480 -626.8496241162 -2000.0000000000
-1661.6287405480 -626.8496241162 -2000.0000000000
-1661.6287405480 -626.8496241162 -2000.0000000000
1675.0115018937 -1150.2718903453 -1782.7643885807
1675.0115018937 -1150.2718903453 -2000.0000000000
1675.0115018937 -1150.2718903453 -2000.0000000000
1675.0115018937 -1150.2718903453 -2000.0000000000
561.7774283690 31.1913345926 1460.6842253834
561.7774283690 31.1913345926 -2000.0000000000
561.7774283690 31.1913345926 -2000.0000000000
561.7774283690 31.1913345926 -2000.0000000000
-845.1911147594 1739.0734037021 979.7930109552
-845.1911147594 1739.0734037021 -2000.0000000000
1228.8487690029 508.8122039667 -768.2066280025
1228.8487690029 508.8122039667 -2000.0000000000
1228.8487690029 508.8122039667 -2000.0000000000
-1401.0491490002 -250.9415035316 1518.0171902201
-1401.0491490002 -250.9415035316 -2000.0000000000
11.6027659828 1414.9164406647 1010.8596786992
-1175.3506776580 410.5509144191 1025.1059689649
-571.5835501902 1559.0193366170 1326.3131218421
-571.5835501902 1559.0193366170 -2000.0000000000
1180.1280937882 182.7092411358 1817.9363909101
1180.1280937882 182.7092411358 -2000.0000000000
1180.1280937882 182.7092411358 -2000.0000000000
1180.1280937882 182.7092411358 -2000.0000000000
1180.1280937882 182.7092411358 -2000.0000000000
1180.1280937882 182.7092411358 -2000.0000000000
1180.1280937882 182.7092411358 -2000.0000000000
1180.1280937882 182.7092411358 -2000.0000000000
1180.1280937882 182.7092411358 -2000.0000000000
-466.6674641368 -1373.7387601811 1935.8076781556
1985.9664487359 1550.3905797226 669.1408153498
848.8907793336 309.3754079633 111.4970162867
339.2994197611 -836.5009573382 780.9418572806
339.2994197611 -836.5009573382 -2000.0000000000
339.2994197611 -836.5009573382 -2000.0000000000
339.2994197611 -836.5009573382 -2000.0000000000
339.2994197611 -836.5009573382 -2000.0000000000
339.2994197611 -836.5009573382 -2000.0000000000
339.2994197611 -836.5009573382 -2000.0000000000
339.2994197611 -836.5009573382 -2000.0000000000
339.2994197611 -836.5009573382 -2000.0000000000
339.2994197611 -836.5009573382 -2000.0000000000
339.2994197611 -836.5009573382 -2000.0000000000
-683.2928964589 -1176.5220753765 -493.7774396020
-683.2928964589 -1176.5220753765 -2000.0000000000
-683.2928964589 -1176.5220753765 -2000.0000000000
-683.2928964589 -1176.5220753765 -2000.0000000000
-683.2928964589 -1176.5220753765 -2000.0000000000
-683.2928964589 -1176.5220753765 -2000.0000000000
-996.7368879979 1230.6969592791 789.4620219290
-1366.2995082401 -1266.3326323721 -0.7113375686
-1879.0191897614 -1990.7574721584 1896.3609398769
-1879.0191897614 -1990.7574721584 -2000.0000000000
-1879.0191897614 -1990.7574721584 -2000.0000000000
-1879.0191897614 -1990.7574721584 -2000.0000000000
-1879.0191897614 -1990.7574721584 -2000.0000000000
-1879.0191897614 -1990.7574721584 -2000.0000000000
1618.7394884332 -720.0972439008 -1109.4731954875
1618.7394884332 -720.0972439008 -2000.0000000000
1618.7394884332 -720.0972439008 -2000.0000000000
1618.7394884332 -720.0972439008 -2000.0000000000
1618.7394884332 -720.0972439008 -2000.0000000000
146.4000575638 99.1769443471 -1502.6537018281
146.4000575638 99.1769443471 -2000.0000000000
-10.6350788277 -1976.7485655222 -796.5402526165
-10.6350788277 -1976.7485655222 -2000.0000000000
-10.6350788277 -1976.7485655222 -2000.0000000000
-10.6350788277 -1976.7485655222 -2000.0000000000
894.9983946617 -1554.5668363381 -612.7628445609
-1587.7374846428 425.7226491940 1549.1908077272
1520.9647762613 -1423.9892993818 -98.7147826408
-291.7751203341 940.6245403819 -104.5831144710
-1300.2553705881 -244.2189333119 423.3398494524
-1300.2553705881 -244.2189333119 -2000.0000000000
-1010.0090437175 1549.1252103837 1744.2040398721
-1010.0090437175 1549.1252103837 -2000.0000000000
-1010.0090437175 1549.1252103837 -2000.0000000000
-1010.0090437175 1549.1252103837 -2000.0000000000
-1010.0090437175 1549.1252103837 -2000.0000000000
-1010.0090437175 1549.1252103837 -2000.0000000000
-1010.0090437175 1549.1252103837 -2000.0000000000
-1010.0090437175 1549.1252103837 -2000.0000000000
-1010.0090437175 1549.1252103837 -2000.0000000000
-1010.0090437175 1549.1252103837 -2000.0000000000
-1010.0090437175 1549.1252103837 -2000.0000000000
-1010.0090437175 1549.1252103837 -2000.0000000000
-1010.0090437175 1549.1252103837 -2000.0000000000
-1010.0090437175 1549.1252103837 -2000.0000000000
905.3974619565 -1971.0112383703 -1925.5079322581
905.3974619565 -1971.0112383703 -2000.0000000000
905.3974619565 -1971.0112383703 -2000.0000000000
905.3974619565 -1971.0112383703 -2000.0000000000
905.3974619565 -1971.0112383703 -2000.0000000000
867.4267926285 -1450.3671067698 956.1054075355
867.4267926285 -1450.3671067698 -2000.0000000000
867.4267926285 -1450.3671067698 -2000.0000000000
867.4267926285 -1450.3671067698 -2000.0000000000
867.4267926285 -1450.3671067698 -2000.0000000000
867.4267926285 -1450.3671067698 -2000.0000000000
867.4267926285 -1450.3671067698 -2000.0000000000
867.4267926285 -1450.3671067698 -2000.0000000000
867.4267926285 -1450.3671067698 -2000.0000000000
867.4267926285 -1450.3671067698 -2000.0000000000
867.4267926285 -1450.3671067698 -2000.0000000000
1702.9333514364 -242.5323976849 1214.3491065543
1702.9333514364 -242.5323976849 -2000.0000000000
1702.9333514364 -242.5323976849 -2000.0000000000
1702.9333514364 -242.5323976849 -2000.0000000000
1702.9333514364 -242.5323976849 -2000.0000000000
1702.9333514364 -242.5323976849 -2000.0000000000
1702.9333514364 -242.5323976849 -2000.0000000000
1702.9333514364 -242.5323976849 -2000.0000000000
-425.0597746141 -252.0958695219 265.9543546980
-425.0597746141 -252.0958695219 -2000.0000000000
-425.0597746141 -252.0958695219 -2000.0000000000
-425.0597746141 -252.0958695219 -2000.0000000000
-425.0597746141 -252.0958695219 -2000.0000000000
-425.0597746141 -252.0958695219 -2000.0000000000
-425.0597746141 -252.0958695219 -2000.0000000000
-425.0597746141 -252.0958695219 -2000.0000000000
1833.0365620440 192.2354947995 1578.6681710949
-1028.4949896473 -1400.6109692942 -1578.3230738686
-1028.4949896473 -1400.6109692942 -2000.0000000000
-1028.4949896473 -1400.6109692942 -2000.0000000000
-1619.3070171982 1936.9260205078 642.0426358746
-1619.3070171982 1936.9260205078 -2000.0000000000
-1619.3070171982 1936.9260205078 -2000.0000000000
-1619.3070171982 1936.9260205078 -2000.0000000000
1164.6876871872 -385.3109460754 -267.0160945256
1164.6876871872 -385.3109460754 -2000.0000000000
915.0829336090 421.0673149364 -1409.7820721336
915.0829336090 421.0673149364 -2000.0000000000
915.0829336090 421.0673149364 -2000.0000000000
1250.9064311536 1850.5948638446 -1090.9090844433
9.9538463554 1972.6097252968 -1446.1652976641
9.9538463554 1972.6097252968 -2000.0000000000
9.9538463554 1972.6097252968 -2000.0000000000
9.9538463554 1972.6097252968 -2000.0000000000
9.9538463554 1972.6097252968 -2000.0000000000
1950.3554525722 -1579.2365533925 1301.8281631546
-1052.4085419410 42.2804265056 1641.1269601852
1513.7682983086 -1775.4503974848 -1650.9843715295
1513.7682983086 -1775.4503974848 -2000.0000000000
678.3511063849 1787.1481150685 -541.0772333948
678.3511063849 1787.1481150685 -2000.0000000000
678.3511063849 1787.1481150685 -2000.0000000000
678.3511063849 1787.1481150685 -2000.0000000000
678.3511063849 1787.1481150685 -2000.0000000000
678.3511063849 1787.1481150685 -2000.0000000000
-323.2469835544 -656.0561892537 1415.7580809602
-669.0178770489 -214.6554679309 -826.7699793737
-1590.6325444704 -1357.4101853480 -57.2278269534
-1590.6325444704 -1357.4101853480 -2000.0000000000
1820.6475337971 1403.1200890345 738.2795494166
1820.6475337971 1403.1200890345 -2000.0000000000
1820.6475337971 1403.1200890345 -2000.0000000000
1820.6475337971 1403.1200890345 -2000.0000000000
17.4656904828 1178.5611238560 -675.2800212855
997.2542403571 -919.4124652171 1439.4675688063
997.2542403571 -919.4124652171 -2000.0000000000
997.2542403571 -919.4124652171 -2000.0000000000
997.2542403571 -919.4124652171 -2000.0000000000
997.2542403571 -919.4124652171 -2000.0000000000
997.2542403571 -919.4124652171 -2000.0000000000
997.2542403571 -919.4124652171 -2000.0000000000
997.2542403571 -919.4124652171 -2000.0000000000
-281.8748115665 548.9397563330 809.0523158233
-281.8748115665 548.9397563330 -2000.0000000000
-281.8748115665 548.9397563330 -2000.0000000000
-281.8748115665 548.9397563330 -2000.0000000000
-281.8748115665 548.9397563330 -2000.0000000000
-1824.7570785541 1894.8345502646 -1502.8889432756
-1824.7570785541 1894.8345502646 -2000.0000000000
-93.7087992979 1543.2018519209 -1901.6269795017
-642.3914600642 1970.7976678078 1787.3937221473
1020.7712453202 -1477.4519462758 1105.8693143645
1020.7712453202 -1477.4519462758 -2000.0000000000
1020.7712453202 -1477.4519462758 -2000.0000000000
-859.3199156621 -228.5115944856 362.2610083623
-859.3199156621 -228.5115944856 -2000.0000000000
-1981.7140572022 -334.8780145524 1820.7986304505
-1981.7140572022 -334.8780145524 -2000.0000000000
-1981.7140572022 -334.8780145524 -2000.0000000000
-1981.7140572022 -334.8780145524 -2000.0000000000
-1981.7140572022 -334.8780145524 -2000.0000000000
-1981.7140572022 -334.8780145524 -2000.0000000000
-1981.7140572022 -334.8780145524 -2000.0000000000
-1981.7140572022 -334.8780145524 -2000.0000000000
-1981.7140572022 -334.8780145524 -2000.0000000000
-1981.7140572022 -334.8780145524 -2000.0000000000
-1981.7140572022 -334.8780145524 -2000.0000000000
-1981.7140572022 -334.8780145524 -2000.0000000000
-1751.1290637754 1727.6954722374 139.7962297075
-1751.1290637754 1727.6954722374 -2000.0000000000
-118.0159116634 1819.5290519958 -1264.1741661279
-118.0159116634 1819.5290519958 -2000.0000000000
-118.0159116634 1819.5290519958 -2000.0000000000
-118.0159116634 1819.5290519958 -2000.0000000000
-118.0159116634 1819.5290519958 -2000.0000000000
-118.0159116634 1819.5290519958 -2000.0000000000
-118.0159116634 1819.5290519958 -2000.0000000000
255.4317271786 522.6225886197 534.1010410132
1439.3892580086 1741.8300031568 640.3545887077
1439.3892580086 1741.8300031568 -2000.0000000000
-1948.7217369070 -1382.1254152834 -1256.0019423379
-1519.9668267750 -660.0636084111 1348.1891705968
-1519.9668267750 -660.0636084111 -2000.0000000000
1343.6160430471 -894.3390918396 592.5605608880
1343.6160430471 -894.3390918396 -2000.0000000000
1343.6160430471 -894.3390918396 -2000.0000000000
1343.6160430471 -894.3390918396 -2000.0000000000
1343.6160430471 -894.3390918396 -2000.0000000000
1343.6160430471 -894.3390918396 -2000.0000000000
1343.6160430471 -894.3390918396 -2000.0000000000
1343.6160430471 -894.3390918396 -2000.0000000000
1343.6160430471 -894.3390918396 -2000.0000000000
1343.6160430471 -894.3390918396 -2000.0000000000
1343.6160430471 -894.3390918396 -2000.0000000000
1343.6160430471 -894.3390918396 -2000.0000000000
1343.6160430471 -894.3390918396 -2000.0000000000
1343.6160430471 -894.3390918396 -2000.0000000000
1343.6160430471 -894.3390918396 -2000.0000000000
1343.6160430471 -894.3390918396 -2000.0000000000
-147.5019444843 -581.6276590449 1023.3357913153
-147.5019444843 -581.6276590449 -2000.0000000000
-147.5019444843 -581.6276590449 -2000.0000000000
-147.5019444843 -581.6276590449 -2000.0000000000
-342.8028422980 -1058.1606960845 722.9675833564
-342.8028422980 -1058.1606960845 -2000.0000000000
-342.8028422980 -1058.1606960845 -2000.0000000000
-342.8028422980 -1058.1606960845 -2000.0000000000
-342.8028422980 -1058.1606960845 -2000.0000000000
-342.8028422980 -1058.1606960845 -2000.0000000000
-342.8028422980 -1058.1606960845 -2000.0000000000
-342.8028422980 -1058.1606960845 -2000.0000000000
-342.8028422980 -1058.1606960845 -2000.0000000000
-342.8028422980 -1058.1606960845 -2000.0000000000
1372.9031731890 -352.2093175373 -1986.4180151163
1372.9031731890 -352.2093175373 -2000.0000000000
-1246.8731886204 895.2460014612 -1995.1630742332
-1246.8731886204 895.2460014612 -2000.0000000000
-1435.1155802690 -650.0711315215 948.2830734245
-1435.1155802690 -650.0711315215 -2000.0000000000
-1435.1155802690 -650.0711315215 -2000.0000000000
1252.5057527189 97.9440283996 -1532.6613581428
1252.5057527189 97.9440283996 -2000.0000000000
-1498.8771705783 579.8660226485 -1176.2702515303
-1498.8771705783 579.8660226485 -2000.0000000000
-1498.8771705783 579.8660226485 -2000.0000000000
-1498.8771705783 579.8660226485 -2000.0000000000
-1498.8771705783 579.8660226485 -2000.0000000000
-1498.8771705783 579.8660226485 -2000.0000000000
-1498.8771705783 579.8660226485 -2000.0000000000
-1498.8771705783 579.8660226485 -2000.0000000000
-772.7100331493 -367.1863834571 -1374.3809351228
-772.7100331493 -367.1863834571 -2000.0000000000
-772.7100331493 -367.1863834571 -2000.0000000000
-772.7100331493 -367.1863834571 -2000.0000000000
-772.7100331493 -367.1863834571 -2000.0000000000
-11.2371351728 -1929.4825014919 243.3675790049
-11.2371351728 -1929.4825014919 -2000.0000000000
-11.2371351728 -1929.4825014919 -2000.0000000000
-11.2371351728 -1929.4825014919 -2000.0000000000
-11.2371351728 -1929.4825014919 -2000.0000000000
-11.2371351728 -1929.4825014919 -2000.0000000000
-773.0317694099 -410.4207247659 -697.3501861876
1650.8321185413 -1390.4871486191 1384.3689759717
1650.8321185413 -1390.4871486191 -2000.0000000000
1650.8321185413 -1390.4871486191 -2000.0000000000
-57.3730944850 723.3871759558 -1081.7039928939
-57.3730944850 723.3871759558 -2000.0000000000
-57.3730944850 723.3871759558 -2000.0000000000
-57.3730944850 723.3871759558 -2000.0000000000
920.6190624096 -448.9901067074 1574.9513748790
920.6190624096 -448.9901067074 -2000.0000000000
920.6190624096 -448.9901067074 -2000.0000000000
851.0253509204 -1008.0398119964 1573.2603224772
851.0253509204 -1008.0398119964 -2000.0000000000
319.8357486200 1603.6381699152 -977.6323458143
319.8357486200 1603.6381699152 -2000.0000000000
319.8357486200 1603.6381699152 -2000.0000000000
26.2818533363 1677.3500071954 500.8688272570
1719.4472099358 -1461.8665232454 521.4014626851
-470.9980816602 864.1286596751 -88.5357464181
-470.9980816602 864.1286596751 -2000.0000000000
-470.9980816602 864.1286596751 -2000.0000000000
-1125.6035374575 -1374.7655906371 -1341.6162347607
-1317.9261455716 1369.4000237472 1358.8550897601
-1403.2743881183 1208.2694998451 -1530.3771133039
-1403.2743881183 1208.2694998451 -2000.0000000000
-1294.5913358735 -957.9935270950 1881.0866552452
-1904.1608527855 -924.3913809566 1325.7617161968
-1904.1608527855 -924.3913809566 -2000.0000000000
-1904.1608527855 -924.3913809566 -2000.0000000000
-1904.1608527855 -924.3913809566 -2000.0000000000
-1904.1608527855 -924.3913809566 -2000.0000000000
-1904.1608527855 -924.3913809566 -2000.0000000000
-1904.1608527855 -924.3913809566 -2000.0000000000
-1904.1608527855 -924.3913809566 -2000.0000000000
-1904.1608527855 -924.3913809566 -2000.0000000000
-1904.1608527855 -924.3913809566 -2000.0000000000
-1904.1608527855 -924.3913809566 -2000.0000000000
-1904.1608527855 -924.3913809566 -2000.0000000000
-561.4184463378 721.1022931691 1231.3318856956
-561.4184463378 721.1022931691 -2000.0000000000
-561.4184463378 721.1022931691 -2000.0000000000
349.8577452456 561.2339550509 521.1749689603
349.8577452456 561.2339550509 -2000.0000000000
349.8577452456 561.2339550509 -2000.0000000000
349.8577452456 561.2339550509 -2000.0000000000
349.8577452456 561.2339550509 -2000.0000000000
349.8577452456 561.2339550509 -2000.0000000000
349.8577452456 561.2339550509 -2000.0000000000
1428.2013693206 -1267.5423679587 -642.9789425563
-338.4939152852 827.6882549536 -905.7754683882
-338.4939152852 827.6882549536 -2000.0000000000
-338.4939152852 827.6882549536 -2000.0000000000
-338.4939152852 827.6882549536 -2000.0000000000
-338.4939152852 827.6882549536 -2000.0000000000
-476.5331663960 -777.1097066954 -1258.5183188473
-476.5331663960 -777.1097066954 -2000.0000000000
-476.5331663960 -777.1097066954 -2000.0000000000
-476.5331663960 -777.1097066954 -2000.0000000000
-476.5331663960 -777.1097066954 -2000.0000000000
-476.5331663960 -777.1097066954 -2000.0000000000
-476.5331663960 -777.1097066954 -2000.0000000000
1960.4767659909 1538.4915010987 63.5835169170
-574.7394414024 639.0419940829 -1711.5136585796
-574.7394414024 639.0419940829 -2000.0000000000
-574.7394414024 639.0419940829 -2000.0000000000
-574.7394414024 639.0419940829 -2000.0000000000
-1509.2860188761 -1121.2008186736 1056.9055339895
-1080.3183321678 66.3764124076 -1792.7598508615
-1080.3183321678 66.3764124076 -2000.0000000000
-1080.3183321678 66.3764124076 -2000.0000000000
-1080.3183321678 66.3764124076 -2000.0000000000
-1080.3183321678 66.3764124076 -2000.0000000000
-607.4882976335 -1171.1405528004 1952.9364247494
-607.4882976335 -1171.1405528004 -2000.0000000000
-607.4882976335 -1171.1405528004 -2000.0000000000
-607.4882976335 -1171.1405528004 -2000.0000000000
-607.4882976335 -1171.1405528004 -2000.0000000000
-607.4882976335 -1171.1405528004 -2000.0000000000
179.3365053723 -1033.5097980127 -1652.9168361751
-1536.1135687144 -418.8695358552 -838.1297829694
-1196.3348622254 -352.5028744208 1780.8919002989
-1196.3348622254 -352.5028744208 -2000.0000000000
-1196.3348622254 -352.5028744208 -2000.0000000000
-1444.8401556560 1035.7220076972 -14.7882132305
-1444.8401556560 1035.7220076972 -2000.0000000000
-1444.8401556560 1035.7220076972 -2000.0000000000
-1444.8401556560 1035.7220076972 -2000.0000000000
-1444.8401556560 1035.7220076972 -2000.0000000000
-1444.8401556560 1035.7220076972 -2000.0000000000
-1784.8704969118 -855.4163279079 914.7859039332
1410.8331024773 -899.3848846675 -450.9325130271
727.5231814823 -140.0663894554 -791.8251803404
727.5231814823 -140.0663894554 -2000.0000000000
727.5231814823 -140.0663894554 -2000.0000000000
727.5231814823 -140.0663894554 -2000.0000000000
727.5231814823 -140.0663894554 -2000.0000000000
727.5231814823 -140.0663894554 -2000.0000000000
1023.3098484391 70.0751509729 35.2067412129
1023.3098484391 70.0751509729 -2000.0000000000
1023.3098484391 70.0751509729 -2000.0000000000
1023.3098484391 70.0751509729 -2000.0000000000
1023.3098484391 70.0751509729 -2000.0000000000
-1026.8953677204 451.4685970712 -1205.8227009435
-1026.8953677204 451.4685970712 -2000.0000000000
-459.0955719141 1703.1395968499 627.0118903633
-459.0955719141 1703.1395968499 -2000.0000000000
1368.6963606355 1718.1628195478 -1224.0510254268
1368.6963606355 1718.1628195478 -2000.0000000000
1368.6963606355 1718.1628195478 -2000.0000000000
1693.0975882865 699.1841945589 -1452.0884878616
1693.0975882865 699.1841945589 -2000.0000000000
1693.0975882865 699.1841945589 -2000.0000000000
-522.0185576812 1363.9300684973 -1727.9009867188
-522.0185576812 1363.9300684973 -2000.0000000000
-522.0185576812 1363.9300684973 -2000.0000000000
-1659.8421263569 -494.5353685416 1287.1489561731
-1659.8421263569 -494.5353685416 -2000.0000000000
-1659.8421263569 -494.5353685416 -2000.0000000000
1146.4879506198 -18.5727274333 892.7464702446
1146.4879506198 -18.5727274333 -2000.0000000000
1146.4879506198 -18.5727274333 -2000.0000000000
1146.4879506198 -18.5727274333 -2000.0000000000
1146.4879506198 -18.5727274333 -2000.0000000000
1146.4879506198 -18.5727274333 -2000.0000000000
1146.4879506198 -18.5727274333 -2000.0000000000
1146.4879506198 -18.5727274333 -2000.0000000000
1146.4879506198 -18.5727274333 -2000.0000000000
1146.4879506198 -18.5727274333 -2000.0000000000
1146.4879506198 -18.5727274333 -2000.0000000000
1267.4855822732 -466.3686501295 -450.2955475310
1267.4855822732 -466.3686501295 -2000.0000000000
1267.4855822732 -466.3686501295 -2000.0000000000
1200.0218966408 774.4983494124 1873.8483172986
1200.0218966408 774.4983494124 -2000.0000000000
1200.0218966408 774.4983494124 -2000.0000000000
1200.0218966408 774.4983494124 -2000.0000000000
1200.0218966408 774.4983494124 -2000.0000000000
1200.0218966408 774.4983494124 -2000.0000000000
1200.0218966408 774.4983494124 -2000.0000000000
1200.0218966408 774.4983494124 -2000.0000000000
-1528.2687201015 103.6242555872 1352.8211584098
-1528.2687201015 103.6242555872 -2000.0000000000
-1528.2687201015 103.6242555872 -2000.0000000000
195.0011580917 683.3068750315 539.3420906031
-1407.7316159479 -1755.9165486375 -590.8648162885
-1407.7316159479 -1755.9165486375 -2000.0000000000
-1407.7316159479 -1755.9165486375 -2000.0000000000
-1407.7316159479 -1755.9165486375 -2000.0000000000
-425.2985119720 -1524.4227561430 -1021.7898874302
-129.4882101437 -74.3529000707 727.8566744344
-897.8210951230 -1241.4725849944 1696.7983124905
-897.8210951230 -1241.4725849944 -2000.0000000000
970.0492014209 42.5165295048 408.6993729552
970.0492014209 42.5165295048 -2000.0000000000
970.0492014209 42.5165295048 -2000.0000000000
970.0492014209 42.5165295048 -2000.0000000000
970.0492014209 42.5165295048 -2000.0000000000
970.0492014209 42.5165295048 -2000.0000000000
-1139.8607262399 554.1566074902 -598.2416246345
-1139.8607262399 554.1566074902 -2000.0000000000
-1139.8607262399 554.1566074902 -2000.0000000000
530.0003669064 97.6111724290 1245.7430177329
530.0003669064 97.6111724290 -2000.0000000000
530.0003669064 97.6111724290 -2000.0000000000
-370.2130746203 -1204.0146547561 1430.2590072258
-370.2130746203 -1204.0146547561 -2000.0000000000
-370.2130746203 -1204.0146547561 -2000.0000000000
-370.2130746203 -1204.0146547561 -2000.0000000000
809.6690398162 1600.8325966474 -1741.5728518032
809.6690398162 1600.8325966474 -2000.0000000000
-1084.8622857900 -574.4147875525 -489.0580655302
-1898.5974649192 41.2503385056 1245.1456964817
-11.4560738362 1908.3809069168 -676.8864486048
-11.4560738362 1908.3809069168 -2000.0000000000
-1648.3882182058 60.0134980484 1221.6344137716
-1648.3882182058 60.0134980484 -2000.0000000000
-1648.3882182058 60.0134980484 -2000.0000000000
-1648.3882182058 60.0134980484 -2000.0000000000
-280.0660506996 -1072.8263581487 -1088.6348735334
598.2076232614 1514.3583720313 1749.3837198270
598.2076232614 1514.3583720313 -2000.0000000000
598.2076232614 1514.3583720313 -2000.0000000000
1706.4061645169 218.4298809779 -1288.6505213777
1706.4061645169 218.4298809779 -2000.0000000000
1706.4061645169 218.4298809779 -2000.0000000000
1706.4061645169 218.4298809779 -2000.0000000000
1706.4061645169 218.4298809779 -2000.0000000000
1706.4061645169 218.4298809779 -2000.0000000000
1706.4061645169 218.4298809779 -2000.0000000000
1706.4061645169 218.4298809779 -2000.0000000000
1706.4061645169 218.4298809779 -2000.0000000000
1706.4061645169 218.4298809779 -2000.0000000000
1706.4061645169 218.4298809779 -2000.0000000000
1706.4061645169 218.4298809779 -2000.0000000000
-1255.0228009212 85.1543633002 -1609.0737444245
-137.0301751464 629.6868561150 83.0338089169
839.8331633490 -819.9404182883 -376.8782470078
839.8331633490 -819.9404182883 -2000.0000000000
839.8331633490 -819.9404182883 -2000.0000000000
1034.6551516003 1728.0183118536 1340.4930971276
1034.6551516003 1728.0183118536 -2000.0000000000
1034.6551516003 1728.0183118536 -2000.0000000000
1034.6551516003 1728.0183118536 -2000.0000000000
1034.6551516003 1728.0183118536 -2000.0000000000
1034.6551516003 1728.0183118536 -2000.0000000000
1034.6551516003 1728.0183118536 -2000.0000000000
-336.6953545205 -953.6328655086 -625.8558887528
-336.6953545205 -953.6328655086 -2000.0000000000
-1319.8463991632 -587.8120284068 1959.9830277151
-1838.6727030639 -713.2003282197 1155.1358928602
-1838.6727030639 -713.2003282197 -2000.0000000000
-1838.6727030639 -713.2003282197 -2000.0000000000
-1838.6727030639 -713.2003282197 -2000.0000000000
-1838.6727030639 -713.2003282197 -2000.0000000000
-1838.6727030639 -713.2003282197 -2000.0000000000
-250.3294831474 1646.6071320162 -419.7811544237
-250.3294831474 1646.6071320162 -2000.0000000000
-250.3294831474 1646.6071320162 -2000.0000000000
91.8580722836 762.2684989876 242.6370148717
1778.3843279099 -1386.2889391623 -525.8016653026
1778.3843279099 -1386.2889391623 -2000.0000000000
1261.7493999266 1586.2073079633 -1214.1177066167
-1555.9347655155 101.1958966246 -455.6786733294
-1555.9347655155 101.1958966246 -2000.0000000000
-1555.9347655155 101.1958966246 -2000.0000000000
1388.8927459515 -957.2347592478 494.7186529111
-1738.1851156197 22.0950367622 -400.2324393169
-1738.1851156197 22.0950367622 -2000.0000000000
-1738.1851156197 22.0950367622 -2000.0000000000
-1738.1851156197 22.0950367622 -2000.0000000000
347.5311324580 -348.6578706149 -375.9439483695
-1776.1178832044 -1223.2512474033 -1879.5231640444
-1776.1178832044 -1223.2512474033 -2000.0000000000
-1776.1178832044 -1223.2512474033 -2000.0000000000
-1776.1178832044 -1223.2512474033 -2000.0000000000
-1776.1178832044 -1223.2512474033 -2000.0000000000
-1776.1178832044 -1223.2512474033 -2000.0000000000
1102.8401178141 90.8872159520 -800.0761422632
1102.8401178141 90.8872159520 -2000.0000000000
1102.8401178141 90.8872159520 -2000.0000000000
1056.6815730214 -1254.3198111717 1956.1374750407
1624.7734897622 -1685.0636496606 885.5447224606
1624.7734897622 -1685.0636496606 -2000.0000000000
1624.7734897622 -1685.0636496606 -2000.0000000000
1624.7734897622 -1685.0636496606 -2000.0000000000
1624.7734897622 -1685.0636496606 -2000.0000000000
-213.9622348618 1270.0234658336 657.6798843159
554.7607975069 1810.9043187893 842.9974605496
554.7607975069 1810.9043187893 -2000.0000000000
554.7607975069 1810.9043187893 -2000.0000000000
554.7607975069 1810.9043187893 -2000.0000000000
554.7607975069 1810.9043187893 -2000.0000000000
554.7607975069 1810.9043187893 -2000.0000000000
-296.0281266051 450.6999696214 1634.8633478498
-296.0281266051 450.6999696214 -2000.0000000000
-296.0281266051 450.6999696214 -2000.0000000000
-296.0281266051 450.6999696214 -2000.0000000000
-296.0281266051 450.6999696214 -2000.0000000000
-1883.1056453355 -147.3100512742 -1764.8259786420
-1883.1056453355 -147.3100512742 -2000.0000000000
-1883.1056453355 -147.3100512742 -2000.0000000000
-1883.1056453355 -147.3100512742 -2000.0000000000
-1883.1056453355 -147.3100512742 -2000.0000000000
-718.7949053107 715.1539364794 -1688.1001548133
-718.7949053107 715.1539364794 -2000.0000000000
-718.7949053107 715.1539364794 -2000.0000000000
-718.7949053107 715.1539364794 -2000.0000000000
-718.7949053107 715.1539364794 -2000.0000000000
-718.7949053107 715.1539364794 -2000.0000000000
185.3314310290 -1617.6820383304 -800.2414777006
-423.4870556948 292.5147398481 154.0847177242
-423.4870556948 292.5147398481 -2000.0000000000
-423.4870556948 292.5147398481 -2000.0000000000
-423.4870556948 292.5147398481 -2000.0000000000
-1364.3625790308 181.8032324261 45.2098778378
-1364.3625790308 181.8032324261 -2000.0000000000
-1364.3625790308 181.8032324261 -2000.0000000000
-1258.3005241571 261.0846077864 -1320.1405054635
-1258.3005241571 261.0846077864 -2000.0000000000
-1258.3005241571 261.0846077864 -2000.0000000000
-1258.3005241571 261.0846077864 -2000.0000000000
-1258.3005241571 261.0846077864 -2000.0000000000
-1258.3005241571 261.0846077864 -2000.0000000000
-1258.3005241571 261.0846077864 -2000.0000000000
-1258.3005241571 261.0846077864 -2000.0000000000
-1258.3005241571 261.0846077864 -2000.0000000000
1926.0417020250 1996.2022412496 -1545.4217649720
-1300.9302025799 1732.2127004096 -1171.2903121778
-1300.9302025799 1732.2127004096 -2000.0000000000
-1300.9302025799 1732.2127004096 -2000.0000000000
-1300.9302025799 1732.2127004096 -2000.0000000000
-1300.9302025799 1732.2127004096 -2000.0000000000
-1300.9302025799 1732.2127004096 -2000.0000000000
-1300.9302025799 1732.2127004096 -2000.0000000000
1818.6673571083 -1371.1178650485 -866.7467736624
1818.6673571083 -1371.1178650485 -2000.0000000000
1818.6673571083 -1371.1178650485 -2000.0000000000
1818.6673571083 -1371.1178650485 -2000.0000000000
-1493.2461797290 1663.1223019823 -95.0191772546
250.5438055245 272.2842964730 -1295.4896138863
250.5438055245 272.2842964730 -2000.0000000000
250.5438055245 272.2842964730 -2000.0000000000
250.5438055245 272.2842964730 -2000.0000000000
-1647.0025198937 210.5782628453 -727.7085838523
-1647.0025198937 210.5782628453 -2000.0000000000
-1647.0025198937 210.5782628453 -2000.0000000000
-1155.2641354100 -582.2300811378 1273.4745174471
-1155.2641354100 -582.2300811378 -2000.0000000000
-1155.2641354100 -582.2300811378 -2000.0000000000
-1155.2641354100 -582.2300811378 -2000.0000000000
-1155.2641354100 -582.2300811378 -2000.0000000000
-1916.5073235093 -1481.9099127621 -269.2154022628
-1074.2204927384 -398.9344910946 -1602.0204338667
-1074.2204927384 -398.9344910946 -2000.0000000000
-1074.2204927384 -398.9344910946 -2000.0000000000
-1074.2204927384 -398.9344910946 -2000.0000000000
1717.8301116867 1097.6452222309 -823.7128744978
1717.8301116867 1097.6452222309 -2000.0000000000
1717.8301116867 1097.6452222309 -2000.0000000000
1717.8301116867 1097.6452222309 -2000.0000000000
1717.8301116867 1097.6452222309 -2000.0000000000
1717.8301116867 1097.6452222309 -2000.0000000000
-91.0784822460 827.3643354073 -1787.0411447449
-1433.2700395140 -1550.4246484537 -1761.0773325513
-1433.2700395140 -1550.4246484537 -2000.0000000000
517.3063427536 -1323.9559185512 -1261.9613728382
1424.2531543621 438.6648047892 720.3000316263
1424.2531543621 438.6648047892 -2000.0000000000
1424.2531543621 438.6648047892 -2000.0000000000
1424.2531543621 438.6648047892 -2000.0000000000
-987.6924760863 1735.4711289496 140.2435070424
-987.6924760863 1735.4711289496 -2000.0000000000
-987.6924760863 1735.4711289496 -2000.0000000000
-987.6924760863 1735.4711289496 -2000.0000000000
-987.6924760863 1735.4711289496 -2000.0000000000
-987.6924760863 1735.4711289496 -2000.0000000000
1375.0131080098 -1394.5565130956 1268.6130933921
1375.0131080098 -1394.5565130956 -2000.0000000000
1481.3400760282 -755.8807193672 -319.1210010751
35.2581627746 193.8433920635 -1067.8306608390
35.2581627746 193.8433920635 -2000.0000000000
-402.3848543357 -373.5769920379 556.2122665973
-402.3848543357 -373.5769920379 -2000.0000000000
567.1575984147 -317.4727280303 1562.2658259769
567.1575984147 -317.4727280303 -2000.0000000000
567.1575984147 -317.4727280303 -2000.0000000000
567.1575984147 -317.4727280303 -2000.0000000000
567.1575984147 -317.4727280303 -2000.0000000000
1035.4806587581 622.8639513602 428.0378910657
1035.4806587581 622.8639513602 -2000.0000000000
1035.4806587581 622.8639513602 -2000.0000000000
1133.0952834892 870.6741779129 1772.8245362420
-269.3512568285 -80.9581126972 492.2569992527
-269.3512568285 -80.9581126972 -2000.0000000000
-269.3512568285 -80.9581126972 -2000.0000000000
-269.3512568285 -80.9581126972 -2000.0000000000
-269.3512568285 -80.9581126972 -2000.0000000000
-269.3512568285 -80.9581126972 -2000.0000000000
-269.3512568285 -80.9581126972 -2000.0000000000
-269.3512568285 -80.9581126972 -2000.0000000000
-1601.2445728054 -940.9599904781 -983.6040073348
-880.4383978712 998.6848402049 -546.1804606592
-71.9135381344 -725.2995279565 -1243.5219539447
-71.9135381344 -725.2995279565 -2000.0000000000
-71.9135381344 -725.2995279565 -2000.0000000000
715.7306596863 -563.2912972462 -398.2784866911
715.7306596863 -563.2912972462 -2000.0000000000
715.7306596863 -563.2912972462 -2000.0000000000
1171.9559644752 -723.1656086197 1727.1331001031
1171.9559644752 -723.1656086197 -2000.0000000000
905.5324271255 318.6479342509 -1924.8732908533
905.5324271255 318.6479342509 -2000.0000000000
905.5324271255 318.6479342509 -2000.0000000000
905.5324271255 318.6479342509 -2000.0000000000
905.5324271255 318.6479342509 -2000.0000000000
905.5324271255 318.6479342509 -2000.0000000000
-1635.8092188462 1324.2087285221 -903.8763035895
1050.2291504267 -294.2416146265 520.3529290204
1050.2291504267 -294.2416146265 -2000.0000000000
-351.1574746836 1603.2512020500 688.4314559464
-351.1574746836 1603.2512020500 -2000.0000000000
-351.1574746836 1603.2512020500 -2000.0000000000
-351.1574746836 1603.2512020500 -2000.0000000000
1017.4884681382 214.3628802333 -966.6244267404
1017.4884681382 214.3628802333 -2000.0000000000
791.2098708527 -339.4794991996 -1843.3539127979
102.4803083488 -1714.6215201341 1646.7869348247
102.4803083488 -1714.6215201341 -2000.0000000000
102.4803083488 -1714.6215201341 -2000.0000000000
102.4803083488 -1714.6215201341 -2000.0000000000
102.4803083488 -1714.6215201341 -2000.0000000000
102.4803083488 -1714.6215201341 -2000.0000000000
-1946.9697373775 -1571.1432769045 -300.4349668565
-1946.9697373775 -1571.1432769045 -2000.0000000000
128.2182317108 -1005.1165798820 -711.6307093279
128.2182317108 -1005.1165798820 -2000.0000000000
-1967.0629078916 1498.8033615615 1790.1466874298
705.3868763286 1737.8239892324 -1214.5494599497
-927.3636902781 130.6492854282 1527.0826746087
-927.3636902781 130.6492854282 -2000.0000000000
-927.3636902781 130.6492854282 -2000.0000000000
-927.3636902781 130.6492854282 -2000.0000000000
-927.3636902781 130.6492854282 -2000.0000000000
-927.3636902781 130.6492854282 -2000.0000000000
-927.3636902781 130.6492854282 -2000.0000000000
-927.3636902781 130.6492854282 -2000.0000000000
-1547.2739946823 1145.7735867065 1457.7847698300
-1547.2739946823 1145.7735867065 -2000.0000000000
-1547.2739946823 1145.7735867065 -2000.0000000000
-1547.2739946823 1145.7735867065 -2000.0000000000
-1547.2739946823 1145.7735867065 -2000.0000000000
-1547.2739946823 1145.7735867065 -2000.0000000000
-1547.2739946823 1145.7735867065 -2000.0000000000
-1547.2739946823 1145.7735867065 -2000.0000000000
-1299.5893044894 -160.3511139335 -1836.0330592651
-1299.5893044894 -160.3511139335 -2000.0000000000
-1299.5893044894 -160.3511139335 -2000.0000000000
-1012.1305511688 -1533.6035508654 -722.9812166545
-1012.1305511688 -1533.6035508654 -2000.0000000000
-1012.1305511688 -1533.6035508654 -2000.0000000000
-1012.1305511688 -1533.6035508654 -2000.0000000000
-718.1754606843 1146.0905966307 -60.7298158040
-718.1754606843 1146.0905966307 -2000.0000000000
-718.1754606843 1146.0905966307 -2000.0000000000
-718.1754606843 1146.0905966307 -2000.0000000000
-718.1754606843 1146.0905966307 -2000.0000000000
-718.1754606843 1146.0905966307 -2000.0000000000
-718.1754606843 1146.0905966307 -2000.0000000000
-718.1754606843 1146.0905966307 -2000.0000000000
-718.1754606843 1146.0905966307 -2000.0000000000
-718.1754606843 1146.0905966307 -2000.0000000000
-718.1754606843 1146.0905966307 -2000.0000000000
1278.9615324623 1955.3294978160 1247.8268043470
979.2855085055 1941.8117033454 -1727.6669156692
979.2855085055 1941.8117033454 -2000.0000000000
979.2855085055 1941.8117033454 -2000.0000000000
979.2855085055 1941.8117033454 -2000.0000000000
979.2855085055 1941.8117033454 -2000.0000000000
979.2855085055 1941.8117033454 -2000.0000000000
-1288.3688533010 393.1308430034 1994.3957477687
-1288.3688533010 393.1308430034 -2000.0000000000
1664.1729836339 -495.9119483051 -1790.9951925711
1664.1729836339 -495.9119483051 -2000.0000000000
1789.6584089356 -761.2204755923 -356.3855044619
1789.6584089356 -761.2204755923 -2000.0000000000
-908.5527267519 1345.1615148282 1376.2645418016
-908.5527267519 1345.1615148282 -2000.0000000000
-1392.4813963254 1079.5120071257 -100.5337781224
1469.7135587022 1517.1102840702 1663.8006319234
-1376.5377488501 -1369.9746597245 1588.6804025647
-1376.5377488501 -1369.9746597245 -2000.0000000000
-1376.5377488501 -1369.9746597245 -2000.0000000000
-1665.3575047430 -340.1788359790 1811.7260069202
-1665.3575047430 -340.1788359790 -2000.0000000000
-1706.4193792440 -865.8997357062 227.5014658544
-1706.4193792440 -865.8997357062 -2000.0000000000
-1706.4193792440 -865.8997357062 -2000.0000000000
-1706.4193792440 -865.8997357062 -2000.0000000000
-1706.4193792440 -865.8997357062 -2000.0000000000
-1706.4193792440 -865.8997357062 -2000.0000000000
-1706.4193792440 -865.8997357062 -2000.0000000000
-222.4056703365 915.2054033400 -1354.7184448406
-1076.5493511811 1070.6450738590 639.3387071112
-1076.5493511811 1070.6450738590 -2000.0000000000
-1325.7982603600 -1178.4714962045 1331.5733281366
946.9515173366 1865.0955845161 265.3900756104
946.9515173366 1865.0955845161 -2000.0000000000
946.9515173366 1865.0955845161 -2000.0000000000
946.9515173366 1865.0955845161 -2000.0000000000
946.9515173366 1865.0955845161 -2000.0000000000
169.6207739610 1376.3447054275 -24.7612018723
169.6207739610 1376.3447054275 -2000.0000000000
169.6207739610 1376.3447054275 -2000.0000000000
169.6207739610 1376.3447054275 -2000.0000000000
1886.5967632343 -1683.4433839592 1542.3728527989
1886.5967632343 -1683.4433839592 -2000.0000000000
1886.5967632343 -1683.4433839592 -2000.0000000000
1886.5967632343 -1683.4433839592 -2000.0000000000
-306.4596573839 1159.0183105022 -392.6252040988
-306.4596573839 1159.0183105022 -2000.0000000000
1397.4983196688 -1293.0438065942 -452.7285142719
1397.4983196688 -1293.0438065942 -2000.0000000000
1397.4983196688 -1293.0438065942 -2000.0000000000
-1783.6128107913 1873.3838817721 118.5664280382
-1783.6128107913 1873.3838817721 -2000.0000000000
-1783.6128107913 1873.3838817721 -2000.0000000000
-1176.1655248654 954.2133131998 -1023.4924234760
-1176.1655248654 954.2133131998 -2000.0000000000
229.2305822191 -339.4901361647 -429.3276300687
-971.6194384396 1911.9451735206 -126.5410321096
1553.9315185810 478.3545422882 -435.3618507483
1553.9315185810 478.3545422882 -2000.0000000000
-1696.0705006625 1475.3140451549 -1839.3598503364
-1696.0705006625 1475.3140451549 -2000.0000000000
-1696.0705006625 1475.3140451549 -2000.0000000000
-1696.0705006625 1475.3140451549 -2000.0000000000
-1696.0705006625 1475.3140451549 -2000.0000000000
-1696.0705006625 1475.3140451549 -2000.0000000000
1883.7868537272 913.6930937295 -356.5613305873
1883.7868537272 913.6930937295 -2000.0000000000
-804.5016719658 14.0486631678 1590.5323160379
1041.2314719501 1743.3204080625 -1879.1385031196
1041.2314719501 1743.3204080625 -2000.0000000000
1041.2314719501 1743.3204080625 -2000.0000000000
-830.2401142095 -562.1988402693 -1743.9876389133
-830.2401142095 -562.1988402693 -2000.0000000000
679.5840352228 1418.3065493813 670.2249696661
679.5840352228 1418.3065493813 -2000.0000000000
679.5840352228 1418.3065493813 -2000.0000000000
679.5840352228 1418.3065493813 -2000.0000000000
679.5840352228 1418.3065493813 -2000.0000000000
679.5840352228 1418.3065493813 -2000.0000000000
679.5840352228 1418.3065493813 -2000.0000000000
679.5840352228 1418.3065493813 -2000.0000000000
679.5840352228 1418.3065493813 -2000.0000000000
-541.9771566736 -1423.3999280628 993.4567659669
-541.9771566736 -1423.3999280628 -2000.0000000000
1385.9548434531 -1339.3630451553 726.3655052098
1385.9548434531 -1339.3630451553 -2000.0000000000
1385.9548434531 -1339.3630451553 -2000.0000000000
1385.9548434531 -1339.3630451553 -2000.0000000000
1385.9548434531 -1339.3630451553 -2000.0000000000
1385.9548434531 -1339.3630451553 -2000.0000000000
538.8345239149 1108.4223309186 1625.2257433090
538.8345239149 1108.4223309186 -2000.0000000000
306.6127541200 1382.3706241464 -348.3784074189
306.6127541200 1382.3706241464 -2000.0000000000
306.6127541200 1382.3706241464 -2000.0000000000
306.6127541200 1382.3706241464 -2000.0000000000
306.6127541200 1382.3706241464 -2000.0000000000
-1928.0056101674 1882.0012341538 -1791.6919751699
-1928.0056101674 1882.0012341538 -2000.0000000000
-1928.0056101674 1882.0012341538 -2000.0000000000
1271.3635287736 -1198.2685354950 1150.2488998383
1271.3635287736 -1198.2685354950 -2000.0000000000
1271.3635287736 -1198.2685354950 -2000.0000000000
1271.3635287736 -1198.2685354950 -2000.0000000000
517.2761283584 -1540.2341433271 271.1387994341
-1896.8160826338 -1300.0159013919 1630.1019666412
-1896.8160826338 -1300.0159013919 -2000.0000000000
-1896.8160826338 -1300.0159013919 -2000.0000000000
-1896.8160826338 -1300.0159013919 -2000.0000000000
346.3692892129 -758.2167502683 -483.5736939004
346.3692892129 -758.2167502683 -2000.0000000000
-90.5215325967 -1031.0707851440 -1546.7615682791
-316.4083870790 1668.8072319005 153.0504489901
-316.4083870790 1668.8072319005 -2000.0000000000
596.2153729486 -1697.4945893462 -1230.9268597004
596.2153729486 -1697.4945893462 -2000.0000000000
596.2153729486 -1697.4945893462 -2000.0000000000
596.2153729486 -1697.4945893462 -2000.0000000000
596.2153729486 -1697.4945893462 -2000.0000000000
596.2153729486 -1697.4945893462 -2000.0000000000
596.2153729486 -1697.4945893462 -2000.0000000000
-1335.1765628207 -1000.8456550219 -54.6084752387
-1335.1765628207 -1000.8456550219 -2000.0000000000
-754.7423642416 154.1172010230 -1089.4355490151
-881.9781577184 1302.5429265964 -683.0873283562
-881.9781577184 1302.5429265964 -2000.0000000000
-881.9781577184 1302.5429265964 -2000.0000000000
-881.9781577184 1302.5429265964 -2000.0000000000
-881.9781577184 1302.5429265964 -2000.0000000000
-881.9781577184 1302.5429265964 -2000.0000000000
270.3559662868 -1330.0037768959 -85.9068655025
270.3559662868 -1330.0037768959 -2000.0000000000
270.3559662868 -1330.0037768959 -2000.0000000000
270.3559662868 -1330.0037768959 -2000.0000000000
270.3559662868 -1330.0037768959 -2000.0000000000
270.3559662868 -1330.0037768959 -2000.0000000000
270.3559662868 -1330.0037768959 -2000.0000000000
-35.3425814735 -52.3499872424 78.5193697440
-35.3425814735 -52.3499872424 -2000.0000000000
-35.3425814735 -52.3499872424 -2000.0000000000
-35.3425814735 -52.3499872424 -2000.0000000000
-35.3425814735 -52.3499872424 -2000.0000000000
-35.3425814735 -52.3499872424 -2000.0000000000
382.9542327283 1016.3371147444 -1454.4491414224
-400.0990394669 -1017.0454202127 213.9783579139
-1560.0615053742 622.6760397680 784.9597564818
-1560.0615053742 622.6760397680 -2000.0000000000
-1560.0615053742 622.6760397680 -2000.0000000000
-1560.0615053742 622.6760397680 -2000.0000000000
-1560.0615053742 622.6760397680 -2000.0000000000
-1560.0615053742 622.6760397680 -2000.0000000000
378.7992099574 -327.4617430988 -613.1998994131
378.7992099574 -327.4617430988 -2000.0000000000
378.7992099574 -327.4617430988 -2000.0000000000
-1856.9752072098 1120.9227255469 703.3596128762
-610.9156846746 1494.2612801046 1820.0870581468
-610.9156846746 1494.2612801046 -2000.0000000000
-610.9156846746 1494.2612801046 -2000.0000000000
-610.9156846746 1494.2612801046 -2000.0000000000
-610.9156846746 1494.2612801046 -2000.0000000000
-610.9156846746 1494.2612801046 -2000.0000000000
1163.4983290193 -1565.7648590322 -764.4418902085
1972.1913701392 -1004.6343625988 -1658.4358714301
1972.1913701392 -1004.6343625988 -2000.0000000000
1376.2832977446 -1988.3127646034 -564.4963957177
-1780.2306810305 -1004.9335844932 818.1289494630
819.8069960975 -1089.2637041342 1606.4427088361
819.8069960975 -1089.2637041342 -2000.0000000000
864.2627565612 1738.5265336338 -494.0143045213
864.2627565612 1738.5265336338 -2000.0000000000
864.2627565612 1738.5265336338 -2000.0000000000
864.2627565612 1738.5265336338 -2000.0000000000
1582.0917660783 -852.6438541094 -579.7069746300
1582.0917660783 -852.6438541094 -2000.0000000000
1582.0917660783 -852.6438541094 -2000.0000000000
1582.0917660783 -852.6438541094 -2000.0000000000
1582.0917660783 -852.6438541094 -2000.0000000000
58.0652682407 179.3758399728 261.8049172954
-1885.8058912503 -1562.2044647354 -415.1924195741
1011.1777438973 -1564.1749865292 708.0989094328
1011.1777438973 -1564.1749865292 -2000.0000000000
1011.1777438973 -1564.1749865292 -2000.0000000000
1011.1777438973 -1564.1749865292 -2000.0000000000
1011.1777438973 -1564.1749865292 -2000.0000000000
1011.1777438973 -1564.1749865292 -2000.0000000000
-1224.1724874459 -1263.3829842920 -219.7655192846
-1224.1724874459 -1263.3829842920 -2000.0000000000
185.9597710451 17.7193725888 -630.2410794273
1028.4713989743 1831.0435040702 -1293.2376841734
1028.4713989743 1831.0435040702 -2000.0000000000
1028.4713989743 1831.0435040702 -2000.0000000000
1028.4713989743 1831.0435040702 -2000.0000000000
-308.8720961672 -1624.7859905231 1527.4112564810
957.2854289964 -777.3019503014 1176.1395677901
957.2854289964 -777.3019503014 -2000.0000000000
-1406.3010712987 -1297.1065622810 607.1094294223
-1406.3010712987 -1297.1065622810 -2000.0000000000
-1406.3010712987 -1297.1065622810 -2000.0000000000
-1406.3010712987 -1297.1065622810 -2000.0000000000
890.8477134419 -1523.0597016982 533.3766068192
890.8477134419 -1523.0597016982 -2000.0000000000
-660.1101834693 -869.8381907379 1217.6162693039
-1164.3838308880 881.2286302046 -614.6252725505
1403.3195048137 -888.9369154919 -351.5339455949
1306.7353003412 -936.0399943811 -1975.6910171233
1306.7353003412 -936.0399943811 -2000.0000000000
1306.7353003412 -936.0399943811 -2000.0000000000
1306.7353003412 -936.0399943811 -2000.0000000000
1306.7353003412 -936.0399943811 -2000.0000000000
1306.7353003412 -936.0399943811 -2000.0000000000
17.0859640364 -1192.4363604609 -1919.5174074236
17.0859640364 -1192.4363604609 -2000.0000000000
782.1206577728 -1604.5305975280 -1028.5984869056
-591.1828024602 -258.9343504669 -1956.6868003847
-591.1828024602 -258.9343504669 -2000.0000000000
-591.1828024602 -258.9343504669 -2000.0000000000
-591.1828024602 -258.9343504669 -2000.0000000000
-591.1828024602 -258.9343504669 -2000.0000000000
-591.1828024602 -258.9343504669 -2000.0000000000
1213.1555601667 -469.2073161999 -12.3547771344
1213.1555601667 -469.2073161999 -2000.0000000000
1213.1555601667 -469.2073161999 -2000.0000000000
-535.0472702909 -878.0117996390 379.3637826386
-535.0472702909 -878.0117996390 -2000.0000000000
-535.0472702909 -878.0117996390 -2000.0000000000
-535.0472702909 -878.0117996390 -2000.0000000000
-535.0472702909 -878.0117996390 -2000.0000000000
-46.9942630660 -1062.5057408765 144.7014151288
-46.9942630660 -1062.5057408765 -2000.0000000000
-46.9942630660 -1062.5057408765 -2000.0000000000
-46.9942630660 -1062.5057408765 -2000.0000000000
-46.9942630660 -1062.5057408765 -2000.0000000000
-46.9942630660 -1062.5057408765 -2000.0000000000
-1237.3221013309 -103.8164661202 1605.5550941435
-1237.3221013309 -103.8164661202 -2000.0000000000
1592.7925136869 1657.3834690655 -217.7257646070
1592.7925136869 1657.3834690655 -2000.0000000000
-1792.9115589836 319.2980479044 463.7898757364
-1792.9115589836 319.2980479044 -2000.0000000000
-1409.7626183222 433.4819400194 -1250.4270044766
-1409.7626183222 433.4819400194 -2000.0000000000
1388.9038702921 1416.3849541746 -407.3425345121
1388.9038702921 1416.3849541746 -2000.0000000000
1388.9038702921 1416.3849541746 -2000.0000000000
1388.9038702921 1416.3849541746 -2000.0000000000
1388.9038702921 1416.3849541746 -2000.0000000000
412.8949536976 -869.8895408040 -661.6574037408
412.8949536976 -869.8895408040 -2000.0000000000
412.8949536976 -869.8895408040 -2000.0000000000
412.8949536976 -869.8895408040 -2000.0000000000
412.8949536976 -869.8895408040 -2000.0000000000
412.8949536976 -869.8895408040 -2000.0000000000
412.8949536976 -869.8895408040 -2000.0000000000
412.8949536976 -869.8895408040 -2000.0000000000
412.8949536976 -869.8895408040 -2000.0000000000
233.5417721219 -145.1733647958 -972.8781595052
-311.2905771987 1621.6397922141 -1084.5496508509
-311.2905771987 1621.6397922141 -2000.0000000000
-1086.0794606187 -1040.5189106265 245.5763977639
-1341.0585108654 1913.2224408979 -1066.5192354437
-1341.0585108654 1913.2224408979 -2000.0000000000
982.3471759728 1662.5573290438 496.4672119798
982.3471759728 1662.5573290438 -2000.0000000000
982.3471759728 1662.5573290438 -2000.0000000000
982.3471759728 1662.5573290438 -2000.0000000000
642.8628931230 1054.0361970093 -196.0481873254
-306.4787347699 251.0729566305 1115.3488633764
-306.4787347699 251.0729566305 -2000.0000000000
-306.4787347699 251.0729566305 -2000.0000000000
151.5401465678 1110.0599027071 -1147.0443782239
-1970.7927590079 -327.2983494880 1405.3088025827
-1970.7927590079 -327.2983494880 -2000.0000000000
-1970.7927590079 -327.2983494880 -2000.0000000000
-1970.7927590079 -327.2983494880 -2000.0000000000
-1970.7927590079 -327.2983494880 -2000.0000000000
-1470.1042019281 917.0722468851 707.5664287737
-1470.1042019281 917.0722468851 -2000.0000000000
-1470.1042019281 917.0722468851 -2000.0000000000
-1470.1042019281 917.0722468851 -2000.0000000000
-1470.1042019281 917.0722468851 -2000.0000000000
718.1784747426 1980.0269846721 1423.4918355477
718.1784747426 1980.0269846721 -2000.0000000000
718.1784747426 1980.0269846721 -2000.0000000000
718.1784747426 1980.0269846721 -2000.0000000000
718.1784747426 1980.0269846721 -2000.0000000000
718.1784747426 1980.0269846721 -2000.0000000000
718.1784747426 1980.0269846721 -2000.0000000000
-473.0463513508 -1133.9025925007 -130.5935016312
-473.0463513508 -1133.9025925007 -2000.0000000000
-473.0463513508 -1133.9025925007 -2000.0000000000
-473.0463513508 -1133.9025925007 -2000.0000000000
-473.0463513508 -1133.9025925007 -2000.0000000000
1921.3815270620 1793.1534712686 911.8152378495
1921.3815270620 1793.1534712686 -2000.0000000000
1397.9528593646 1371.5896782708 1061.1563056957
1397.9528593646 1371.5896782708 -2000.0000000000
1397.9528593646 1371.5896782708 -2000.0000000000
1397.9528593646 1371.5896782708 -2000.0000000000
1518.5967677291 -68.2590613514 -632.2502825909
1518.5967677291 -68.2590613514 -2000.0000000000
-834.9460395403 1647.5694783325 1707.2465066683
-834.9460395403 1647.5694783325 -2000.0000000000
-834.9460395403 1647.5694783325 -2000.0000000000
-487.1411518382 -1565.3918917416 931.0328868504
-487.1411518382 -1565.3918917416 -2000.0000000000
-487.1411518382 -1565.3918917416 -2000.0000000000
-487.1411518382 -1565.3918917416 -2000.0000000000
-487.1411518382 -1565.3918917416 -2000.0000000000
-487.1411518382 -1565.3918917416 -2000.0000000000
-1592.6435649142 320.2675237618 -270.5145756377
-1592.6435649142 320.2675237618 -2000.0000000000
-1592.6435649142 320.2675237618 -2000.0000000000
91.0057426998 1457.6579533504 121.1812107566
91.0057426998 1457.6579533504 -2000.0000000000
1347.3283006921 -1815.8111303594 469.6614870749
1347.3283006921 -1815.8111303594 -2000.0000000000
1347.3283006921 -1815.8111303594 -2000.0000000000
1347.3283006921 -1815.8111303594 -2000.0000000000
1347.3283006921 -1815.8111303594 -2000.0000000000
1347.3283006921 -1815.8111303594 -2000.0000000000
1347.3283006921 -1815.8111303594 -2000.0000000000
1347.3283006921 -1815.8111303594 -2000.0000000000
759.9030423273 -1876.9994033773 345.1291558995
-1152.0824041144 1160.7405355453 893.3195315017
1791.3250404802 1209.7051106459 -1818.4832340709
1791.3250404802 1209.7051106459 -2000.0000000000
1791.3250404802 1209.7051106459 -2000.0000000000
1791.3250404802 1209.7051106459 -2000.0000000000
1791.3250404802 1209.7051106459 -2000.0000000000
1791.3250404802 1209.7051106459 -2000.0000000000
1791.3250404802 1209.7051106459 -2000.0000000000
1791.3250404802 1209.7051106459 -2000.0000000000
1791.3250404802 1209.7051106459 -2000.0000000000
753.0360561633 236.5847725682 -1767.2562150806
753.0360561633 236.5847725682 -2000.0000000000
753.0360561633 236.5847725682 -2000.0000000000
753.0360561633 236.5847725682 -2000.0000000000
1565.9140475609 1547.4873943930 -1104.5574901199
1565.9140475609 1547.4873943930 -2000.0000000000
1565.9140475609 1547.4873943930 -2000.0000000000
1565.9140475609 1547.4873943930 -2000.0000000000
-736.5950335946 -695.9623611159 -1156.9628906893
-46.8064092186 582.7982637657 1993.4088927092
933.8770381376 825.8968376957 -1189.8662066084
1902.1877063743 21.2003406496 -188.5843302931
568.5821494917 1129.6126017977 578.0941322838
568.5821494917 1129.6126017977 -2000.0000000000
-1466.7193225362 1273.9498410904 -1707.0705526942
-1466.7193225362 1273.9498410904 -2000.0000000000
1350.4557776274 -12.3340377876 1148.7943137660
1245.0327119879 1014.7284060915 1409.4716040729
1245.0327119879 1014.7284060915 -2000.0000000000
1245.0327119879 1014.7284060915 -2000.0000000000
1245.0327119879 1014.7284060915 -2000.0000000000
-1645.1064770600 -1185.0727248597 536.2425006838
-1645.1064770600 -1185.0727248597 -2000.0000000000
-1645.1064770600 -1185.0727248597 -2000.0000000000
-1645.1064770600 -1185.0727248597 -2000.0000000000
248.4026192405 1486.0954409865 -874.1457987488
248.4026192405 1486.0954409865 -2000.0000000000
325.8291058033 -1643.7018832530 -41.0914899138
325.8291058033 -1643.7018832530 -2000.0000000000
325.8291058033 -1643.7018832530 -2000.0000000000
325.8291058033 -1643.7018832530 -2000.0000000000
325.8291058033 -1643.7018832530 -2000.0000000000
278.4031472181 -1444.4628491110 -932.4161818253
278.4031472181 -1444.4628491110 -2000.0000000000
278.4031472181 -1444.4628491110 -2000.0000000000
278.4031472181 -1444.4628491110 -2000.0000000000
278.4031472181 -1444.4628491110 -2000.0000000000
278.4031472181 -1444.4628491110 -2000.0000000000
-1567.7027717603 68.0926372587 -990.1737373872
-1567.7027717603 68.0926372587 -2000.0000000000
-1567.7027717603 68.0926372587 -2000.0000000000
-1567.7027717603 68.0926372587 -2000.0000000000
606.9148109509 623.1364437625 -1587.8542330670
606.9148109509 623.1364437625 -2000.0000000000
606.9148109509 623.1364437625 -2000.0000000000
606.9148109509 623.1364437625 -2000.0000000000
-493.9177295586 1256.3272007132 570.2353302171
-1982.8673021153 -579.1664344845 504.4163088706
-1982.8673021153 -579.1664344845 -2000.0000000000
-1982.8673021153 -579.1664344845 -2000.0000000000
717.6481440407 601.7099283087 -1686.1368414070
717.6481440407 601.7099283087 -2000.0000000000
-274.9993649444 1022.4372001941 -1025.4548282113
-274.9993649444 1022.4372001941 -2000.0000000000
-274.9993649444 1022.4372001941 -2000.0000000000
1620.9468095523 -1267.3188209867 1405.2054553569
1532.9169692863 1676.7167134098 1810.5349373939
1532.9169692863 1676.7167134098 -2000.0000000000
1532.9169692863 1676.7167134098 -2000.0000000000
1902.5235403990 1709.3125233402 1540.8879443779
290.8866737074 -794.5880613607 1268.5377822353
290.8866737074 -794.5880613607 -2000.0000000000
290.8866737074 -794.5880613607 -2000.0000000000
290.8866737074 -794.5880613607 -2000.0000000000
290.8866737074 -794.5880613607 -2000.0000000000
290.8866737074 -794.5880613607 -2000.0000000000
290.8866737074 -794.5880613607 -2000.0000000000
255.1952776629 -18.6656425379 -1960.4095020074
255.1952776629 -18.6656425379 -2000.0000000000
255.1952776629 -18.6656425379 -2000.0000000000
255.1952776629 -18.6656425379 -2000.0000000000
255.1952776629 -18.6656425379 -2000.0000000000
255.1952776629 -18.6656425379 -2000.0000000000
255.1952776629 -18.6656425379 -2000.0000000000
255.1952776629 -18.6656425379 -2000.0000000000
255.1952776629 -18.6656425379 -2000.0000000000
255.1952776629 -18.6656425379 -2000.0000000000
255.1952776629 -18.6656425379 -2000.0000000000
255.1952776629 -18.6656425379 -2000.0000000000
255.1952776629 -18.6656425379 -2000.0000000000
255.1952776629 -18.6656425379 -2000.0000000000
822.1572594619 435.3987964167 837.0834853092
822.1572594619 435.3987964167 -2000.0000000000
-1196.7962478852 -237.7527975061 -558.2491687788
-1196.7962478852 -237.7527975061 -2000.0000000000
-1196.7962478852 -237.7527975061 -2000.0000000000
-846.3180400329 -1887.1379803499 -1731.7504791157
-846.3180400329 -1887.1379803499 -2000.0000000000
-846.3180400329 -1887.1379803499 -2000.0000000000
-846.3180400329 -1887.1379803499 -2000.0000000000
-846.3180400329 -1887.1379803499 -2000.0000000000
-846.3180400329 -1887.1379803499 -2000.0000000000
-846.3180400329 -1887.1379803499 -2000.0000000000
-846.3180400329 -1887.1379803499 -2000.0000000000
-862.4368135357 -1625.1522315683 -1807.7912459736
-651.6630031976 1626.5951304157 986.8933689801
-651.6630031976 1626.5951304157 -2000.0000000000
1339.0361924578 789.5847931318 814.2634801212
1339.0361924578 789.5847931318 -2000.0000000000
1886.3812604951 -1121.8740883644 -1457.2926920425
502.3568506791 934.1788282158 -1168.3758607139
944.0380462372 -1680.1362848333 -1584.0048052870
944.0380462372 -1680.1362848333 -2000.0000000000
944.0380462372 -1680.1362848333 -2000.0000000000
944.0380462372 -1680.1362848333 -2000.0000000000
1178.6560941659 1778.0879934733 -1206.2300634132
1178.6560941659 1778.0879934733 -2000.0000000000
1178.6560941659 1778.0879934733 -2000.0000000000
38.3619955362 251.5162380389 7.8767995985
-228.8185749662 -1852.2529805922 -84.9542662119
160.7999569582 -331.5753378561 843.5837525554
160.7999569582 -331.5753378561 -2000.0000000000
160.7999569582 -331.5753378561 -2000.0000000000
160.7999569582 -331.5753378561 -2000.0000000000
160.7999569582 -331.5753378561 -2000.0000000000
212.3972572964 1302.7618419274 -543.5968656717
-413.6026986524 1336.8423071139 -765.7220361032
-413.6026986524 1336.8423071139 -2000.0000000000
-413.6026986524 1336.8423071139 -2000.0000000000
-413.6026986524 1336.8423071139 -2000.0000000000
-413.6026986524 1336.8423071139 -2000.0000000000
-1032.2845071067 -828.0849981073 -1362.8817338103
-1032.2845071067 -828.0849981073 -2000.0000000000
-90.9267785908 1206.5015442042 1683.6199444651
-90.9267785908 1206.5015442042 -2000.0000000000
1608.1831244642 496.7325603834 301.0712196873
-698.6785897895 -1532.3205751100 1242.8599421807
1607.5817814912 -904.7907264145 -248.1061310139
1607.5817814912 -904.7907264145 -2000.0000000000
1607.5817814912 -904.7907264145 -2000.0000000000
743.1574158861 1995.5529839859 -893.3376684310
743.1574158861 1995.5529839859 -2000.0000000000
-466.2400361968 1949.4973972228 1227.6258253703
-466.2400361968 1949.4973972228 -2000.0000000000
-466.2400361968 1949.4973972228 -2000.0000000000
-646.8624768268 -734.6846936022 616.2216604934
-781.8917214722 284.7400278657 1194.9723626501
-781.8917214722 284.7400278657 -2000.0000000000
1097.6472412126 12.2797467904 1346.3805713312
1097.6472412126 12.2797467904 -2000.0000000000
1097.6472412126 12.2797467904 -2000.0000000000
1097.6472412126 12.2797467904 -2000.0000000000
1097.6472412126 12.2797467904 -2000.0000000000
1097.6472412126 12.2797467904 -2000.0000000000
1097.6472412126 12.2797467904 -2000.0000000000
1097.6472412126 12.2797467904 -2000.0000000000
1097.6472412126 12.2797467904 -2000.0000000000
1097.6472412126 12.2797467904 -2000.0000000000
1921.6378524626 -1265.0715227482 566.9922893079
1921.6378524626 -1265.0715227482 -2000.0000000000
1921.6378524626 -1265.0715227482 -2000.0000000000
1921.6378524626 -1265.0715227482 -2000.0000000000
1921.6378524626 -1265.0715227482 -2000.0000000000
-1367.3094718935 283.5071273587 -1077.0754274686
-1367.3094718935 283.5071273587 -2000.0000000000
1074.2887282701 957.4403994989 -1688.4491008540
1074.2887282701 957.4403994989 -2000.0000000000
1074.2887282701 957.4403994989 -2000.0000000000
1074.2887282701 957.4403994989 -2000.0000000000
275.5524400054 -183.8546600826 1841.4144914589
1115.8721935804 1078.1341621995 -835.2589405956
1115.8721935804 1078.1341621995 -2000.0000000000
919.6965814727 -1775.6713988995 104.4560098919
919.6965814727 -1775.6713988995 -2000.0000000000
919.6965814727 -1775.6713988995 -2000.0000000000
919.6965814727 -1775.6713988995 -2000.0000000000
919.6965814727 -1775.6713988995 -2000.0000000000
919.6965814727 -1775.6713988995 -2000.0000000000
919.6965814727 -1775.6713988995 -2000.0000000000
919.6965814727 -1775.6713988995 -2000.0000000000
-565.5623443478 416.1612727187 379.1600649582
-565.5623443478 416.1612727187 -2000.0000000000
-565.5623443478 416.1612727187 -2000.0000000000
-565.5623443478 416.1612727187 -2000.0000000000
-565.5623443478 416.1612727187 -2000.0000000000
-565.5623443478 416.1612727187 -2000.0000000000
-565.5623443478 416.1612727187 -2000.0000000000
-1063.4153157279 -1883.7332483794 1749.6727222577
-1063.4153157279 -1883.7332483794 -2000.0000000000
-1063.4153157279 -1883.7332483794 -2000.0000000000
-1063.4153157279 -1883.7332483794 -2000.0000000000
-1063.4153157279 -1883.7332483794 -2000.0000000000
-1063.4153157279 -1883.7332483794 -2000.0000000000
-1063.4153157279 -1883.7332483794 -2000.0000000000
371.7108886879 -161.0906154900 -906.3251892241
-1815.7461493355 -1238.2392142663 -1258.0244791745
-1815.7461493355 -1238.2392142663 -2000.0000000000
1847.2770126809 482.9061442749 1400.7357906809
1847.2770126809 482.9061442749 -2000.0000000000
-733.4378541002 1274.3892921894 -283.3312877922
-733.4378541002 1274.3892921894 -2000.0000000000
-733.4378541002 1274.3892921894 -2000.0000000000
-733.4378541002 1274.3892921894 -2000.0000000000
-733.4378541002 1274.3892921894 -2000.0000000000
-1866.8838311021 -1569.0601842810 -1287.9469277342
-1866.8838311021 -1569.0601842810 -2000.0000000000
1719.9250043444 -859.7364908948 -1284.9665671767
1719.9250043444 -859.7364908948 -2000.0000000000
1719.9250043444 -859.7364908948 -2000.0000000000
1719.9250043444 -859.7364908948 -2000.0000000000
1902.8398807894 669.5478262867 614.8979288696
1902.8398807894 669.5478262867 -2000.0000000000
-903.6769421907 1349.1392605783 -1844.6807748841
-903.6769421907 1349.1392605783 -2000.0000000000
-903.6769421907 1349.1392605783 -2000.0000000000
1438.3392197154 436.5323205569 -1912.0379708539
1438.3392197154 436.5323205569 -2000.0000000000
1893.4754821617 -1298.8250202667 -1790.8673389595
1072.0911958257 -432.2449666400 1482.0393556515
1072.0911958257 -432.2449666400 -2000.0000000000
1648.5628013632 1813.4036085443 438.8485676837
1648.5628013632 1813.4036085443 -2000.0000000000
1648.5628013632 1813.4036085443 -2000.0000000000
1648.5628013632 1813.4036085443 -2000.0000000000
1648.5628013632 1813.4036085443 -2000.0000000000
1648.5628013632 1813.4036085443 -2000.0000000000
1648.5628013632 1813.4036085443 -2000.0000000000
1648.5628013632 1813.4036085443 -2000.0000000000
1500.9546012713 -906.0184446904 -417.1732601152
1500.9546012713 -906.0184446904 -2000.0000000000
1500.9546012713 -906.0184446904 -2000.0000000000
1500.9546012713 -906.0184446904 -2000.0000000000
508.4627033447 -1935.8925660100 274.9781116617
508.4627033447 -1935.8925660100 -2000.0000000000
508.4627033447 -1935.8925660100 -2000.0000000000
508.4627033447 -1935.8925660100 -2000.0000000000
21.1577336596 -187.1924371527 923.6793857307
-626.3641980883 -1587.6132335472 1422.1470393759
-1524.7804229922 153.5562466567 -1440.1435754812
-1524.7804229922 153.5562466567 -2000.0000000000
-1524.7804229922 153.5562466567 -2000.0000000000
-1524.7804229922 153.5562466567 -2000.0000000000
-1524.7804229922 153.5562466567 -2000.0000000000
-1524.7804229922 153.5562466567 -2000.0000000000
-1524.7804229922 153.5562466567 -2000.0000000000
-1524.7804229922 153.5562466567 -2000.0000000000
-1524.7804229922 153.5562466567 -2000.0000000000
-1524.7804229922 153.5562466567 -2000.0000000000
-1524.7804229922 153.5562466567 -2000.0000000000
-1524.7804229922 153.5562466567 -2000.0000000000
-1524.7804229922 153.5562466567 -2000.0000000000
-1524.7804229922 153.5562466567 -2000.0000000000
1514.6948214177 144.8926952606 -1908.7515818584
1514.6948214177 144.8926952606 -2000.0000000000
-1096.4059599884 -398.1632611383 -1871.4716422986
-1096.4059599884 -398.1632611383 -2000.0000000000
-1096.4059599884 -398.1632611383 -2000.0000000000
-1096.4059599884 -398.1632611383 -2000.0000000000
-485.9665705970 -1453.6880539183 1888.4956824561
-485.9665705970 -1453.6880539183 -2000.0000000000
-485.9665705970 -1453.6880539183 -2000.0000000000
-485.9665705970 -1453.6880539183 -2000.0000000000
1934.3184156657 1587.5636528145 2.6013170865
1934.3184156657 1587.5636528145 -2000.0000000000
-309.4872145712 1495.6920810529 -470.7128147281
904.4301344286 -55.5421703128 1431.2726578108
904.4301344286 -55.5421703128 -2000.0000000000
904.4301344286 -55.5421703128 -2000.0000000000
1437.8315785938 432.6202721516 1886.5583505336
1437.8315785938 432.6202721516 -2000.0000000000
-1572.4960783592 -1944.7886766986 -1642.3276380684
-1359.7036900763 948.0313391375 -1095.2024699553
1441.7605213153 -875.8683656383 -203.4064500655
1441.7605213153 -875.8683656383 -2000.0000000000
1441.7605213153 -875.8683656383 -2000.0000000000
1441.7605213153 -875.8683656383 -2000.0000000000
734.0691866088 1335.7777968924 -1932.9319023663
734.0691866088 1335.7777968924 -2000.0000000000
734.0691866088 1335.7777968924 -2000.0000000000
-318.5541905127 139.3620422482 232.7321908907
-318.5541905127 139.3620422482 -2000.0000000000
-398.6219337857 -1913.2623885257 -1274.9970953327
-398.6219337857 -1913.2623885257 -2000.0000000000
-1642.0243191886 -1552.2504800946 1367.4535812779
-1642.0243191886 -1552.2504800946 -2000.0000000000
-1642.0243191886 -1552.2504800946 -2000.0000000000
-1642.0243191886 -1552.2504800946 -2000.0000000000
-1642.0243191886 -1552.2504800946 -2000.0000000000
-1290.0146352183 -1471.3234799566 994.2007882353
-1290.0146352183 -1471.3234799566 -2000.0000000000
-1290.0146352183 -1471.3234799566 -2000.0000000000
-1290.0146352183 -1471.3234799566 -2000.0000000000
-1290.0146352183 -1471.3234799566 -2000.0000000000
-588.2004902569 716.1281392062 1427.5263357253
-588.2004902569 716.1281392062 -2000.0000000000
-588.2004902569 716.1281392062 -2000.0000000000
337.2777171385 -210.1777675301 1871.2909253004
337.2777171385 -210.1777675301 -2000.0000000000
337.2777171385 -210.1777675301 -2000.0000000000
337.2777171385 -210.1777675301 -2000.0000000000
337.2777171385 -210.1777675301 -2000.0000000000
337.2777171385 -210.1777675301 -2000.0000000000
337.2777171385 -210.1777675301 -2000.0000000000
337.2777171385 -210.1777675301 -2000.0000000000
-513.4417297340 1898.5351683877 89.6184257984
-513.4417297340 1898.5351683877 -2000.0000000000
-513.4417297340 1898.5351683877 -2000.0000000000
-513.4417297340 1898.5351683877 -2000.0000000000
-513.4417297340 1898.5351683877 -2000.0000000000
-513.4417297340 1898.5351683877 -2000.0000000000
-513.4417297340 1898.5351683877 -2000.0000000000
-1386.8496998794 -794.0711792193 -1660.3081872512
-1193.3214140222 564.3137925891 347.2491348658
-1193.3214140222 564.3137925891 -2000.0000000000
-1193.3214140222 564.3137925891 -2000.0000000000
-1193.3214140222 564.3137925891 -2000.0000000000
-1193.3214140222 564.3137925891 -2000.0000000000
-1225.5577447889 926.9608492399 687.5589375416
212.6112531842 -1668.8949074035 -770.7583474412
212.6112531842 -1668.8949074035 -2000.0000000000
1291.4000546703 -181.2439828820 -1371.3405614495
1291.4000546703 -181.2439828820 -2000.0000000000
1291.4000546703 -181.2439828820 -2000.0000000000
1291.4000546703 -181.2439828820 -2000.0000000000
1291.4000546703 -181.2439828820 -2000.0000000000
1291.4000546703 -181.2439828820 -2000.0000000000
1291.4000546703 -181.2439828820 -2000.0000000000
1839.9204346028 -1891.9802349207 1427.6290166513
1839.9204346028 -1891.9802349207 -2000.0000000000
1839.9204346028 -1891.9802349207 -2000.0000000000
1839.9204346028 -1891.9802349207 -2000.0000000000
1657.8595432733 -1530.8312127143 1963.0365833905
1657.8595432733 -1530.8312127143 -2000.0000000000
743.3372079066 1458.3917104151 -1280.4913985337
743.3372079066 1458.3917104151 -2000.0000000000
743.3372079066 1458.3917104151 -2000.0000000000
-819.1966591825 -514.4835797154 96.8275650250
-819.1966591825 -514.4835797154 -2000.0000000000
-819.1966591825 -514.4835797154 -2000.0000000000
-819.1966591825 -514.4835797154 -2000.0000000000
-819.1966591825 -514.4835797154 -2000.0000000000
-819.1966591825 -514.4835797154 -2000.0000000000
1380.8698123215 66.8138927970 875.4938315706
1380.8698123215 66.8138927970 -2000.0000000000
1380.8698123215 66.8138927970 -2000.0000000000
1380.8698123215 66.8138927970 -2000.0000000000
1380.8698123215 66.8138927970 -2000.0000000000
1380.8698123215 66.8138927970 -2000.0000000000
1380.8698123215 66.8138927970 -2000.0000000000
1380.8698123215 66.8138927970 -2000.0000000000
-1070.5101554838 -1795.6966535517 818.6620447583
-1070.5101554838 -1795.6966535517 -2000.0000000000
-1070.5101554838 -1795.6966535517 -2000.0000000000
1246.6671772307 556.0157011334 -379.3311559151
1246.6671772307 556.0157011334 -2000.0000000000
1246.6671772307 556.0157011334 -2000.0000000000
1161.6980224026 -800.7573768772 -1684.3752701606
1161.6980224026 -800.7573768772 -2000.0000000000
1159.5290089837 -454.7162234175 463.9321328223
6.5627513509 -6.4318589074 -1305.7960578062
6.5627513509 -6.4318589074 -2000.0000000000
6.5627513509 -6.4318589074 -2000.0000000000
-298.0731455214 235.8700776820 -1285.6058297047
-298.0731455214 235.8700776820 -2000.0000000000
-835.6138698846 -167.4618503589 291.0402040340
-835.6138698846 -167.4618503589 -2000.0000000000
1590.2304089417 -43.1218079629 853.1485466782
1590.2304089417 -43.1218079629 -2000.0000000000
1590.2304089417 -43.1218079629 -2000.0000000000
1309.1047099653 1119.2984901955 1658.3574147920
1309.1047099653 1119.2984901955 -2000.0000000000
1309.1047099653 1119.2984901955 -2000.0000000000
1309.1047099653 1119.2984901955 -2000.0000000000
1309.1047099653 1119.2984901955 -2000.0000000000
1144.9226593712 888.1203468662 1866.4178775623
1144.9226593712 888.1203468662 -2000.0000000000
1144.9226593712 888.1203468662 -2000.0000000000
1144.9226593712 888.1203468662 -2000.0000000000
1144.9226593712 888.1203468662 -2000.0000000000
1144.9226593712 888.1203468662 -2000.0000000000
1144.9226593712 888.1203468662 -2000.0000000000
1144.9226593712 888.1203468662 -2000.0000000000
1144.9226593712 888.1203468662 -2000.0000000000
1144.9226593712 888.1203468662 -2000.0000000000
1144.9226593712 888.1203468662 -2000.0000000000
318.2318555189 350.5509467090 -1001.2455028234
318.2318555189 350.5509467090 -2000.0000000000
318.2318555189 350.5509467090 -2000.0000000000
318.2318555189 350.5509467090 -2000.0000000000
318.2318555189 350.5509467090 -2000.0000000000
1292.8184101470 133.0794227665 1864.2993170877
1292.8184101470 133.0794227665 -2000.0000000000
1292.8184101470 133.0794227665 -2000.0000000000
1292.8184101470 133.0794227665 -2000.0000000000
1292.8184101470 133.0794227665 -2000.0000000000
1292.8184101470 133.0794227665 -2000.0000000000
1292.8184101470 133.0794227665 -2000.0000000000
1292.8184101470 133.0794227665 -2000.0000000000
1292.8184101470 133.0794227665 -2000.0000000000
1292.8184101470 133.0794227665 -2000.0000000000
-1685.6420651832 1233.0363263334 1047.4109354148
-1685.6420651832 1233.0363263334 -2000.0000000000
-1685.6420651832 1233.0363263334 -2000.0000000000
-1685.6420651832 1233.0363263334 -2000.0000000000
-1685.6420651832 1233.0363263334 -2000.0000000000
-1685.6420651832 1233.0363263334 -2000.0000000000
-1685.6420651832 1233.0363263334 -2000.0000000000
-1685.6420651832 1233.0363263334 -2000.0000000000
-1685.6420651832 1233.0363263334 -2000.0000000000
-1685.6420651832 1233.0363263334 -2000.0000000000
-1685.6420651832 1233.0363263334 -2000.0000000000
-1685.6420651832 1233.0363263334 -2000.0000000000
-1685.6420651832 1233.0363263334 -2000.0000000000
-1685.6420651832 1233.0363263334 -2000.0000000000
-1685.6420651832 1233.0363263334 -2000.0000000000
-1685.6420651832 1233.0363263334 -2000.0000000000
-1685.6420651832 1233.0363263334 -2000.0000000000
-1685.6420651832 1233.0363263334 -2000.0000000000
-1685.6420651832 1233.0363263334 -2000.0000000000
-1685.6420651832 1233.0363263334 -2000.0000000000
737.1356925469 -1838.6960841393 560.9895028682
737.1356925469 -1838.6960841393 -2000.0000000000
737.1356925469 -1838.6960841393 -2000.0000000000
737.1356925469 -1838.6960841393 -2000.0000000000
-1541.7428235685 1601.9625278586 1709.4490739900
-1541.7428235685 1601.9625278586 -2000.0000000000
-169.9938510173 139.2645371937 281.3878803103
-169.9938510173 139.2645371937 -2000.0000000000
-169.9938510173 139.2645371937 -2000.0000000000
-169.9938510173 139.2645371937 -2000.0000000000
-1922.3930480095 1607.1022926954 186.5733709617
-1922.3930480095 1607.1022926954 -2000.0000000000
-1922.3930480095 1607.1022926954 -2000.0000000000
-1449.0974586799 824.6246387016 -664.8572489132
1452.8966000032 -262.5370556402 490.1490058604
1452.8966000032 -262.5370556402 -2000.0000000000
1452.8966000032 -262.5370556402 -2000.0000000000
-1484.7365406638 -1606.5915602411 183.7071309745
-1484.7365406638 -1606.5915602411 -2000.0000000000
-1447.6482041583 -283.7488495498 -603.1354167193
-1447.6482041583 -283.7488495498 -2000.0000000000
-1447.6482041583 -283.7488495498 -2000.0000000000
-1447.6482041583 -283.7488495498 -2000.0000000000
-1447.6482041583 -283.7488495498 -2000.0000000000
-1447.6482041583 -283.7488495498 -2000.0000000000
-1447.6482041583 -283.7488495498 -2000.0000000000
-1447.6482041583 -283.7488495498 -2000.0000000000
-1447.6482041583 -283.7488495498 -2000.0000000000
-1447.6482041583 -283.7488495498 -2000.0000000000
-1447.6482041583 -283.7488495498 -2000.0000000000
-1447.6482041583 -283.7488495498 -2000.0000000000
-1447.6482041583 -283.7488495498 -2000.0000000000
-1447.6482041583 -283.7488495498 -2000.0000000000
-1447.6482041583 -283.7488495498 -2000.0000000000
-1447.6482041583 -283.7488495498 -2000.0000000000
-1447.6482041583 -283.7488495498 -2000.0000000000
