1553.1353657449 -1252.8480214252 1945.1243945686
1848.0047729055 -1757.1153250570 -1845.2723478936
1848.0047729055 -1757.1153250570 -2000.0000000000
1848.0047729055 -1757.1153250570 -2000.0000000000
1848.0047729055 -1757.1153250570 -2000.0000000000
664.0193975780 -1331.4458875380 -888.6473496542
664.0193975780 -1331.4458875380 -2000.0000000000
664.0193975780 -1331.4458875380 -2000.0000000000
664.0193975780 -1331.4458875380 -2000.0000000000
664.0193975780 -1331.4458875380 -2000.0000000000
-1166.7989077970 -1708.8992618594 -545.0610799351
-1166.7989077970 -1708.8992618594 -2000.0000000000
-1166.7989077970 -1708.8992618594 -2000.0000000000
-1166.7989077970 -1708.8992618594 -2000.0000000000
-1166.7989077970 -1708.8992618594 -2000.0000000000
-1166.7989077970 -1708.8992618594 -2000.0000000000
585.4834011072 1330.8230925343 -277.8652975807
-1478.9549694997 -1853.7230505392 -258.8885627218
587.1012473581 -1585.4078188822 -14.2341061279
587.1012473581 -1585.4078188822 -2000.0000000000
587.1012473581 -1585.4078188822 -2000.0000000000
587.1012473581 -1585.4078188822 -2000.0000000000
668.2395171630 -644.4251632061 554.2788734733
1279.8266051855 -1240.9112698502 -1509.6624589840
1279.8266051855 -1240.9112698502 -2000.0000000000
-259.2950836991 275.0258328148 1475.1760350663
-1198.7506967701 -15.8790168586 -1730.6549805102
382.7426746311 -1644.1662874245 -1655.6466191729
382.7426746311 -1644.1662874245 -2000.0000000000
382.7426746311 -1644.1662874245 -2000.0000000000
1251.5793783975 704.4766726610 1921.7470092529
1251.5793783975 704.4766726610 -2000.0000000000
1251.5793783975 704.4766726610 -2000.0000000000
1074.6770151686 -1363.0188186207 1205.9975721865
1074.6770151686 -1363.0188186207 -2000.0000000000
1074.6770151686 -1363.0188186207 -2000.0000000000
1074.6770151686 -1363.0188186207 -2000.0000000000
1074.6770151686 -1363.0188186207 -2000.0000000000
1074.6770151686 -1363.0188186207 -2000.0000000000
1074.6770151686 -1363.0188186207 -2000.0000000000
1074.6770151686 -1363.0188186207 -2000.0000000000
1074.6770151686 -1363.0188186207 -2000.0000000000
1074.6770151686 -1363.0188186207 -2000.0000000000
1074.6770151686 -1363.0188186207 -2000.0000000000
1074.6770151686 -1363.0188186207 -2000.0000000000
1074.6770151686 -1363.0188186207 -2000.0000000000
1074.6770151686 -1363.0188186207 -2000.0000000000
1074.6770151686 -1363.0188186207 -2000.0000000000
-546.4620548145 325.8521727279 -1088.0852342268
-335.4989222858 412.7657416275 933.7631320195
1698.3976502738 1566.1005609667 638.3686496359
1698.3976502738 1566.1005609667 -2000.0000000000
1698.3976502738 1566.1005609667 -2000.0000000000
-126.8819028549 707.5837017669 514.1923202465
-126.8819028549 707.5837017669 -2000.0000000000
-126.8819028549 707.5837017669 -2000.0000000000
-126.8819028549 707.5837017669 -2000.0000000000
-126.8819028549 707.5837017669 -2000.0000000000
-126.8819028549 707.5837017669 -2000.0000000000
-126.8819028549 707.5837017669 -2000.0000000000
-126.8819028549 707.5837017669 -2000.0000000000
-126.8819028549 707.5837017669 -2000.0000000000
-126.8819028549 707.5837017669 -2000.0000000000
-126.8819028549 707.5837017669 -2000.0000000000
-126.8819028549 707.5837017669 -2000.0000000000
-126.8819028549 707.5837017669 -2000.0000000000
-126.8819028549 707.5837017669 -2000.0000000000
-126.8819028549 707.5837017669 -2000.0000000000
-126.8819028549 707.5837017669 -2000.0000000000
-126.8819028549 707.5837017669 -2000.0000000000
535.0991234867 -668.4615148465 614.0610885464
535.0991234867 -668.4615148465 -2000.0000000000
535.0991234867 -668.4615148465 -2000.0000000000
-1555.2068188551 1550.9029286177 -906.3342003732
-887.1455967529 1888.6266360795 -1083.5289630750
-1410.0981159885 1475.2741272459 -613.2303165475
-1410.0981159885 1475.2741272459 -2000.0000000000
-1410.0981159885 1475.2741272459 -2000.0000000000
1631.2849709629 1879.4761138400 -1800.4007585446
1631.2849709629 1879.4761138400 -2000.0000000000
1631.2849709629 1879.4761138400 -2000.0000000000
1631.2849709629 1879.4761138400 -2000.0000000000
-1105.8892253469 1582.6073005488 202.9009321863
533.2523888984 620.3636263249 1580.3938451698
1444.4835997904 1421.7805572153 488.1828845857
-668.7829341050 -972.2447339481 1932.5080056500
-668.7829341050 -972.2447339481 -2000.0000000000
-668.7829341050 -972.2447339481 -2000.0000000000
-668.7829341050 -972.2447339481 -2000.0000000000
-668.7829341050 -972.2447339481 -2000.0000000000
-854.5702366172 -1263.6982081371 566.2358099613
-854.5702366172 -1263.6982081371 -2000.0000000000
-854.5702366172 -1263.6982081371 -2000.0000000000
-854.5702366172 -1263.6982081371 -2000.0000000000
-1441.5857362379 584.8028586940 1262.6869677088
-1441.5857362379 584.8028586940 -2000.0000000000
1379.2776494221 916.1020056805 985.1455831108
1379.2776494221 916.1020056805 -2000.0000000000
1379.2776494221 916.1020056805 -2000.0000000000
1989.4377080550 -1464.6609086198 2.5586968407
1989.4377080550 -1464.6609086198 -2000.0000000000
829.0250576717 -619.0029881365 -1404.9275788545
829.0250576717 -619.0029881365 -2000.0000000000
829.0250576717 -619.0029881365 -2000.0000000000
829.0250576717 -619.0029881365 -2000.0000000000
1010.4730057918 -940.7966871066 1154.8002786099
1010.4730057918 -940.7966871066 -2000.0000000000
1010.4730057918 -940.7966871066 -2000.0000000000
-1084.9713256072 320.6416423168 549.1098284557
-1084.9713256072 320.6416423168 -2000.0000000000
-1084.9713256072 320.6416423168 -2000.0000000000
-1084.9713256072 320.6416423168 -2000.0000000000
-1084.9713256072 320.6416423168 -2000.0000000000
-1084.9713256072 320.6416423168 -2000.0000000000
-1084.9713256072 320.6416423168 -2000.0000000000
-1084.9713256072 320.6416423168 -2000.0000000000
-1084.9713256072 320.6416423168 -2000.0000000000
-1084.9713256072 320.6416423168 -2000.0000000000
-1084.9713256072 320.6416423168 -2000.0000000000
-1084.9713256072 320.6416423168 -2000.0000000000
-1084.9713256072 320.6416423168 -2000.0000000000
-1084.9713256072 320.6416423168 -2000.0000000000
-1084.9713256072 320.6416423168 -2000.0000000000
667.6797478034 614.1207544599 640.3637386689
-1086.2732117898 -1571.3652503959 -895.8711637327
-1086.2732117898 -1571.3652503959 -2000.0000000000
-1086.2732117898 -1571.3652503959 -2000.0000000000
-1086.2732117898 -1571.3652503959 -2000.0000000000
-1086.2732117898 -1571.3652503959 -2000.0000000000
-1086.2732117898 -1571.3652503959 -2000.0000000000
-1086.2732117898 -1571.3652503959 -2000.0000000000
-1086.2732117898 -1571.3652503959 -2000.0000000000
-1086.2732117898 -1571.3652503959 -2000.0000000000
-1086.2732117898 -1571.3652503959 -2000.0000000000
382.6896075850 333.5738933137 420.0016615504
382.6896075850 333.5738933137 -2000.0000000000
382.6896075850 333.5738933137 -2000.0000000000
493.6793321803 1332.4950121011 -1369.9314977206
493.6793321803 1332.4950121011 -2000.0000000000
493.6793321803 1332.4950121011 -2000.0000000000
-1046.3122978855 1433.5557292689 1537.8950944187
878.3856194231 -1336.9359008962 214.2631747239
878.3856194231 -1336.9359008962 -2000.0000000000
878.3856194231 -1336.9359008962 -2000.0000000000
878.3856194231 -1336.9359008962 -2000.0000000000
878.3856194231 -1336.9359008962 -2000.0000000000
878.3856194231 -1336.9359008962 -2000.0000000000
878.3856194231 -1336.9359008962 -2000.0000000000
1869.0941654036 -47.7545293458 141.8342465005
819.0014318588 -1999.1306778077 1252.0181311152
819.0014318588 -1999.1306778077 -2000.0000000000
819.0014318588 -1999.1306778077 -2000.0000000000
819.0014318588 -1999.1306778077 -2000.0000000000
819.0014318588 -1999.1306778077 -2000.0000000000
819.0014318588 -1999.1306778077 -2000.0000000000
819.0014318588 -1999.1306778077 -2000.0000000000
819.0014318588 -1999.1306778077 -2000.0000000000
819.0014318588 -1999.1306778077 -2000.0000000000
819.0014318588 -1999.1306778077 -2000.0000000000
819.0014318588 -1999.1306778077 -2000.0000000000
819.0014318588 -1999.1306778077 -2000.0000000000
819.0014318588 -1999.1306778077 -2000.0000000000
819.0014318588 -1999.1306778077 -2000.0000000000
819.0014318588 -1999.1306778077 -2000.0000000000
819.0014318588 -1999.1306778077 -2000.0000000000
819.0014318588 -1999.1306778077 -2000.0000000000
819.0014318588 -1999.1306778077 -2000.0000000000
819.0014318588 -1999.1306778077 -2000.0000000000
819.0014318588 -1999.1306778077 -2000.0000000000
819.0014318588 -1999.1306778077 -2000.0000000000
-872.5609655442 -842.0267283717 313.6539796323
-872.5609655442 -842.0267283717 -2000.0000000000
-872.5609655442 -842.0267283717 -2000.0000000000
-1002.3077723229 -1646.9028815204 249.2464390812
-1002.3077723229 -1646.9028815204 -2000.0000000000
-1888.8528760062 -920.2265246543 436.7420914507
-1888.8528760062 -920.2265246543 -2000.0000000000
-267.7425889148 -1282.5220683280 -708.3221607927
-267.7425889148 -1282.5220683280 -2000.0000000000
-267.7425889148 -1282.5220683280 -2000.0000000000
-267.7425889148 -1282.5220683280 -2000.0000000000
-267.7425889148 -1282.5220683280 -2000.0000000000
-267.7425889148 -1282.5220683280 -2000.0000000000
-267.7425889148 -1282.5220683280 -2000.0000000000
-281.2516745201 -601.7477351148 32.3201294908
-281.2516745201 -601.7477351148 -2000.0000000000
-281.2516745201 -601.7477351148 -2000.0000000000
-1080.5905708907 -228.5271285724 903.6341058912
-1080.5905708907 -228.5271285724 -2000.0000000000
-1080.5905708907 -228.5271285724 -2000.0000000000
-1080.5905708907 -228.5271285724 -2000.0000000000
1480.1468774410 1347.5484580902 969.7917278437
1480.1468774410 1347.5484580902 -2000.0000000000
1480.1468774410 1347.5484580902 -2000.0000000000
1480.1468774410 1347.5484580902 -2000.0000000000
1480.1468774410 1347.5484580902 -2000.0000000000
1171.1063733855 -317.2195137858 1717.9089412619
1171.1063733855 -317.2195137858 -2000.0000000000
1171.1063733855 -317.2195137858 -2000.0000000000
-1087.4231116326 1933.6792006948 -1208.0254986866
-660.2274655063 676.0555363974 1959.7892533864
-660.2274655063 676.0555363974 -2000.0000000000
-660.2274655063 676.0555363974 -2000.0000000000
-77.2775582968 1234.8657567179 1133.5516913979
-77.2775582968 1234.8657567179 -2000.0000000000
-1738.1001190270 1940.5663457662 -1343.8687495471
-1738.1001190270 1940.5663457662 -2000.0000000000
-1738.1001190270 1940.5663457662 -2000.0000000000
-1738.1001190270 1940.5663457662 -2000.0000000000
-1738.1001190270 1940.5663457662 -2000.0000000000
-1738.1001190270 1940.5663457662 -2000.0000000000
-1738.1001190270 1940.5663457662 -2000.0000000000
-1738.1001190270 1940.5663457662 -2000.0000000000
-423.1513266367 -168.4540975666 -47.3721933709
-423.1513266367 -168.4540975666 -2000.0000000000
-423.1513266367 -168.4540975666 -2000.0000000000
1303.9317562167 641.7568768410 1516.1370910098
1303.9317562167 641.7568768410 -2000.0000000000
1303.9317562167 641.7568768410 -2000.0000000000
-690.9702096573 -1920.9198483838 -951.0762243170
-690.9702096573 -1920.9198483838 -2000.0000000000
-690.9702096573 -1920.9198483838 -2000.0000000000
-690.9702096573 -1920.9198483838 -2000.0000000000
-690.9702096573 -1920.9198483838 -2000.0000000000
-1524.5521420236 -1207.8031391740 918.4191895636
-1524.5521420236 -1207.8031391740 -2000.0000000000
-1524.5521420236 -1207.8031391740 -2000.0000000000
-1524.5521420236 -1207.8031391740 -2000.0000000000
-1524.5521420236 -1207.8031391740 -2000.0000000000
-1524.5521420236 -1207.8031391740 -2000.0000000000
-1524.5521420236 -1207.8031391740 -2000.0000000000
1850.5224068915 -1122.1972412236 -1958.3351601877
1850.5224068915 -1122.1972412236 -2000.0000000000
1850.5224068915 -1122.1972412236 -2000.0000000000
1850.5224068915 -1122.1972412236 -2000.0000000000
1850.5224068915 -1122.1972412236 -2000.0000000000
1533.8468497555 -775.2395563826 -1760.7232938517
1533.8468497555 -775.2395563826 -2000.0000000000
289.6924629347 957.2354894159 1512.5714569288
289.6924629347 957.2354894159 -2000.0000000000
512.3481551281 1381.8946467399 -1103.2627988404
512.3481551281 1381.8946467399 -2000.0000000000
512.3481551281 1381.8946467399 -2000.0000000000
512.3481551281 1381.8946467399 -2000.0000000000
512.3481551281 1381.8946467399 -2000.0000000000
512.3481551281 1381.8946467399 -2000.0000000000
512.3481551281 1381.8946467399 -2000.0000000000
-1581.1206782465 -338.2530129932 1561.0181414016
-1391.4379992900 1753.8890166451 1064.4253742303
-1445.7485868089 1745.0239008459 30.4801763777
-1445.7485868089 1745.0239008459 -2000.0000000000
266.4415496827 -721.5141218256 1867.5749034057
-690.4815480361 1726.8647587930 495.5949592583
-690.4815480361 1726.8647587930 -2000.0000000000
1624.5166087176 1771.8072011798 342.7130155003
102.1120317692 1191.7177109422 1163.7822679510
99.6537093003 -1608.7288291514 1598.7118254000
-1110.6033690660 -1762.6206010214 176.9972581854
-1110.6033690660 -1762.6206010214 -2000.0000000000
-1110.6033690660 -1762.6206010214 -2000.0000000000
-1110.6033690660 -1762.6206010214 -2000.0000000000
-1110.6033690660 -1762.6206010214 -2000.0000000000
-1745.9960929972 1303.0484415831 -510.7798502267
-1745.9960929972 1303.0484415831 -2000.0000000000
1315.0160426894 1863.5733124678 -1587.3210829603
1315.0160426894 1863.5733124678 -2000.0000000000
1315.0160426894 1863.5733124678 -2000.0000000000
1315.0160426894 1863.5733124678 -2000.0000000000
1315.0160426894 1863.5733124678 -2000.0000000000
1776.5042646815 1794.7393470968 1912.1164345046
1776.5042646815 1794.7393470968 -2000.0000000000
1776.5042646815 1794.7393470968 -2000.0000000000
1776.5042646815 1794.7393470968 -2000.0000000000
1776.5042646815 1794.7393470968 -2000.0000000000
1776.5042646815 1794.7393470968 -2000.0000000000
1776.5042646815 1794.7393470968 -2000.0000000000
1776.5042646815 1794.7393470968 -2000.0000000000
34.1472607356 146.8744954168 1082.9748637357
569.3450067282 -1900.8740682429 367.7773522328
569.3450067282 -1900.8740682429 -2000.0000000000
61.1398028583 -1145.1528479217 1112.2878572048
229.6652916312 1727.1258194902 -1577.7162949550
229.6652916312 1727.1258194902 -2000.0000000000
229.6652916312 1727.1258194902 -2000.0000000000
229.6652916312 1727.1258194902 -2000.0000000000
229.6652916312 1727.1258194902 -2000.0000000000
706.7969602792 -175.6764988583 -165.8883811750
-1134.4486287684 -899.1289780007 -1352.1080982467
1537.2857368821 228.1546579937 -1637.8582794199
1537.2857368821 228.1546579937 -2000.0000000000
1537.2857368821 228.1546579937 -2000.0000000000
1537.2857368821 228.1546579937 -2000.0000000000
1537.2857368821 228.1546579937 -2000.0000000000
1537.2857368821 228.1546579937 -2000.0000000000
1537.2857368821 228.1546579937 -2000.0000000000
1537.2857368821 228.1546579937 -2000.0000000000
1537.2857368821 228.1546579937 -2000.0000000000
1537.2857368821 228.1546579937 -2000.0000000000
1537.2857368821 228.1546579937 -2000.0000000000
1537.2857368821 228.1546579937 -2000.0000000000
1537.2857368821 228.1546579937 -2000.0000000000
1537.2857368821 228.1546579937 -2000.0000000000
-1526.5481070180 -225.6949471996 -1725.3710591387
-1526.5481070180 -225.6949471996 -2000.0000000000
1573.7925764782 1799.7394343928 -364.9289452739
1573.7925764782 1799.7394343928 -2000.0000000000
555.4716908382 1996.5603103863 -1768.4853141929
555.4716908382 1996.5603103863 -2000.0000000000
555.4716908382 1996.5603103863 -2000.0000000000
555.4716908382 1996.5603103863 -2000.0000000000
555.4716908382 1996.5603103863 -2000.0000000000
555.4716908382 1996.5603103863 -2000.0000000000
377.0522617300 -245.3625542435 -520.8988941071
377.0522617300 -245.3625542435 -2000.0000000000
377.0522617300 -245.3625542435 -2000.0000000000
377.0522617300 -245.3625542435 -2000.0000000000
377.0522617300 -245.3625542435 -2000.0000000000
377.0522617300 -245.3625542435 -2000.0000000000
404.2924416356 322.0969565596 -809.2388820285
404.2924416356 322.0969565596 -2000.0000000000
1570.8058646844 1814.9150452922 1509.7901398688
1074.7410476114 297.6288498899 734.7621544578
-7.4309221288 -1528.6777356694 -1431.6992079613
-7.4309221288 -1528.6777356694 -2000.0000000000
-7.4309221288 -1528.6777356694 -2000.0000000000
-7.4309221288 -1528.6777356694 -2000.0000000000
1840.7889243670 1108.7258239448 1092.9426657072
1840.7889243670 1108.7258239448 -2000.0000000000
430.9273849074 -448.6450681956 -1883.2623110756
-630.7261213862 -1090.3333525476 1357.3160633454
-630.7261213862 -1090.3333525476 -2000.0000000000
-630.7261213862 -1090.3333525476 -2000.0000000000
-708.6091721391 1396.2116732782 -906.8764651883
-708.6091721391 1396.2116732782 -2000.0000000000
-708.6091721391 1396.2116732782 -2000.0000000000
-708.6091721391 1396.2116732782 -2000.0000000000
-1570.9546957025 1102.2264039818 1001.6282093012
-1570.9546957025 1102.2264039818 -2000.0000000000
-1570.9546957025 1102.2264039818 -2000.0000000000
-258.6420771654 704.1205410484 1888.6012950605
-258.6420771654 704.1205410484 -2000.0000000000
-258.6420771654 704.1205410484 -2000.0000000000
-258.6420771654 704.1205410484 -2000.0000000000
-258.6420771654 704.1205410484 -2000.0000000000
-12.2856465531 -343.9094475955 -202.7133218259
-12.2856465531 -343.9094475955 -2000.0000000000
-12.2856465531 -343.9094475955 -2000.0000000000
-12.2856465531 -343.9094475955 -2000.0000000000
-12.2856465531 -343.9094475955 -2000.0000000000
-12.2856465531 -343.9094475955 -2000.0000000000
-12.2856465531 -343.9094475955 -2000.0000000000
-12.2856465531 -343.9094475955 -2000.0000000000
-12.2856465531 -343.9094475955 -2000.0000000000
-12.2856465531 -343.9094475955 -2000.0000000000
-12.2856465531 -343.9094475955 -2000.0000000000
-12.2856465531 -343.9094475955 -2000.0000000000
-12.2856465531 -343.9094475955 -2000.0000000000
-12.2856465531 -343.9094475955 -2000.0000000000
-12.2856465531 -343.9094475955 -2000.0000000000
1882.5956722617 765.1355567200 1526.7726883010
1882.5956722617 765.1355567200 -2000.0000000000
-1737.1255465978 542.1413529840 -1213.0533790185
-1737.1255465978 542.1413529840 -2000.0000000000
-1737.1255465978 542.1413529840 -2000.0000000000
-1737.1255465978 542.1413529840 -2000.0000000000
-1737.1255465978 542.1413529840 -2000.0000000000
-1737.1255465978 542.1413529840 -2000.0000000000
-1737.1255465978 542.1413529840 -2000.0000000000
-1737.1255465978 542.1413529840 -2000.0000000000
-1737.1255465978 542.1413529840 -2000.0000000000
987.5822830093 -584.8124976415 -1458.5584273350
987.5822830093 -584.8124976415 -2000.0000000000
1150.3174894809 564.1533879215 -1296.2016747894
1629.9858168074 -1115.7956562814 156.5174142131
886.0844771412 -1127.8338593368 -145.3086609358
886.0844771412 -1127.8338593368 -2000.0000000000
886.0844771412 -1127.8338593368 -2000.0000000000
392.5741550553 -861.9358408947 845.5358739186
-648.8686519699 286.6477293433 545.1543445677
-648.8686519699 286.6477293433 -2000.0000000000
-648.8686519699 286.6477293433 -2000.0000000000
-626.5391890139 927.3657668650 -1605.9037087416
-626.5391890139 927.3657668650 -2000.0000000000
1540.8104017487 1320.8691963382 676.4420939713
1540.8104017487 1320.8691963382 -2000.0000000000
76.3764050997 -651.8287883150 179.2002415202
93.3355634433 -279.4364802936 1407.0506190988
93.3355634433 -279.4364802936 -2000.0000000000
-578.9009260985 -1210.3969158553 58.6623549020
-578.9009260985 -1210.3969158553 -2000.0000000000
6.3682838339 -1509.5631787564 -1540.4967433378
6.3682838339 -1509.5631787564 -2000.0000000000
6.3682838339 -1509.5631787564 -2000.0000000000
-1784.8580722781 899.6322783313 1943.6491515075
-1784.8580722781 899.6322783313 -2000.0000000000
1949.7219372398 -161.9159075507 1222.5168774722
1949.7219372398 -161.9159075507 -2000.0000000000
1536.5957032498 -762.7909499583 1984.0471439306
270.2851124411 -428.9736606934 1246.6981032192
810.5827459497 -1095.2843073034 641.9107670059
-714.2251957410 -879.8264231829 248.9447718008
-714.2251957410 -879.8264231829 -2000.0000000000
-714.2251957410 -879.8264231829 -2000.0000000000
1901.0085911041 -20.5280366796 -1859.6187477641
1407.6085075796 639.0482380642 -1489.2872880741
-1871.4975607463 -1176.8500324453 -948.0938488671
-1871.4975607463 -1176.8500324453 -2000.0000000000
-1871.4975607463 -1176.8500324453 -2000.0000000000
-1871.4975607463 -1176.8500324453 -2000.0000000000
-1871.4975607463 -1176.8500324453 -2000.0000000000
-1871.4975607463 -1176.8500324453 -2000.0000000000
992.2324045560 -1463.5120858872 -1001.4341620881
992.2324045560 -1463.5120858872 -2000.0000000000
992.2324045560 -1463.5120858872 -2000.0000000000
992.2324045560 -1463.5120858872 -2000.0000000000
992.2324045560 -1463.5120858872 -2000.0000000000
992.2324045560 -1463.5120858872 -2000.0000000000
992.2324045560 -1463.5120858872 -2000.0000000000
992.2324045560 -1463.5120858872 -2000.0000000000
992.2324045560 -1463.5120858872 -2000.0000000000
992.2324045560 -1463.5120858872 -2000.0000000000
992.2324045560 -1463.5120858872 -2000.0000000000
992.2324045560 -1463.5120858872 -2000.0000000000
992.2324045560 -1463.5120858872 -2000.0000000000
-961.9762811703 -852.7257127127 1671.9670364082
-961.9762811703 -852.7257127127 -2000.0000000000
-961.9762811703 -852.7257127127 -2000.0000000000
-961.9762811703 -852.7257127127 -2000.0000000000
-961.9762811703 -852.7257127127 -2000.0000000000
-961.9762811703 -852.7257127127 -2000.0000000000
-961.9762811703 -852.7257127127 -2000.0000000000
-961.9762811703 -852.7257127127 -2000.0000000000
-961.9762811703 -852.7257127127 -2000.0000000000
-961.9762811703 -852.7257127127 -2000.0000000000
1466.9692387677 -293.7671156444 -119.4522738008
1466.9692387677 -293.7671156444 -2000.0000000000
1466.9692387677 -293.7671156444 -2000.0000000000
1466.9692387677 -293.7671156444 -2000.0000000000
1854.5372611314 664.6768771216 -1372.0619563792
1854.5372611314 664.6768771216 -2000.0000000000
1854.5372611314 664.6768771216 -2000.0000000000
1205.3320673419 31.9718604902 -611.1171140759
1205.3320673419 31.9718604902 -2000.0000000000
1205.3320673419 31.9718604902 -2000.0000000000
-486.8204210970 460.1626619969 1210.2332519738
-486.8204210970 460.1626619969 -2000.0000000000
-662.7496670333 236.3048763254 -1694.3437283663
-662.7496670333 236.3048763254 -2000.0000000000
-662.7496670333 236.3048763254 -2000.0000000000
-1018.7082685213 256.9507569651 158.7044166226
-1975.1328961009 1417.7124139285 169.0834762107
-1975.1328961009 1417.7124139285 -2000.0000000000
-1975.1328961009 1417.7124139285 -2000.0000000000
-1975.1328961009 1417.7124139285 -2000.0000000000
-1975.1328961009 1417.7124139285 -2000.0000000000
-1975.1328961009 1417.7124139285 -2000.0000000000
-1975.1328961009 1417.7124139285 -2000.0000000000
-1975.1328961009 1417.7124139285 -2000.0000000000
806.3436671887 -411.3591943273 1082.7831994993
806.3436671887 -411.3591943273 -2000.0000000000
764.7317251655 -897.3554093934 -1729.0495971934
764.7317251655 -897.3554093934 -2000.0000000000
764.7317251655 -897.3554093934 -2000.0000000000
764.7317251655 -897.3554093934 -2000.0000000000
764.7317251655 -897.3554093934 -2000.0000000000
764.7317251655 -897.3554093934 -2000.0000000000
764.7317251655 -897.3554093934 -2000.0000000000
764.7317251655 -897.3554093934 -2000.0000000000
764.7317251655 -897.3554093934 -2000.0000000000
764.7317251655 -897.3554093934 -2000.0000000000
764.7317251655 -897.3554093934 -2000.0000000000
764.7317251655 -897.3554093934 -2000.0000000000
84.8110370832 391.3126759098 -568.2514435958
84.8110370832 391.3126759098 -2000.0000000000
84.8110370832 391.3126759098 -2000.0000000000
801.4233435881 -1756.8561549030 1831.4289949210
801.4233435881 -1756.8561549030 -2000.0000000000
645.8222084609 1359.8815163314 811.8977365213
-1248.8371520880 1281.1956834942 25.5398621791
-1248.8371520880 1281.1956834942 -2000.0000000000
-1248.8371520880 1281.1956834942 -2000.0000000000
1928.5957462639 873.3066540719 1715.2922262983
1928.5957462639 873.3066540719 -2000.0000000000
-23.6156838375 -528.9831089936 1888.1244383181
-23.6156838375 -528.9831089936 -2000.0000000000
-23.6156838375 -528.9831089936 -2000.0000000000
-23.6156838375 -528.9831089936 -2000.0000000000
-923.8793453105 1293.5071141666 -1620.4888791532
-923.8793453105 1293.5071141666 -2000.0000000000
-923.8793453105 1293.5071141666 -2000.0000000000
-923.8793453105 1293.5071141666 -2000.0000000000
-923.8793453105 1293.5071141666 -2000.0000000000
-923.8793453105 1293.5071141666 -2000.0000000000
-923.8793453105 1293.5071141666 -2000.0000000000
-923.8793453105 1293.5071141666 -2000.0000000000
545.7332510477 177.5747492357 -1674.8332366866
545.7332510477 177.5747492357 -2000.0000000000
545.7332510477 177.5747492357 -2000.0000000000
1707.3683757579 -927.6280567979 -639.4720619630
1707.3683757579 -927.6280567979 -2000.0000000000
1707.3683757579 -927.6280567979 -2000.0000000000
1707.3683757579 -927.6280567979 -2000.0000000000
1707.3683757579 -927.6280567979 -2000.0000000000
1707.3683757579 -927.6280567979 -2000.0000000000
1707.3683757579 -927.6280567979 -2000.0000000000
1708.7345713983 1473.7745142751 -1577.3795031644
-801.5957074010 -339.5376983313 1844.1934778328
-801.5957074010 -339.5376983313 -2000.0000000000
-801.5957074010 -339.5376983313 -2000.0000000000
526.3022394531 -1946.4735406380 -457.8668066053
526.3022394531 -1946.4735406380 -2000.0000000000
526.3022394531 -1946.4735406380 -2000.0000000000
526.3022394531 -1946.4735406380 -2000.0000000000
843.2891524836 1813.3467290334 1047.0272606272
843.2891524836 1813.3467290334 -2000.0000000000
1384.0204450661 1361.4655080366 -432.5322045086
392.9005868245 344.4323457912 -904.4916379427
392.9005868245 344.4323457912 -2000.0000000000
392.9005868245 344.4323457912 -2000.0000000000
-854.5013997265 -1330.7785046173 -1128.9038886897
-854.5013997265 -1330.7785046173 -2000.0000000000
-854.5013997265 -1330.7785046173 -2000.0000000000
-854.5013997265 -1330.7785046173 -2000.0000000000
444.0361721394 -1877.1085189551 -1061.0947957009
677.0984457975 -261.5603347783 -1206.8886303233
677.0984457975 -261.5603347783 -2000.0000000000
677.0984457975 -261.5603347783 -2000.0000000000
677.0984457975 -261.5603347783 -2000.0000000000
677.0984457975 -261.5603347783 -2000.0000000000
1147.6805693637 -803.1158711178 1005.5892580402
1147.6805693637 -803.1158711178 -2000.0000000000
1147.6805693637 -803.1158711178 -2000.0000000000
1969.0184722574 -1300.6265180989 -1720.2968397816
1969.0184722574 -1300.6265180989 -2000.0000000000
1969.0184722574 -1300.6265180989 -2000.0000000000
1969.0184722574 -1300.6265180989 -2000.0000000000
-1856.7240133364 -417.0037705972 530.1419515947
-1856.7240133364 -417.0037705972 -2000.0000000000
-1856.7240133364 -417.0037705972 -2000.0000000000
-1856.7240133364 -417.0037705972 -2000.0000000000
-1856.7240133364 -417.0037705972 -2000.0000000000
-1856.7240133364 -417.0037705972 -2000.0000000000
-1856.7240133364 -417.0037705972 -2000.0000000000
-1856.7240133364 -417.0037705972 -2000.0000000000
-1856.7240133364 -417.0037705972 -2000.0000000000
-1856.7240133364 -417.0037705972 -2000.0000000000
-1771.1095305057 -1860.4957745579 604.3579702047
-1647.3753547623 -1233.2490366317 -619.2011696849
-1647.3753547623 -1233.2490366317 -2000.0000000000
-1647.3753547623 -1233.2490366317 -2000.0000000000
-1647.3753547623 -1233.2490366317 -2000.0000000000
-1647.3753547623 -1233.2490366317 -2000.0000000000
-1647.3753547623 -1233.2490366317 -2000.0000000000
-1647.3753547623 -1233.2490366317 -2000.0000000000
-1647.3753547623 -1233.2490366317 -2000.0000000000
-1647.3753547623 -1233.2490366317 -2000.0000000000
-1647.3753547623 -1233.2490366317 -2000.0000000000
-1186.3064996329 1751.4857998793 1116.7979730014
-627.5215440351 1696.6391314107 -1909.7053289138
-1812.2640267071 -966.0695906881 122.3726396254
-1812.2640267071 -966.0695906881 -2000.0000000000
-1812.2640267071 -966.0695906881 -2000.0000000000
-1812.2640267071 -966.0695906881 -2000.0000000000
-1812.2640267071 -966.0695906881 -2000.0000000000
1425.6171049624 179.3172423132 -1389.3115458527
-43.2453674912 -1869.1349925292 -1388.5838553104
-43.2453674912 -1869.1349925292 -2000.0000000000
-43.2453674912 -1869.1349925292 -2000.0000000000
-1977.4016152124 -1539.4376171839 167.3762009469
-1977.4016152124 -1539.4376171839 -2000.0000000000
-1977.4016152124 -1539.4376171839 -2000.0000000000
-1977.4016152124 -1539.4376171839 -2000.0000000000
-1977.4016152124 -1539.4376171839 -2000.0000000000
-1977.4016152124 -1539.4376171839 -2000.0000000000
718.9122347929 -769.3158792066 -287.6212683679
718.9122347929 -769.3158792066 -2000.0000000000
718.9122347929 -769.3158792066 -2000.0000000000
718.9122347929 -769.3158792066 -2000.0000000000
718.9122347929 -769.3158792066 -2000.0000000000
718.9122347929 -769.3158792066 -2000.0000000000
718.9122347929 -769.3158792066 -2000.0000000000
718.9122347929 -769.3158792066 -2000.0000000000
718.9122347929 -769.3158792066 -2000.0000000000
718.9122347929 -769.3158792066 -2000.0000000000
-1654.0729475226 -1988.1670783588 -194.4694563812
-1654.0729475226 -1988.1670783588 -2000.0000000000
-1654.0729475226 -1988.1670783588 -2000.0000000000
-1654.0729475226 -1988.1670783588 -2000.0000000000
-1654.0729475226 -1988.1670783588 -2000.0000000000
-1654.0729475226 -1988.1670783588 -2000.0000000000
-1654.0729475226 -1988.1670783588 -2000.0000000000
1839.8846102780 896.9855125437 383.2009893735
933.2710352411 -709.1642017697 -144.0942774352
933.2710352411 -709.1642017697 -2000.0000000000
933.2710352411 -709.1642017697 -2000.0000000000
933.2710352411 -709.1642017697 -2000.0000000000
933.2710352411 -709.1642017697 -2000.0000000000
964.9228588801 1845.5466939149 925.3337822784
1383.8459933949 1290.4761599479 484.8807854522
1383.8459933949 1290.4761599479 -2000.0000000000
1383.8459933949 1290.4761599479 -2000.0000000000
1383.8459933949 1290.4761599479 -2000.0000000000
1383.8459933949 1290.4761599479 -2000.0000000000
1383.8459933949 1290.4761599479 -2000.0000000000
1383.8459933949 1290.4761599479 -2000.0000000000
1383.8459933949 1290.4761599479 -2000.0000000000
1383.8459933949 1290.4761599479 -2000.0000000000
1383.8459933949 1290.4761599479 -2000.0000000000
118.7441289787 79.0723895361 1409.0313288675
118.7441289787 79.0723895361 -2000.0000000000
118.7441289787 79.0723895361 -2000.0000000000
-1323.5606719153 -1369.4633860112 166.0618191829
-1323.5606719153 -1369.4633860112 -2000.0000000000
-1323.5606719153 -1369.4633860112 -2000.0000000000
-1323.5606719153 -1369.4633860112 -2000.0000000000
-1323.5606719153 -1369.4633860112 -2000.0000000000
-1323.5606719153 -1369.4633860112 -2000.0000000000
-1323.5606719153 -1369.4633860112 -2000.0000000000
1990.2323695782 582.9456817429 -1936.5949329392
1990.2323695782 582.9456817429 -2000.0000000000
1990.2323695782 582.9456817429 -2000.0000000000
1990.2323695782 582.9456817429 -2000.0000000000
1990.2323695782 582.9456817429 -2000.0000000000
1990.2323695782 582.9456817429 -2000.0000000000
1846.6049979033 1379.2143610375 1982.4157477344
1846.6049979033 1379.2143610375 -2000.0000000000
1846.6049979033 1379.2143610375 -2000.0000000000
822.6800926623 1799.6524460756 -646.9079441006
822.6800926623 1799.6524460756 -2000.0000000000
822.6800926623 1799.6524460756 -2000.0000000000
822.6800926623 1799.6524460756 -2000.0000000000
822.6800926623 1799.6524460756 -2000.0000000000
822.6800926623 1799.6524460756 -2000.0000000000
822.6800926623 1799.6524460756 -2000.0000000000
822.6800926623 1799.6524460756 -2000.0000000000
822.6800926623 1799.6524460756 -2000.0000000000
-1779.4869142659 205.6533429206 1357.9677120744
-1779.4869142659 205.6533429206 -2000.0000000000
-1779.4869142659 205.6533429206 -2000.0000000000
190.7156973300 750.9363340181 1576.5977588494
190.7156973300 750.9363340181 -2000.0000000000
190.7156973300 750.9363340181 -2000.0000000000
190.7156973300 750.9363340181 -2000.0000000000
190.7156973300 750.9363340181 -2000.0000000000
190.7156973300 750.9363340181 -2000.0000000000
190.7156973300 750.9363340181 -2000.0000000000
741.9826980014 284.8503085987 -1688.4621313606
1418.9064988597 -983.2870110235 981.9449874372
1418.9064988597 -983.2870110235 -2000.0000000000
1418.9064988597 -983.2870110235 -2000.0000000000
125.2938651053 -62.6721441918 1332.9825319097
125.2938651053 -62.6721441918 -2000.0000000000
125.2938651053 -62.6721441918 -2000.0000000000
125.2938651053 -62.6721441918 -2000.0000000000
125.2938651053 -62.6721441918 -2000.0000000000
125.2938651053 -62.6721441918 -2000.0000000000
125.2938651053 -62.6721441918 -2000.0000000000
-1589.2847477591 -1013.1195465226 219.0274006067
-1589.2847477591 -1013.1195465226 -2000.0000000000
1301.0531913504 1777.7384380610 170.6991164241
796.7337024250 1566.3238943162 1420.6152174004
796.7337024250 1566.3238943162 -2000.0000000000
796.7337024250 1566.3238943162 -2000.0000000000
1230.6163154806 1423.9394851800 1212.0397107462
-1589.4813645044 716.6127151975 1115.6762873093
1890.4256519887 837.7771450930 49.1118291224
1890.4256519887 837.7771450930 -2000.0000000000
-746.9437055212 -1683.9692697761 -594.6121481692
106.0162483005 1659.0926671733 10.0800243973
106.0162483005 1659.0926671733 -2000.0000000000
106.0162483005 1659.0926671733 -2000.0000000000
106.0162483005 1659.0926671733 -2000.0000000000
378.6708069388 -1360.4136323327 170.2744196624
378.6708069388 -1360.4136323327 -2000.0000000000
378.6708069388 -1360.4136323327 -2000.0000000000
378.6708069388 -1360.4136323327 -2000.0000000000
378.6708069388 -1360.4136323327 -2000.0000000000
-1624.0079349278 -520.6867146018 1023.2301340463
-1624.0079349278 -520.6867146018 -2000.0000000000
61.0474241008 -1972.3271749041 -1227.5999223720
61.0474241008 -1972.3271749041 -2000.0000000000
61.0474241008 -1972.3271749041 -2000.0000000000
61.0474241008 -1972.3271749041 -2000.0000000000
61.0474241008 -1972.3271749041 -2000.0000000000
1206.8996615712 181.0627140588 -1685.1994702095
1206.8996615712 181.0627140588 -2000.0000000000
1206.8996615712 181.0627140588 -2000.0000000000
1206.8996615712 181.0627140588 -2000.0000000000
1206.8996615712 181.0627140588 -2000.0000000000
1206.8996615712 181.0627140588 -2000.0000000000
-1595.8763065498 -1798.6382901539 -1126.6922236637
-1595.8763065498 -1798.6382901539 -2000.0000000000
-705.0513357039 -516.2822153334 214.8568009449
-705.0513357039 -516.2822153334 -2000.0000000000
-620.2409479140 504.6440676308 -943.4976902379
1639.4782747835 624.9432361950 -738.9854960984
1120.3997278262 1498.0574378601 -1118.8633022682
1120.3997278262 1498.0574378601 -2000.0000000000
1120.3997278262 1498.0574378601 -2000.0000000000
-289.2063139545 -704.4059535587 707.2637683946
-289.2063139545 -704.4059535587 -2000.0000000000
-645.9646505188 -1608.0836502453 450.5928721152
906.2021452984 -1404.9296536132 -1285.7685569699
906.2021452984 -1404.9296536132 -2000.0000000000
906.2021452984 -1404.9296536132 -2000.0000000000
906.2021452984 -1404.9296536132 -2000.0000000000
906.2021452984 -1404.9296536132 -2000.0000000000
906.2021452984 -1404.9296536132 -2000.0000000000
906.2021452984 -1404.9296536132 -2000.0000000000
906.2021452984 -1404.9296536132 -2000.0000000000
906.2021452984 -1404.9296536132 -2000.0000000000
906.2021452984 -1404.9296536132 -2000.0000000000
1736.5056202478 -1164.7677035964 1746.9670459056
1736.5056202478 -1164.7677035964 -2000.0000000000
15.6333005919 -535.7585420820 -773.1477255301
15.6333005919 -535.7585420820 -2000.0000000000
-1320.7923820468 1953.7012965977 -1394.1288133388
-1320.7923820468 1953.7012965977 -2000.0000000000
-760.6659924649 1198.2453101979 190.1414811255
-760.6659924649 1198.2453101979 -2000.0000000000
402.8805058366 79.1788853776 1607.0178505889
402.8805058366 79.1788853776 -2000.0000000000
402.8805058366 79.1788853776 -2000.0000000000
444.0308659937 -1291.7038991137 1291.1058110543
444.0308659937 -1291.7038991137 -2000.0000000000
444.0308659937 -1291.7038991137 -2000.0000000000
444.0308659937 -1291.7038991137 -2000.0000000000
444.0308659937 -1291.7038991137 -2000.0000000000
444.0308659937 -1291.7038991137 -2000.0000000000
444.0308659937 -1291.7038991137 -2000.0000000000
997.9221664568 11.1813436733 59.3654640694
997.9221664568 11.1813436733 -2000.0000000000
1788.7969339249 757.6025919371 -1511.4260047477
1788.7969339249 757.6025919371 -2000.0000000000
1788.7969339249 757.6025919371 -2000.0000000000
1788.7969339249 757.6025919371 -2000.0000000000
1788.7969339249 757.6025919371 -2000.0000000000
1788.7969339249 757.6025919371 -2000.0000000000
-50.0200452096 -453.9510050018 315.0341397993
-50.0200452096 -453.9510050018 -2000.0000000000
-50.0200452096 -453.9510050018 -2000.0000000000
-797.3612191600 -982.5335355802 609.6831956701
-797.3612191600 -982.5335355802 -2000.0000000000
-1219.5623387402 -1611.9866981479 -518.0617443106
-1219.5623387402 -1611.9866981479 -2000.0000000000
-1219.5623387402 -1611.9866981479 -2000.0000000000
-1219.5623387402 -1611.9866981479 -2000.0000000000
-1219.5623387402 -1611.9866981479 -2000.0000000000
-1219.5623387402 -1611.9866981479 -2000.0000000000
272.1171033154 1409.3498037806 -819.1612660225
272.1171033154 1409.3498037806 -2000.0000000000
-1402.1190727166 -368.0482056857 1573.1300728645
1668.5025960203 1100.6211303437 252.7276489958
1668.5025960203 1100.6211303437 -2000.0000000000
-105.5107872251 -1445.7770256015 1417.0072105804
-105.5107872251 -1445.7770256015 -2000.0000000000
-105.5107872251 -1445.7770256015 -2000.0000000000
-1231.9486661095 1354.6464355611 116.9111835681
428.9808643153 -488.5490698074 283.2420545429
280.8813564136 559.5567393041 -1469.1032622652
280.8813564136 559.5567393041 -2000.0000000000
280.8813564136 559.5567393041 -2000.0000000000
280.8813564136 559.5567393041 -2000.0000000000
-32.3884580476 -309.9413138279 -1156.0793939541
-32.3884580476 -309.9413138279 -2000.0000000000
-32.3884580476 -309.9413138279 -2000.0000000000
164.5459243099 1055.6029029970 -814.6925455811
164.5459243099 1055.6029029970 -2000.0000000000
164.5459243099 1055.6029029970 -2000.0000000000
175.9234408133 424.2589744722 -514.5887404503
175.9234408133 424.2589744722 -2000.0000000000
-25.8585182190 1614.5264025678 455.8959842256
-25.8585182190 1614.5264025678 -2000.0000000000
-25.8585182190 1614.5264025678 -2000.0000000000
-25.8585182190 1614.5264025678 -2000.0000000000
-25.8585182190 1614.5264025678 -2000.0000000000
-25.8585182190 1614.5264025678 -2000.0000000000
-25.8585182190 1614.5264025678 -2000.0000000000
-25.8585182190 1614.5264025678 -2000.0000000000
610.9049338952 -118.6006643902 -656.7629745798
610.9049338952 -118.6006643902 -2000.0000000000
-1777.5497976753 -1804.9604167885 -439.5071722063
-1777.5497976753 -1804.9604167885 -2000.0000000000
815.1641664013 -750.7869097723 1635.9583338277
815.1641664013 -750.7869097723 -2000.0000000000
-411.0357561928 468.2613309821 1973.4437102772
-411.0357561928 468.2613309821 -2000.0000000000
-411.0357561928 468.2613309821 -2000.0000000000
-351.4462384601 1946.3209718549 -338.7919706586
-351.4462384601 1946.3209718549 -2000.0000000000
-351.4462384601 1946.3209718549 -2000.0000000000
1845.5911317654 -453.6659723658 19.4911360523
1845.5911317654 -453.6659723658 -2000.0000000000
329.6966789720 -390.6726617376 -1079.7773454004
329.6966789720 -390.6726617376 -2000.0000000000
329.6966789720 -390.6726617376 -2000.0000000000
929.2210273403 -107.1210435392 1213.3040263872
-1146.2462203295 -1798.3819103065 51.0371713308
823.0415528337 -500.4150939038 1341.4022645412
823.0415528337 -500.4150939038 -2000.0000000000
823.0415528337 -500.4150939038 -2000.0000000000
823.0415528337 -500.4150939038 -2000.0000000000
823.0415528337 -500.4150939038 -2000.0000000000
823.0415528337 -500.4150939038 -2000.0000000000
823.0415528337 -500.4150939038 -2000.0000000000
823.0415528337 -500.4150939038 -2000.0000000000
-520.2170407781 975.6571547316 -1762.8491509619
-520.2170407781 975.6571547316 -2000.0000000000
-520.2170407781 975.6571547316 -2000.0000000000
1685.2441481085 -1589.6691247906 733.7792688972
1685.2441481085 -1589.6691247906 -2000.0000000000
570.7022674175 -701.2583292089 658.2838279360
570.7022674175 -701.2583292089 -2000.0000000000
570.7022674175 -701.2583292089 -2000.0000000000
570.7022674175 -701.2583292089 -2000.0000000000
538.6689271288 -1113.8723068956 1050.4236857420
1379.5599016646 1513.0461447565 -612.6506233934
1379.5599016646 1513.0461447565 -2000.0000000000
1379.5599016646 1513.0461447565 -2000.0000000000
1379.5599016646 1513.0461447565 -2000.0000000000
1379.5599016646 1513.0461447565 -2000.0000000000
1379.5599016646 1513.0461447565 -2000.0000000000
1379.5599016646 1513.0461447565 -2000.0000000000
1379.5599016646 1513.0461447565 -2000.0000000000
723.2851174627 65.5967446940 -1340.5155575759
723.2851174627 65.5967446940 -2000.0000000000
723.2851174627 65.5967446940 -2000.0000000000
935.1775243017 -433.6090569859 1603.0144189029
-1537.6813506556 1367.0337984650 400.4390684742
-1537.6813506556 1367.0337984650 -2000.0000000000
-1537.6813506556 1367.0337984650 -2000.0000000000
-1537.6813506556 1367.0337984650 -2000.0000000000
1264.1885016366 1533.0882715472 -1930.9086633389
-1680.4968546943 -1504.4068293399 -1025.1558695923
-1680.4968546943 -1504.4068293399 -2000.0000000000
-1680.4968546943 -1504.4068293399 -2000.0000000000
-1680.4968546943 -1504.4068293399 -2000.0000000000
-1680.4968546943 -1504.4068293399 -2000.0000000000
-1680.4968546943 -1504.4068293399 -2000.0000000000
-1680.4968546943 -1504.4068293399 -2000.0000000000
-1680.4968546943 -1504.4068293399 -2000.0000000000
-1680.4968546943 -1504.4068293399 -2000.0000000000
-1680.4968546943 -1504.4068293399 -2000.0000000000
231.6147272810 409.0037103185 555.6596429129
231.6147272810 409.0037103185 -2000.0000000000
159.4232277794 -1162.4483818123 1926.3796716280
159.4232277794 -1162.4483818123 -2000.0000000000
159.4232277794 -1162.4483818123 -2000.0000000000
1566.3265541606 1204.6079850709 -1253.7246179171
1566.3265541606 1204.6079850709 -2000.0000000000
-1117.6423133147 -906.3293457801 -1651.0071614741
-1117.6423133147 -906.3293457801 -2000.0000000000
-1117.6423133147 -906.3293457801 -2000.0000000000
983.1931901584 -803.6755558744 -511.1671499009
983.1931901584 -803.6755558744 -2000.0000000000
983.1931901584 -803.6755558744 -2000.0000000000
983.1931901584 -803.6755558744 -2000.0000000000
983.1931901584 -803.6755558744 -2000.0000000000
-674.8763707387 698.0148455990 -610.3885146900
-674.8763707387 698.0148455990 -2000.0000000000
-674.8763707387 698.0148455990 -2000.0000000000
-674.8763707387 698.0148455990 -2000.0000000000
-674.8763707387 698.0148455990 -2000.0000000000
1916.1113228569 -1916.6991469147 -811.2690934557
1916.1113228569 -1916.6991469147 -2000.0000000000
-1522.0216586897 -480.9411388140 1905.8619312815
-1522.0216586897 -480.9411388140 -2000.0000000000
-1893.5551347827 -330.7853622636 -736.7075965797
-1893.5551347827 -330.7853622636 -2000.0000000000
-1893.5551347827 -330.7853622636 -2000.0000000000
-1893.5551347827 -330.7853622636 -2000.0000000000
1333.2435066164 1023.2393244542 -1606.9672984627
1333.2435066164 1023.2393244542 -2000.0000000000
-1597.2857168100 1504.1576353337 -1215.5252949258
755.7145681821 -338.8943559261 -335.0108579686
755.7145681821 -338.8943559261 -2000.0000000000
1120.0337806304 982.2320955916 -667.9104430938
1120.0337806304 982.2320955916 -2000.0000000000
1120.0337806304 982.2320955916 -2000.0000000000
1120.0337806304 982.2320955916 -2000.0000000000
1120.0337806304 982.2320955916 -2000.0000000000
1120.0337806304 982.2320955916 -2000.0000000000
1120.0337806304 982.2320955916 -2000.0000000000
1120.0337806304 982.2320955916 -2000.0000000000
1943.1199800285 744.0441821126 1773.6803387922
1943.1199800285 744.0441821126 -2000.0000000000
-1127.3449174703 -1339.7630576802 -1455.4897451764
-1127.3449174703 -1339.7630576802 -2000.0000000000
-1127.3449174703 -1339.7630576802 -2000.0000000000
-1127.3449174703 -1339.7630576802 -2000.0000000000
-1164.3267030239 -1044.4398812829 725.0582552970
-1164.3267030239 -1044.4398812829 -2000.0000000000
-1164.3267030239 -1044.4398812829 -2000.0000000000
680.8087251272 -521.3353368586 -922.7455726657
680.8087251272 -521.3353368586 -2000.0000000000
680.8087251272 -521.3353368586 -2000.0000000000
680.8087251272 -521.3353368586 -2000.0000000000
680.8087251272 -521.3353368586 -2000.0000000000
-837.3075976614 1891.0865196153 1776.2069524776
-837.3075976614 1891.0865196153 -2000.0000000000
1686.7593552947 1585.7365040800 -1991.7103430057
1686.7593552947 1585.7365040800 -2000.0000000000
1686.7593552947 1585.7365040800 -2000.0000000000
1686.7593552947 1585.7365040800 -2000.0000000000
1686.7593552947 1585.7365040800 -2000.0000000000
1686.7593552947 1585.7365040800 -2000.0000000000
1686.7593552947 1585.7365040800 -2000.0000000000
1686.7593552947 1585.7365040800 -2000.0000000000
1686.7593552947 1585.7365040800 -2000.0000000000
1686.7593552947 1585.7365040800 -2000.0000000000
1645.3630599073 -86.0989574423 -1190.9998532909
922.8472675201 241.4534899035 1296.3378129147
1473.8349147882 -600.2030721445 -1655.9029588383
1473.8349147882 -600.2030721445 -2000.0000000000
1473.8349147882 -600.2030721445 -2000.0000000000
1473.8349147882 -600.2030721445 -2000.0000000000
1473.8349147882 -600.2030721445 -2000.0000000000
1473.8349147882 -600.2030721445 -2000.0000000000
-172.2667635870 1330.6540643136 1603.6927855203
-172.2667635870 1330.6540643136 -2000.0000000000
-172.2667635870 1330.6540643136 -2000.0000000000
-172.2667635870 1330.6540643136 -2000.0000000000
195.5092498939 -975.3095276571 1827.8462612465
195.5092498939 -975.3095276571 -2000.0000000000
612.1315409458 -534.4173425268 1592.8802088717
612.1315409458 -534.4173425268 -2000.0000000000
-1285.3929414616 -51.4343166159 -582.0747835090
1735.3054171103 449.6671082586 1961.3008600108
1045.8917399662 1729.8950153967 134.3826726140
1045.8917399662 1729.8950153967 -2000.0000000000
-1734.0863321810 1475.0392898497 1690.1944758434
-1734.0863321810 1475.0392898497 -2000.0000000000
-1734.0863321810 1475.0392898497 -2000.0000000000
-1734.0863321810 1475.0392898497 -2000.0000000000
-1734.0863321810 1475.0392898497 -2000.0000000000
-1734.0863321810 1475.0392898497 -2000.0000000000
-1172.6905194887 -589.3082727478 988.2496617664
-1172.6905194887 -589.3082727478 -2000.0000000000
-1172.6905194887 -589.3082727478 -2000.0000000000
-1172.6905194887 -589.3082727478 -2000.0000000000
-1172.6905194887 -589.3082727478 -2000.0000000000
-1851.6688473685 -639.1511879184 -28.6396025362
-1851.6688473685 -639.1511879184 -2000.0000000000
-1422.1704571836 916.8825156827 1918.5176424501
-1422.1704571836 916.8825156827 -2000.0000000000
-1422.1704571836 916.8825156827 -2000.0000000000
-1422.1704571836 916.8825156827 -2000.0000000000
-1422.1704571836 916.8825156827 -2000.0000000000
-1422.1704571836 916.8825156827 -2000.0000000000
-1422.1704571836 916.8825156827 -2000.0000000000
-1422.1704571836 916.8825156827 -2000.0000000000
-1422.1704571836 916.8825156827 -2000.0000000000
-1422.1704571836 916.8825156827 -2000.0000000000
-1422.1704571836 916.8825156827 -2000.0000000000
-1422.1704571836 916.8825156827 -2000.0000000000
-1422.1704571836 916.8825156827 -2000.0000000000
-1422.1704571836 916.8825156827 -2000.0000000000
-1422.1704571836 916.8825156827 -2000.0000000000
232.7185352328 732.3882457278 683.9070118535
232.7185352328 732.3882457278 -2000.0000000000
232.7185352328 732.3882457278 -2000.0000000000
232.7185352328 732.3882457278 -2000.0000000000
743.6219865714 -1680.4427122611 285.2752385691
743.6219865714 -1680.4427122611 -2000.0000000000
743.6219865714 -1680.4427122611 -2000.0000000000
1235.1001129118 -1948.0267472763 -1528.0742320402
817.7291626700 -1839.1267066780 -1539.0758564499
817.7291626700 -1839.1267066780 -2000.0000000000
817.7291626700 -1839.1267066780 -2000.0000000000
817.7291626700 -1839.1267066780 -2000.0000000000
817.7291626700 -1839.1267066780 -2000.0000000000
817.7291626700 -1839.1267066780 -2000.0000000000
817.7291626700 -1839.1267066780 -2000.0000000000
817.7291626700 -1839.1267066780 -2000.0000000000
-657.8056102335 409.1638861666 -1901.3308928266
-657.8056102335 409.1638861666 -2000.0000000000
-657.8056102335 409.1638861666 -2000.0000000000
-657.8056102335 409.1638861666 -2000.0000000000
-158.4489462510 -560.3237084530 385.1871871430
-158.4489462510 -560.3237084530 -2000.0000000000
-158.4489462510 -560.3237084530 -2000.0000000000
-1885.0109876962 -1198.4396113686 -1306.0654213983
1504.1089646592 -1994.4406412073 1290.8419119150
1504.1089646592 -1994.4406412073 -2000.0000000000
1504.1089646592 -1994.4406412073 -2000.0000000000
1504.1089646592 -1994.4406412073 -2000.0000000000
1439.6838054007 -1450.6229716964 -641.3467019863
1439.6838054007 -1450.6229716964 -2000.0000000000
-1317.5295720761 1887.1417400133 -340.5855754911
-1317.5295720761 1887.1417400133 -2000.0000000000
-1317.5295720761 1887.1417400133 -2000.0000000000
-1317.5295720761 1887.1417400133 -2000.0000000000
-1317.5295720761 1887.1417400133 -2000.0000000000
187.2987012963 -1507.6073890792 -311.0094338196
187.2987012963 -1507.6073890792 -2000.0000000000
-1060.5475324746 1925.1119277142 180.1556906630
1367.9481666318 -795.8749449867 -1982.0501855318
990.2449538285 -1225.6848190260 231.5565332720
990.2449538285 -1225.6848190260 -2000.0000000000
990.2449538285 -1225.6848190260 -2000.0000000000
990.2449538285 -1225.6848190260 -2000.0000000000
990.2449538285 -1225.6848190260 -2000.0000000000
1749.8631991487 -995.6675015430 1454.1203772306
1749.8631991487 -995.6675015430 -2000.0000000000
1749.8631991487 -995.6675015430 -2000.0000000000
1749.8631991487 -995.6675015430 -2000.0000000000
-729.8877149600 174.6646288794 36.6348392875
-729.8877149600 174.6646288794 -2000.0000000000
-729.8877149600 174.6646288794 -2000.0000000000
-729.8877149600 174.6646288794 -2000.0000000000
675.4105908580 -1481.3575864402 -1484.8683805734
-500.1087574735 435.8006444305 -1981.5315994298
-500.1087574735 435.8006444305 -2000.0000000000
-500.1087574735 435.8006444305 -2000.0000000000
-507.3727821812 -153.9156175228 -1151.0682795535
-507.3727821812 -153.9156175228 -2000.0000000000
-507.3727821812 -153.9156175228 -2000.0000000000
-507.3727821812 -153.9156175228 -2000.0000000000
962.5572734145 1291.7190842348 -361.5918037612
-1944.3874467780 -1283.1003680224 27.3913702932
-1944.3874467780 -1283.1003680224 -2000.0000000000
-1944.3874467780 -1283.1003680224 -2000.0000000000
1266.4158760681 -300.5605123506 611.2983463896
1266.4158760681 -300.5605123506 -2000.0000000000
1266.4158760681 -300.5605123506 -2000.0000000000
-388.5052957818 -668.2011362966 618.3951524410
-388.5052957818 -668.2011362966 -2000.0000000000
-1391.0409188911 -754.2675792376 990.9692114391
-1391.0409188911 -754.2675792376 -2000.0000000000
1213.1617144026 66.9730336438 1906.4975845635
1213.1617144026 66.9730336438 -2000.0000000000
1759.4273595517 -865.7484046085 -1953.9201624866
1759.4273595517 -865.7484046085 -2000.0000000000
1759.4273595517 -865.7484046085 -2000.0000000000
1497.5405848048 -1633.2728768518 -1483.0538459855
1497.5405848048 -1633.2728768518 -2000.0000000000
1497.5405848048 -1633.2728768518 -2000.0000000000
1497.5405848048 -1633.2728768518 -2000.0000000000
1497.5405848048 -1633.2728768518 -2000.0000000000
1497.5405848048 -1633.2728768518 -2000.0000000000
1110.5051662115 742.4336266603 -539.2126645461
1730.5504302723 891.5428065167 137.2164314768
-20.8370134205 991.1580358166 846.4263253743
-20.8370134205 991.1580358166 -2000.0000000000
-356.2703612933 1424.7580390629 1077.0823204520
-356.2703612933 1424.7580390629 -2000.0000000000
1757.3182383127 -1790.6699291121 949.1147741990
609.9069292590 1480.3191242291 836.8234742903
609.9069292590 1480.3191242291 -2000.0000000000
1393.5240247619 -522.6624849270 1441.5047420627
1393.5240247619 -522.6624849270 -2000.0000000000
1393.5240247619 -522.6624849270 -2000.0000000000
1393.5240247619 -522.6624849270 -2000.0000000000
-1260.5438735667 496.0534428931 754.0112942912
1150.7040284457 155.9245472904 -256.2582159182
1150.7040284457 155.9245472904 -2000.0000000000
1150.7040284457 155.9245472904 -2000.0000000000
-608.2264394035 -287.3941040653 22.2186424551
-608.2264394035 -287.3941040653 -2000.0000000000
-602.5581466258 1839.0208238273 -1574.1549994116
-602.5581466258 1839.0208238273 -2000.0000000000
-602.5581466258 1839.0208238273 -2000.0000000000
1876.8015372493 -1893.2438161217 -579.7046891220
1876.8015372493 -1893.2438161217 -2000.0000000000
1876.8015372493 -1893.2438161217 -2000.0000000000
1876.8015372493 -1893.2438161217 -2000.0000000000
1876.8015372493 -1893.2438161217 -2000.0000000000
-193.1305897412 -67.4723408854 -238.4172466518
-193.1305897412 -67.4723408854 -2000.0000000000
-193.1305897412 -67.4723408854 -2000.0000000000
-193.1305897412 -67.4723408854 -2000.0000000000
-193.1305897412 -67.4723408854 -2000.0000000000
1991.0870564855 1430.6266083303 -1665.7428012546
1991.0870564855 1430.6266083303 -2000.0000000000
1991.0870564855 1430.6266083303 -2000.0000000000
1991.0870564855 1430.6266083303 -2000.0000000000
1991.0870564855 1430.6266083303 -2000.0000000000
-432.0389029271 1857.2773239722 751.5083480416
-432.0389029271 1857.2773239722 -2000.0000000000
-164.0284092122 -32.3607592678 1718.8879712318
-164.0284092122 -32.3607592678 -2000.0000000000
-164.0284092122 -32.3607592678 -2000.0000000000
-1145.3333552357 -332.1756303632 -1560.0547202344
-1145.3333552357 -332.1756303632 -2000.0000000000
-1145.3333552357 -332.1756303632 -2000.0000000000
-1145.3333552357 -332.1756303632 -2000.0000000000
-1145.3333552357 -332.1756303632 -2000.0000000000
-1145.3333552357 -332.1756303632 -2000.0000000000
-1145.3333552357 -332.1756303632 -2000.0000000000
-1145.3333552357 -332.1756303632 -2000.0000000000
-1145.3333552357 -332.1756303632 -2000.0000000000
-1145.3333552357 -332.1756303632 -2000.0000000000
-1145.3333552357 -332.1756303632 -2000.0000000000
-902.9002446706 -510.7923325346 130.2976114674
-818.9986897834 1889.9546081093 1029.0055117673
-818.9986897834 1889.9546081093 -2000.0000000000
-818.9986897834 1889.9546081093 -2000.0000000000
-1671.1560894188 -887.9128798946 1822.1329332337
-38.3952341462 -1662.3708545188 -840.5782359265
-503.3840359118 433.2202734106 1464.9082234664
-503.3840359118 433.2202734106 -2000.0000000000
-503.3840359118 433.2202734106 -2000.0000000000
-503.3840359118 433.2202734106 -2000.0000000000
-503.3840359118 433.2202734106 -2000.0000000000
-503.3840359118 433.2202734106 -2000.0000000000
-503.3840359118 433.2202734106 -2000.0000000000
-503.3840359118 433.2202734106 -2000.0000000000
-503.3840359118 433.2202734106 -2000.0000000000
-503.3840359118 433.2202734106 -2000.0000000000
-503.3840359118 433.2202734106 -2000.0000000000
-1670.2517619367 1487.0828679721 342.1273614711
-1670.2517619367 1487.0828679721 -2000.0000000000
-1670.2517619367 1487.0828679721 -2000.0000000000
-1670.2517619367 1487.0828679721 -2000.0000000000
-1670.2517619367 1487.0828679721 -2000.0000000000
1744.4170335992 -102.6476059932 101.6938741909
1744.4170335992 -102.6476059932 -2000.0000000000
1744.4170335992 -102.6476059932 -2000.0000000000
1744.4170335992 -102.6476059932 -2000.0000000000
391.8033454291 -496.4177039331 1675.0362801336
391.8033454291 -496.4177039331 -2000.0000000000
391.8033454291 -496.4177039331 -2000.0000000000
391.8033454291 -496.4177039331 -2000.0000000000
391.8033454291 -496.4177039331 -2000.0000000000
391.8033454291 -496.4177039331 -2000.0000000000
391.8033454291 -496.4177039331 -2000.0000000000
391.8033454291 -496.4177039331 -2000.0000000000
433.7888032288 -1302.3207988737 394.9348971464
433.7888032288 -1302.3207988737 -2000.0000000000
433.7888032288 -1302.3207988737 -2000.0000000000
433.7888032288 -1302.3207988737 -2000.0000000000
-228.5759497450 1090.1110010050 746.6582952259
-416.0860236639 38.4430750452 -1002.6211661308
-416.0860236639 38.4430750452 -2000.0000000000
-416.0860236639 38.4430750452 -2000.0000000000
-416.0860236639 38.4430750452 -2000.0000000000
-416.0860236639 38.4430750452 -2000.0000000000
-416.0860236639 38.4430750452 -2000.0000000000
-416.0860236639 38.4430750452 -2000.0000000000
-416.0860236639 38.4430750452 -2000.0000000000
-82.6965495900 -1588.7090195093 1306.7467815339
-82.6965495900 -1588.7090195093 -2000.0000000000
62.9860212236 -132.0336094033 837.9710190589
62.9860212236 -132.0336094033 -2000.0000000000
-1124.7919298132 283.8000221256 1385.0810573034
-1165.6272428641 -17.5101903038 -1092.4440574046
-1165.6272428641 -17.5101903038 -2000.0000000000
-1165.6272428641 -17.5101903038 -2000.0000000000
-1165.6272428641 -17.5101903038 -2000.0000000000
-1165.6272428641 -17.5101903038 -2000.0000000000
-129.2430404310 1787.1943718042 -1983.4589249874
-129.2430404310 1787.1943718042 -2000.0000000000
-129.2430404310 1787.1943718042 -2000.0000000000
-129.2430404310 1787.1943718042 -2000.0000000000
-129.2430404310 1787.1943718042 -2000.0000000000
960.2812663130 123.5091637056 -696.4422730287
960.2812663130 123.5091637056 -2000.0000000000
960.2812663130 123.5091637056 -2000.0000000000
960.2812663130 123.5091637056 -2000.0000000000
960.2812663130 123.5091637056 -2000.0000000000
960.2812663130 123.5091637056 -2000.0000000000
996.9714285264 -353.4030757359 1517.7429722507
996.9714285264 -353.4030757359 -2000.0000000000
996.9714285264 -353.4030757359 -2000.0000000000
996.9714285264 -353.4030757359 -2000.0000000000
996.9714285264 -353.4030757359 -2000.0000000000
996.9714285264 -353.4030757359 -2000.0000000000
996.9714285264 -353.4030757359 -2000.0000000000
996.9714285264 -353.4030757359 -2000.0000000000
996.9714285264 -353.4030757359 -2000.0000000000
424.9538021387 -79.8549250346 -1669.8723065957
424.9538021387 -79.8549250346 -2000.0000000000
489.0430419464 27.9880434286 1609.1460835216
489.0430419464 27.9880434286 -2000.0000000000
370.7664922276 1543.4970072681 976.3437006795
370.7664922276 1543.4970072681 -2000.0000000000
1346.2726942792 503.1400156095 -33.6369850609
1346.2726942792 503.1400156095 -2000.0000000000
1346.2726942792 503.1400156095 -2000.0000000000
1346.2726942792 503.1400156095 -2000.0000000000
1346.2726942792 503.1400156095 -2000.0000000000
1346.2726942792 503.1400156095 -2000.0000000000
1346.2726942792 503.1400156095 -2000.0000000000
1346.2726942792 503.1400156095 -2000.0000000000
1756.3637900182 -1463.7714740490 -1805.4750301178
1756.3637900182 -1463.7714740490 -2000.0000000000
-1632.5893833064 -1200.6322290151 -1939.7879677151
-1632.5893833064 -1200.6322290151 -2000.0000000000
-154.6856454378 -1216.0226296870 -15.7685240401
-154.6856454378 -1216.0226296870 -2000.0000000000
92.5605468338 541.5083727709 1443.1036748463
-1158.2972679711 1562.6935171350 1915.4932329033
-1158.2972679711 1562.6935171350 -2000.0000000000
-1158.2972679711 1562.6935171350 -2000.0000000000
-798.4993658390 -598.6713449216 740.0875693836
-1994.4854183692 443.8195911149 -114.6507058890
-1994.4854183692 443.8195911149 -2000.0000000000
-1994.4854183692 443.8195911149 -2000.0000000000
-414.3132506655 -456.5491558041 1838.6656002371
-414.3132506655 -456.5491558041 -2000.0000000000
922.5265971967 353.8821723166 -1979.2816809960
922.5265971967 353.8821723166 -2000.0000000000
922.5265971967 353.8821723166 -2000.0000000000
922.5265971967 353.8821723166 -2000.0000000000
922.5265971967 353.8821723166 -2000.0000000000
-1411.1727972000 -335.5620793131 1625.0039093894
-1411.1727972000 -335.5620793131 -2000.0000000000
-970.0990068934 -1426.7621943370 1018.9296627499
-1899.4980931376 -4.2309047818 1448.1085248065
-1899.4980931376 -4.2309047818 -2000.0000000000
-1899.4980931376 -4.2309047818 -2000.0000000000
1541.9749539109 96.4706166244 -146.9691051632
1541.9749539109 96.4706166244 -2000.0000000000
1541.9749539109 96.4706166244 -2000.0000000000
1541.9749539109 96.4706166244 -2000.0000000000
642.1442356955 -627.9493363788 1769.4305697616
642.1442356955 -627.9493363788 -2000.0000000000
1023.0006158359 -988.9155020018 102.5903669922
1023.0006158359 -988.9155020018 -2000.0000000000
1023.0006158359 -988.9155020018 -2000.0000000000
1023.0006158359 -988.9155020018 -2000.0000000000
938.7234418169 -1723.1142197658 826.5383818653
938.7234418169 -1723.1142197658 -2000.0000000000
938.7234418169 -1723.1142197658 -2000.0000000000
938.7234418169 -1723.1142197658 -2000.0000000000
-1567.7840359747 1866.6900842565 467.4323057329
-653.8689455727 1383.9579455434 1638.5162162424
-653.8689455727 1383.9579455434 -2000.0000000000
-1563.4357359530 -1402.8780757494 -1913.1562151833
-1563.4357359530 -1402.8780757494 -2000.0000000000
-1563.4357359530 -1402.8780757494 -2000.0000000000
-1563.4357359530 -1402.8780757494 -2000.0000000000
-1563.4357359530 -1402.8780757494 -2000.0000000000
-1563.4357359530 -1402.8780757494 -2000.0000000000
-1563.4357359530 -1402.8780757494 -2000.0000000000
459.3537265508 1114.3930990303 -210.9124963596
459.3537265508 1114.3930990303 -2000.0000000000
459.3537265508 1114.3930990303 -2000.0000000000
-1354.4207077006 1237.7924047394 188.3946344382
-1673.8509698581 -717.2602609669 -158.4231194702
-1603.8233696068 606.2187604249 1391.1184708359
-1603.8233696068 606.2187604249 -2000.0000000000
1245.9323175953 -948.1835592591 123.2356862362
1245.9323175953 -948.1835592591 -2000.0000000000
1245.9323175953 -948.1835592591 -2000.0000000000
1245.9323175953 -948.1835592591 -2000.0000000000
1245.9323175953 -948.1835592591 -2000.0000000000
-1815.3766508235 -216.1513829996 -1802.1142349288
1707.2780771856 785.0051337122 -1846.9817521318
1707.2780771856 785.0051337122 -2000.0000000000
-1248.6280319191 -1635.4664116878 -1914.4544291311
-1248.6280319191 -1635.4664116878 -2000.0000000000
1150.6213340001 -1467.0254045894 103.7580667209
1150.6213340001 -1467.0254045894 -2000.0000000000
-1035.4259650014 -1098.8193753620 1338.2017123828
-1162.0242230720 1014.4298376450 -662.2349328932
330.1556266219 199.2991255672 26.2829173291
330.1556266219 199.2991255672 -2000.0000000000
330.1556266219 199.2991255672 -2000.0000000000
330.1556266219 199.2991255672 -2000.0000000000
330.1556266219 199.2991255672 -2000.0000000000
330.1556266219 199.2991255672 -2000.0000000000
330.1556266219 199.2991255672 -2000.0000000000
330.1556266219 199.2991255672 -2000.0000000000
-768.1126043702 -1030.2358400450 -1682.2662103958
-768.1126043702 -1030.2358400450 -2000.0000000000
-768.1126043702 -1030.2358400450 -2000.0000000000
-768.1126043702 -1030.2358400450 -2000.0000000000
-768.1126043702 -1030.2358400450 -2000.0000000000
-768.1126043702 -1030.2358400450 -2000.0000000000
-1579.8401397117 -118.0980988960 -521.1531942488
-1250.4696134104 167.4829124436 -825.7408407376
-1250.4696134104 167.4829124436 -2000.0000000000
-1245.5069547191 1726.2204004603 1672.6390901622
-1245.5069547191 1726.2204004603 -2000.0000000000
1926.2670201223 17.6979823351 190.7791728393
366.0444272339 -534.5301543070 -1776.7997758326
366.0444272339 -534.5301543070 -2000.0000000000
-665.6477794837 -58.5946182780 -340.5139247836
-665.6477794837 -58.5946182780 -2000.0000000000
1820.1027009076 1518.9463414831 140.3223757699
1820.1027009076 1518.9463414831 -2000.0000000000
1820.1027009076 1518.9463414831 -2000.0000000000
1820.1027009076 1518.9463414831 -2000.0000000000
1820.1027009076 1518.9463414831 -2000.0000000000
1820.1027009076 1518.9463414831 -2000.0000000000
1820.1027009076 1518.9463414831 -2000.0000000000
-590.9381238339 1737.5111770035 929.2654611426
-1272.9493837144 -387.0579480993 1987.8872703169
-1272.9493837144 -387.0579480993 -2000.0000000000
1277.3966083016 -387.1557178405 1638.8609870552
-424.3453041491 -647.8189848619 85.2872802278
-424.3453041491 -647.8189848619 -2000.0000000000
-424.3453041491 -647.8189848619 -2000.0000000000
-424.3453041491 -647.8189848619 -2000.0000000000
-424.3453041491 -647.8189848619 -2000.0000000000
1312.9458119259 479.1479456290 1613.8135683141
1312.9458119259 479.1479456290 -2000.0000000000
1312.9458119259 479.1479456290 -2000.0000000000
757.8839957720 -1261.2542019034 -407.7661200084
914.5586277645 1541.1915144343 -1381.2204737181
1970.7151285406 -962.4659884081 -1177.5148301394
1970.7151285406 -962.4659884081 -2000.0000000000
1970.7151285406 -962.4659884081 -2000.0000000000
-443.5633289311 -758.1493289312 1734.8507867224
-443.5633289311 -758.1493289312 -2000.0000000000
-443.5633289311 -758.1493289312 -2000.0000000000
-443.5633289311 -758.1493289312 -2000.0000000000
-443.5633289311 -758.1493289312 -2000.0000000000
1960.8276852293 1644.9173695538 -1736.8121463533
1960.8276852293 1644.9173695538 -2000.0000000000
1960.8276852293 1644.9173695538 -2000.0000000000
1960.8276852293 1644.9173695538 -2000.0000000000
1960.8276852293 1644.9173695538 -2000.0000000000
1783.4217643307 751.5929630281 1986.0565249462
1783.4217643307 751.5929630281 -2000.0000000000
1783.4217643307 751.5929630281 -2000.0000000000
1631.7457259799 -1926.7735875751 -812.2080259563
1631.7457259799 -1926.7735875751 -2000.0000000000
1631.7457259799 -1926.7735875751 -2000.0000000000
1631.7457259799 -1926.7735875751 -2000.0000000000
1679.1999403683 -959.3948207008 -1833.4397520682
1679.1999403683 -959.3948207008 -2000.0000000000
-1836.7076879410 954.9267222141 1581.2622539492
-179.0268886759 69.0009318899 1746.0022281091
-179.0268886759 69.0009318899 -2000.0000000000
-179.0268886759 69.0009318899 -2000.0000000000
-179.0268886759 69.0009318899 -2000.0000000000
-179.0268886759 69.0009318899 -2000.0000000000
-179.0268886759 69.0009318899 -2000.0000000000
-179.0268886759 69.0009318899 -2000.0000000000
-179.0268886759 69.0009318899 -2000.0000000000
-179.0268886759 69.0009318899 -2000.0000000000
-179.0268886759 69.0009318899 -2000.0000000000
-179.0268886759 69.0009318899 -2000.0000000000
-291.7650118472 -1015.7070475929 700.0771481563
-291.7650118472 -1015.7070475929 -2000.0000000000
-291.7650118472 -1015.7070475929 -2000.0000000000
-291.7650118472 -1015.7070475929 -2000.0000000000
1846.5566165513 1875.9716953262 -118.1206693727
1846.5566165513 1875.9716953262 -2000.0000000000
1846.5566165513 1875.9716953262 -2000.0000000000
1846.5566165513 1875.9716953262 -2000.0000000000
1846.5566165513 1875.9716953262 -2000.0000000000
1846.5566165513 1875.9716953262 -2000.0000000000
1846.5566165513 1875.9716953262 -2000.0000000000
1846.5566165513 1875.9716953262 -2000.0000000000
1846.5566165513 1875.9716953262 -2000.0000000000
1846.5566165513 1875.9716953262 -2000.0000000000
-1812.4829990999 605.8052943276 950.8791763708
-1812.4829990999 605.8052943276 -2000.0000000000
-1812.4829990999 605.8052943276 -2000.0000000000
-1812.4829990999 605.8052943276 -2000.0000000000
-1812.4829990999 605.8052943276 -2000.0000000000
-1820.2962762757 -291.1053573312 3.9032115552
-1820.2962762757 -291.1053573312 -2000.0000000000
1679.3720728159 -1249.8662394100 -83.1030791052
585.4977549756 -766.6827336406 284.3018664013
585.4977549756 -766.6827336406 -2000.0000000000
585.4977549756 -766.6827336406 -2000.0000000000
585.4977549756 -766.6827336406 -2000.0000000000
585.4977549756 -766.6827336406 -2000.0000000000
585.4977549756 -766.6827336406 -2000.0000000000
585.4977549756 -766.6827336406 -2000.0000000000
585.4977549756 -766.6827336406 -2000.0000000000
585.4977549756 -766.6827336406 -2000.0000000000
585.4977549756 -766.6827336406 -2000.0000000000
-1337.3959079915 684.2598949726 1414.3343575574
-1337.3959079915 684.2598949726 -2000.0000000000
-1337.3959079915 684.2598949726 -2000.0000000000
-1337.3959079915 684.2598949726 -2000.0000000000
764.5158783795 -763.8149452499 968.0341076142
-324.2568087057 -1267.0475516783 145.4623853799
-324.2568087057 -1267.0475516783 -2000.0000000000
-324.2568087057 -1267.0475516783 -2000.0000000000
-324.2568087057 -1267.0475516783 -2000.0000000000
1234.0000036415 -140.2329125873 470.1786022821
1234.0000036415 -140.2329125873 -2000.0000000000
1234.0000036415 -140.2329125873 -2000.0000000000
1234.0000036415 -140.2329125873 -2000.0000000000
-637.6117997546 353.6731219931 -1775.1457138993
-637.6117997546 353.6731219931 -2000.0000000000
-637.6117997546 353.6731219931 -2000.0000000000
-317.4523578794 -902.6284888834 -1965.5523374218
-317.4523578794 -902.6284888834 -2000.0000000000
-317.4523578794 -902.6284888834 -2000.0000000000
497.2134065006 1520.2197804639 1664.0573063496
497.2134065006 1520.2197804639 -2000.0000000000
497.2134065006 1520.2197804639 -2000.0000000000
497.2134065006 1520.2197804639 -2000.0000000000
497.2134065006 1520.2197804639 -2000.0000000000
497.2134065006 1520.2197804639 -2000.0000000000
497.2134065006 1520.2197804639 -2000.0000000000
497.2134065006 1520.2197804639 -2000.0000000000
497.2134065006 1520.2197804639 -2000.0000000000
1828.2987253659 -553.4488995948 -1087.5668529001
1828.2987253659 -553.4488995948 -2000.0000000000
1828.2987253659 -553.4488995948 -2000.0000000000
1828.2987253659 -553.4488995948 -2000.0000000000
1828.2987253659 -553.4488995948 -2000.0000000000
1828.2987253659 -553.4488995948 -2000.0000000000
1828.2987253659 -553.4488995948 -2000.0000000000
624.8264300428 -829.1922398150 1545.7743938943
624.8264300428 -829.1922398150 -2000.0000000000
-1721.3088849900 -723.4253575040 1615.5483480722
-1721.3088849900 -723.4253575040 -2000.0000000000
-1721.3088849900 -723.4253575040 -2000.0000000000
893.1831612586 1717.9078954709 -1566.0450059122
893.1831612586 1717.9078954709 -2000.0000000000
893.1831612586 1717.9078954709 -2000.0000000000
893.1831612586 1717.9078954709 -2000.0000000000
1975.4313082062 755.2249283926 1927.6417749195
1975.4313082062 755.2249283926 -2000.0000000000
1975.4313082062 755.2249283926 -2000.0000000000
-75.6261905822 -636.1284887791 968.8714508757
1107.0181857645 -1969.8287570632 1363.6168408092
1107.0181857645 -1969.8287570632 -2000.0000000000
1107.0181857645 -1969.8287570632 -2000.0000000000
1587.4312976840 -1748.1288506958 1763.2489832059
1587.4312976840 -1748.1288506958 -2000.0000000000
355.8319656922 1705.8072413505 1432.1688241370
355.8319656922 1705.8072413505 -2000.0000000000
355.8319656922 1705.8072413505 -2000.0000000000
355.8319656922 1705.8072413505 -2000.0000000000
355.8319656922 1705.8072413505 -2000.0000000000
355.8319656922 1705.8072413505 -2000.0000000000
355.8319656922 1705.8072413505 -2000.0000000000
1853.6082321587 -728.4458452033 -543.4683582073
1853.6082321587 -728.4458452033 -2000.0000000000
1853.6082321587 -728.4458452033 -2000.0000000000
-1693.2034363619 -21.5463388351 -1385.5445800569
-1693.2034363619 -21.5463388351 -2000.0000000000
-1693.2034363619 -21.5463388351 -2000.0000000000
-1693.2034363619 -21.5463388351 -2000.0000000000
-1693.2034363619 -21.5463388351 -2000.0000000000
-1693.2034363619 -21.5463388351 -2000.0000000000
1315.8593199278 209.6938639216 60.4056566927
1315.8593199278 209.6938639216 -2000.0000000000
1315.8593199278 209.6938639216 -2000.0000000000
1315.8593199278 209.6938639216 -2000.0000000000
-564.1516382466 -759.4772890810 52.1790365384
-564.1516382466 -759.4772890810 -2000.0000000000
-564.1516382466 -759.4772890810 -2000.0000000000
598.3358876466 -1297.2902399608 -175.9955235408
-46.5191128451 -1322.0821273846 1978.3406527284
-46.5191128451 -1322.0821273846 -2000.0000000000
-46.5191128451 -1322.0821273846 -2000.0000000000
-859.0600455079 -1544.3247952329 -183.0681640452
-859.0600455079 -1544.3247952329 -2000.0000000000
-859.0600455079 -1544.3247952329 -2000.0000000000
-859.0600455079 -1544.3247952329 -2000.0000000000
-859.0600455079 -1544.3247952329 -2000.0000000000
-859.0600455079 -1544.3247952329 -2000.0000000000
-859.0600455079 -1544.3247952329 -2000.0000000000
-859.0600455079 -1544.3247952329 -2000.0000000000
-859.0600455079 -1544.3247952329 -2000.0000000000
-859.0600455079 -1544.3247952329 -2000.0000000000
-859.0600455079 -1544.3247952329 -2000.0000000000
-859.0600455079 -1544.3247952329 -2000.0000000000
-859.0600455079 -1544.3247952329 -2000.0000000000
-859.0600455079 -1544.3247952329 -2000.0000000000
472.4749642003 12.4198890434 -1910.1069681346
472.4749642003 12.4198890434 -2000.0000000000
472.4749642003 12.4198890434 -2000.0000000000
472.4749642003 12.4198890434 -2000.0000000000
472.4749642003 12.4198890434 -2000.0000000000
472.4749642003 12.4198890434 -2000.0000000000
472.4749642003 12.4198890434 -2000.0000000000
300.8870318125 -1217.5806866054 -1302.0056507137
-1329.7604485547 668.0458733913 -1254.5815359877
-1329.7604485547 668.0458733913 -2000.0000000000
-1329.7604485547 668.0458733913 -2000.0000000000
-1329.7604485547 668.0458733913 -2000.0000000000
-1329.7604485547 668.0458733913 -2000.0000000000
-768.6667806425 -338.6919549967 1777.9598749962
-768.6667806425 -338.6919549967 -2000.0000000000
-161.2067483248 -307.7221890523 360.3833369423
-161.2067483248 -307.7221890523 -2000.0000000000
682.8923286375 -1846.8991132257 -1262.0201722600
-1077.4476230647 56.8138282545 -227.5690203709
-116.4312372092 442.6562965800 -373.1163281515
-116.4312372092 442.6562965800 -2000.0000000000
-116.4312372092 442.6562965800 -2000.0000000000
-116.4312372092 442.6562965800 -2000.0000000000
-116.4312372092 442.6562965800 -2000.0000000000
-116.4312372092 442.6562965800 -2000.0000000000
-116.4312372092 442.6562965800 -2000.0000000000
-116.4312372092 442.6562965800 -2000.0000000000
-116.4312372092 442.6562965800 -2000.0000000000
1329.7330705144 431.8452689269 253.3381660192
1329.7330705144 431.8452689269 -2000.0000000000
603.0884362947 -1286.9063599373 -1824.4224490104
-737.5418056975 845.6982323978 408.5517090006
-737.5418056975 845.6982323978 -2000.0000000000
-682.3278758916 467.9814756887 224.9554925083
1882.2353297243 -626.1771692001 -168.7860436048
494.6747569845 -658.3454559108 -1209.5222498746
494.6747569845 -658.3454559108 -2000.0000000000
494.6747569845 -658.3454559108 -2000.0000000000
494.6747569845 -658.3454559108 -2000.0000000000
494.6747569845 -658.3454559108 -2000.0000000000
-224.9837696222 -777.2876233289 -806.1898250728
-224.9837696222 -777.2876233289 -2000.0000000000
-224.9837696222 -777.2876233289 -2000.0000000000
-224.9837696222 -777.2876233289 -2000.0000000000
-224.9837696222 -777.2876233289 -2000.0000000000
1542.2589886579 812.0405387052 -107.7505604292
1542.2589886579 812.0405387052 -2000.0000000000
1542.2589886579 812.0405387052 -2000.0000000000
1542.2589886579 812.0405387052 -2000.0000000000
1542.2589886579 812.0405387052 -2000.0000000000
1542.2589886579 812.0405387052 -2000.0000000000
1542.2589886579 812.0405387052 -2000.0000000000
1542.2589886579 812.0405387052 -2000.0000000000
1542.2589886579 812.0405387052 -2000.0000000000
1542.2589886579 812.0405387052 -2000.0000000000
1542.2589886579 812.0405387052 -2000.0000000000
1542.2589886579 812.0405387052 -2000.0000000000
1542.2589886579 812.0405387052 -2000.0000000000
1542.2589886579 812.0405387052 -2000.0000000000
1542.2589886579 812.0405387052 -2000.0000000000
-219.8848819539 -734.3424479926 -857.0920551779
1922.4757685634 -701.8921180798 -1621.1912041428
1922.4757685634 -701.8921180798 -2000.0000000000
1922.4757685634 -701.8921180798 -2000.0000000000
1922.4757685634 -701.8921180798 -2000.0000000000
1922.4757685634 -701.8921180798 -2000.0000000000
1922.4757685634 -701.8921180798 -2000.0000000000
1922.4757685634 -701.8921180798 -2000.0000000000
1922.4757685634 -701.8921180798 -2000.0000000000
1922.4757685634 -701.8921180798 -2000.0000000000
1922.4757685634 -701.8921180798 -2000.0000000000
1922.4757685634 -701.8921180798 -2000.0000000000
1922.4757685634 -701.8921180798 -2000.0000000000
1922.4757685634 -701.8921180798 -2000.0000000000
1922.4757685634 -701.8921180798 -2000.0000000000
-1874.6707512809 427.6013245644 -372.4089667391
-1874.6707512809 427.6013245644 -2000.0000000000
-1874.6707512809 427.6013245644 -2000.0000000000
-1874.6707512809 427.6013245644 -2000.0000000000
-1280.3047319119 265.4739642703 -255.4898691556
-1280.3047319119 265.4739642703 -2000.0000000000
-1280.3047319119 265.4739642703 -2000.0000000000
-1280.3047319119 265.4739642703 -2000.0000000000
1183.0131480107 793.3316138627 841.5405625787
1183.0131480107 793.3316138627 -2000.0000000000
1183.0131480107 793.3316138627 -2000.0000000000
-1982.3340835403 -1331.6866872632 1045.2883528422
-1982.3340835403 -1331.6866872632 -2000.0000000000
1356.4645165405 -476.6391219950 -950.8934192470
-745.8636542705 -942.0211813091 -1573.2793046085
-745.8636542705 -942.0211813091 -2000.0000000000
-745.8636542705 -942.0211813091 -2000.0000000000
171.1827013952 1652.7247791594 1820.5332200221
327.1636478276 -131.7431516578 -774.8607651566
1022.2574831580 1995.5266081662 -1705.0076109881
-627.4835031687 306.2142315794 -1310.3060765299
-627.4835031687 306.2142315794 -2000.0000000000
-627.4835031687 306.2142315794 -2000.0000000000
-627.4835031687 306.2142315794 -2000.0000000000
-627.4835031687 306.2142315794 -2000.0000000000
-627.4835031687 306.2142315794 -2000.0000000000
-1888.3941975160 1828.7502687948 132.6700812634
-1888.3941975160 1828.7502687948 -2000.0000000000
-1888.3941975160 1828.7502687948 -2000.0000000000
-1888.3941975160 1828.7502687948 -2000.0000000000
-1888.3941975160 1828.7502687948 -2000.0000000000
-1888.3941975160 1828.7502687948 -2000.0000000000
890.7595225442 583.4283850056 541.6218051029
890.7595225442 583.4283850056 -2000.0000000000
890.7595225442 583.4283850056 -2000.0000000000
890.7595225442 583.4283850056 -2000.0000000000
-1471.2073201043 888.5932255712 -856.5112635556
-7.0456041404 -364.2203905602 -1423.1679777394
1046.6688672476 1761.0182810897 1932.7804480059
1046.6688672476 1761.0182810897 -2000.0000000000
1380.9954992084 616.8429549014 358.8061658290
1380.9954992084 616.8429549014 -2000.0000000000
-1307.4147810244 -1836.4399779965 -326.8469162391
1347.7859945115 1969.2377639469 -296.7851572610
-1356.4178585280 -830.4177340016 -844.7138602843
-1221.0443121278 -171.5950238951 215.8704452290
-1221.0443121278 -171.5950238951 -2000.0000000000
-1221.0443121278 -171.5950238951 -2000.0000000000
-1564.2453433148 1556.5837105737 1159.8001855721
-1564.2453433148 1556.5837105737 -2000.0000000000
-1564.2453433148 1556.5837105737 -2000.0000000000
0.4410510280 -560.3132596049 -1144.3333924646
721.7587602969 1468.0000340889 -1585.8492812738
721.7587602969 1468.0000340889 -2000.0000000000
-978.8537538781 156.6222850250 -1147.7955421737
-978.8537538781 156.6222850250 -2000.0000000000
-978.8537538781 156.6222850250 -2000.0000000000
-978.8537538781 156.6222850250 -2000.0000000000
222.0029210460 -1872.3621541413 1450.2438746844
222.0029210460 -1872.3621541413 -2000.0000000000
1481.6934963268 438.3608931767 850.0015459655
1481.6934963268 438.3608931767 -2000.0000000000
1481.6934963268 438.3608931767 -2000.0000000000
1481.6934963268 438.3608931767 -2000.0000000000
1481.6934963268 438.3608931767 -2000.0000000000
1481.6934963268 438.3608931767 -2000.0000000000
1481.6934963268 438.3608931767 -2000.0000000000
1481.6934963268 438.3608931767 -2000.0000000000
-72.2535287952 1066.5655444735 -179.7569669866
-72.2535287952 1066.5655444735 -2000.0000000000
-72.2535287952 1066.5655444735 -2000.0000000000
-31.1396899908 -954.0617626710 -1426.5950667576
-31.1396899908 -954.0617626710 -2000.0000000000
-587.1304470358 -415.1889646692 -1823.5033306835
-587.1304470358 -415.1889646692 -2000.0000000000
-587.1304470358 -415.1889646692 -2000.0000000000
1639.1221711609 -1771.5546873759 1931.2479136063
1639.1221711609 -1771.5546873759 -2000.0000000000
1639.1221711609 -1771.5546873759 -2000.0000000000
1639.1221711609 -1771.5546873759 -2000.0000000000
1639.1221711609 -1771.5546873759 -2000.0000000000
1639.1221711609 -1771.5546873759 -2000.0000000000
1639.1221711609 -1771.5546873759 -2000.0000000000
1758.9644166066 -186.9159250034 -576.6703831783
1051.5387941936 -539.5858484275 82.8457830669
1167.6400683512 -874.2784787119 -1230.7307657297
1167.6400683512 -874.2784787119 -2000.0000000000
1167.6400683512 -874.2784787119 -2000.0000000000
1167.6400683512 -874.2784787119 -2000.0000000000
1167.6400683512 -874.2784787119 -2000.0000000000
1167.6400683512 -874.2784787119 -2000.0000000000
1167.6400683512 -874.2784787119 -2000.0000000000
1562.5346350557 894.7154644222 -207.3472755006
1829.4695488057 -650.4258186681 -102.7152619753
1829.4695488057 -650.4258186681 -2000.0000000000
-1089.6402640333 976.1947041482 -1831.3398108008
-1089.6402640333 976.1947041482 -2000.0000000000
1121.8844224484 105.4470406329 -1978.3357944616
-894.5911880241 316.0119455963 -559.3858060329
-1539.5294627185 16.7729970590 -1945.0259738861
-1539.5294627185 16.7729970590 -2000.0000000000
-1539.5294627185 16.7729970590 -2000.0000000000
-1539.5294627185 16.7729970590 -2000.0000000000
-1539.5294627185 16.7729970590 -2000.0000000000
-1539.5294627185 16.7729970590 -2000.0000000000
-832.7503434851 -249.8894934825 -1536.7076822869
-832.7503434851 -249.8894934825 -2000.0000000000
-832.7503434851 -249.8894934825 -2000.0000000000
-832.7503434851 -249.8894934825 -2000.0000000000
-832.7503434851 -249.8894934825 -2000.0000000000
-832.7503434851 -249.8894934825 -2000.0000000000
-832.7503434851 -249.8894934825 -2000.0000000000
-832.7503434851 -249.8894934825 -2000.0000000000
-1596.7987447836 -77.8440541132 1395.2091964146
-1751.1722373108 366.2142022037 -1656.7505441513
-1751.1722373108 366.2142022037 -2000.0000000000
-1751.1722373108 366.2142022037 -2000.0000000000
-1410.1709453826 -1454.1301620203 -263.1072321901
-1410.1709453826 -1454.1301620203 -2000.0000000000
1863.8208171281 -1408.0515376678 -444.2656301269
1863.8208171281 -1408.0515376678 -2000.0000000000
1863.8208171281 -1408.0515376678 -2000.0000000000
1863.8208171281 -1408.0515376678 -2000.0000000000
1863.8208171281 -1408.0515376678 -2000.0000000000
1655.1323491266 383.2683411240 704.6992909395
1655.1323491266 383.2683411240 -2000.0000000000
1655.1323491266 383.2683411240 -2000.0000000000
1655.1323491266 383.2683411240 -2000.0000000000
1655.1323491266 383.2683411240 -2000.0000000000
1655.1323491266 383.2683411240 -2000.0000000000
1655.1323491266 383.2683411240 -2000.0000000000
1655.1323491266 383.2683411240 -2000.0000000000
-1696.8257010410 -218.8096298191 1675.9833340736
1247.0168000375 98.5192753314 1101.7924520250
1247.0168000375 98.5192753314 -2000.0000000000
1247.0168000375 98.5192753314 -2000.0000000000
1247.0168000375 98.5192753314 -2000.0000000000
1247.0168000375 98.5192753314 -2000.0000000000
-49.6852792657 -602.5302935472 -1655.9308835739
1071.8942462716 1537.0888802887 -202.3371233603
1071.8942462716 1537.0888802887 -2000.0000000000
1071.8942462716 1537.0888802887 -2000.0000000000
1071.8942462716 1537.0888802887 -2000.0000000000
414.9292551789 791.6596579198 -290.8293640611
414.9292551789 791.6596579198 -2000.0000000000
414.9292551789 791.6596579198 -2000.0000000000
414.9292551789 791.6596579198 -2000.0000000000
1144.8635875510 893.6602268791 -48.2016483347
1144.8635875510 893.6602268791 -2000.0000000000
1144.8635875510 893.6602268791 -2000.0000000000
1144.8635875510 893.6602268791 -2000.0000000000
1144.8635875510 893.6602268791 -2000.0000000000
-583.3330625867 454.9912447636 1.2913005330
-583.3330625867 454.9912447636 -2000.0000000000
-583.3330625867 454.9912447636 -2000.0000000000
-583.3330625867 454.9912447636 -2000.0000000000
-583.3330625867 454.9912447636 -2000.0000000000
-1698.8322849835 825.1057263381 -1916.2130269017
-1698.8322849835 825.1057263381 -2000.0000000000
1774.4662736486 -1749.5210988434 757.0141118191
1774.4662736486 -1749.5210988434 -2000.0000000000
1774.4662736486 -1749.5210988434 -2000.0000000000
1774.4662736486 -1749.5210988434 -2000.0000000000
1774.4662736486 -1749.5210988434 -2000.0000000000
1774.4662736486 -1749.5210988434 -2000.0000000000
1774.4662736486 -1749.5210988434 -2000.0000000000
-1613.3767804574 1427.1152426302 -1842.9904340220
646.2157858897 316.3821128522 -1357.8066874828
646.2157858897 316.3821128522 -2000.0000000000
646.2157858897 316.3821128522 -2000.0000000000
646.2157858897 316.3821128522 -2000.0000000000
1982.3242737026 319.1184820149 -1060.2090818439
-957.8034876798 659.0838138141 1323.6194067366
-957.8034876798 659.0838138141 -2000.0000000000
-957.8034876798 659.0838138141 -2000.0000000000
-957.8034876798 659.0838138141 -2000.0000000000
-957.8034876798 659.0838138141 -2000.0000000000
-957.8034876798 659.0838138141 -2000.0000000000
-957.8034876798 659.0838138141 -2000.0000000000
-957.8034876798 659.0838138141 -2000.0000000000
-957.8034876798 659.0838138141 -2000.0000000000
-957.8034876798 659.0838138141 -2000.0000000000
-957.8034876798 659.0838138141 -2000.0000000000
-957.8034876798 659.0838138141 -2000.0000000000
679.7044150852 1411.1033229274 850.4255649741
-139.3116415403 -269.2459362405 1074.5335871366
-139.3116415403 -269.2459362405 -2000.0000000000
1233.5234481310 -211.6974686901 -1732.7466552832
1233.5234481310 -211.6974686901 -2000.0000000000
499.7729637716 51.6499390652 -1550.4270859170
499.7729637716 51.6499390652 -2000.0000000000
-591.8866746460 -699.0948948659 -1540.9396708098
1426.6107157610 -865.8770007036 -668.0651080917
1426.6107157610 -865.8770007036 -2000.0000000000
1426.6107157610 -865.8770007036 -2000.0000000000
1426.6107157610 -865.8770007036 -2000.0000000000
800.2227836495 -27.5364414957 1576.6886421751
800.2227836495 -27.5364414957 -2000.0000000000
800.2227836495 -27.5364414957 -2000.0000000000
119.5287878509 1524.0947741542 749.9092626991
-1839.6643443626 1087.2870190295 1414.8294828887
-1839.6643443626 1087.2870190295 -2000.0000000000
-1839.6643443626 1087.2870190295 -2000.0000000000
-1362.0443952964 1271.9519768678 1445.8903778822
-1362.0443952964 1271.9519768678 -2000.0000000000
-1362.0443952964 1271.9519768678 -2000.0000000000
741.4129892395 -1157.8366877083 -1290.1913045822
741.4129892395 -1157.8366877083 -2000.0000000000
741.4129892395 -1157.8366877083 -2000.0000000000
-1520.5080872358 31.3921706071 -1497.5958144955
765.3500751339 797.8732813805 1544.8753158814
765.3500751339 797.8732813805 -2000.0000000000
765.3500751339 797.8732813805 -2000.0000000000
765.3500751339 797.8732813805 -2000.0000000000
765.3500751339 797.8732813805 -2000.0000000000
765.3500751339 797.8732813805 -2000.0000000000
765.3500751339 797.8732813805 -2000.0000000000
765.3500751339 797.8732813805 -2000.0000000000
765.3500751339 797.8732813805 -2000.0000000000
955.0897557203 -1706.9279962578 1883.2555464471
1240.2515824891 1423.6836681508 1490.8182526189
1240.2515824891 1423.6836681508 -2000.0000000000
1240.2515824891 1423.6836681508 -2000.0000000000
1240.2515824891 1423.6836681508 -2000.0000000000
564.7947706103 -201.1107726781 -1048.4820178085
1834.4731975095 543.5417297352 124.6058259862
1834.4731975095 543.5417297352 -2000.0000000000
-200.8278787479 1954.4231357088 -161.6185398004
-200.8278787479 1954.4231357088 -2000.0000000000
-200.8278787479 1954.4231357088 -2000.0000000000
-200.8278787479 1954.4231357088 -2000.0000000000
-200.8278787479 1954.4231357088 -2000.0000000000
-200.8278787479 1954.4231357088 -2000.0000000000
-200.8278787479 1954.4231357088 -2000.0000000000
-200.8278787479 1954.4231357088 -2000.0000000000
-200.8278787479 1954.4231357088 -2000.0000000000
-200.8278787479 1954.4231357088 -2000.0000000000
-200.8278787479 1954.4231357088 -2000.0000000000
-200.8278787479 1954.4231357088 -2000.0000000000
-200.8278787479 1954.4231357088 -2000.0000000000
-200.8278787479 1954.4231357088 -2000.0000000000
26.3594951950 -167.6797096108 1843.5857704248
26.3594951950 -167.6797096108 -2000.0000000000
26.3594951950 -167.6797096108 -2000.0000000000
26.3594951950 -167.6797096108 -2000.0000000000
26.3594951950 -167.6797096108 -2000.0000000000
26.3594951950 -167.6797096108 -2000.0000000000
26.3594951950 -167.6797096108 -2000.0000000000
26.3594951950 -167.6797096108 -2000.0000000000
1135.8483725205 -1407.0124636156 -1361.8773724501
-1320.0643072236 -299.7921920176 628.2386928643
-1320.0643072236 -299.7921920176 -2000.0000000000
-297.2750854417 1069.0332738598 729.3450791573
465.0268686483 -297.3062353676 1071.6944753141
465.0268686483 -297.3062353676 -2000.0000000000
465.0268686483 -297.3062353676 -2000.0000000000
465.0268686483 -297.3062353676 -2000.0000000000
465.0268686483 -297.3062353676 -2000.0000000000
941.2606993442 -846.5217890315 1830.6086129377
941.2606993442 -846.5217890315 -2000.0000000000
941.2606993442 -846.5217890315 -2000.0000000000
941.2606993442 -846.5217890315 -2000.0000000000
941.2606993442 -846.5217890315 -2000.0000000000
941.2606993442 -846.5217890315 -2000.0000000000
941.2606993442 -846.5217890315 -2000.0000000000
941.2606993442 -846.5217890315 -2000.0000000000
418.0069708241 -420.9386621327 1901.6721530291
418.0069708241 -420.9386621327 -2000.0000000000
1011.9175010937 347.0052510360 -74.6610564500
1011.9175010937 347.0052510360 -2000.0000000000
1011.9175010937 347.0052510360 -2000.0000000000
1011.9175010937 347.0052510360 -2000.0000000000
805.9050210600 786.6107406170 -968.0971059052
-1047.7043131603 1118.7519740144 -1355.1106704532
995.3877359869 -1282.8187289560 1211.9720811779
995.3877359869 -1282.8187289560 -2000.0000000000
600.9173368356 23.6210736103 -802.3961506126
70.8313683294 -403.1800819521 406.6247053558
70.8313683294 -403.1800819521 -2000.0000000000
70.8313683294 -403.1800819521 -2000.0000000000
70.8313683294 -403.1800819521 -2000.0000000000
70.8313683294 -403.1800819521 -2000.0000000000
70.8313683294 -403.1800819521 -2000.0000000000
70.8313683294 -403.1800819521 -2000.0000000000
70.8313683294 -403.1800819521 -2000.0000000000
70.8313683294 -403.1800819521 -2000.0000000000
70.8313683294 -403.1800819521 -2000.0000000000
70.8313683294 -403.1800819521 -2000.0000000000
70.8313683294 -403.1800819521 -2000.0000000000
70.8313683294 -403.1800819521 -2000.0000000000
70.8313683294 -403.1800819521 -2000.0000000000
-531.6181979159 -85.2292934482 1429.7475584540
363.5897883682 254.3837893743 -114.5571775038
363.5897883682 254.3837893743 -2000.0000000000
119.0858069103 1559.9134420939 -866.1228319563
397.1362506809 1339.5798174821 439.2362264955
397.1362506809 1339.5798174821 -2000.0000000000
397.1362506809 1339.5798174821 -2000.0000000000
397.1362506809 1339.5798174821 -2000.0000000000
397.1362506809 1339.5798174821 -2000.0000000000
1050.9202430355 -279.3259333898 -491.1462825338
266.7704720201 -1308.0564825332 -1942.6621096663
266.7704720201 -1308.0564825332 -2000.0000000000
266.7704720201 -1308.0564825332 -2000.0000000000
266.7704720201 -1308.0564825332 -2000.0000000000
1734.7431604791 139.8899935383 -1846.9140957504
1734.7431604791 139.8899935383 -2000.0000000000
1734.7431604791 139.8899935383 -2000.0000000000
-1305.1144443246 510.0849135076 1121.3213919283
-1305.1144443246 510.0849135076 -2000.0000000000
-1305.1144443246 510.0849135076 -2000.0000000000
-385.4796583562 -1063.9972261781 619.6699059289
390.0422670849 -35.2571807896 1839.1002816303
390.0422670849 -35.2571807896 -2000.0000000000
390.0422670849 -35.2571807896 -2000.0000000000
390.0422670849 -35.2571807896 -2000.0000000000
390.0422670849 -35.2571807896 -2000.0000000000
390.0422670849 -35.2571807896 -2000.0000000000
390.0422670849 -35.2571807896 -2000.0000000000
390.0422670849 -35.2571807896 -2000.0000000000
390.0422670849 -35.2571807896 -2000.0000000000
390.0422670849 -35.2571807896 -2000.0000000000
-1963.8964913910 757.2685445934 1625.4808177972
-1963.8964913910 757.2685445934 -2000.0000000000
-1963.8964913910 757.2685445934 -2000.0000000000
-1963.8964913910 757.2685445934 -2000.0000000000
-1063.4710553816 1746.0934312353 -887.2892078546
-1063.4710553816 1746.0934312353 -2000.0000000000
-1063.4710553816 1746.0934312353 -2000.0000000000
-1063.4710553816 1746.0934312353 -2000.0000000000
-1063.4710553816 1746.0934312353 -2000.0000000000
-1063.4710553816 1746.0934312353 -2000.0000000000
-1063.4710553816 1746.0934312353 -2000.0000000000
-1063.4710553816 1746.0934312353 -2000.0000000000
780.2178606626 1526.4802990375 1856.0979286993
780.2178606626 1526.4802990375 -2000.0000000000
780.2178606626 1526.4802990375 -2000.0000000000
780.2178606626 1526.4802990375 -2000.0000000000
780.2178606626 1526.4802990375 -2000.0000000000
780.2178606626 1526.4802990375 -2000.0000000000
780.2178606626 1526.4802990375 -2000.0000000000
1872.0593320850 308.5188510775 -1636.1543673236
1872.0593320850 308.5188510775 -2000.0000000000
1872.0593320850 308.5188510775 -2000.0000000000
1161.8047338254 1036.3905130296 -1650.5144700101
1161.8047338254 1036.3905130296 -2000.0000000000
1161.8047338254 1036.3905130296 -2000.0000000000
1161.8047338254 1036.3905130296 -2000.0000000000
1161.8047338254 1036.3905130296 -2000.0000000000
293.3065942773 -173.9028277054 -1464.0899113658
293.3065942773 -173.9028277054 -2000.0000000000
293.3065942773 -173.9028277054 -2000.0000000000
293.3065942773 -173.9028277054 -2000.0000000000
293.3065942773 -173.9028277054 -2000.0000000000
1967.6808758684 53.1479573824 -677.0258796020
1762.3004186250 1218.2870215260 -554.8751705783
440.8992914333 -1287.2680812400 1196.8827416204
440.8992914333 -1287.2680812400 -2000.0000000000
440.8992914333 -1287.2680812400 -2000.0000000000
440.8992914333 -1287.2680812400 -2000.0000000000
440.8992914333 -1287.2680812400 -2000.0000000000
440.8992914333 -1287.2680812400 -2000.0000000000
440.8992914333 -1287.2680812400 -2000.0000000000
440.8992914333 -1287.2680812400 -2000.0000000000
440.8992914333 -1287.2680812400 -2000.0000000000
-1559.5130806676 -390.7041437548 -1.1767481355
-1559.5130806676 -390.7041437548 -2000.0000000000
1962.4199045825 -846.2951923321 1011.2271772482
1962.4199045825 -846.2951923321 -2000.0000000000
1800.0651546287 -1201.9607564424 -117.9902285976
1509.4011709093 -523.6637903595 1527.9555074741
1509.4011709093 -523.6637903595 -2000.0000000000
1509.4011709093 -523.6637903595 -2000.0000000000
1509.4011709093 -523.6637903595 -2000.0000000000
1509.4011709093 -523.6637903595 -2000.0000000000
1509.4011709093 -523.6637903595 -2000.0000000000
1509.4011709093 -523.6637903595 -2000.0000000000
-1180.0146691135 -519.5978028915 708.3587576640
-1923.5143432324 1080.1175494716 -976.3333031488
-1923.5143432324 1080.1175494716 -2000.0000000000
-465.1262471680 -1938.2883857095 -1402.1193441148
-1316.3458763601 -932.0259446895 -900.2874746898
-1316.3458763601 -932.0259446895 -2000.0000000000
-1316.3458763601 -932.0259446895 -2000.0000000000
-1316.3458763601 -932.0259446895 -2000.0000000000
-1316.3458763601 -932.0259446895 -2000.0000000000
-1316.3458763601 -932.0259446895 -2000.0000000000
-1316.3458763601 -932.0259446895 -2000.0000000000
-1316.3458763601 -932.0259446895 -2000.0000000000
1823.1873871681 838.7234722729 243.9823545148
-1251.4734058774 -272.9068673591 1049.4342303649
-1251.4734058774 -272.9068673591 -2000.0000000000
-1037.3971300991 -1304.6250960093 -943.6721058234
-733.0902942772 -1433.0965870492 -1515.9875520523
-733.0902942772 -1433.0965870492 -2000.0000000000
-733.0902942772 -1433.0965870492 -2000.0000000000
-733.0902942772 -1433.0965870492 -2000.0000000000
-733.0902942772 -1433.0965870492 -2000.0000000000
-733.0902942772 -1433.0965870492 -2000.0000000000
-1477.8068629356 1376.8237526068 -81.0843113240
1966.7350717609 -1009.3650628580 46.9244570101
1966.7350717609 -1009.3650628580 -2000.0000000000
1966.7350717609 -1009.3650628580 -2000.0000000000
1733.8679607893 -1538.1532869544 -1489.7822700030
1954.8420300901 -953.0305830283 679.9651180955
1954.8420300901 -953.0305830283 -2000.0000000000
1954.8420300901 -953.0305830283 -2000.0000000000
1954.8420300901 -953.0305830283 -2000.0000000000
136.5959414285 872.5033956016 1018.0345701888
-1706.4358330962 -1198.8125151118 1317.1477941227
-1706.4358330962 -1198.8125151118 -2000.0000000000
-1706.4358330962 -1198.8125151118 -2000.0000000000
-1706.4358330962 -1198.8125151118 -2000.0000000000
-1706.4358330962 -1198.8125151118 -2000.0000000000
-1706.4358330962 -1198.8125151118 -2000.0000000000
-1706.4358330962 -1198.8125151118 -2000.0000000000
-1706.4358330962 -1198.8125151118 -2000.0000000000
-1706.4358330962 -1198.8125151118 -2000.0000000000
-1706.4358330962 -1198.8125151118 -2000.0000000000
-1706.4358330962 -1198.8125151118 -2000.0000000000
-1706.4358330962 -1198.8125151118 -2000.0000000000
-1300.3706606683 -37.4279915254 -1981.2291754632
-1300.3706606683 -37.4279915254 -2000.0000000000
-1300.3706606683 -37.4279915254 -2000.0000000000
-1300.3706606683 -37.4279915254 -2000.0000000000
-1300.3706606683 -37.4279915254 -2000.0000000000
-1243.5199914644 -1987.1963737747 207.9536427515
-1243.5199914644 -1987.1963737747 -2000.0000000000
-1243.5199914644 -1987.1963737747 -2000.0000000000
-1835.6819079724 -913.9399517345 -1349.7055442932
-1898.5078632604 1295.9706819821 -673.9529350018
-1898.5078632604 1295.9706819821 -2000.0000000000
318.1184929833 1192.3759093595 -883.5766400921
318.1184929833 1192.3759093595 -2000.0000000000
318.1184929833 1192.3759093595 -2000.0000000000
-1268.1486664680 -733.0944202074 -556.3787864682
-1268.1486664680 -733.0944202074 -2000.0000000000
471.9606864852 -1088.3120000474 -315.7991726086
471.9606864852 -1088.3120000474 -2000.0000000000
471.9606864852 -1088.3120000474 -2000.0000000000
471.9606864852 -1088.3120000474 -2000.0000000000
471.9606864852 -1088.3120000474 -2000.0000000000
471.9606864852 -1088.3120000474 -2000.0000000000
471.9606864852 -1088.3120000474 -2000.0000000000
471.9606864852 -1088.3120000474 -2000.0000000000
471.9606864852 -1088.3120000474 -2000.0000000000
471.9606864852 -1088.3120000474 -2000.0000000000
471.9606864852 -1088.3120000474 -2000.0000000000
471.9606864852 -1088.3120000474 -2000.0000000000
471.9606864852 -1088.3120000474 -2000.0000000000
471.9606864852 -1088.3120000474 -2000.0000000000
471.9606864852 -1088.3120000474 -2000.0000000000
-1163.5413720272 -1576.3721933197 -1336.9370446761
-1163.5413720272 -1576.3721933197 -2000.0000000000
-1163.5413720272 -1576.3721933197 -2000.0000000000
-1163.5413720272 -1576.3721933197 -2000.0000000000
-189.0733032765 329.7147774097 348.8555807552
-189.0733032765 329.7147774097 -2000.0000000000
301.1642415022 -1002.0584649700 -8.4865947266
747.7598587620 1804.7925815026 1493.7506523308
747.7598587620 1804.7925815026 -2000.0000000000
747.7598587620 1804.7925815026 -2000.0000000000
747.7598587620 1804.7925815026 -2000.0000000000
747.7598587620 1804.7925815026 -2000.0000000000
