-1962.7797647974 -326.1008630468 -427.5560167920
866.9856625129 -1799.7425043751 1017.7513719569
866.9856625129 -1799.7425043751 -2000.0000000000
-14.8901277832 -905.5168603099 911.2649228183
-14.8901277832 -905.5168603099 -2000.0000000000
-14.8901277832 -905.5168603099 -2000.0000000000
1958.9051020005 -311.1220872967 851.0610131764
1958.9051020005 -311.1220872967 -2000.0000000000
1958.9051020005 -311.1220872967 -2000.0000000000
1958.9051020005 -311.1220872967 -2000.0000000000
817.4030494869 -878.8523983087 -269.6119898639
817.4030494869 -878.8523983087 -2000.0000000000
817.4030494869 -878.8523983087 -2000.0000000000
-1781.0161439503 -378.3584259931 -92.6491474430
-1781.0161439503 -378.3584259931 -2000.0000000000
710.4325612714 -1368.2191158750 1565.4230884000
710.4325612714 -1368.2191158750 -2000.0000000000
710.4325612714 -1368.2191158750 -2000.0000000000
710.4325612714 -1368.2191158750 -2000.0000000000
710.4325612714 -1368.2191158750 -2000.0000000000
710.4325612714 -1368.2191158750 -2000.0000000000
710.4325612714 -1368.2191158750 -2000.0000000000
710.4325612714 -1368.2191158750 -2000.0000000000
710.4325612714 -1368.2191158750 -2000.0000000000
710.4325612714 -1368.2191158750 -2000.0000000000
710.4325612714 -1368.2191158750 -2000.0000000000
710.4325612714 -1368.2191158750 -2000.0000000000
710.4325612714 -1368.2191158750 -2000.0000000000
710.4325612714 -1368.2191158750 -2000.0000000000
191.2143217799 -483.7054462072 -1771.0936832752
191.2143217799 -483.7054462072 -2000.0000000000
33.1295953392 1457.9478531425 -1092.3207068115
33.1295953392 1457.9478531425 -2000.0000000000
33.1295953392 1457.9478531425 -2000.0000000000
33.1295953392 1457.9478531425 -2000.0000000000
33.1295953392 1457.9478531425 -2000.0000000000
1631.8851949345 624.0065549375 1655.5139636980
1631.8851949345 624.0065549375 -2000.0000000000
-842.1634397195 164.4859383268 89.1169403035
-842.1634397195 164.4859383268 -2000.0000000000
288.2834794842 -1976.9422336996 130.5709874623
288.2834794842 -1976.9422336996 -2000.0000000000
-1658.3083715867 -378.9883517749 -505.8557266805
207.1209860864 1705.8045261094 1043.7255042703
1079.9785252411 -1381.9213398121 -602.3233028746
1079.9785252411 -1381.9213398121 -2000.0000000000
1079.9785252411 -1381.9213398121 -2000.0000000000
1079.9785252411 -1381.9213398121 -2000.0000000000
1079.9785252411 -1381.9213398121 -2000.0000000000
1079.9785252411 -1381.9213398121 -2000.0000000000
133.3317138709 -1003.7158645833 1247.2847706505
133.3317138709 -1003.7158645833 -2000.0000000000
-1076.6288324271 -1875.7597665637 -1617.9985556860
-1076.6288324271 -1875.7597665637 -2000.0000000000
-1076.6288324271 -1875.7597665637 -2000.0000000000
-1076.6288324271 -1875.7597665637 -2000.0000000000
-536.4765837039 -661.1811785416 -1602.5468060635
-536.4765837039 -661.1811785416 -2000.0000000000
-536.4765837039 -661.1811785416 -2000.0000000000
-536.4765837039 -661.1811785416 -2000.0000000000
-536.4765837039 -661.1811785416 -2000.0000000000
692.8519740058 -140.3942237385 328.5750539323
692.8519740058 -140.3942237385 -2000.0000000000
692.8519740058 -140.3942237385 -2000.0000000000
692.8519740058 -140.3942237385 -2000.0000000000
692.8519740058 -140.3942237385 -2000.0000000000
-631.5442212924 1319.2195476692 1871.8568981072
-631.5442212924 1319.2195476692 -2000.0000000000
-556.4787109686 678.1924821991 1212.1918861346
-556.4787109686 678.1924821991 -2000.0000000000
-1143.9549729815 -1218.2681609623 1984.1056579859
-1143.9549729815 -1218.2681609623 -2000.0000000000
-1143.9549729815 -1218.2681609623 -2000.0000000000
-1143.9549729815 -1218.2681609623 -2000.0000000000
-1143.9549729815 -1218.2681609623 -2000.0000000000
-490.4715850250 239.6060749891 -1821.2712686298
-490.4715850250 239.6060749891 -2000.0000000000
-490.4715850250 239.6060749891 -2000.0000000000
-490.4715850250 239.6060749891 -2000.0000000000
-490.4715850250 239.6060749891 -2000.0000000000
-490.4715850250 239.6060749891 -2000.0000000000
1607.6543517859 -1202.0095505053 712.5936435858
1607.6543517859 -1202.0095505053 -2000.0000000000
1607.6543517859 -1202.0095505053 -2000.0000000000
1607.6543517859 -1202.0095505053 -2000.0000000000
1773.5758058907 1649.1719532245 -915.8737333524
-302.8907021555 -1656.9806807257 -1439.0900829072
-302.8907021555 -1656.9806807257 -2000.0000000000
-302.8907021555 -1656.9806807257 -2000.0000000000
-1270.9470611140 1243.8155678674 1766.3274414368
-1270.9470611140 1243.8155678674 -2000.0000000000
-1270.9470611140 1243.8155678674 -2000.0000000000
-908.1852536794 -278.6697278807 -1524.3060393753
-908.1852536794 -278.6697278807 -2000.0000000000
-908.1852536794 -278.6697278807 -2000.0000000000
-908.1852536794 -278.6697278807 -2000.0000000000
1378.2220441050 -1616.4723959553 910.7594538492
1378.2220441050 -1616.4723959553 -2000.0000000000
1725.6099191549 130.5044343556 8.2468558261
1656.4746053832 757.7068703890 1409.4395565100
-519.8206670282 -380.5947375410 -1104.6846307683
-1473.1562159445 1522.9256540204 926.9744312441
-1473.1562159445 1522.9256540204 -2000.0000000000
-1473.1562159445 1522.9256540204 -2000.0000000000
250.7475849151 1282.3614946817 1644.5007715372
250.7475849151 1282.3614946817 -2000.0000000000
250.7475849151 1282.3614946817 -2000.0000000000
250.7475849151 1282.3614946817 -2000.0000000000
-472.3571189190 1821.0580477184 -344.9844336797
500.6019892714 513.2898651989 637.2110277485
553.4757412452 -541.7333586170 -217.6697891014
553.4757412452 -541.7333586170 -2000.0000000000
553.4757412452 -541.7333586170 -2000.0000000000
-1146.4590138091 -1610.1106090255 564.2980508888
-1146.4590138091 -1610.1106090255 -2000.0000000000
-1146.4590138091 -1610.1106090255 -2000.0000000000
-1146.4590138091 -1610.1106090255 -2000.0000000000
-1146.4590138091 -1610.1106090255 -2000.0000000000
-1498.7641204432 -1577.7951459043 1825.2130018850
-1498.7641204432 -1577.7951459043 -2000.0000000000
-1918.2306414999 1847.3950227264 -182.6044361665
-1918.2306414999 1847.3950227264 -2000.0000000000
-1918.2306414999 1847.3950227264 -2000.0000000000
-1918.2306414999 1847.3950227264 -2000.0000000000
-1918.2306414999 1847.3950227264 -2000.0000000000
-1918.2306414999 1847.3950227264 -2000.0000000000
-1918.2306414999 1847.3950227264 -2000.0000000000
-1918.2306414999 1847.3950227264 -2000.0000000000
-1918.2306414999 1847.3950227264 -2000.0000000000
-1918.2306414999 1847.3950227264 -2000.0000000000
1298.2451051374 -855.8628362131 -1295.7404934091
1298.2451051374 -855.8628362131 -2000.0000000000
1161.6359426178 194.0842908299 566.7748334453
1931.1127660552 72.1270318019 -339.5745314821
1931.1127660552 72.1270318019 -2000.0000000000
1931.1127660552 72.1270318019 -2000.0000000000
1931.1127660552 72.1270318019 -2000.0000000000
1931.1127660552 72.1270318019 -2000.0000000000
1931.1127660552 72.1270318019 -2000.0000000000
1931.1127660552 72.1270318019 -2000.0000000000
1931.1127660552 72.1270318019 -2000.0000000000
1931.1127660552 72.1270318019 -2000.0000000000
1931.1127660552 72.1270318019 -2000.0000000000
695.7247385988 1278.3082921708 407.5186940463
695.7247385988 1278.3082921708 -2000.0000000000
695.7247385988 1278.3082921708 -2000.0000000000
695.7247385988 1278.3082921708 -2000.0000000000
695.7247385988 1278.3082921708 -2000.0000000000
695.7247385988 1278.3082921708 -2000.0000000000
695.7247385988 1278.3082921708 -2000.0000000000
695.7247385988 1278.3082921708 -2000.0000000000
782.9367747017 -92.3871789446 1806.6369779489
782.9367747017 -92.3871789446 -2000.0000000000
782.9367747017 -92.3871789446 -2000.0000000000
-1497.3536179475 1886.6657938563 -994.1507349959
-1497.3536179475 1886.6657938563 -2000.0000000000
-1497.3536179475 1886.6657938563 -2000.0000000000
-1497.3536179475 1886.6657938563 -2000.0000000000
-1497.3536179475 1886.6657938563 -2000.0000000000
-1497.3536179475 1886.6657938563 -2000.0000000000
1894.6464879812 1586.9224165506 16.2433260739
1106.6069963634 -1894.4426905351 -397.2807677411
1106.6069963634 -1894.4426905351 -2000.0000000000
1106.6069963634 -1894.4426905351 -2000.0000000000
1106.6069963634 -1894.4426905351 -2000.0000000000
1106.6069963634 -1894.4426905351 -2000.0000000000
1106.6069963634 -1894.4426905351 -2000.0000000000
1106.6069963634 -1894.4426905351 -2000.0000000000
-725.2715940100 256.7304197293 1614.7252795417
-725.2715940100 256.7304197293 -2000.0000000000
-725.2715940100 256.7304197293 -2000.0000000000
-725.2715940100 256.7304197293 -2000.0000000000
-725.2715940100 256.7304197293 -2000.0000000000
-725.2715940100 256.7304197293 -2000.0000000000
-725.2715940100 256.7304197293 -2000.0000000000
-1961.3873906559 -983.0533749238 -46.0633747203
-1961.3873906559 -983.0533749238 -2000.0000000000
-1961.3873906559 -983.0533749238 -2000.0000000000
1994.7929104446 -1203.2285525769 -399.3150940447
1994.7929104446 -1203.2285525769 -2000.0000000000
1994.7929104446 -1203.2285525769 -2000.0000000000
1994.7929104446 -1203.2285525769 -2000.0000000000
1994.7929104446 -1203.2285525769 -2000.0000000000
-1631.1543009158 992.1576626997 1827.1886962283
729.8741002634 1666.1704947339 198.2360634918
729.8741002634 1666.1704947339 -2000.0000000000
729.8741002634 1666.1704947339 -2000.0000000000
729.8741002634 1666.1704947339 -2000.0000000000
729.8741002634 1666.1704947339 -2000.0000000000
729.8741002634 1666.1704947339 -2000.0000000000
-401.7643395136 -929.0495110620 -1827.9767068297
-401.7643395136 -929.0495110620 -2000.0000000000
-1897.3818344238 -537.0976805782 -1586.6401258315
-1007.6581424208 1219.8163252476 1543.8167110982
1503.9565126739 557.9647441772 1239.4537326270
-597.0829738865 324.9123765566 979.0361905214
-597.0829738865 324.9123765566 -2000.0000000000
-597.0829738865 324.9123765566 -2000.0000000000
-597.0829738865 324.9123765566 -2000.0000000000
-597.0829738865 324.9123765566 -2000.0000000000
-597.0829738865 324.9123765566 -2000.0000000000
-597.0829738865 324.9123765566 -2000.0000000000
-1966.7783404697 -651.5805278470 109.0124330498
-1938.6538280782 1720.5561990168 -1341.5775816141
-1938.6538280782 1720.5561990168 -2000.0000000000
-1938.6538280782 1720.5561990168 -2000.0000000000
-1938.6538280782 1720.5561990168 -2000.0000000000
-1938.6538280782 1720.5561990168 -2000.0000000000
-1938.6538280782 1720.5561990168 -2000.0000000000
-1938.6538280782 1720.5561990168 -2000.0000000000
-1938.6538280782 1720.5561990168 -2000.0000000000
-1938.6538280782 1720.5561990168 -2000.0000000000
-1938.6538280782 1720.5561990168 -2000.0000000000
1729.1880650942 1379.2508265359 -784.1953129045
57.5120023954 1842.6324535937 -6.9915132002
57.5120023954 1842.6324535937 -2000.0000000000
57.5120023954 1842.6324535937 -2000.0000000000
1492.3539298765 987.8978035045 -1272.1784190295
1492.3539298765 987.8978035045 -2000.0000000000
1492.3539298765 987.8978035045 -2000.0000000000
738.5300696047 545.7974003655 -1688.4701004493
738.5300696047 545.7974003655 -2000.0000000000
502.3867889623 643.6700436923 1865.2476348747
502.3867889623 643.6700436923 -2000.0000000000
502.3867889623 643.6700436923 -2000.0000000000
502.3867889623 643.6700436923 -2000.0000000000
-691.7293907360 230.0292587915 -394.3088711014
-691.7293907360 230.0292587915 -2000.0000000000
-691.7293907360 230.0292587915 -2000.0000000000
-691.7293907360 230.0292587915 -2000.0000000000
-691.7293907360 230.0292587915 -2000.0000000000
-691.7293907360 230.0292587915 -2000.0000000000
-691.7293907360 230.0292587915 -2000.0000000000
-691.7293907360 230.0292587915 -2000.0000000000
-1356.4099924304 81.3806571385 929.9448573400
-1356.4099924304 81.3806571385 -2000.0000000000
-1356.4099924304 81.3806571385 -2000.0000000000
-1758.2165259185 462.8216593642 -473.6299276233
-1758.2165259185 462.8216593642 -2000.0000000000
-1758.2165259185 462.8216593642 -2000.0000000000
-1758.2165259185 462.8216593642 -2000.0000000000
-1758.2165259185 462.8216593642 -2000.0000000000
-1758.2165259185 462.8216593642 -2000.0000000000
1743.7048185789 -319.6835031378 1991.5121609040
1743.7048185789 -319.6835031378 -2000.0000000000
1743.7048185789 -319.6835031378 -2000.0000000000
1743.7048185789 -319.6835031378 -2000.0000000000
1743.7048185789 -319.6835031378 -2000.0000000000
1743.7048185789 -319.6835031378 -2000.0000000000
1152.9277020221 1226.0224622530 568.8278134018
1152.9277020221 1226.0224622530 -2000.0000000000
-39.9519364799 1159.2012688354 332.5487460617
-39.9519364799 1159.2012688354 -2000.0000000000
-39.9519364799 1159.2012688354 -2000.0000000000
-39.9519364799 1159.2012688354 -2000.0000000000
-1436.2347888626 1808.0398892460 -123.7163712444
-1706.5414354645 -1584.6457937537 -1697.8908874712
-1706.5414354645 -1584.6457937537 -2000.0000000000
-1706.5414354645 -1584.6457937537 -2000.0000000000
-1388.1385756927 248.6514646137 -1365.7775182830
-1388.1385756927 248.6514646137 -2000.0000000000
-606.2214306033 124.2152296497 1919.0064806170
-606.2214306033 124.2152296497 -2000.0000000000
-606.2214306033 124.2152296497 -2000.0000000000
-606.2214306033 124.2152296497 -2000.0000000000
-606.2214306033 124.2152296497 -2000.0000000000
-606.2214306033 124.2152296497 -2000.0000000000
-606.2214306033 124.2152296497 -2000.0000000000
-606.2214306033 124.2152296497 -2000.0000000000
1048.7620078599 1648.8274237282 820.5607883354
1233.6187590837 -585.5628493093 186.0579280820
1233.6187590837 -585.5628493093 -2000.0000000000
-468.7423223855 610.2335017280 -1573.2284244134
1067.0034939319 -1685.3733990267 1272.0114293656
559.0106422621 -931.3122838277 -391.8308495305
559.0106422621 -931.3122838277 -2000.0000000000
559.0106422621 -931.3122838277 -2000.0000000000
559.0106422621 -931.3122838277 -2000.0000000000
559.0106422621 -931.3122838277 -2000.0000000000
559.0106422621 -931.3122838277 -2000.0000000000
559.0106422621 -931.3122838277 -2000.0000000000
866.7437915560 -1268.6720659731 -965.7178277968
866.7437915560 -1268.6720659731 -2000.0000000000
866.7437915560 -1268.6720659731 -2000.0000000000
1022.8077757788 -1662.2322960454 -1719.1057682086
-1860.4472050911 1059.0265303566 -462.0263171375
-1860.4472050911 1059.0265303566 -2000.0000000000
-1860.4472050911 1059.0265303566 -2000.0000000000
-1860.4472050911 1059.0265303566 -2000.0000000000
-1860.4472050911 1059.0265303566 -2000.0000000000
-1860.4472050911 1059.0265303566 -2000.0000000000
603.3984017081 -1285.2886463994 -325.1361308538
960.5802280456 -190.3761849836 -936.9817134421
960.5802280456 -190.3761849836 -2000.0000000000
285.5952222666 -71.4847084071 1750.2448692926
285.5952222666 -71.4847084071 -2000.0000000000
285.5952222666 -71.4847084071 -2000.0000000000
-110.0956389649 -1611.5354237583 302.1918439358
-110.0956389649 -1611.5354237583 -2000.0000000000
-985.3288163102 1293.0058062914 -1903.1582412029
-985.3288163102 1293.0058062914 -2000.0000000000
-1793.7825654080 -254.0526356950 1440.8575261744
-1793.7825654080 -254.0526356950 -2000.0000000000
-1545.6401322586 206.1454409217 961.5975756552
-1545.6401322586 206.1454409217 -2000.0000000000
-1545.6401322586 206.1454409217 -2000.0000000000
-1545.6401322586 206.1454409217 -2000.0000000000
-1545.6401322586 206.1454409217 -2000.0000000000
-1545.6401322586 206.1454409217 -2000.0000000000
1114.3412420325 1259.3112999391 -1825.9031921592
1114.3412420325 1259.3112999391 -2000.0000000000
-23.7624560744 -277.7322153239 -653.2024318302
-143.3517520287 -1116.5569597237 1751.7308914020
-1029.2399268926 637.3251072529 917.9469194098
-516.5555548644 1485.0724166901 1915.6709086384
-1296.6984577957 -262.6420597646 574.5013496533
-1296.6984577957 -262.6420597646 -2000.0000000000
127.2306400356 -800.5633841078 -30.7565616902
127.2306400356 -800.5633841078 -2000.0000000000
127.2306400356 -800.5633841078 -2000.0000000000
1418.9397521527 1736.1324005633 1678.8146853922
847.7258674846 803.5820412249 -1262.7760520556
847.7258674846 803.5820412249 -2000.0000000000
847.7258674846 803.5820412249 -2000.0000000000
847.7258674846 803.5820412249 -2000.0000000000
847.7258674846 803.5820412249 -2000.0000000000
949.9833046373 1195.7862436226 -38.3634206409
949.9833046373 1195.7862436226 -2000.0000000000
949.9833046373 1195.7862436226 -2000.0000000000
96.2253722182 -1192.8947428928 -1264.0420032549
96.2253722182 -1192.8947428928 -2000.0000000000
-78.5494068037 1912.4051354420 392.6545138494
1983.7959671499 -373.6486434050 776.0419248966
1983.7959671499 -373.6486434050 -2000.0000000000
238.3805827840 -548.2894663080 1775.9445130623
866.8016436607 -1469.0394744052 -1893.2577035805
374.2944345255 -1645.0571470774 453.9761727490
562.0718715522 830.8064123994 -502.7012988588
562.0718715522 830.8064123994 -2000.0000000000
562.0718715522 830.8064123994 -2000.0000000000
-1070.0491147249 -969.9652545662 1127.9521858157
-1070.0491147249 -969.9652545662 -2000.0000000000
-1070.0491147249 -969.9652545662 -2000.0000000000
-1070.0491147249 -969.9652545662 -2000.0000000000
-1070.0491147249 -969.9652545662 -2000.0000000000
-669.3050216359 1719.0474161990 1693.3505020816
-669.3050216359 1719.0474161990 -2000.0000000000
-669.3050216359 1719.0474161990 -2000.0000000000
-669.3050216359 1719.0474161990 -2000.0000000000
-669.3050216359 1719.0474161990 -2000.0000000000
-669.3050216359 1719.0474161990 -2000.0000000000
-669.3050216359 1719.0474161990 -2000.0000000000
1998.7554893282 -1991.8628004506 -472.5957036877
1998.7554893282 -1991.8628004506 -2000.0000000000
1998.7554893282 -1991.8628004506 -2000.0000000000
1998.7554893282 -1991.8628004506 -2000.0000000000
1998.7554893282 -1991.8628004506 -2000.0000000000
-1034.6871374925 -1908.4718062841 595.3842080428
-1034.6871374925 -1908.4718062841 -2000.0000000000
6.5626569743 944.1104211720 383.0367194274
-544.0920548221 -1710.2704650133 1007.9915000857
340.9727025707 1681.7248442270 -226.0470336184
340.9727025707 1681.7248442270 -2000.0000000000
340.9727025707 1681.7248442270 -2000.0000000000
-1448.7483414106 1353.7384284827 1443.6967699394
-1448.7483414106 1353.7384284827 -2000.0000000000
-1448.7483414106 1353.7384284827 -2000.0000000000
-192.7717600167 -1439.5392073441 -1725.7460587212
1426.6913207781 -1621.5021201676 1267.6512625274
1426.6913207781 -1621.5021201676 -2000.0000000000
1426.6913207781 -1621.5021201676 -2000.0000000000
-1969.8577464866 1225.0959611463 -389.6704092935
-209.4753944648 191.5210170944 -1019.9790952120
-209.4753944648 191.5210170944 -2000.0000000000
-209.4753944648 191.5210170944 -2000.0000000000
-209.4753944648 191.5210170944 -2000.0000000000
1950.3725502715 -270.4240247824 228.0372843249
1950.3725502715 -270.4240247824 -2000.0000000000
1950.3725502715 -270.4240247824 -2000.0000000000
-149.0884861401 1756.4115122149 -342.2514444734
-149.0884861401 1756.4115122149 -2000.0000000000
-237.6504606375 1762.4976449553 121.8810181942
-237.6504606375 1762.4976449553 -2000.0000000000
-237.6504606375 1762.4976449553 -2000.0000000000
-237.6504606375 1762.4976449553 -2000.0000000000
-237.6504606375 1762.4976449553 -2000.0000000000
-237.6504606375 1762.4976449553 -2000.0000000000
-237.6504606375 1762.4976449553 -2000.0000000000
-237.6504606375 1762.4976449553 -2000.0000000000
-237.6504606375 1762.4976449553 -2000.0000000000
-237.6504606375 1762.4976449553 -2000.0000000000
1273.9529470818 912.0937474332 582.2989570211
1273.9529470818 912.0937474332 -2000.0000000000
1273.9529470818 912.0937474332 -2000.0000000000
1273.9529470818 912.0937474332 -2000.0000000000
1273.9529470818 912.0937474332 -2000.0000000000
1273.9529470818 912.0937474332 -2000.0000000000
429.3859235048 1256.9949116261 -1734.2888270381
429.3859235048 1256.9949116261 -2000.0000000000
429.3859235048 1256.9949116261 -2000.0000000000
429.3859235048 1256.9949116261 -2000.0000000000
429.3859235048 1256.9949116261 -2000.0000000000
429.3859235048 1256.9949116261 -2000.0000000000
429.3859235048 1256.9949116261 -2000.0000000000
429.3859235048 1256.9949116261 -2000.0000000000
1537.1583714344 -165.2161155805 1669.1181310039
1537.1583714344 -165.2161155805 -2000.0000000000
1537.1583714344 -165.2161155805 -2000.0000000000
1537.1583714344 -165.2161155805 -2000.0000000000
1537.1583714344 -165.2161155805 -2000.0000000000
1537.1583714344 -165.2161155805 -2000.0000000000
1108.9918652717 -1818.2754649533 -551.1766342416
1108.9918652717 -1818.2754649533 -2000.0000000000
1108.9918652717 -1818.2754649533 -2000.0000000000
75.2497383516 1689.0484508576 951.6596544633
75.2497383516 1689.0484508576 -2000.0000000000
75.2497383516 1689.0484508576 -2000.0000000000
-35.9392231631 1664.4035147477 1706.3491819450
-35.9392231631 1664.4035147477 -2000.0000000000
-35.9392231631 1664.4035147477 -2000.0000000000
-35.9392231631 1664.4035147477 -2000.0000000000
-35.9392231631 1664.4035147477 -2000.0000000000
-35.9392231631 1664.4035147477 -2000.0000000000
-35.9392231631 1664.4035147477 -2000.0000000000
818.8673044680 -1509.6827026728 1806.0816688437
818.8673044680 -1509.6827026728 -2000.0000000000
818.8673044680 -1509.6827026728 -2000.0000000000
1573.7586477309 1413.3331983025 433.7858310007
1573.7586477309 1413.3331983025 -2000.0000000000
1078.1366283263 1330.1428242425 -698.1673334351
1078.1366283263 1330.1428242425 -2000.0000000000
294.5321936882 -1929.9108195972 556.4090340247
294.5321936882 -1929.9108195972 -2000.0000000000
294.5321936882 -1929.9108195972 -2000.0000000000
294.5321936882 -1929.9108195972 -2000.0000000000
294.5321936882 -1929.9108195972 -2000.0000000000
-355.6247707548 -157.2794653282 637.7668850373
-355.6247707548 -157.2794653282 -2000.0000000000
-355.6247707548 -157.2794653282 -2000.0000000000
1086.2469180152 1777.0088235833 986.8460499123
1086.2469180152 1777.0088235833 -2000.0000000000
36.5647984811 1303.0984038095 -1708.7271159380
36.5647984811 1303.0984038095 -2000.0000000000
607.5000533658 1916.3818187779 844.2587229709
607.5000533658 1916.3818187779 -2000.0000000000
607.5000533658 1916.3818187779 -2000.0000000000
607.5000533658 1916.3818187779 -2000.0000000000
607.5000533658 1916.3818187779 -2000.0000000000
607.5000533658 1916.3818187779 -2000.0000000000
607.5000533658 1916.3818187779 -2000.0000000000
607.5000533658 1916.3818187779 -2000.0000000000
-1257.1245215429 935.1289027874 -1154.3297539991
289.8351830223 -362.5627702090 -1772.0720561854
1454.0934938624 423.1370334712 -937.7565160510
1454.0934938624 423.1370334712 -2000.0000000000
-1835.6437776918 -1654.3124595557 -1453.4193129286
-1835.6437776918 -1654.3124595557 -2000.0000000000
-1835.6437776918 -1654.3124595557 -2000.0000000000
124.4179537534 272.7628157158 -729.7184083627
124.4179537534 272.7628157158 -2000.0000000000
-1719.8066749779 -315.5897717318 1986.8576041683
-935.4957270786 1900.2607485457 662.3939729114
-278.3133202327 736.6018529074 1948.1538556289
-110.6533871200 336.7815344925 -381.6611247290
-110.6533871200 336.7815344925 -2000.0000000000
-110.6533871200 336.7815344925 -2000.0000000000
-110.6533871200 336.7815344925 -2000.0000000000
904.5081304088 -1205.8108222296 452.6746115306
904.5081304088 -1205.8108222296 -2000.0000000000
904.5081304088 -1205.8108222296 -2000.0000000000
-1914.2698074261 673.1408833219 821.7722357329
-1289.9361063559 1924.4484859494 1830.0613362087
-1289.9361063559 1924.4484859494 -2000.0000000000
-1289.9361063559 1924.4484859494 -2000.0000000000
-1289.9361063559 1924.4484859494 -2000.0000000000
-1289.9361063559 1924.4484859494 -2000.0000000000
-1289.9361063559 1924.4484859494 -2000.0000000000
-1289.9361063559 1924.4484859494 -2000.0000000000
-1289.9361063559 1924.4484859494 -2000.0000000000
-1289.9361063559 1924.4484859494 -2000.0000000000
-1289.9361063559 1924.4484859494 -2000.0000000000
-1289.9361063559 1924.4484859494 -2000.0000000000
-1289.9361063559 1924.4484859494 -2000.0000000000
-325.0903499347 1139.0045260671 -1955.8034004762
-1711.6481659981 76.6615382475 1617.7821304888
-1003.5911599117 -1402.9609101296 -1941.3917509049
-1003.5911599117 -1402.9609101296 -2000.0000000000
-1003.5911599117 -1402.9609101296 -2000.0000000000
-985.4387124938 -813.9150356836 1735.2929444249
-985.4387124938 -813.9150356836 -2000.0000000000
813.5192017611 1154.8955665014 -15.4988171459
813.5192017611 1154.8955665014 -2000.0000000000
813.5192017611 1154.8955665014 -2000.0000000000
813.5192017611 1154.8955665014 -2000.0000000000
813.5192017611 1154.8955665014 -2000.0000000000
813.5192017611 1154.8955665014 -2000.0000000000
-828.0386291765 -219.2666791571 -1158.3672258434
-919.7833984176 -1542.4679926908 -1434.1784152484
-919.7833984176 -1542.4679926908 -2000.0000000000
1355.6164524830 -199.8452466822 -1841.5304304935
1355.6164524830 -199.8452466822 -2000.0000000000
1355.6164524830 -199.8452466822 -2000.0000000000
1355.6164524830 -199.8452466822 -2000.0000000000
-595.1630834450 -1044.1623580067 -1743.8320711575
-595.1630834450 -1044.1623580067 -2000.0000000000
-595.1630834450 -1044.1623580067 -2000.0000000000
-595.1630834450 -1044.1623580067 -2000.0000000000
696.4617852229 7.1939588529 -283.7031348564
696.4617852229 7.1939588529 -2000.0000000000
696.4617852229 7.1939588529 -2000.0000000000
298.8101998040 -646.7745777705 -1910.9514308400
328.6156749787 -1535.8144096953 521.8642779513
1307.4499475301 -1983.7242365961 -926.5872422837
1307.4499475301 -1983.7242365961 -2000.0000000000
-1557.3245273897 1865.0087534149 -612.9936963604
-1557.3245273897 1865.0087534149 -2000.0000000000
-1557.3245273897 1865.0087534149 -2000.0000000000
-1557.3245273897 1865.0087534149 -2000.0000000000
-1557.3245273897 1865.0087534149 -2000.0000000000
-1557.3245273897 1865.0087534149 -2000.0000000000
-1557.3245273897 1865.0087534149 -2000.0000000000
1591.3094309206 -266.0919663308 1787.2191517398
1591.3094309206 -266.0919663308 -2000.0000000000
1591.3094309206 -266.0919663308 -2000.0000000000
1591.3094309206 -266.0919663308 -2000.0000000000
1591.3094309206 -266.0919663308 -2000.0000000000
1591.3094309206 -266.0919663308 -2000.0000000000
1591.3094309206 -266.0919663308 -2000.0000000000
1591.3094309206 -266.0919663308 -2000.0000000000
1591.3094309206 -266.0919663308 -2000.0000000000
-275.4685964860 -1942.8456725559 -221.8365704648
-275.4685964860 -1942.8456725559 -2000.0000000000
-275.4685964860 -1942.8456725559 -2000.0000000000
-1958.1817461395 505.6699806384 1242.8998763420
609.8569859135 -243.0012394355 735.4777638240
-1577.7980778829 -134.0536368198 534.6305359417
-1577.7980778829 -134.0536368198 -2000.0000000000
-1577.7980778829 -134.0536368198 -2000.0000000000
-1577.7980778829 -134.0536368198 -2000.0000000000
-1577.7980778829 -134.0536368198 -2000.0000000000
-1577.7980778829 -134.0536368198 -2000.0000000000
-1577.7980778829 -134.0536368198 -2000.0000000000
-1577.7980778829 -134.0536368198 -2000.0000000000
-1577.7980778829 -134.0536368198 -2000.0000000000
-1577.7980778829 -134.0536368198 -2000.0000000000
-1577.7980778829 -134.0536368198 -2000.0000000000
801.2928098754 -1980.8186008958 -1804.7938734532
801.2928098754 -1980.8186008958 -2000.0000000000
-1749.7750681323 -73.6261500895 -1477.8285891255
-1749.7750681323 -73.6261500895 -2000.0000000000
-1749.7750681323 -73.6261500895 -2000.0000000000
-1749.7750681323 -73.6261500895 -2000.0000000000
-230.2950126398 -1581.1881932543 369.5636088712
-230.2950126398 -1581.1881932543 -2000.0000000000
-230.2950126398 -1581.1881932543 -2000.0000000000
-230.2950126398 -1581.1881932543 -2000.0000000000
-230.2950126398 -1581.1881932543 -2000.0000000000
-230.2950126398 -1581.1881932543 -2000.0000000000
-230.2950126398 -1581.1881932543 -2000.0000000000
-230.2950126398 -1581.1881932543 -2000.0000000000
-230.2950126398 -1581.1881932543 -2000.0000000000
-230.2950126398 -1581.1881932543 -2000.0000000000
-28.5735058772 1540.8150822502 -363.4300744709
-28.5735058772 1540.8150822502 -2000.0000000000
-28.5735058772 1540.8150822502 -2000.0000000000
555.3850190226 -1340.7646274847 -843.5259141354
555.3850190226 -1340.7646274847 -2000.0000000000
555.3850190226 -1340.7646274847 -2000.0000000000
-1838.6219225189 675.9504258052 -1013.5599463236
-1991.4583727351 -1333.6578936160 1959.8437410611
244.8797408121 -687.5099167009 1388.8513914258
244.8797408121 -687.5099167009 -2000.0000000000
244.8797408121 -687.5099167009 -2000.0000000000
244.8797408121 -687.5099167009 -2000.0000000000
244.8797408121 -687.5099167009 -2000.0000000000
244.8797408121 -687.5099167009 -2000.0000000000
244.8797408121 -687.5099167009 -2000.0000000000
244.8797408121 -687.5099167009 -2000.0000000000
244.8797408121 -687.5099167009 -2000.0000000000
244.8797408121 -687.5099167009 -2000.0000000000
244.8797408121 -687.5099167009 -2000.0000000000
244.8797408121 -687.5099167009 -2000.0000000000
244.8797408121 -687.5099167009 -2000.0000000000
244.8797408121 -687.5099167009 -2000.0000000000
244.8797408121 -687.5099167009 -2000.0000000000
244.8797408121 -687.5099167009 -2000.0000000000
650.6952175877 770.3783981892 -688.1494836050
650.6952175877 770.3783981892 -2000.0000000000
650.6952175877 770.3783981892 -2000.0000000000
650.6952175877 770.3783981892 -2000.0000000000
650.6952175877 770.3783981892 -2000.0000000000
650.6952175877 770.3783981892 -2000.0000000000
650.6952175877 770.3783981892 -2000.0000000000
650.6952175877 770.3783981892 -2000.0000000000
650.6952175877 770.3783981892 -2000.0000000000
-1977.7594089931 1599.8737100840 -1594.5516970521
-1977.7594089931 1599.8737100840 -2000.0000000000
-1977.7594089931 1599.8737100840 -2000.0000000000
1667.9277364530 1434.5024453069 -1978.0549737322
1667.9277364530 1434.5024453069 -2000.0000000000
-332.0802199119 -608.9431352376 139.3856716716
-332.0802199119 -608.9431352376 -2000.0000000000
-332.0802199119 -608.9431352376 -2000.0000000000
-332.0802199119 -608.9431352376 -2000.0000000000
-1466.9871947407 -1986.9825614674 182.4158096621
1478.1087830398 1781.6195279496 768.6091786268
1478.1087830398 1781.6195279496 -2000.0000000000
-331.3960114616 -1936.1237843581 -1000.0945028330
-331.3960114616 -1936.1237843581 -2000.0000000000
-1106.7892436201 1336.0697664341 -1273.4006297609
-1106.7892436201 1336.0697664341 -2000.0000000000
314.5114568652 1272.7999761979 -1145.4122183169
707.8509628592 66.8144474591 -87.3089516936
707.8509628592 66.8144474591 -2000.0000000000
707.8509628592 66.8144474591 -2000.0000000000
1596.9239431632 -511.9339058666 593.7500068021
-921.7293737032 278.7716552962 1623.1280371609
-921.7293737032 278.7716552962 -2000.0000000000
1656.5309116055 -911.2788458178 -1812.0888890865
1656.5309116055 -911.2788458178 -2000.0000000000
1656.5309116055 -911.2788458178 -2000.0000000000
1656.5309116055 -911.2788458178 -2000.0000000000
1656.5309116055 -911.2788458178 -2000.0000000000
-793.1840713844 147.1832668079 -1820.9308788751
-793.1840713844 147.1832668079 -2000.0000000000
-827.9969808925 -730.5716971183 742.2061437987
-827.9969808925 -730.5716971183 -2000.0000000000
1318.8647967957 -862.3356046714 -1039.6538746915
1267.6285698443 -1170.3513559399 979.7244889244
1267.6285698443 -1170.3513559399 -2000.0000000000
-484.1574130616 968.8574931200 844.8106517986
-484.1574130616 968.8574931200 -2000.0000000000
-484.1574130616 968.8574931200 -2000.0000000000
-484.1574130616 968.8574931200 -2000.0000000000
-484.1574130616 968.8574931200 -2000.0000000000
-484.1574130616 968.8574931200 -2000.0000000000
1503.1724634868 1774.7596147002 11.1431267555
1503.1724634868 1774.7596147002 -2000.0000000000
1503.1724634868 1774.7596147002 -2000.0000000000
1503.1724634868 1774.7596147002 -2000.0000000000
-792.6525741255 1958.2059702609 -965.0031243803
-792.6525741255 1958.2059702609 -2000.0000000000
-792.6525741255 1958.2059702609 -2000.0000000000
-848.8325228365 -662.8487994942 -773.4217757665
-848.8325228365 -662.8487994942 -2000.0000000000
-848.8325228365 -662.8487994942 -2000.0000000000
-848.8325228365 -662.8487994942 -2000.0000000000
-848.8325228365 -662.8487994942 -2000.0000000000
-848.8325228365 -662.8487994942 -2000.0000000000
-848.8325228365 -662.8487994942 -2000.0000000000
-848.8325228365 -662.8487994942 -2000.0000000000
-848.8325228365 -662.8487994942 -2000.0000000000
-848.8325228365 -662.8487994942 -2000.0000000000
-848.8325228365 -662.8487994942 -2000.0000000000
367.5897160415 -186.7256580372 -876.1467246063
-733.0099401666 1767.9694147269 -319.7988792212
-1951.9991798856 -699.3107602642 1817.1631081445
-859.9761912256 740.6098921905 -522.3896945668
-859.9761912256 740.6098921905 -2000.0000000000
44.6796735273 376.4583789612 -1221.2518014590
1795.3428965504 -550.9799040809 58.1585490238
1795.3428965504 -550.9799040809 -2000.0000000000
1795.3428965504 -550.9799040809 -2000.0000000000
1795.3428965504 -550.9799040809 -2000.0000000000
1795.3428965504 -550.9799040809 -2000.0000000000
-1931.8036376115 1406.7274668208 1956.8376286423
-1931.8036376115 1406.7274668208 -2000.0000000000
-1931.8036376115 1406.7274668208 -2000.0000000000
-1931.8036376115 1406.7274668208 -2000.0000000000
-1931.8036376115 1406.7274668208 -2000.0000000000
-1931.8036376115 1406.7274668208 -2000.0000000000
-1931.8036376115 1406.7274668208 -2000.0000000000
678.9018868456 939.4598134335 1410.2053411208
678.9018868456 939.4598134335 -2000.0000000000
678.9018868456 939.4598134335 -2000.0000000000
678.9018868456 939.4598134335 -2000.0000000000
678.9018868456 939.4598134335 -2000.0000000000
678.9018868456 939.4598134335 -2000.0000000000
-659.2132331462 1455.3690266052 20.8716078793
-659.2132331462 1455.3690266052 -2000.0000000000
-659.2132331462 1455.3690266052 -2000.0000000000
-659.2132331462 1455.3690266052 -2000.0000000000
-659.2132331462 1455.3690266052 -2000.0000000000
-659.2132331462 1455.3690266052 -2000.0000000000
-659.2132331462 1455.3690266052 -2000.0000000000
-659.2132331462 1455.3690266052 -2000.0000000000
-659.2132331462 1455.3690266052 -2000.0000000000
-659.2132331462 1455.3690266052 -2000.0000000000
-659.2132331462 1455.3690266052 -2000.0000000000
-659.2132331462 1455.3690266052 -2000.0000000000
-659.2132331462 1455.3690266052 -2000.0000000000
-444.8242235927 544.6356974575 1635.9733858710
-444.8242235927 544.6356974575 -2000.0000000000
23.8040210345 871.6714056404 224.4687275254
1092.2512468637 -947.1989273534 472.7301267208
1092.2512468637 -947.1989273534 -2000.0000000000
1092.2512468637 -947.1989273534 -2000.0000000000
-479.4363403231 386.3655372840 -1465.3250541949
-608.1888539706 -948.6562967658 1500.9646124805
-769.1266513726 -5.3351368544 665.6567279637
-769.1266513726 -5.3351368544 -2000.0000000000
-769.1266513726 -5.3351368544 -2000.0000000000
-206.9406378997 678.3246723819 -1997.9047667572
-206.9406378997 678.3246723819 -2000.0000000000
-206.9406378997 678.3246723819 -2000.0000000000
717.9957243265 -318.2268407360 1925.8761069668
717.9957243265 -318.2268407360 -2000.0000000000
717.9957243265 -318.2268407360 -2000.0000000000
717.9957243265 -318.2268407360 -2000.0000000000
717.9957243265 -318.2268407360 -2000.0000000000
717.9957243265 -318.2268407360 -2000.0000000000
717.9957243265 -318.2268407360 -2000.0000000000
717.9957243265 -318.2268407360 -2000.0000000000
717.9957243265 -318.2268407360 -2000.0000000000
717.9957243265 -318.2268407360 -2000.0000000000
717.9957243265 -318.2268407360 -2000.0000000000
1181.9966337584 -1508.9415874199 -921.7215338774
1181.9966337584 -1508.9415874199 -2000.0000000000
1688.1003630654 -1069.8700061741 1661.5575166205
-893.3280885108 1933.9034295734 -1505.2710677805
-893.3280885108 1933.9034295734 -2000.0000000000
-893.3280885108 1933.9034295734 -2000.0000000000
-1260.8842059041 -1226.9451491193 971.2552466082
-1260.8842059041 -1226.9451491193 -2000.0000000000
-1260.8842059041 -1226.9451491193 -2000.0000000000
-1260.8842059041 -1226.9451491193 -2000.0000000000
-189.9423010071 459.8274750336 -1990.1732722650
-189.9423010071 459.8274750336 -2000.0000000000
-189.9423010071 459.8274750336 -2000.0000000000
-189.9423010071 459.8274750336 -2000.0000000000
-71.4136584812 1183.6109730442 89.3190925601
-1803.1158348459 -1098.6599358010 -43.3797590684
-978.6113863362 538.7172183474 -1713.9770304797
-978.6113863362 538.7172183474 -2000.0000000000
-978.6113863362 538.7172183474 -2000.0000000000
-978.6113863362 538.7172183474 -2000.0000000000
-978.6113863362 538.7172183474 -2000.0000000000
-978.6113863362 538.7172183474 -2000.0000000000
1781.0091480474 -70.8807909830 -1727.8625775151
1781.0091480474 -70.8807909830 -2000.0000000000
1781.0091480474 -70.8807909830 -2000.0000000000
1781.0091480474 -70.8807909830 -2000.0000000000
1781.0091480474 -70.8807909830 -2000.0000000000
1781.0091480474 -70.8807909830 -2000.0000000000
1781.0091480474 -70.8807909830 -2000.0000000000
1781.0091480474 -70.8807909830 -2000.0000000000
1781.0091480474 -70.8807909830 -2000.0000000000
327.9422693121 -516.0246798495 -300.1118276721
1668.7431995603 1742.4489298276 -4.1602666586
1668.7431995603 1742.4489298276 -2000.0000000000
1753.6054812747 -1503.9788662269 966.0439398904
1753.6054812747 -1503.9788662269 -2000.0000000000
1753.6054812747 -1503.9788662269 -2000.0000000000
49.7600639147 1521.4310430820 -1077.9124361207
1493.0624360918 658.3257357957 -1352.5105974402
-302.0899383437 -1147.1932843832 462.1546065456
1490.9859938631 -1337.5242882792 -1201.5470212365
1490.9859938631 -1337.5242882792 -2000.0000000000
1490.9859938631 -1337.5242882792 -2000.0000000000
-97.4585099825 84.5287639228 -1817.1051135375
-97.4585099825 84.5287639228 -2000.0000000000
-97.4585099825 84.5287639228 -2000.0000000000
-97.4585099825 84.5287639228 -2000.0000000000
-97.4585099825 84.5287639228 -2000.0000000000
-97.4585099825 84.5287639228 -2000.0000000000
-97.4585099825 84.5287639228 -2000.0000000000
-1514.5909105099 -972.6357909486 -133.5737390062
-1514.5909105099 -972.6357909486 -2000.0000000000
-688.1992095310 -1090.0702647025 1533.3675138300
-688.1992095310 -1090.0702647025 -2000.0000000000
-688.1992095310 -1090.0702647025 -2000.0000000000
-688.1992095310 -1090.0702647025 -2000.0000000000
-688.1992095310 -1090.0702647025 -2000.0000000000
-688.1992095310 -1090.0702647025 -2000.0000000000
-688.1992095310 -1090.0702647025 -2000.0000000000
367.0720758705 -1571.4563527761 1442.9094912106
608.1749971150 1479.0733960417 1244.7501106671
-1457.1670436285 1955.4139076679 728.8226560043
1235.1414269610 -699.8213643422 765.1136202464
1235.1414269610 -699.8213643422 -2000.0000000000
137.0933140426 642.1234639523 1917.6053521361
1276.5035958577 -1550.3412861592 934.4657027917
1276.5035958577 -1550.3412861592 -2000.0000000000
1276.5035958577 -1550.3412861592 -2000.0000000000
1276.5035958577 -1550.3412861592 -2000.0000000000
1276.5035958577 -1550.3412861592 -2000.0000000000
1276.5035958577 -1550.3412861592 -2000.0000000000
-803.6323746542 -780.9184995953 -61.4373577544
-803.6323746542 -780.9184995953 -2000.0000000000
-803.6323746542 -780.9184995953 -2000.0000000000
-803.6323746542 -780.9184995953 -2000.0000000000
-803.6323746542 -780.9184995953 -2000.0000000000
-1287.5708714684 -61.7155723523 -620.1109734178
-1287.5708714684 -61.7155723523 -2000.0000000000
918.4194197566 833.7845048755 -490.4038070599
918.4194197566 833.7845048755 -2000.0000000000
-272.9952421148 1543.5340288600 1194.8118361778
-272.9952421148 1543.5340288600 -2000.0000000000
-272.9952421148 1543.5340288600 -2000.0000000000
-615.2834206441 747.1952431487 907.1910981233
-615.2834206441 747.1952431487 -2000.0000000000
-615.2834206441 747.1952431487 -2000.0000000000
-615.2834206441 747.1952431487 -2000.0000000000
-615.2834206441 747.1952431487 -2000.0000000000
-615.2834206441 747.1952431487 -2000.0000000000
-1923.9777711715 -269.0831890569 1738.4578773676
-1923.9777711715 -269.0831890569 -2000.0000000000
-1923.9777711715 -269.0831890569 -2000.0000000000
-1923.9777711715 -269.0831890569 -2000.0000000000
-1845.3515917939 231.4301891723 1328.7528212885
-1610.8717755968 -1587.4574318966 -812.3676537841
-1610.8717755968 -1587.4574318966 -2000.0000000000
-890.2627186221 34.5618895204 -1287.8644155867
-890.2627186221 34.5618895204 -2000.0000000000
-890.2627186221 34.5618895204 -2000.0000000000
-890.2627186221 34.5618895204 -2000.0000000000
-890.2627186221 34.5618895204 -2000.0000000000
-890.2627186221 34.5618895204 -2000.0000000000
-890.2627186221 34.5618895204 -2000.0000000000
-890.2627186221 34.5618895204 -2000.0000000000
-890.2627186221 34.5618895204 -2000.0000000000
528.2806949028 -1381.5808424982 -889.7888332784
528.2806949028 -1381.5808424982 -2000.0000000000
528.2806949028 -1381.5808424982 -2000.0000000000
528.2806949028 -1381.5808424982 -2000.0000000000
1859.9081979804 827.7059657869 -149.9471204376
864.7784130650 1986.8998084496 1414.9407252783
864.7784130650 1986.8998084496 -2000.0000000000
1833.2514932909 1159.1420946596 -1373.2382935101
898.6536739138 -3.8595708908 36.7076211707
898.6536739138 -3.8595708908 -2000.0000000000
898.6536739138 -3.8595708908 -2000.0000000000
898.6536739138 -3.8595708908 -2000.0000000000
-890.0281335772 -1022.8176476258 -1770.2313589714
-890.0281335772 -1022.8176476258 -2000.0000000000
-890.0281335772 -1022.8176476258 -2000.0000000000
-1061.9893624141 1385.0711426170 -1619.0548471334
-1061.9893624141 1385.0711426170 -2000.0000000000
-1061.9893624141 1385.0711426170 -2000.0000000000
1435.2370602294 -1302.8194070265 -1119.7025860204
1435.2370602294 -1302.8194070265 -2000.0000000000
1435.2370602294 -1302.8194070265 -2000.0000000000
1435.2370602294 -1302.8194070265 -2000.0000000000
-1212.9297992375 427.4657412441 969.3365513623
1018.9533529458 -736.0654834811 -1336.1374934177
1018.9533529458 -736.0654834811 -2000.0000000000
-322.7107040598 604.6221174849 534.4925819641
-936.3875502919 -58.4756874455 1840.1200322250
-936.3875502919 -58.4756874455 -2000.0000000000
-936.3875502919 -58.4756874455 -2000.0000000000
-936.3875502919 -58.4756874455 -2000.0000000000
1960.7941769560 -1076.1755312688 1027.1165898058
1960.7941769560 -1076.1755312688 -2000.0000000000
1960.7941769560 -1076.1755312688 -2000.0000000000
1960.7941769560 -1076.1755312688 -2000.0000000000
1960.7941769560 -1076.1755312688 -2000.0000000000
1257.6158187073 -1474.0448343255 481.9537014134
1257.6158187073 -1474.0448343255 -2000.0000000000
1257.6158187073 -1474.0448343255 -2000.0000000000
1257.6158187073 -1474.0448343255 -2000.0000000000
1257.6158187073 -1474.0448343255 -2000.0000000000
1257.6158187073 -1474.0448343255 -2000.0000000000
1257.6158187073 -1474.0448343255 -2000.0000000000
1257.6158187073 -1474.0448343255 -2000.0000000000
1257.6158187073 -1474.0448343255 -2000.0000000000
1257.6158187073 -1474.0448343255 -2000.0000000000
-516.3225350859 1704.9136460620 1877.2729132028
-516.3225350859 1704.9136460620 -2000.0000000000
-516.3225350859 1704.9136460620 -2000.0000000000
-379.8059502860 -1474.7573616410 -106.0618348187
-379.8059502860 -1474.7573616410 -2000.0000000000
-379.8059502860 -1474.7573616410 -2000.0000000000
-379.8059502860 -1474.7573616410 -2000.0000000000
-379.8059502860 -1474.7573616410 -2000.0000000000
-379.8059502860 -1474.7573616410 -2000.0000000000
-379.8059502860 -1474.7573616410 -2000.0000000000
-379.8059502860 -1474.7573616410 -2000.0000000000
-379.8059502860 -1474.7573616410 -2000.0000000000
-379.8059502860 -1474.7573616410 -2000.0000000000
-379.8059502860 -1474.7573616410 -2000.0000000000
-379.8059502860 -1474.7573616410 -2000.0000000000
765.9698982457 -1408.9220782656 -455.4638347250
765.9698982457 -1408.9220782656 -2000.0000000000
765.9698982457 -1408.9220782656 -2000.0000000000
765.9698982457 -1408.9220782656 -2000.0000000000
765.9698982457 -1408.9220782656 -2000.0000000000
765.9698982457 -1408.9220782656 -2000.0000000000
765.9698982457 -1408.9220782656 -2000.0000000000
765.9698982457 -1408.9220782656 -2000.0000000000
765.9698982457 -1408.9220782656 -2000.0000000000
765.9698982457 -1408.9220782656 -2000.0000000000
113.5844537527 547.7623462105 370.9367770466
406.8641922649 73.6873308357 -1076.2252432991
-921.2694804461 486.2167666778 -615.9052030391
-1086.8446155628 -1532.0597946326 -389.8242761666
-1086.8446155628 -1532.0597946326 -2000.0000000000
1375.6079023084 -1238.4581306903 -251.0207601193
-648.5399897428 135.0673680339 -180.4439385629
-648.5399897428 135.0673680339 -2000.0000000000
-648.5399897428 135.0673680339 -2000.0000000000
-648.5399897428 135.0673680339 -2000.0000000000
-648.5399897428 135.0673680339 -2000.0000000000
-648.5399897428 135.0673680339 -2000.0000000000
-648.5399897428 135.0673680339 -2000.0000000000
320.7455459129 544.1678485344 497.3106506651
-328.5682544572 -967.5566530796 -1723.9003140551
-863.8951954293 -165.4460197738 1015.7201384496
-863.8951954293 -165.4460197738 -2000.0000000000
-417.6463220413 -546.9084399234 248.3774083343
-417.6463220413 -546.9084399234 -2000.0000000000
1119.8883950022 1469.4030970371 1310.3250208089
1119.8883950022 1469.4030970371 -2000.0000000000
1119.8883950022 1469.4030970371 -2000.0000000000
1119.8883950022 1469.4030970371 -2000.0000000000
1119.8883950022 1469.4030970371 -2000.0000000000
1119.8883950022 1469.4030970371 -2000.0000000000
1907.2600435350 339.5373257681 1764.0771641047
-1075.2846257943 1020.6154415382 604.7696329769
-1075.2846257943 1020.6154415382 -2000.0000000000
-545.2319796976 1052.8397580361 27.2286922377
-1062.1861784337 1382.6440318985 1005.1997644511
-1062.1861784337 1382.6440318985 -2000.0000000000
-1062.1861784337 1382.6440318985 -2000.0000000000
-1062.1861784337 1382.6440318985 -2000.0000000000
384.2758199361 -1439.7767648182 -1717.7855765628
384.2758199361 -1439.7767648182 -2000.0000000000
384.2758199361 -1439.7767648182 -2000.0000000000
384.2758199361 -1439.7767648182 -2000.0000000000
384.2758199361 -1439.7767648182 -2000.0000000000
384.2758199361 -1439.7767648182 -2000.0000000000
384.2758199361 -1439.7767648182 -2000.0000000000
384.2758199361 -1439.7767648182 -2000.0000000000
1224.7420343371 -1816.9365718740 -1277.0511615827
1224.7420343371 -1816.9365718740 -2000.0000000000
-1386.4457007738 1964.8329971231 669.4534634848
-1027.8945935559 -409.0265336373 103.7517389755
547.4798246986 -1379.3442902364 1166.9751865705
547.4798246986 -1379.3442902364 -2000.0000000000
547.4798246986 -1379.3442902364 -2000.0000000000
547.4798246986 -1379.3442902364 -2000.0000000000
547.4798246986 -1379.3442902364 -2000.0000000000
547.4798246986 -1379.3442902364 -2000.0000000000
1994.4966359159 877.7554233023 -1116.9148865704
1994.4966359159 877.7554233023 -2000.0000000000
94.7975842711 -237.5138080512 482.1312164869
94.7975842711 -237.5138080512 -2000.0000000000
1601.4542022265 -1613.9148712003 1083.2957497241
105.8554346834 -593.7103813484 1692.1351576815
-1504.2855777360 -688.4010548906 1808.3935583870
-1504.2855777360 -688.4010548906 -2000.0000000000
-1504.2855777360 -688.4010548906 -2000.0000000000
-1504.2855777360 -688.4010548906 -2000.0000000000
688.6179878339 -184.9942324422 1253.2996580304
688.6179878339 -184.9942324422 -2000.0000000000
688.6179878339 -184.9942324422 -2000.0000000000
688.6179878339 -184.9942324422 -2000.0000000000
688.6179878339 -184.9942324422 -2000.0000000000
688.6179878339 -184.9942324422 -2000.0000000000
688.6179878339 -184.9942324422 -2000.0000000000
1353.0145719744 713.2476539984 -1278.0117364004
-395.3941198730 -1226.2742403418 -1191.6054940158
-395.3941198730 -1226.2742403418 -2000.0000000000
-8.3710536391 836.4804224904 -1771.5035490097
-460.9742450047 -1445.4041887879 -919.6954623221
-460.9742450047 -1445.4041887879 -2000.0000000000
-1737.2399726839 1475.3256816527 -1311.1480827400
-1737.2399726839 1475.3256816527 -2000.0000000000
-1737.2399726839 1475.3256816527 -2000.0000000000
-1737.2399726839 1475.3256816527 -2000.0000000000
-1737.2399726839 1475.3256816527 -2000.0000000000
1054.7804780011 -886.4522588815 1520.7510048171
1054.7804780011 -886.4522588815 -2000.0000000000
1054.7804780011 -886.4522588815 -2000.0000000000
1054.7804780011 -886.4522588815 -2000.0000000000
1054.7804780011 -886.4522588815 -2000.0000000000
1054.7804780011 -886.4522588815 -2000.0000000000
1054.7804780011 -886.4522588815 -2000.0000000000
1054.7804780011 -886.4522588815 -2000.0000000000
-1256.5403940684 1278.9224848681 762.5405146480
-1256.5403940684 1278.9224848681 -2000.0000000000
-1235.1917159014 1265.4342678873 -1743.8969792252
1368.3230157841 -223.2203708423 -582.0327416711
1368.3230157841 -223.2203708423 -2000.0000000000
1368.3230157841 -223.2203708423 -2000.0000000000
1368.3230157841 -223.2203708423 -2000.0000000000
1368.3230157841 -223.2203708423 -2000.0000000000
1368.3230157841 -223.2203708423 -2000.0000000000
1368.3230157841 -223.2203708423 -2000.0000000000
1368.3230157841 -223.2203708423 -2000.0000000000
1368.3230157841 -223.2203708423 -2000.0000000000
1368.3230157841 -223.2203708423 -2000.0000000000
1368.3230157841 -223.2203708423 -2000.0000000000
-156.2071645398 660.3717793914 975.0294649302
-156.2071645398 660.3717793914 -2000.0000000000
-156.2071645398 660.3717793914 -2000.0000000000
-1351.9838427674 1821.7257118568 64.8798194516
-1351.9838427674 1821.7257118568 -2000.0000000000
1728.1118730264 146.0637082828 1336.3071817276
1728.1118730264 146.0637082828 -2000.0000000000
1728.1118730264 146.0637082828 -2000.0000000000
-1254.4322807329 -722.9472408134 -939.5936285209
-374.0427651444 1540.9238403268 272.3262728302
-374.0427651444 1540.9238403268 -2000.0000000000
898.7118518547 -1264.2978054061 266.8769844167
1863.0386213456 -1014.3487539915 -427.0606310692
1863.0386213456 -1014.3487539915 -2000.0000000000
1863.0386213456 -1014.3487539915 -2000.0000000000
1909.7861096793 420.7523874687 -488.9322102137
1909.7861096793 420.7523874687 -2000.0000000000
1909.7861096793 420.7523874687 -2000.0000000000
-1799.3209282100 -472.8432479152 -819.6310326551
-1799.3209282100 -472.8432479152 -2000.0000000000
-1799.3209282100 -472.8432479152 -2000.0000000000
-1810.6405024316 -143.0593955744 84.2155925142
-1810.6405024316 -143.0593955744 -2000.0000000000
-911.9442401105 676.3597528625 -324.1344322023
-911.9442401105 676.3597528625 -2000.0000000000
557.9417484817 1492.9061049495 -626.0887272114
557.9417484817 1492.9061049495 -2000.0000000000
557.9417484817 1492.9061049495 -2000.0000000000
1184.2859656606 -597.5752736025 309.6085997186
1184.2859656606 -597.5752736025 -2000.0000000000
1184.2859656606 -597.5752736025 -2000.0000000000
7.4586475123 -477.5071092618 -151.7087626859
7.4586475123 -477.5071092618 -2000.0000000000
7.4586475123 -477.5071092618 -2000.0000000000
-1716.9122187383 -1017.5364483786 78.6220954918
181.3344988199 -1562.5925062797 676.5026725435
181.3344988199 -1562.5925062797 -2000.0000000000
-1707.7177175401 7.7466384452 48.1454170334
-1707.7177175401 7.7466384452 -2000.0000000000
-1622.8602561884 -430.8354492702 -1429.9535766360
-1972.3092978399 378.7651388907 -240.0014186294
-1972.3092978399 378.7651388907 -2000.0000000000
-1972.3092978399 378.7651388907 -2000.0000000000
-1972.3092978399 378.7651388907 -2000.0000000000
-1775.0459944848 -1972.6975159058 -1515.7082990604
-1775.0459944848 -1972.6975159058 -2000.0000000000
-1775.0459944848 -1972.6975159058 -2000.0000000000
866.9214152382 -1791.1373680181 471.6400276129
866.9214152382 -1791.1373680181 -2000.0000000000
866.9214152382 -1791.1373680181 -2000.0000000000
866.9214152382 -1791.1373680181 -2000.0000000000
866.9214152382 -1791.1373680181 -2000.0000000000
866.9214152382 -1791.1373680181 -2000.0000000000
866.9214152382 -1791.1373680181 -2000.0000000000
866.9214152382 -1791.1373680181 -2000.0000000000
866.9214152382 -1791.1373680181 -2000.0000000000
866.9214152382 -1791.1373680181 -2000.0000000000
-205.8663142217 51.4394749702 1862.0226885320
-205.8663142217 51.4394749702 -2000.0000000000
-545.0494188362 -1890.0580865304 -515.7599833209
-545.0494188362 -1890.0580865304 -2000.0000000000
-545.0494188362 -1890.0580865304 -2000.0000000000
-545.0494188362 -1890.0580865304 -2000.0000000000
-545.0494188362 -1890.0580865304 -2000.0000000000
-144.4760527253 -1667.0881376734 1541.1826641503
172.3395813571 1524.0565765650 26.5854690947
172.3395813571 1524.0565765650 -2000.0000000000
172.3395813571 1524.0565765650 -2000.0000000000
172.3395813571 1524.0565765650 -2000.0000000000
172.3395813571 1524.0565765650 -2000.0000000000
172.3395813571 1524.0565765650 -2000.0000000000
172.3395813571 1524.0565765650 -2000.0000000000
172.3395813571 1524.0565765650 -2000.0000000000
172.3395813571 1524.0565765650 -2000.0000000000
172.3395813571 1524.0565765650 -2000.0000000000
280.2412929264 1645.8398302473 691.2353955141
280.2412929264 1645.8398302473 -2000.0000000000
280.2412929264 1645.8398302473 -2000.0000000000
280.2412929264 1645.8398302473 -2000.0000000000
280.2412929264 1645.8398302473 -2000.0000000000
280.2412929264 1645.8398302473 -2000.0000000000
280.2412929264 1645.8398302473 -2000.0000000000
280.2412929264 1645.8398302473 -2000.0000000000
280.2412929264 1645.8398302473 -2000.0000000000
1426.2526705145 1166.7611873866 -392.8820007273
1426.2526705145 1166.7611873866 -2000.0000000000
1426.2526705145 1166.7611873866 -2000.0000000000
602.3451576242 2.1606956212 813.4075798379
602.3451576242 2.1606956212 -2000.0000000000
602.3451576242 2.1606956212 -2000.0000000000
602.3451576242 2.1606956212 -2000.0000000000
602.3451576242 2.1606956212 -2000.0000000000
-519.3512612796 1419.2844744813 1596.9553657602
-519.3512612796 1419.2844744813 -2000.0000000000
-519.3512612796 1419.2844744813 -2000.0000000000
-519.3512612796 1419.2844744813 -2000.0000000000
-519.3512612796 1419.2844744813 -2000.0000000000
-519.3512612796 1419.2844744813 -2000.0000000000
-519.3512612796 1419.2844744813 -2000.0000000000
-1215.8008584080 -1962.7392076831 726.9228923600
-1215.8008584080 -1962.7392076831 -2000.0000000000
-1215.8008584080 -1962.7392076831 -2000.0000000000
-1215.8008584080 -1962.7392076831 -2000.0000000000
-1215.8008584080 -1962.7392076831 -2000.0000000000
-1215.8008584080 -1962.7392076831 -2000.0000000000
-1215.8008584080 -1962.7392076831 -2000.0000000000
-361.4125743341 1309.3973612276 912.7104355630
-361.4125743341 1309.3973612276 -2000.0000000000
-361.4125743341 1309.3973612276 -2000.0000000000
-1373.2916505331 -225.5504162700 -438.2170328291
-1373.2916505331 -225.5504162700 -2000.0000000000
-126.8031603270 612.3059008726 -679.0002858897
-126.8031603270 612.3059008726 -2000.0000000000
-126.8031603270 612.3059008726 -2000.0000000000
-126.8031603270 612.3059008726 -2000.0000000000
-126.8031603270 612.3059008726 -2000.0000000000
-126.8031603270 612.3059008726 -2000.0000000000
-126.8031603270 612.3059008726 -2000.0000000000
-992.1020738216 1185.9434151459 -276.9500829569
-992.1020738216 1185.9434151459 -2000.0000000000
-992.1020738216 1185.9434151459 -2000.0000000000
-992.1020738216 1185.9434151459 -2000.0000000000
-992.1020738216 1185.9434151459 -2000.0000000000
-992.1020738216 1185.9434151459 -2000.0000000000
-992.1020738216 1185.9434151459 -2000.0000000000
-992.1020738216 1185.9434151459 -2000.0000000000
90.7191956643 707.9345485040 1696.7083348313
-303.3468244223 684.6090635655 1311.4110163272
1781.4532929811 1682.1800798686 -143.2534438306
1781.4532929811 1682.1800798686 -2000.0000000000
-1357.2230868822 -1752.8240250790 -1837.4981358500
-1357.2230868822 -1752.8240250790 -2000.0000000000
-1357.2230868822 -1752.8240250790 -2000.0000000000
697.7200492001 -1857.7606936151 -1380.4228539822
442.3265328807 1934.2677608476 1031.8109569289
442.3265328807 1934.2677608476 -2000.0000000000
442.3265328807 1934.2677608476 -2000.0000000000
717.1854908298 -170.9309296019 -1090.2247273365
717.1854908298 -170.9309296019 -2000.0000000000
717.1854908298 -170.9309296019 -2000.0000000000
717.1854908298 -170.9309296019 -2000.0000000000
717.1854908298 -170.9309296019 -2000.0000000000
717.1854908298 -170.9309296019 -2000.0000000000
-95.5144962195 -393.3519891727 -1266.4723603534
-1700.3557529403 -59.6488098546 -725.7860021801
-1700.3557529403 -59.6488098546 -2000.0000000000
-1700.3557529403 -59.6488098546 -2000.0000000000
215.0887256728 -231.6489348958 944.6523454689
1225.6035859131 -38.4666940759 595.7699887820
1225.6035859131 -38.4666940759 -2000.0000000000
1225.6035859131 -38.4666940759 -2000.0000000000
-362.0402452309 1509.2990994449 158.5117218264
-362.0402452309 1509.2990994449 -2000.0000000000
-362.0402452309 1509.2990994449 -2000.0000000000
1698.9007405434 -1836.8893244524 -1915.9732586433
637.2085311164 -1435.3872949274 -131.0125633943
637.2085311164 -1435.3872949274 -2000.0000000000
637.2085311164 -1435.3872949274 -2000.0000000000
637.2085311164 -1435.3872949274 -2000.0000000000
637.2085311164 -1435.3872949274 -2000.0000000000
637.2085311164 -1435.3872949274 -2000.0000000000
637.2085311164 -1435.3872949274 -2000.0000000000
637.2085311164 -1435.3872949274 -2000.0000000000
1615.0731835969 996.4205910319 -1951.4322829956
1615.0731835969 996.4205910319 -2000.0000000000
1615.0731835969 996.4205910319 -2000.0000000000
1615.0731835969 996.4205910319 -2000.0000000000
1161.4486605064 -825.6151184637 1253.7766742178
1161.4486605064 -825.6151184637 -2000.0000000000
1161.4486605064 -825.6151184637 -2000.0000000000
857.3118408279 144.7166573883 1856.5899330457
857.3118408279 144.7166573883 -2000.0000000000
152.2303765287 -405.2265779548 144.5895166392
152.2303765287 -405.2265779548 -2000.0000000000
-1195.2089611356 901.9269560247 892.1553508306
-1195.2089611356 901.9269560247 -2000.0000000000
1230.0914307471 -1153.4241592259 -1007.9700366089
1230.0914307471 -1153.4241592259 -2000.0000000000
1230.0914307471 -1153.4241592259 -2000.0000000000
1230.0914307471 -1153.4241592259 -2000.0000000000
-138.9095991627 1795.5743081854 1324.0777627627
-138.9095991627 1795.5743081854 -2000.0000000000
-138.9095991627 1795.5743081854 -2000.0000000000
-138.9095991627 1795.5743081854 -2000.0000000000
-138.9095991627 1795.5743081854 -2000.0000000000
331.0846462022 1364.6435004511 702.0784816419
331.0846462022 1364.6435004511 -2000.0000000000
-1873.7931315346 -1817.7327709920 -1191.0739809489
-1873.7931315346 -1817.7327709920 -2000.0000000000
-1049.2983578050 -1196.8547501622 -24.5364004661
-963.0038077458 -58.6232616604 470.8246416945
-963.0038077458 -58.6232616604 -2000.0000000000
-963.0038077458 -58.6232616604 -2000.0000000000
-963.0038077458 -58.6232616604 -2000.0000000000
-963.0038077458 -58.6232616604 -2000.0000000000
-963.0038077458 -58.6232616604 -2000.0000000000
-963.0038077458 -58.6232616604 -2000.0000000000
-963.0038077458 -58.6232616604 -2000.0000000000
-807.0085861169 231.2285014022 -907.6861852820
848.5149521855 -345.6149835482 -1774.2034937877
848.5149521855 -345.6149835482 -2000.0000000000
848.5149521855 -345.6149835482 -2000.0000000000
848.5149521855 -345.6149835482 -2000.0000000000
848.5149521855 -345.6149835482 -2000.0000000000
848.5149521855 -345.6149835482 -2000.0000000000
848.5149521855 -345.6149835482 -2000.0000000000
848.5149521855 -345.6149835482 -2000.0000000000
848.5149521855 -345.6149835482 -2000.0000000000
848.5149521855 -345.6149835482 -2000.0000000000
848.5149521855 -345.6149835482 -2000.0000000000
848.5149521855 -345.6149835482 -2000.0000000000
-1077.7796699650 -501.7366230748 -1803.4682253321
-1077.7796699650 -501.7366230748 -2000.0000000000
133.3889676996 1223.5075495565 -1432.2234191616
133.3889676996 1223.5075495565 -2000.0000000000
133.3889676996 1223.5075495565 -2000.0000000000
133.3889676996 1223.5075495565 -2000.0000000000
-1686.7102233180 752.8772811157 1009.1864910475
-57.5989196481 548.4375303689 -11.5717700049
-57.5989196481 548.4375303689 -2000.0000000000
1438.3438605333 -1644.0027243230 -741.9843910300
1438.3438605333 -1644.0027243230 -2000.0000000000
-233.6369290646 -1511.3536844093 -182.1200419925
-1114.3320459406 286.1441800980 873.3373975943
-1114.3320459406 286.1441800980 -2000.0000000000
766.6977186893 -1033.0860744979 1539.3204103666
766.6977186893 -1033.0860744979 -2000.0000000000
-862.0566849096 1896.2132573646 -532.3176005828
-444.9278022834 -269.1993734389 -308.4307123488
-444.9278022834 -269.1993734389 -2000.0000000000
-444.9278022834 -269.1993734389 -2000.0000000000
1766.4113407270 1317.8248662479 579.5620912653
1766.4113407270 1317.8248662479 -2000.0000000000
1635.7429502642 1369.6659785793 1754.9092666303
-841.9189466646 142.4804860026 -1255.6017839972
-841.9189466646 142.4804860026 -2000.0000000000
824.0903277785 -1699.8419960791 1272.7711688800
824.0903277785 -1699.8419960791 -2000.0000000000
824.0903277785 -1699.8419960791 -2000.0000000000
274.7501663377 -797.9191286583 691.6813657974
274.7501663377 -797.9191286583 -2000.0000000000
-380.8654080341 -676.9988623931 1359.6649850193
-380.8654080341 -676.9988623931 -2000.0000000000
-380.8654080341 -676.9988623931 -2000.0000000000
364.8177757193 535.3843967586 388.3937739789
364.8177757193 535.3843967586 -2000.0000000000
364.8177757193 535.3843967586 -2000.0000000000
364.8177757193 535.3843967586 -2000.0000000000
364.8177757193 535.3843967586 -2000.0000000000
364.8177757193 535.3843967586 -2000.0000000000
364.8177757193 535.3843967586 -2000.0000000000
364.8177757193 535.3843967586 -2000.0000000000
-880.3392947385 38.2718327113 701.0334880160
1982.7993021231 1537.6618679633 -1225.6474890616
-162.0977165906 -633.9610358599 -486.0817141470
-498.2242671590 -1077.1399936830 -843.1921503610
-197.4500101158 -573.5360401238 -481.6361700770
-197.4500101158 -573.5360401238 -2000.0000000000
-197.4500101158 -573.5360401238 -2000.0000000000
442.4359594477 -843.2494651427 314.0456619497
442.4359594477 -843.2494651427 -2000.0000000000
442.4359594477 -843.2494651427 -2000.0000000000
-551.7129432659 -690.7585953264 805.2619619222
-551.7129432659 -690.7585953264 -2000.0000000000
265.0141665562 -1258.9079992649 -301.3383749761
265.0141665562 -1258.9079992649 -2000.0000000000
265.0141665562 -1258.9079992649 -2000.0000000000
265.0141665562 -1258.9079992649 -2000.0000000000
265.0141665562 -1258.9079992649 -2000.0000000000
265.0141665562 -1258.9079992649 -2000.0000000000
265.0141665562 -1258.9079992649 -2000.0000000000
265.0141665562 -1258.9079992649 -2000.0000000000
265.0141665562 -1258.9079992649 -2000.0000000000
265.0141665562 -1258.9079992649 -2000.0000000000
265.0141665562 -1258.9079992649 -2000.0000000000
-1978.2179232771 -1068.4453194744 1217.1534909338
-1619.0223208697 1163.0703790925 -1586.7302214393
-1619.0223208697 1163.0703790925 -2000.0000000000
-1619.0223208697 1163.0703790925 -2000.0000000000
-1619.0223208697 1163.0703790925 -2000.0000000000
-1619.0223208697 1163.0703790925 -2000.0000000000
-1619.0223208697 1163.0703790925 -2000.0000000000
-1619.0223208697 1163.0703790925 -2000.0000000000
-1619.0223208697 1163.0703790925 -2000.0000000000
-1619.0223208697 1163.0703790925 -2000.0000000000
-1619.0223208697 1163.0703790925 -2000.0000000000
-1619.0223208697 1163.0703790925 -2000.0000000000
-1619.0223208697 1163.0703790925 -2000.0000000000
-1619.0223208697 1163.0703790925 -2000.0000000000
736.2004465461 376.3537315154 -1227.6023656245
1406.7415691493 -319.8341492500 1429.1537085536
1435.1843554247 -74.9949182007 1401.3866722473
1435.1843554247 -74.9949182007 -2000.0000000000
-1911.4755740538 1595.4338609513 1939.6548985911
-1911.4755740538 1595.4338609513 -2000.0000000000
-1911.4755740538 1595.4338609513 -2000.0000000000
-1911.4755740538 1595.4338609513 -2000.0000000000
-1911.4755740538 1595.4338609513 -2000.0000000000
-953.5833026584 -1314.5312790680 1319.9163038653
-953.5833026584 -1314.5312790680 -2000.0000000000
-953.5833026584 -1314.5312790680 -2000.0000000000
-953.5833026584 -1314.5312790680 -2000.0000000000
-1325.8316482423 1024.1854210168 -626.1893242498
-1325.8316482423 1024.1854210168 -2000.0000000000
1303.1619157962 97.1051804948 -740.5284019719
1303.1619157962 97.1051804948 -2000.0000000000
1303.1619157962 97.1051804948 -2000.0000000000
-793.4555260716 269.1423697647 721.9448165489
-793.4555260716 269.1423697647 -2000.0000000000
-793.4555260716 269.1423697647 -2000.0000000000
-793.4555260716 269.1423697647 -2000.0000000000
-793.4555260716 269.1423697647 -2000.0000000000
-793.4555260716 269.1423697647 -2000.0000000000
-793.4555260716 269.1423697647 -2000.0000000000
835.1773594536 -1882.4921312567 -1141.2519208277
835.1773594536 -1882.4921312567 -2000.0000000000
-1627.2664086982 705.0511403455 541.0908590517
-1627.2664086982 705.0511403455 -2000.0000000000
-1627.2664086982 705.0511403455 -2000.0000000000
-1627.2664086982 705.0511403455 -2000.0000000000
407.8572651962 -1979.2413183189 1272.6498218383
407.8572651962 -1979.2413183189 -2000.0000000000
407.8572651962 -1979.2413183189 -2000.0000000000
407.8572651962 -1979.2413183189 -2000.0000000000
407.8572651962 -1979.2413183189 -2000.0000000000
407.8572651962 -1979.2413183189 -2000.0000000000
407.8572651962 -1979.2413183189 -2000.0000000000
407.8572651962 -1979.2413183189 -2000.0000000000
61.1914962965 -534.3100458069 1197.8741671763
61.1914962965 -534.3100458069 -2000.0000000000
1337.1394119472 -804.5994953964 -1424.9289571607
1337.1394119472 -804.5994953964 -2000.0000000000
-1339.8353371643 -182.2695563939 -834.4239379905
-801.2279628410 -1716.2724337097 1259.5168319285
-801.2279628410 -1716.2724337097 -2000.0000000000
1131.3051124680 -1286.3539861917 -1989.3553817310
1131.3051124680 -1286.3539861917 -2000.0000000000
117.4524023087 -591.8595603710 -67.6778719745
117.4524023087 -591.8595603710 -2000.0000000000
117.4524023087 -591.8595603710 -2000.0000000000
117.4524023087 -591.8595603710 -2000.0000000000
117.4524023087 -591.8595603710 -2000.0000000000
117.4524023087 -591.8595603710 -2000.0000000000
117.4524023087 -591.8595603710 -2000.0000000000
182.3530567668 -1805.8771068130 -1983.3298435581
182.3530567668 -1805.8771068130 -2000.0000000000
-942.5002495700 -1165.1961390613 -291.7590440435
-942.5002495700 -1165.1961390613 -2000.0000000000
1554.6564639937 -1569.1252041603 -1268.3950554328
1554.6564639937 -1569.1252041603 -2000.0000000000
1554.6564639937 -1569.1252041603 -2000.0000000000
-33.3913185878 927.7310519952 -1887.4075663241
-33.3913185878 927.7310519952 -2000.0000000000
-1192.7173296319 1218.8537399701 1089.2115601990
-1192.7173296319 1218.8537399701 -2000.0000000000
-1428.3649744445 1601.5468186253 -445.5127450846
-1612.2969481199 -439.6356965591 285.1180054969
-1612.2969481199 -439.6356965591 -2000.0000000000
-1612.2969481199 -439.6356965591 -2000.0000000000
-1612.2969481199 -439.6356965591 -2000.0000000000
-1612.2969481199 -439.6356965591 -2000.0000000000
-1612.2969481199 -439.6356965591 -2000.0000000000
50.8089239410 -1112.9329350821 890.0885568949
50.8089239410 -1112.9329350821 -2000.0000000000
50.8089239410 -1112.9329350821 -2000.0000000000
1845.9246130061 -332.3742018328 1020.5053443542
1845.9246130061 -332.3742018328 -2000.0000000000
1845.9246130061 -332.3742018328 -2000.0000000000
1845.9246130061 -332.3742018328 -2000.0000000000
1845.9246130061 -332.3742018328 -2000.0000000000
-701.0686360130 -1638.6642821271 -1143.7722197337
-701.0686360130 -1638.6642821271 -2000.0000000000
-701.0686360130 -1638.6642821271 -2000.0000000000
-701.0686360130 -1638.6642821271 -2000.0000000000
-465.5730431953 999.0754289538 571.3565469900
-465.5730431953 999.0754289538 -2000.0000000000
-465.5730431953 999.0754289538 -2000.0000000000
-465.5730431953 999.0754289538 -2000.0000000000
-396.4222166693 -602.9382525806 1323.2326879384
-396.4222166693 -602.9382525806 -2000.0000000000
-396.4222166693 -602.9382525806 -2000.0000000000
-396.4222166693 -602.9382525806 -2000.0000000000
-175.2351143536 1433.0974154795 1257.6024915529
-1456.2677366033 -1508.8870898843 -480.1345449639
1361.6413985484 1447.1898048642 -901.2449324614
1361.6413985484 1447.1898048642 -2000.0000000000
-285.5588691608 1245.5536611878 -1303.6988901863
-285.5588691608 1245.5536611878 -2000.0000000000
-285.5588691608 1245.5536611878 -2000.0000000000
-285.5588691608 1245.5536611878 -2000.0000000000
1316.4860233871 -612.4445557479 -284.2362819427
690.3892966090 303.0736407906 -1880.7823572309
690.3892966090 303.0736407906 -2000.0000000000
690.3892966090 303.0736407906 -2000.0000000000
1521.3776574520 967.1874325170 -627.5689459429
1521.3776574520 967.1874325170 -2000.0000000000
1521.3776574520 967.1874325170 -2000.0000000000
1521.3776574520 967.1874325170 -2000.0000000000
1521.3776574520 967.1874325170 -2000.0000000000
1521.3776574520 967.1874325170 -2000.0000000000
1366.4554671694 -390.6982405465 -937.2674094760
1366.4554671694 -390.6982405465 -2000.0000000000
1366.4554671694 -390.6982405465 -2000.0000000000
-1513.3983701582 938.6657426373 390.1334659439
132.2101829772 -1145.7025965366 -198.3213626467
132.2101829772 -1145.7025965366 -2000.0000000000
132.2101829772 -1145.7025965366 -2000.0000000000
132.2101829772 -1145.7025965366 -2000.0000000000
132.2101829772 -1145.7025965366 -2000.0000000000
132.2101829772 -1145.7025965366 -2000.0000000000
132.2101829772 -1145.7025965366 -2000.0000000000
-1915.1474178578 1008.8767581927 947.4328498915
125.3117898029 1848.9306793116 1519.9256346270
837.8895444595 1750.5332155841 1023.0364147073
-881.1529034492 -296.0539953072 988.7038096884
-881.1529034492 -296.0539953072 -2000.0000000000
-881.1529034492 -296.0539953072 -2000.0000000000
-881.1529034492 -296.0539953072 -2000.0000000000
-881.1529034492 -296.0539953072 -2000.0000000000
-881.1529034492 -296.0539953072 -2000.0000000000
-826.3930523310 -1057.1263927510 778.5138272385
-798.7973145335 981.8830492320 1020.8505164414
1010.7723002721 -1067.7108697744 -532.3415628235
1272.1399915202 -569.6630180744 806.0445050294
1272.1399915202 -569.6630180744 -2000.0000000000
-1707.8875361053 818.7453759142 542.8269736996
-1707.8875361053 818.7453759142 -2000.0000000000
-1707.8875361053 818.7453759142 -2000.0000000000
-1707.8875361053 818.7453759142 -2000.0000000000
-1707.8875361053 818.7453759142 -2000.0000000000
-1707.8875361053 818.7453759142 -2000.0000000000
-1707.8875361053 818.7453759142 -2000.0000000000
-1707.8875361053 818.7453759142 -2000.0000000000
-1707.8875361053 818.7453759142 -2000.0000000000
-1707.8875361053 818.7453759142 -2000.0000000000
-1707.8875361053 818.7453759142 -2000.0000000000
-1707.8875361053 818.7453759142 -2000.0000000000
-1707.8875361053 818.7453759142 -2000.0000000000
-1584.0483395473 955.1786819395 -534.2434543234
-1584.0483395473 955.1786819395 -2000.0000000000
-1584.0483395473 955.1786819395 -2000.0000000000
1633.0367436781 -405.4108114349 1940.7980148914
1633.0367436781 -405.4108114349 -2000.0000000000
1633.0367436781 -405.4108114349 -2000.0000000000
1027.3824036450 -538.4882969534 -1067.6917558630
1027.3824036450 -538.4882969534 -2000.0000000000
1027.3824036450 -538.4882969534 -2000.0000000000
-1599.4220494139 -959.7388943671 184.8979887490
-1599.4220494139 -959.7388943671 -2000.0000000000
-1599.4220494139 -959.7388943671 -2000.0000000000
-1599.4220494139 -959.7388943671 -2000.0000000000
-1091.3101969627 -1494.1136757961 617.2149869564
-1091.3101969627 -1494.1136757961 -2000.0000000000
-1091.3101969627 -1494.1136757961 -2000.0000000000
-1091.3101969627 -1494.1136757961 -2000.0000000000
-1091.3101969627 -1494.1136757961 -2000.0000000000
-1091.3101969627 -1494.1136757961 -2000.0000000000
-1091.3101969627 -1494.1136757961 -2000.0000000000
-1091.3101969627 -1494.1136757961 -2000.0000000000
-1091.3101969627 -1494.1136757961 -2000.0000000000
1550.2972340528 -487.2220320241 -1482.8679299896
-622.9875033311 -1060.8831206320 -406.7151164700
-622.9875033311 -1060.8831206320 -2000.0000000000
-622.9875033311 -1060.8831206320 -2000.0000000000
-622.9875033311 -1060.8831206320 -2000.0000000000
-622.9875033311 -1060.8831206320 -2000.0000000000
-1100.1807277503 805.0325536118 1423.3026657928
-1710.8869630478 1529.4244601154 -255.8373867633
-1710.8869630478 1529.4244601154 -2000.0000000000
-1710.8869630478 1529.4244601154 -2000.0000000000
386.9745886834 495.9673090631 1976.8160939200
818.7353027906 -533.7180215044 1458.6399404301
818.7353027906 -533.7180215044 -2000.0000000000
1823.0129394033 1712.5012017714 -935.0017907599
1823.0129394033 1712.5012017714 -2000.0000000000
1823.0129394033 1712.5012017714 -2000.0000000000
1823.0129394033 1712.5012017714 -2000.0000000000
1823.0129394033 1712.5012017714 -2000.0000000000
1790.0502158202 -1137.8405963139 562.3054856174
-1477.7620787825 1919.3931665129 -1601.2117502636
-1477.7620787825 1919.3931665129 -2000.0000000000
-1477.7620787825 1919.3931665129 -2000.0000000000
-1477.7620787825 1919.3931665129 -2000.0000000000
-1477.7620787825 1919.3931665129 -2000.0000000000
-293.9536088350 1215.9061879017 207.4776789783
758.1725927115 1053.3861194319 1823.9329314858
-694.9546948558 1283.0503294293 -841.4193014583
-694.9546948558 1283.0503294293 -2000.0000000000
1008.3783914614 1778.3403448879 -1921.8190068719
1008.3783914614 1778.3403448879 -2000.0000000000
1700.7441592796 -465.0320515221 952.5507190314
-1934.0300417027 1889.7204929077 264.3950494212
-102.9412976229 -1381.7504231701 1926.4608349944
-102.9412976229 -1381.7504231701 -2000.0000000000
-102.9412976229 -1381.7504231701 -2000.0000000000
-102.9412976229 -1381.7504231701 -2000.0000000000
-102.9412976229 -1381.7504231701 -2000.0000000000
20.4593317691 -1729.8368148438 -366.6275085156
20.4593317691 -1729.8368148438 -2000.0000000000
20.4593317691 -1729.8368148438 -2000.0000000000
20.4593317691 -1729.8368148438 -2000.0000000000
20.4593317691 -1729.8368148438 -2000.0000000000
1840.7165330121 284.1341351260 1526.5085678215
1840.7165330121 284.1341351260 -2000.0000000000
1118.8682715419 -386.1873994768 1623.8306765685
1118.8682715419 -386.1873994768 -2000.0000000000
1118.8682715419 -386.1873994768 -2000.0000000000
-236.0770539103 -382.7375110251 -571.9761138451
-809.5573064069 1164.1476113140 1960.5066541812
-809.5573064069 1164.1476113140 -2000.0000000000
-809.5573064069 1164.1476113140 -2000.0000000000
-809.5573064069 1164.1476113140 -2000.0000000000
-1579.4008352096 -1602.8963837897 -83.5066809846
-1579.4008352096 -1602.8963837897 -2000.0000000000
-1565.7365462367 1968.7347667640 -1950.3947110910
-813.4048879282 -975.7108216101 -1766.4444269889
-813.4048879282 -975.7108216101 -2000.0000000000
-813.4048879282 -975.7108216101 -2000.0000000000
-813.4048879282 -975.7108216101 -2000.0000000000
-813.4048879282 -975.7108216101 -2000.0000000000
-813.4048879282 -975.7108216101 -2000.0000000000
-813.4048879282 -975.7108216101 -2000.0000000000
-813.4048879282 -975.7108216101 -2000.0000000000
685.3279457951 1834.0683291616 1120.9790563876
685.3279457951 1834.0683291616 -2000.0000000000
685.3279457951 1834.0683291616 -2000.0000000000
685.3279457951 1834.0683291616 -2000.0000000000
1025.8524979413 -792.0853950012 -807.4179976059
1689.4994740340 106.7218123704 -1396.6952366654
1689.4994740340 106.7218123704 -2000.0000000000
1689.4994740340 106.7218123704 -2000.0000000000
1689.4994740340 106.7218123704 -2000.0000000000
1689.4994740340 106.7218123704 -2000.0000000000
556.4875395785 -385.9028655375 -1115.0084873252
-549.4541033912 -1570.9321975778 1714.7926447830
-549.4541033912 -1570.9321975778 -2000.0000000000
-549.4541033912 -1570.9321975778 -2000.0000000000
-549.4541033912 -1570.9321975778 -2000.0000000000
-549.4541033912 -1570.9321975778 -2000.0000000000
-741.2382234519 791.3898935240 859.1883798660
-741.2382234519 791.3898935240 -2000.0000000000
-741.2382234519 791.3898935240 -2000.0000000000
1320.8906093026 112.7467915315 1919.9283304872
1320.8906093026 112.7467915315 -2000.0000000000
1320.8906093026 112.7467915315 -2000.0000000000
1320.8906093026 112.7467915315 -2000.0000000000
1320.8906093026 112.7467915315 -2000.0000000000
1320.8906093026 112.7467915315 -2000.0000000000
1320.8906093026 112.7467915315 -2000.0000000000
1320.8906093026 112.7467915315 -2000.0000000000
1320.8906093026 112.7467915315 -2000.0000000000
1320.8906093026 112.7467915315 -2000.0000000000
-1376.5748910671 217.7614169408 -649.6441797833
-1376.5748910671 217.7614169408 -2000.0000000000
-1376.5748910671 217.7614169408 -2000.0000000000
-1445.0344931477 -1320.6357595424 1892.3540215966
176.5069961258 1403.9533117848 560.3833890026
176.5069961258 1403.9533117848 -2000.0000000000
334.8738948621 550.3695146567 756.2651653511
334.8738948621 550.3695146567 -2000.0000000000
-1601.6327678216 -289.5195036323 -258.1636322229
-1601.6327678216 -289.5195036323 -2000.0000000000
1368.1366868480 1016.1796539168 483.6755807067
1368.1366868480 1016.1796539168 -2000.0000000000
1368.1366868480 1016.1796539168 -2000.0000000000
1368.1366868480 1016.1796539168 -2000.0000000000
-1443.2354741651 -687.4711795735 -1026.3469026712
-1443.2354741651 -687.4711795735 -2000.0000000000
-1443.2354741651 -687.4711795735 -2000.0000000000
-1287.1674153034 705.0670793189 -1661.9896958309
-1287.1674153034 705.0670793189 -2000.0000000000
-1287.1674153034 705.0670793189 -2000.0000000000
-1287.1674153034 705.0670793189 -2000.0000000000
-1287.1674153034 705.0670793189 -2000.0000000000
1679.5387229109 808.1313668783 1456.8448533108
1679.5387229109 808.1313668783 -2000.0000000000
-39.0857516644 740.6697551779 211.7599369853
-39.0857516644 740.6697551779 -2000.0000000000
-803.0606202141 346.4258861089 1159.7685898653
-803.0606202141 346.4258861089 -2000.0000000000
-803.0606202141 346.4258861089 -2000.0000000000
-803.0606202141 346.4258861089 -2000.0000000000
1008.0158692827 627.0830988586 979.5638113252
-1229.4487260075 1673.8699186599 617.3597457239
270.6484601641 -714.0179071869 -566.3564610272
270.6484601641 -714.0179071869 -2000.0000000000
-1183.5316536433 865.2245939484 629.1050847341
-1183.5316536433 865.2245939484 -2000.0000000000
-1183.5316536433 865.2245939484 -2000.0000000000
1057.8894470359 1972.1863610793 1093.9798456607
1057.8894470359 1972.1863610793 -2000.0000000000
747.3892037851 1225.0854030620 -411.4003803600
827.9541941620 1817.2288207974 624.2268858245
-261.7585783101 -1362.3892218630 -1099.9086733426
-261.7585783101 -1362.3892218630 -2000.0000000000
-261.7585783101 -1362.3892218630 -2000.0000000000
1325.6228110615 1769.4947324270 4.7006190365
1325.6228110615 1769.4947324270 -2000.0000000000
1325.6228110615 1769.4947324270 -2000.0000000000
1325.6228110615 1769.4947324270 -2000.0000000000
585.3673844652 1148.2895258809 567.4809417035
585.3673844652 1148.2895258809 -2000.0000000000
-835.0979923503 767.5670596552 1895.3530216589
-835.0979923503 767.5670596552 -2000.0000000000
-835.0979923503 767.5670596552 -2000.0000000000
-835.0979923503 767.5670596552 -2000.0000000000
-835.0979923503 767.5670596552 -2000.0000000000
-835.0979923503 767.5670596552 -2000.0000000000
1855.3718969139 -592.8079393450 -355.0984513862
-1017.8574273493 1920.3886485168 -1898.8906558287
1956.4958916574 -195.8412259244 1496.9324308796
1956.4958916574 -195.8412259244 -2000.0000000000
1956.4958916574 -195.8412259244 -2000.0000000000
1956.4958916574 -195.8412259244 -2000.0000000000
1956.4958916574 -195.8412259244 -2000.0000000000
1956.4958916574 -195.8412259244 -2000.0000000000
1956.4958916574 -195.8412259244 -2000.0000000000
-114.8993527995 -1884.7520189820 62.5288746367
-114.8993527995 -1884.7520189820 -2000.0000000000
-114.8993527995 -1884.7520189820 -2000.0000000000
-114.8993527995 -1884.7520189820 -2000.0000000000
-114.8993527995 -1884.7520189820 -2000.0000000000
-114.8993527995 -1884.7520189820 -2000.0000000000
-114.8993527995 -1884.7520189820 -2000.0000000000
1175.0294424050 272.5680819910 -293.7005642601
1175.0294424050 272.5680819910 -2000.0000000000
-1667.8307670261 1738.8084711324 -1082.1554745860
156.2105355262 20.7066846096 -538.2104796096
156.2105355262 20.7066846096 -2000.0000000000
156.2105355262 20.7066846096 -2000.0000000000
156.2105355262 20.7066846096 -2000.0000000000
693.9685565243 391.6816208917 -507.8361386786
1408.0067657022 1328.0814552604 196.0979760129
1570.7268039034 635.8821658512 1217.1564180159
1570.7268039034 635.8821658512 -2000.0000000000
1312.1268505533 -19.5191272797 1710.2620282987
1312.1268505533 -19.5191272797 -2000.0000000000
1312.1268505533 -19.5191272797 -2000.0000000000
1312.1268505533 -19.5191272797 -2000.0000000000
-1667.7489307282 853.4921161021 932.6426111600
-388.1053997135 -43.0917916280 -317.2984179213
1344.5798621765 512.4352401138 1246.4762928694
1854.0213961457 -1822.4973998575 786.9940175998
1854.0213961457 -1822.4973998575 -2000.0000000000
-1823.0266056782 -1751.6926329440 -1153.5285925462
-1823.0266056782 -1751.6926329440 -2000.0000000000
-1318.2433466601 328.3574983407 -1972.1952255725
-1318.2433466601 328.3574983407 -2000.0000000000
-1293.1827081669 -1435.0331177985 1127.0952779518
-1841.3575575298 1624.4171728784 662.1542959233
-1841.3575575298 1624.4171728784 -2000.0000000000
-1841.3575575298 1624.4171728784 -2000.0000000000
-1841.3575575298 1624.4171728784 -2000.0000000000
-492.0067661240 234.3100376762 977.5532413944
-554.8574356492 -259.3420356745 -314.5606398641
-1562.9439102655 -625.7544068215 -1497.4235213257
-1562.9439102655 -625.7544068215 -2000.0000000000
-1562.9439102655 -625.7544068215 -2000.0000000000
-1562.9439102655 -625.7544068215 -2000.0000000000
-1562.9439102655 -625.7544068215 -2000.0000000000
-1562.9439102655 -625.7544068215 -2000.0000000000
-1562.9439102655 -625.7544068215 -2000.0000000000
1030.9895802176 -1683.6643751565 -144.2233622404
1030.9895802176 -1683.6643751565 -2000.0000000000
1030.9895802176 -1683.6643751565 -2000.0000000000
-984.1602963119 -124.9575984118 -1945.4477646723
-984.1602963119 -124.9575984118 -2000.0000000000
976.4752666473 -1180.2026373244 599.1952441816
976.4752666473 -1180.2026373244 -2000.0000000000
358.7225303599 1067.4640392618 -132.9268722600
358.7225303599 1067.4640392618 -2000.0000000000
1006.1134464304 1253.4153658635 -149.0573731810
1006.1134464304 1253.4153658635 -2000.0000000000
-70.8631779485 -1289.7539600093 191.5120162115
-70.8631779485 -1289.7539600093 -2000.0000000000
-70.8631779485 -1289.7539600093 -2000.0000000000
-70.8631779485 -1289.7539600093 -2000.0000000000
-70.8631779485 -1289.7539600093 -2000.0000000000
-70.8631779485 -1289.7539600093 -2000.0000000000
-70.8631779485 -1289.7539600093 -2000.0000000000
-70.8631779485 -1289.7539600093 -2000.0000000000
825.5481481160 -1484.6428851250 -824.9669846265
825.5481481160 -1484.6428851250 -2000.0000000000
825.5481481160 -1484.6428851250 -2000.0000000000
825.5481481160 -1484.6428851250 -2000.0000000000
-1947.9758951751 443.2042941162 -1427.7178082513
1931.6061131116 -1604.5508313806 -1705.1608648727
1931.6061131116 -1604.5508313806 -2000.0000000000
1931.6061131116 -1604.5508313806 -2000.0000000000
1931.6061131116 -1604.5508313806 -2000.0000000000
1931.6061131116 -1604.5508313806 -2000.0000000000
-1978.9039982402 -1855.4995848474 279.9622683778
1005.6685484875 -333.1710944370 -838.1850862948
1005.6685484875 -333.1710944370 -2000.0000000000
1134.9618099415 -1893.7773446198 -1302.0484277544
1727.2292961697 582.6252430206 570.5686854669
1727.2292961697 582.6252430206 -2000.0000000000
1727.2292961697 582.6252430206 -2000.0000000000
1727.2292961697 582.6252430206 -2000.0000000000
1727.2292961697 582.6252430206 -2000.0000000000
1727.2292961697 582.6252430206 -2000.0000000000
1253.8584826787 1503.8191735724 -984.9143511307
1253.8584826787 1503.8191735724 -2000.0000000000
-1031.7107032824 430.7322738852 89.2952955694
-1940.1105359852 1089.9424676239 -618.5585943468
702.2847675431 1347.2524431372 655.1894772338
702.2847675431 1347.2524431372 -2000.0000000000
702.2847675431 1347.2524431372 -2000.0000000000
1270.2617731752 -1554.7786773963 1370.9685684186
1270.2617731752 -1554.7786773963 -2000.0000000000
1270.2617731752 -1554.7786773963 -2000.0000000000
-1408.0164934642 -1858.6878598270 -1611.8572614919
-1408.0164934642 -1858.6878598270 -2000.0000000000
-1408.0164934642 -1858.6878598270 -2000.0000000000
-1408.0164934642 -1858.6878598270 -2000.0000000000
-1408.0164934642 -1858.6878598270 -2000.0000000000
-724.7499041275 571.0529529397 -1307.1614223809
-724.7499041275 571.0529529397 -2000.0000000000
-1545.8120786296 -808.5306066380 55.9799402979
-1545.8120786296 -808.5306066380 -2000.0000000000
1315.9356562428 -503.8169437741 -1089.8571435906
1315.9356562428 -503.8169437741 -2000.0000000000
1315.9356562428 -503.8169437741 -2000.0000000000
-455.3796465232 -1501.5071523932 -1810.5741290241
67.3222395460 1450.4326713357 -558.2861293769
1711.3219850179 637.5028649583 1481.2057068751
-1542.2384620756 -470.7455383450 216.7526671933
-1402.8715855201 -1631.7639433504 -863.8898633243
-1402.8715855201 -1631.7639433504 -2000.0000000000
-1402.8715855201 -1631.7639433504 -2000.0000000000
-1402.8715855201 -1631.7639433504 -2000.0000000000
-1402.8715855201 -1631.7639433504 -2000.0000000000
-1402.8715855201 -1631.7639433504 -2000.0000000000
-779.7804697364 -1535.2158094132 1877.5123419598
-1293.9571250598 207.5576348678 -1670.4127773685
-1293.9571250598 207.5576348678 -2000.0000000000
-1293.9571250598 207.5576348678 -2000.0000000000
-1293.9571250598 207.5576348678 -2000.0000000000
-1293.9571250598 207.5576348678 -2000.0000000000
-1293.9571250598 207.5576348678 -2000.0000000000
-1293.9571250598 207.5576348678 -2000.0000000000
-1293.9571250598 207.5576348678 -2000.0000000000
739.7023308765 336.8893353012 -1780.8686286506
739.7023308765 336.8893353012 -2000.0000000000
739.7023308765 336.8893353012 -2000.0000000000
739.7023308765 336.8893353012 -2000.0000000000
1530.3578810418 726.7825708622 -1672.1507127186
-357.8804108089 -438.4953711126 1058.3118289631
-357.8804108089 -438.4953711126 -2000.0000000000
-357.8804108089 -438.4953711126 -2000.0000000000
-357.8804108089 -438.4953711126 -2000.0000000000
-357.8804108089 -438.4953711126 -2000.0000000000
1799.9684663451 -1564.6481810515 -1182.1251455747
-1997.4464774447 -1986.9813833562 -1993.7446164706
-1997.4464774447 -1986.9813833562 -2000.0000000000
-1997.4464774447 -1986.9813833562 -2000.0000000000
-1997.4464774447 -1986.9813833562 -2000.0000000000
1722.7687067933 -383.7214209802 1058.1652049347
1722.7687067933 -383.7214209802 -2000.0000000000
1861.5947913066 -922.6865167893 -808.3140523391
1861.5947913066 -922.6865167893 -2000.0000000000
1861.5947913066 -922.6865167893 -2000.0000000000
-495.0013341926 242.7753524881 -1850.3232949202
-873.8371414955 -635.4709470274 -1386.4751138741
-873.8371414955 -635.4709470274 -2000.0000000000
-903.0465568320 608.7675637452 -1983.7902249767
13.5931425450 264.0599929787 -1658.7532727761
-1289.4611900371 -1187.1108005724 438.8095990669
-1289.4611900371 -1187.1108005724 -2000.0000000000
-1289.4611900371 -1187.1108005724 -2000.0000000000
-1289.4611900371 -1187.1108005724 -2000.0000000000
-1289.4611900371 -1187.1108005724 -2000.0000000000
-1289.4611900371 -1187.1108005724 -2000.0000000000
-1289.4611900371 -1187.1108005724 -2000.0000000000
-1289.4611900371 -1187.1108005724 -2000.0000000000
464.9613379225 -487.9575444135 -301.9087346688
464.9613379225 -487.9575444135 -2000.0000000000
464.9613379225 -487.9575444135 -2000.0000000000
464.9613379225 -487.9575444135 -2000.0000000000
464.9613379225 -487.9575444135 -2000.0000000000
464.9613379225 -487.9575444135 -2000.0000000000
464.9613379225 -487.9575444135 -2000.0000000000
464.9613379225 -487.9575444135 -2000.0000000000
464.9613379225 -487.9575444135 -2000.0000000000
464.9613379225 -487.9575444135 -2000.0000000000
464.9613379225 -487.9575444135 -2000.0000000000
432.5141644213 -50.0228479686 -1815.0081137557
432.5141644213 -50.0228479686 -2000.0000000000
-1377.8102362525 -89.6716315190 -956.5852407467
-1377.8102362525 -89.6716315190 -2000.0000000000
-1377.8102362525 -89.6716315190 -2000.0000000000
-1377.8102362525 -89.6716315190 -2000.0000000000
-1377.8102362525 -89.6716315190 -2000.0000000000
-1377.8102362525 -89.6716315190 -2000.0000000000
-1377.8102362525 -89.6716315190 -2000.0000000000
-1377.8102362525 -89.6716315190 -2000.0000000000
-1377.8102362525 -89.6716315190 -2000.0000000000
-1377.8102362525 -89.6716315190 -2000.0000000000
1135.4596233403 1175.6584795890 1783.3674693129
1135.4596233403 1175.6584795890 -2000.0000000000
1135.4596233403 1175.6584795890 -2000.0000000000
1135.4596233403 1175.6584795890 -2000.0000000000
1416.5933608065 1807.6071296647 1469.0562521015
1653.5583935692 -390.4017528016 128.0565563955
1653.5583935692 -390.4017528016 -2000.0000000000
-1507.2557722565 -1534.4484637422 1516.1763666232
-1507.2557722565 -1534.4484637422 -2000.0000000000
196.0197679964 -797.7827662622 1326.9102871310
196.0197679964 -797.7827662622 -2000.0000000000
196.0197679964 -797.7827662622 -2000.0000000000
196.0197679964 -797.7827662622 -2000.0000000000
1062.9162914894 -1699.6004278603 -716.1127979265
1062.9162914894 -1699.6004278603 -2000.0000000000
1062.9162914894 -1699.6004278603 -2000.0000000000
1062.9162914894 -1699.6004278603 -2000.0000000000
1062.9162914894 -1699.6004278603 -2000.0000000000
1062.9162914894 -1699.6004278603 -2000.0000000000
1062.9162914894 -1699.6004278603 -2000.0000000000
1062.9162914894 -1699.6004278603 -2000.0000000000
1062.9162914894 -1699.6004278603 -2000.0000000000
1062.9162914894 -1699.6004278603 -2000.0000000000
1062.9162914894 -1699.6004278603 -2000.0000000000
103.9051543711 514.0260633199 -486.4567526690
196.4727542317 -956.1840064647 1709.5845728477
196.4727542317 -956.1840064647 -2000.0000000000
1579.3470249236 563.8296495719 432.2239447028
1579.3470249236 563.8296495719 -2000.0000000000
1579.3470249236 563.8296495719 -2000.0000000000
-1738.1891072477 1454.8042863839 -257.9648651853
-1738.1891072477 1454.8042863839 -2000.0000000000
183.8388625578 1692.5756219248 560.3164209275
183.8388625578 1692.5756219248 -2000.0000000000
-1824.9385929340 -1519.0101555024 94.0821086794
-1824.9385929340 -1519.0101555024 -2000.0000000000
-1725.6498325636 -1190.0711102156 -81.3810821196
-1725.6498325636 -1190.0711102156 -2000.0000000000
-1725.6498325636 -1190.0711102156 -2000.0000000000
-1725.6498325636 -1190.0711102156 -2000.0000000000
-1725.6498325636 -1190.0711102156 -2000.0000000000
-1725.6498325636 -1190.0711102156 -2000.0000000000
1289.6107983870 823.3740299378 826.9897944420
1289.6107983870 823.3740299378 -2000.0000000000
1289.6107983870 823.3740299378 -2000.0000000000
1289.6107983870 823.3740299378 -2000.0000000000
1289.6107983870 823.3740299378 -2000.0000000000
1289.6107983870 823.3740299378 -2000.0000000000
-864.1940084222 1840.5691772650 -1598.6680841545
-864.1940084222 1840.5691772650 -2000.0000000000
-864.1940084222 1840.5691772650 -2000.0000000000
-864.1940084222 1840.5691772650 -2000.0000000000
-864.1940084222 1840.5691772650 -2000.0000000000
1171.6982441372 524.6443359572 1741.9343264634
449.0656263378 655.7212396116 -520.0787194295
449.0656263378 655.7212396116 -2000.0000000000
-1700.8697199379 1027.6111098722 -83.4516668576
1978.2411119586 -1132.6361091110 328.2863663315
433.9443132948 -520.8577018396 1711.5582159192
433.9443132948 -520.8577018396 -2000.0000000000
-1217.8141198449 1535.9576024444 1887.0956971679
-1217.8141198449 1535.9576024444 -2000.0000000000
-1217.8141198449 1535.9576024444 -2000.0000000000
-1855.0384269043 -1533.0255166504 -329.7099377674
-1108.5479021844 1333.5098417362 1169.1400477511
1822.5641376977 1359.7144720647 -1739.1938019965
1822.5641376977 1359.7144720647 -2000.0000000000
1822.5641376977 1359.7144720647 -2000.0000000000
-717.4125931792 1845.7715641864 1517.8274004243
-717.4125931792 1845.7715641864 -2000.0000000000
-717.4125931792 1845.7715641864 -2000.0000000000
-717.4125931792 1845.7715641864 -2000.0000000000
-717.4125931792 1845.7715641864 -2000.0000000000
-717.4125931792 1845.7715641864 -2000.0000000000
862.0977229375 1850.2116254227 432.4091221162
862.0977229375 1850.2116254227 -2000.0000000000
-1516.1892772578 -1507.4981298702 1013.1993690737
-1516.1892772578 -1507.4981298702 -2000.0000000000
-1516.1892772578 -1507.4981298702 -2000.0000000000
-1516.1892772578 -1507.4981298702 -2000.0000000000
-1516.1892772578 -1507.4981298702 -2000.0000000000
843.3549423188 -229.2986192639 -899.6848749754
843.3549423188 -229.2986192639 -2000.0000000000
1705.6022568702 66.8928312677 -1279.3183495368
1705.6022568702 66.8928312677 -2000.0000000000
1705.6022568702 66.8928312677 -2000.0000000000
-858.7874382104 450.4026179813 -522.0124290604
-858.7874382104 450.4026179813 -2000.0000000000
-591.6538352770 229.9583071049 194.9817937479
1570.8616286898 1119.4727398138 -425.5884564810
1570.8616286898 1119.4727398138 -2000.0000000000
1570.8616286898 1119.4727398138 -2000.0000000000
1570.8616286898 1119.4727398138 -2000.0000000000
1570.8616286898 1119.4727398138 -2000.0000000000
815.1129308937 -311.2523798814 262.4825905723
815.1129308937 -311.2523798814 -2000.0000000000
815.1129308937 -311.2523798814 -2000.0000000000
815.1129308937 -311.2523798814 -2000.0000000000
815.1129308937 -311.2523798814 -2000.0000000000
1350.9049603081 -1088.4052465416 1168.9064706231
1350.9049603081 -1088.4052465416 -2000.0000000000
1350.9049603081 -1088.4052465416 -2000.0000000000
1403.6801488666 964.7925367513 -668.0759031341
1117.7766516868 781.6731803399 -208.8223752192
1117.7766516868 781.6731803399 -2000.0000000000
1117.7766516868 781.6731803399 -2000.0000000000
1647.4345362448 708.5059364253 359.8442581221
1647.4345362448 708.5059364253 -2000.0000000000
1647.4345362448 708.5059364253 -2000.0000000000
-1107.2157578465 -558.5550672579 -39.3961538115
238.9254992281 1917.7481543953 1439.7683401493
238.9254992281 1917.7481543953 -2000.0000000000
238.9254992281 1917.7481543953 -2000.0000000000
238.9254992281 1917.7481543953 -2000.0000000000
392.8351722299 -1670.0090770426 -1182.8432052078
392.8351722299 -1670.0090770426 -2000.0000000000
392.8351722299 -1670.0090770426 -2000.0000000000
392.8351722299 -1670.0090770426 -2000.0000000000
1981.4277681771 -1399.2838918053 235.1952076714
-54.4936892233 20.1374625639 600.1679436915
-1819.1188209535 1731.3745540148 764.8443442396
-1819.1188209535 1731.3745540148 -2000.0000000000
-1819.1188209535 1731.3745540148 -2000.0000000000
-1819.1188209535 1731.3745540148 -2000.0000000000
-1819.1188209535 1731.3745540148 -2000.0000000000
-1722.1047774456 923.2825432501 221.8700595372
-1722.1047774456 923.2825432501 -2000.0000000000
-1722.1047774456 923.2825432501 -2000.0000000000
-1722.1047774456 923.2825432501 -2000.0000000000
-1722.1047774456 923.2825432501 -2000.0000000000
-1151.3360198134 12.9888730583 -905.0173000918
-1151.3360198134 12.9888730583 -2000.0000000000
-1151.3360198134 12.9888730583 -2000.0000000000
-1151.3360198134 12.9888730583 -2000.0000000000
1153.2013093952 -1654.5516139229 -1729.0349672436
1153.2013093952 -1654.5516139229 -2000.0000000000
1153.2013093952 -1654.5516139229 -2000.0000000000
1153.2013093952 -1654.5516139229 -2000.0000000000
188.7993514100 -1274.2888735802 1933.8067309963
188.7993514100 -1274.2888735802 -2000.0000000000
188.7993514100 -1274.2888735802 -2000.0000000000
-1700.4333586262 537.3328881475 511.9264525220
-1700.4333586262 537.3328881475 -2000.0000000000
459.8214784853 -1304.3528560647 -936.5017913635
459.8214784853 -1304.3528560647 -2000.0000000000
459.8214784853 -1304.3528560647 -2000.0000000000
459.8214784853 -1304.3528560647 -2000.0000000000
459.8214784853 -1304.3528560647 -2000.0000000000
459.8214784853 -1304.3528560647 -2000.0000000000
459.8214784853 -1304.3528560647 -2000.0000000000
459.8214784853 -1304.3528560647 -2000.0000000000
459.8214784853 -1304.3528560647 -2000.0000000000
92.4043755629 -324.4222730697 1889.9850371110
92.4043755629 -324.4222730697 -2000.0000000000
92.4043755629 -324.4222730697 -2000.0000000000
92.4043755629 -324.4222730697 -2000.0000000000
1534.4451508976 -1268.6949060111 1056.3052462568
1534.4451508976 -1268.6949060111 -2000.0000000000
701.7728025441 -1673.9013730808 -437.0910467684
-1626.7570966768 -1630.6821247247 -1892.4992164682
-1626.7570966768 -1630.6821247247 -2000.0000000000
-1626.7570966768 -1630.6821247247 -2000.0000000000
-1626.7570966768 -1630.6821247247 -2000.0000000000
-1626.7570966768 -1630.6821247247 -2000.0000000000
-1626.7570966768 -1630.6821247247 -2000.0000000000
-1587.1105396643 456.8315634258 -1842.1786048267
-1430.7252037177 654.2387442814 260.6875648002
-1430.7252037177 654.2387442814 -2000.0000000000
-1430.7252037177 654.2387442814 -2000.0000000000
-1430.7252037177 654.2387442814 -2000.0000000000
-1430.7252037177 654.2387442814 -2000.0000000000
-1430.7252037177 654.2387442814 -2000.0000000000
-1430.7252037177 654.2387442814 -2000.0000000000
-1708.2034262750 385.6869493425 368.7352483500
-1708.2034262750 385.6869493425 -2000.0000000000
-1708.2034262750 385.6869493425 -2000.0000000000
-1708.2034262750 385.6869493425 -2000.0000000000
-1708.2034262750 385.6869493425 -2000.0000000000
-1708.2034262750 385.6869493425 -2000.0000000000
1856.9132768202 -814.9422298046 1150.0088441663
1856.9132768202 -814.9422298046 -2000.0000000000
1340.1676325932 -1147.4493172424 496.6662874991
1340.1676325932 -1147.4493172424 -2000.0000000000
1340.1676325932 -1147.4493172424 -2000.0000000000
1340.1676325932 -1147.4493172424 -2000.0000000000
1340.1676325932 -1147.4493172424 -2000.0000000000
1340.1676325932 -1147.4493172424 -2000.0000000000
-1957.0215207971 -911.0256312838 1159.0464375869
-1957.0215207971 -911.0256312838 -2000.0000000000
-1929.1701159396 1935.2987273526 393.3933992562
35.3277131634 -912.4876278286 43.9084945019
35.3277131634 -912.4876278286 -2000.0000000000
35.3277131634 -912.4876278286 -2000.0000000000
-215.8834408520 931.5003471591 504.7266767376
-215.8834408520 931.5003471591 -2000.0000000000
-215.8834408520 931.5003471591 -2000.0000000000
-215.8834408520 931.5003471591 -2000.0000000000
-215.8834408520 931.5003471591 -2000.0000000000
-215.8834408520 931.5003471591 -2000.0000000000
-215.8834408520 931.5003471591 -2000.0000000000
-215.8834408520 931.5003471591 -2000.0000000000
-215.8834408520 931.5003471591 -2000.0000000000
-215.8834408520 931.5003471591 -2000.0000000000
-215.8834408520 931.5003471591 -2000.0000000000
-215.8834408520 931.5003471591 -2000.0000000000
-215.8834408520 931.5003471591 -2000.0000000000
1004.9603666710 -475.4859799440 376.9616894740
1004.9603666710 -475.4859799440 -2000.0000000000
1004.9603666710 -475.4859799440 -2000.0000000000
1004.9603666710 -475.4859799440 -2000.0000000000
