1425.0801979664 -478.0038463574 150.6061281278
1494.6119034308 437.2019436175 126.2538143660
-220.5227190577 1399.1848811711 1569.4260815901
-220.5227190577 1399.1848811711 -2000.0000000000
-220.5227190577 1399.1848811711 -2000.0000000000
-514.4004896451 1460.3526615296 451.0642459294
-514.4004896451 1460.3526615296 -2000.0000000000
-514.4004896451 1460.3526615296 -2000.0000000000
-1146.2019986758 701.0203705985 834.1722851724
-1146.2019986758 701.0203705985 -2000.0000000000
739.0361458281 -1936.7616597256 1093.8169310267
739.0361458281 -1936.7616597256 -2000.0000000000
739.0361458281 -1936.7616597256 -2000.0000000000
-527.7684234166 1939.1729221050 359.2189781774
-527.7684234166 1939.1729221050 -2000.0000000000
-527.7684234166 1939.1729221050 -2000.0000000000
-527.7684234166 1939.1729221050 -2000.0000000000
-527.7684234166 1939.1729221050 -2000.0000000000
-527.7684234166 1939.1729221050 -2000.0000000000
-1005.9920423252 -1023.7600889997 -1540.0658986805
-1005.9920423252 -1023.7600889997 -2000.0000000000
-1005.9920423252 -1023.7600889997 -2000.0000000000
-1005.9920423252 -1023.7600889997 -2000.0000000000
-1005.9920423252 -1023.7600889997 -2000.0000000000
-1005.9920423252 -1023.7600889997 -2000.0000000000
-1005.9920423252 -1023.7600889997 -2000.0000000000
-1005.9920423252 -1023.7600889997 -2000.0000000000
-192.1129319576 -412.4009299197 1840.7326532922
-192.1129319576 -412.4009299197 -2000.0000000000
-1642.0189420942 -36.5402524674 1404.8174484961
-1642.0189420942 -36.5402524674 -2000.0000000000
-144.8150146079 -523.8304845780 -1959.6740736564
-655.8989373370 1900.4662467265 -1529.2729676054
-655.8989373370 1900.4662467265 -2000.0000000000
1821.5441820489 347.2192921860 1335.8561963033
1821.5441820489 347.2192921860 -2000.0000000000
-1612.0123192916 1873.5532660876 1704.2969680168
-1612.0123192916 1873.5532660876 -2000.0000000000
-1612.0123192916 1873.5532660876 -2000.0000000000
-1612.0123192916 1873.5532660876 -2000.0000000000
-1207.5809187781 486.8438260366 424.7186248194
-1207.5809187781 486.8438260366 -2000.0000000000
-972.9741634783 -885.5044158630 -1914.2767595998
-972.9741634783 -885.5044158630 -2000.0000000000
-1846.3200232065 1216.3674315531 -530.2880254196
1467.6019624772 -1637.2802412857 -139.4833236550
1467.6019624772 -1637.2802412857 -2000.0000000000
1467.6019624772 -1637.2802412857 -2000.0000000000
1467.6019624772 -1637.2802412857 -2000.0000000000
1467.6019624772 -1637.2802412857 -2000.0000000000
1467.6019624772 -1637.2802412857 -2000.0000000000
1467.6019624772 -1637.2802412857 -2000.0000000000
1467.6019624772 -1637.2802412857 -2000.0000000000
1467.6019624772 -1637.2802412857 -2000.0000000000
1467.6019624772 -1637.2802412857 -2000.0000000000
1290.6108952579 -812.4246536161 321.4968423868
1290.6108952579 -812.4246536161 -2000.0000000000
1290.6108952579 -812.4246536161 -2000.0000000000
-1039.2977888775 1122.1639865557 -1501.2273290268
540.9837194835 221.7448654008 -420.6208601090
540.9837194835 221.7448654008 -2000.0000000000
540.9837194835 221.7448654008 -2000.0000000000
540.9837194835 221.7448654008 -2000.0000000000
540.9837194835 221.7448654008 -2000.0000000000
540.9837194835 221.7448654008 -2000.0000000000
1944.7199664457 1208.2425231467 -360.9575371152
-55.3729039907 -1241.2822491228 -1462.1401945717
-55.3729039907 -1241.2822491228 -2000.0000000000
-744.6951435285 -951.8287495199 -793.4617933574
-387.1246656938 -579.6196452994 824.6109159027
-387.1246656938 -579.6196452994 -2000.0000000000
-387.1246656938 -579.6196452994 -2000.0000000000
-387.1246656938 -579.6196452994 -2000.0000000000
418.9731778674 467.6332516082 -1170.3865984424
1962.0090620491 -305.5674009207 -977.3728941481
794.3521888474 -1943.1309358442 -140.2036301909
794.3521888474 -1943.1309358442 -2000.0000000000
-1232.8387068931 340.7500075345 -782.7663518616
-1232.8387068931 340.7500075345 -2000.0000000000
-1232.8387068931 340.7500075345 -2000.0000000000
-1232.8387068931 340.7500075345 -2000.0000000000
-1232.8387068931 340.7500075345 -2000.0000000000
-1232.8387068931 340.7500075345 -2000.0000000000
543.9450511337 1040.5105804440 -284.3592494788
543.9450511337 1040.5105804440 -2000.0000000000
543.9450511337 1040.5105804440 -2000.0000000000
543.9450511337 1040.5105804440 -2000.0000000000
543.9450511337 1040.5105804440 -2000.0000000000
1483.4150860805 507.6386290127 1374.1144083232
1483.4150860805 507.6386290127 -2000.0000000000
1483.4150860805 507.6386290127 -2000.0000000000
1483.4150860805 507.6386290127 -2000.0000000000
1483.4150860805 507.6386290127 -2000.0000000000
1483.4150860805 507.6386290127 -2000.0000000000
1483.4150860805 507.6386290127 -2000.0000000000
-1064.2438496021 1060.1039585645 -981.5784017424
-862.0587175232 -504.5983982263 458.6588673548
-862.0587175232 -504.5983982263 -2000.0000000000
-862.0587175232 -504.5983982263 -2000.0000000000
-862.0587175232 -504.5983982263 -2000.0000000000
-862.0587175232 -504.5983982263 -2000.0000000000
-1479.3792312308 1137.8461152059 752.2142439657
-1479.3792312308 1137.8461152059 -2000.0000000000
125.2194568841 -1356.5396171268 886.5739918191
-589.6371688648 1178.4124316340 -1646.7310569095
-589.6371688648 1178.4124316340 -2000.0000000000
-589.6371688648 1178.4124316340 -2000.0000000000
551.9395555751 1515.8100462354 1563.9935920582
551.9395555751 1515.8100462354 -2000.0000000000
551.9395555751 1515.8100462354 -2000.0000000000
-1421.6378886410 -335.0075856059 -387.2426966319
-1421.6378886410 -335.0075856059 -2000.0000000000
-1421.6378886410 -335.0075856059 -2000.0000000000
-742.3981075912 -1038.1879085093 -355.6586432591
-92.1645236725 523.9567768999 507.6740986575
-92.1645236725 523.9567768999 -2000.0000000000
-88.5643865418 -1184.7912449727 -1880.2146793656
-88.5643865418 -1184.7912449727 -2000.0000000000
-88.5643865418 -1184.7912449727 -2000.0000000000
-1669.4523559801 -1790.9183558602 -379.5257073969
14.2647748144 -1466.0674849701 -995.1824007101
14.2647748144 -1466.0674849701 -2000.0000000000
157.5303235927 481.8656733540 -1231.6176063963
-693.4191379023 453.1549405572 -687.9526899383
-693.4191379023 453.1549405572 -2000.0000000000
-693.4191379023 453.1549405572 -2000.0000000000
-693.4191379023 453.1549405572 -2000.0000000000
-436.8173359856 1727.8431309694 1428.0447241002
-436.8173359856 1727.8431309694 -2000.0000000000
-436.8173359856 1727.8431309694 -2000.0000000000
-436.8173359856 1727.8431309694 -2000.0000000000
769.6130107300 504.1011345884 1202.5231480289
769.6130107300 504.1011345884 -2000.0000000000
467.8414347518 -1740.2041110567 -1927.2634979968
-1343.4237940468 -1723.5699256969 -988.7306246932
-1343.4237940468 -1723.5699256969 -2000.0000000000
-1343.4237940468 -1723.5699256969 -2000.0000000000
648.2703476175 924.8484904433 -1638.8683370982
648.2703476175 924.8484904433 -2000.0000000000
648.2703476175 924.8484904433 -2000.0000000000
815.6196448290 1978.9761626214 349.8471174949
815.6196448290 1978.9761626214 -2000.0000000000
815.6196448290 1978.9761626214 -2000.0000000000
787.3704770596 779.1196306374 72.4789522300
787.3704770596 779.1196306374 -2000.0000000000
787.3704770596 779.1196306374 -2000.0000000000
787.3704770596 779.1196306374 -2000.0000000000
1425.1243573491 1158.6074060109 -1220.7765298108
1425.1243573491 1158.6074060109 -2000.0000000000
159.7576036345 -729.2307036584 -1650.7041056856
-493.0607278696 146.4974764137 -285.2936331787
694.6852417484 940.0306068600 740.7754352771
694.6852417484 940.0306068600 -2000.0000000000
-17.6147397647 923.6590374884 1734.6944803102
-17.6147397647 923.6590374884 -2000.0000000000
1880.7816733321 -78.3388644057 1468.0235739179
1880.7816733321 -78.3388644057 -2000.0000000000
1880.7816733321 -78.3388644057 -2000.0000000000
1880.7816733321 -78.3388644057 -2000.0000000000
1880.7816733321 -78.3388644057 -2000.0000000000
1880.7816733321 -78.3388644057 -2000.0000000000
-1083.5436916654 -989.7608102220 1909.6215937369
-1083.5436916654 -989.7608102220 -2000.0000000000
308.4374006593 -1241.5368682448 129.7817654222
308.4374006593 -1241.5368682448 -2000.0000000000
-413.9934900582 -1234.1425779876 608.5841655445
-413.9934900582 -1234.1425779876 -2000.0000000000
-413.9934900582 -1234.1425779876 -2000.0000000000
114.2242693771 983.5790315096 -1659.0842101256
1141.4739414349 -1586.7635092279 -1517.3582668715
-262.7630754673 -1254.1559121803 1745.6163226650
-38.0089194268 535.4338941225 -55.7349388118
-1599.9093060239 -1284.3616368740 -495.6004456870
1398.1546658287 939.5566496672 -277.5036310874
-1955.4803258995 612.4627318065 999.9977556814
-1955.4803258995 612.4627318065 -2000.0000000000
-1955.4803258995 612.4627318065 -2000.0000000000
-1955.4803258995 612.4627318065 -2000.0000000000
-1955.4803258995 612.4627318065 -2000.0000000000
-1454.1178773230 -1383.7371408830 -384.6505527904
-1454.1178773230 -1383.7371408830 -2000.0000000000
-1454.1178773230 -1383.7371408830 -2000.0000000000
-71.1485449090 -1679.0295362954 401.9855147804
-71.1485449090 -1679.0295362954 -2000.0000000000
-71.1485449090 -1679.0295362954 -2000.0000000000
-71.1485449090 -1679.0295362954 -2000.0000000000
-71.1485449090 -1679.0295362954 -2000.0000000000
-71.1485449090 -1679.0295362954 -2000.0000000000
-71.1485449090 -1679.0295362954 -2000.0000000000
-96.8414746462 0.5016268109 1143.4580027681
-96.8414746462 0.5016268109 -2000.0000000000
-96.8414746462 0.5016268109 -2000.0000000000
-980.1267155429 -1253.5948242622 338.8259565134
-980.1267155429 -1253.5948242622 -2000.0000000000
-980.1267155429 -1253.5948242622 -2000.0000000000
-980.1267155429 -1253.5948242622 -2000.0000000000
-1748.0827276418 1828.4046303417 -1784.2136429838
-1748.0827276418 1828.4046303417 -2000.0000000000
-318.8938982633 1561.5790482631 -167.5804605425
-318.8938982633 1561.5790482631 -2000.0000000000
-318.8938982633 1561.5790482631 -2000.0000000000
-318.8938982633 1561.5790482631 -2000.0000000000
-318.8938982633 1561.5790482631 -2000.0000000000
-318.8938982633 1561.5790482631 -2000.0000000000
-318.8938982633 1561.5790482631 -2000.0000000000
857.4127543520 1508.8669463921 1045.0982986272
-868.6400280437 -820.3528978390 -224.9231213524
-868.6400280437 -820.3528978390 -2000.0000000000
-868.6400280437 -820.3528978390 -2000.0000000000
-868.6400280437 -820.3528978390 -2000.0000000000
-868.6400280437 -820.3528978390 -2000.0000000000
1170.2390619385 -1025.1684328100 -392.7992571245
1170.2390619385 -1025.1684328100 -2000.0000000000
1170.2390619385 -1025.1684328100 -2000.0000000000
-543.6332076046 575.3123136565 1004.6106857870
-1304.0856692598 -240.1144003931 1128.3496499840
-1304.0856692598 -240.1144003931 -2000.0000000000
-1304.0856692598 -240.1144003931 -2000.0000000000
-1304.0856692598 -240.1144003931 -2000.0000000000
-1304.0856692598 -240.1144003931 -2000.0000000000
692.2073428430 751.6070703062 -636.4172159351
692.2073428430 751.6070703062 -2000.0000000000
692.2073428430 751.6070703062 -2000.0000000000
692.2073428430 751.6070703062 -2000.0000000000
692.2073428430 751.6070703062 -2000.0000000000
692.2073428430 751.6070703062 -2000.0000000000
-838.1255900734 1971.6025744856 1658.0723635043
-838.1255900734 1971.6025744856 -2000.0000000000
1058.4151506340 470.4222087217 -737.0412834987
-812.9775608084 607.4168238580 327.7598508226
-812.9775608084 607.4168238580 -2000.0000000000
-812.9775608084 607.4168238580 -2000.0000000000
-220.5629218061 1242.5535068313 518.2947609576
-220.5629218061 1242.5535068313 -2000.0000000000
-220.5629218061 1242.5535068313 -2000.0000000000
-220.5629218061 1242.5535068313 -2000.0000000000
-938.2884562386 1250.4740001202 931.1037335894
53.4005253668 -511.4398545210 -144.0861067606
53.4005253668 -511.4398545210 -2000.0000000000
53.4005253668 -511.4398545210 -2000.0000000000
53.4005253668 -511.4398545210 -2000.0000000000
53.4005253668 -511.4398545210 -2000.0000000000
-415.9916088055 -249.9394636882 99.1261920177
-415.9916088055 -249.9394636882 -2000.0000000000
-415.9916088055 -249.9394636882 -2000.0000000000
-415.9916088055 -249.9394636882 -2000.0000000000
-415.9916088055 -249.9394636882 -2000.0000000000
-415.9916088055 -249.9394636882 -2000.0000000000
-415.9916088055 -249.9394636882 -2000.0000000000
-415.9916088055 -249.9394636882 -2000.0000000000
-415.9916088055 -249.9394636882 -2000.0000000000
1913.7759862468 508.3444153278 -210.4186686033
1913.7759862468 508.3444153278 -2000.0000000000
1913.7759862468 508.3444153278 -2000.0000000000
-1455.5732085968 160.9625341225 -1768.5251661309
-1455.5732085968 160.9625341225 -2000.0000000000
-1455.5732085968 160.9625341225 -2000.0000000000
806.3895488001 528.8699525203 -1154.8881169670
87.4317231016 39.8476267219 1432.2000887793
87.4317231016 39.8476267219 -2000.0000000000
-1584.9198493546 -197.1957448388 -907.2822718686
-1584.9198493546 -197.1957448388 -2000.0000000000
-1584.9198493546 -197.1957448388 -2000.0000000000
-1584.9198493546 -197.1957448388 -2000.0000000000
-1584.9198493546 -197.1957448388 -2000.0000000000
-1584.9198493546 -197.1957448388 -2000.0000000000
-1584.9198493546 -197.1957448388 -2000.0000000000
1768.7018638724 853.4634789123 -52.2576277012
1768.7018638724 853.4634789123 -2000.0000000000
1768.7018638724 853.4634789123 -2000.0000000000
1768.7018638724 853.4634789123 -2000.0000000000
1768.7018638724 853.4634789123 -2000.0000000000
1768.7018638724 853.4634789123 -2000.0000000000
1768.7018638724 853.4634789123 -2000.0000000000
1768.7018638724 853.4634789123 -2000.0000000000
1768.7018638724 853.4634789123 -2000.0000000000
1768.7018638724 853.4634789123 -2000.0000000000
-678.3482902856 511.4174039756 -1469.3568598147
-678.3482902856 511.4174039756 -2000.0000000000
-678.3482902856 511.4174039756 -2000.0000000000
-167.2529374729 817.3268565769 -695.2614190649
-167.2529374729 817.3268565769 -2000.0000000000
-1923.0057112357 1219.0925760807 -1077.9082833547
-1923.0057112357 1219.0925760807 -2000.0000000000
-1923.0057112357 1219.0925760807 -2000.0000000000
-1923.0057112357 1219.0925760807 -2000.0000000000
-488.8582068504 1976.3696079627 -1036.5133527321
-155.0700330181 -1350.4882242004 294.3813130528
-155.0700330181 -1350.4882242004 -2000.0000000000
-155.0700330181 -1350.4882242004 -2000.0000000000
-155.0700330181 -1350.4882242004 -2000.0000000000
-155.0700330181 -1350.4882242004 -2000.0000000000
213.5841577157 776.2130182653 -1720.2806950499
213.5841577157 776.2130182653 -2000.0000000000
213.5841577157 776.2130182653 -2000.0000000000
213.5841577157 776.2130182653 -2000.0000000000
-1955.3432273314 1262.8509653123 -866.5932271912
1849.8784234486 -1062.6584454157 -712.4233221590
1349.1596689624 -1521.7090428649 1855.7925257961
1349.1596689624 -1521.7090428649 -2000.0000000000
1349.1596689624 -1521.7090428649 -2000.0000000000
1349.1596689624 -1521.7090428649 -2000.0000000000
1349.1596689624 -1521.7090428649 -2000.0000000000
1349.1596689624 -1521.7090428649 -2000.0000000000
1349.1596689624 -1521.7090428649 -2000.0000000000
1349.1596689624 -1521.7090428649 -2000.0000000000
1349.1596689624 -1521.7090428649 -2000.0000000000
1349.1596689624 -1521.7090428649 -2000.0000000000
1349.1596689624 -1521.7090428649 -2000.0000000000
1349.1596689624 -1521.7090428649 -2000.0000000000
1349.1596689624 -1521.7090428649 -2000.0000000000
1349.1596689624 -1521.7090428649 -2000.0000000000
1349.1596689624 -1521.7090428649 -2000.0000000000
1349.1596689624 -1521.7090428649 -2000.0000000000
1349.1596689624 -1521.7090428649 -2000.0000000000
1349.1596689624 -1521.7090428649 -2000.0000000000
1349.1596689624 -1521.7090428649 -2000.0000000000
1349.7021006141 -587.3302772853 1490.3645095040
-1039.3261821880 -565.4400900288 1847.5744642637
-1039.3261821880 -565.4400900288 -2000.0000000000
-338.3155540404 -1716.1690837420 1161.8999533826
-338.3155540404 -1716.1690837420 -2000.0000000000
-338.3155540404 -1716.1690837420 -2000.0000000000
-338.3155540404 -1716.1690837420 -2000.0000000000
-338.3155540404 -1716.1690837420 -2000.0000000000
-338.3155540404 -1716.1690837420 -2000.0000000000
-338.3155540404 -1716.1690837420 -2000.0000000000
-1544.5916627136 304.4957832871 -1867.0958158191
-1544.5916627136 304.4957832871 -2000.0000000000
-619.0521331101 1268.4181026212 1257.2094619362
-619.0521331101 1268.4181026212 -2000.0000000000
-1958.2939540663 455.1404640173 794.0437347668
-1958.2939540663 455.1404640173 -2000.0000000000
-1958.2939540663 455.1404640173 -2000.0000000000
-1958.2939540663 455.1404640173 -2000.0000000000
-1958.2939540663 455.1404640173 -2000.0000000000
-1958.2939540663 455.1404640173 -2000.0000000000
1062.1797977557 -1085.6957619646 -961.5192275330
1062.1797977557 -1085.6957619646 -2000.0000000000
1062.1797977557 -1085.6957619646 -2000.0000000000
1062.1797977557 -1085.6957619646 -2000.0000000000
1062.1797977557 -1085.6957619646 -2000.0000000000
1062.1797977557 -1085.6957619646 -2000.0000000000
1062.1797977557 -1085.6957619646 -2000.0000000000
1062.1797977557 -1085.6957619646 -2000.0000000000
1062.1797977557 -1085.6957619646 -2000.0000000000
1062.1797977557 -1085.6957619646 -2000.0000000000
-575.7037878623 157.9631865985 210.4968361536
-889.0861403913 -277.8195816409 191.7727969750
-889.0861403913 -277.8195816409 -2000.0000000000
-1150.8528756479 1376.7231248917 445.7632079867
-1150.8528756479 1376.7231248917 -2000.0000000000
-1150.8528756479 1376.7231248917 -2000.0000000000
-1150.8528756479 1376.7231248917 -2000.0000000000
-1762.9370478426 784.0707026378 -629.1505472133
921.9584163525 -1390.0445632361 770.1266733606
-1746.1787248205 474.8676846410 -1586.1608687627
-1746.1787248205 474.8676846410 -2000.0000000000
767.5463413073 1439.4611087700 907.1465509799
767.5463413073 1439.4611087700 -2000.0000000000
1800.0587096925 113.1193676688 -1421.7075827449
1800.0587096925 113.1193676688 -2000.0000000000
191.3802482919 -241.5186926732 -1050.0190128288
191.3802482919 -241.5186926732 -2000.0000000000
190.4711628352 -1737.4233986916 -951.6958602671
190.4711628352 -1737.4233986916 -2000.0000000000
893.0102574889 86.1269573252 -1116.8885138444
893.0102574889 86.1269573252 -2000.0000000000
893.0102574889 86.1269573252 -2000.0000000000
893.0102574889 86.1269573252 -2000.0000000000
1871.3771372761 385.9427195092 -1040.3187041026
1903.2630459529 -1251.5986095905 -949.6687408247
-468.3274417902 -1249.8126942618 -1188.9700352742
-468.3274417902 -1249.8126942618 -2000.0000000000
1395.0504073997 1383.1058641619 -1585.2500267511
-134.0724196900 824.4685318824 804.2729487585
8.3157688139 -883.3587852966 -1322.4880964294
-1576.5387243075 -599.1030393077 1157.2561393992
-1576.5387243075 -599.1030393077 -2000.0000000000
-1576.5387243075 -599.1030393077 -2000.0000000000
-1576.5387243075 -599.1030393077 -2000.0000000000
-1576.5387243075 -599.1030393077 -2000.0000000000
-1576.5387243075 -599.1030393077 -2000.0000000000
306.6930884527 -655.1703891018 -1220.8259439043
98.8052634288 -639.2801340890 1894.6018474237
385.0474204676 513.5676827411 -660.5658756936
385.0474204676 513.5676827411 -2000.0000000000
-846.6935174487 882.6639006012 -145.0351603417
-846.6935174487 882.6639006012 -2000.0000000000
-846.6935174487 882.6639006012 -2000.0000000000
873.8305339163 353.9934762859 1796.5109234435
873.8305339163 353.9934762859 -2000.0000000000
1010.8100036407 984.1536404899 1911.1635167737
1010.8100036407 984.1536404899 -2000.0000000000
-345.7364627370 -381.9272880770 -1245.5601805203
-345.7364627370 -381.9272880770 -2000.0000000000
-345.7364627370 -381.9272880770 -2000.0000000000
-345.7364627370 -381.9272880770 -2000.0000000000
-345.7364627370 -381.9272880770 -2000.0000000000
-345.7364627370 -381.9272880770 -2000.0000000000
1679.7960485449 1305.9808588062 -381.7738203809
-286.6186658490 811.3143532203 196.4958499900
-286.6186658490 811.3143532203 -2000.0000000000
-286.6186658490 811.3143532203 -2000.0000000000
-286.6186658490 811.3143532203 -2000.0000000000
-286.6186658490 811.3143532203 -2000.0000000000
-286.6186658490 811.3143532203 -2000.0000000000
-286.6186658490 811.3143532203 -2000.0000000000
-286.6186658490 811.3143532203 -2000.0000000000
-286.6186658490 811.3143532203 -2000.0000000000
-286.6186658490 811.3143532203 -2000.0000000000
-286.6186658490 811.3143532203 -2000.0000000000
-1921.7457827143 -817.1671262717 -1023.2959710940
-1921.7457827143 -817.1671262717 -2000.0000000000
-1394.9201033606 -1893.9872778592 -1796.8776781461
-1394.9201033606 -1893.9872778592 -2000.0000000000
-1394.9201033606 -1893.9872778592 -2000.0000000000
-1394.9201033606 -1893.9872778592 -2000.0000000000
-1394.9201033606 -1893.9872778592 -2000.0000000000
-1394.9201033606 -1893.9872778592 -2000.0000000000
914.0689483871 -885.0109111349 -1740.9233030330
914.0689483871 -885.0109111349 -2000.0000000000
914.0689483871 -885.0109111349 -2000.0000000000
914.0689483871 -885.0109111349 -2000.0000000000
455.4439357394 1779.9980016912 1986.3318998480
455.4439357394 1779.9980016912 -2000.0000000000
455.4439357394 1779.9980016912 -2000.0000000000
151.3877240583 -1639.5544318051 -1787.3287509223
151.3877240583 -1639.5544318051 -2000.0000000000
-747.6377622465 141.8421320890 1410.7743703092
-561.2794565066 -656.1859006118 -895.1978111432
-561.2794565066 -656.1859006118 -2000.0000000000
-561.2794565066 -656.1859006118 -2000.0000000000
-552.6719957500 53.8222194891 1257.0754681227
-552.6719957500 53.8222194891 -2000.0000000000
1276.5042626727 -142.3494079656 52.5605009909
1276.5042626727 -142.3494079656 -2000.0000000000
1276.5042626727 -142.3494079656 -2000.0000000000
1276.5042626727 -142.3494079656 -2000.0000000000
1276.5042626727 -142.3494079656 -2000.0000000000
1276.5042626727 -142.3494079656 -2000.0000000000
1276.5042626727 -142.3494079656 -2000.0000000000
1276.5042626727 -142.3494079656 -2000.0000000000
1276.5042626727 -142.3494079656 -2000.0000000000
-630.7314871077 -432.0931858621 -1028.9898428412
-630.7314871077 -432.0931858621 -2000.0000000000
-645.7191755977 -547.0758951451 1815.3998252926
-645.7191755977 -547.0758951451 -2000.0000000000
-645.7191755977 -547.0758951451 -2000.0000000000
-645.7191755977 -547.0758951451 -2000.0000000000
-645.7191755977 -547.0758951451 -2000.0000000000
-645.7191755977 -547.0758951451 -2000.0000000000
-272.5298817121 -366.2673782172 979.1222214772
-272.5298817121 -366.2673782172 -2000.0000000000
-1746.5916901187 -930.4010813984 -1044.2118126786
-1090.5663422011 -1256.0360256323 -1839.0813965759
-1090.5663422011 -1256.0360256323 -2000.0000000000
-479.6762670977 -1059.2354101395 -1779.2020341636
-479.6762670977 -1059.2354101395 -2000.0000000000
-479.6762670977 -1059.2354101395 -2000.0000000000
-479.6762670977 -1059.2354101395 -2000.0000000000
605.9096398548 1379.1797194731 -1631.2349349951
-1746.7440411012 1779.4648630021 232.2916097977
-1746.7440411012 1779.4648630021 -2000.0000000000
-1027.5389780252 1586.0324434963 -251.2377928246
-1027.5389780252 1586.0324434963 -2000.0000000000
-1027.5389780252 1586.0324434963 -2000.0000000000
-1027.5389780252 1586.0324434963 -2000.0000000000
-1027.5389780252 1586.0324434963 -2000.0000000000
-1027.5389780252 1586.0324434963 -2000.0000000000
-1027.5389780252 1586.0324434963 -2000.0000000000
-1027.5389780252 1586.0324434963 -2000.0000000000
-1027.5389780252 1586.0324434963 -2000.0000000000
-1027.5389780252 1586.0324434963 -2000.0000000000
-1027.5389780252 1586.0324434963 -2000.0000000000
-1027.5389780252 1586.0324434963 -2000.0000000000
-1027.5389780252 1586.0324434963 -2000.0000000000
-1424.9799173059 207.4301959688 736.7035469079
-747.9652266505 1825.4754724549 -1969.2649060888
-456.0197320231 -1064.2788281974 -1000.3021330270
1353.5961389449 -523.0613474663 -1966.6824313893
1353.5961389449 -523.0613474663 -2000.0000000000
1353.5961389449 -523.0613474663 -2000.0000000000
1353.5961389449 -523.0613474663 -2000.0000000000
1353.5961389449 -523.0613474663 -2000.0000000000
366.9970901427 -74.5474945100 822.5011033673
366.9970901427 -74.5474945100 -2000.0000000000
366.9970901427 -74.5474945100 -2000.0000000000
-1202.8692096953 418.9355341046 -926.1646491128
577.0929136893 -18.2663677477 1655.0878888369
577.0929136893 -18.2663677477 -2000.0000000000
577.0929136893 -18.2663677477 -2000.0000000000
-1596.7820402587 -797.9146364636 -1452.4841981716
-1596.7820402587 -797.9146364636 -2000.0000000000
-1596.7820402587 -797.9146364636 -2000.0000000000
-1596.7820402587 -797.9146364636 -2000.0000000000
-1596.7820402587 -797.9146364636 -2000.0000000000
1082.4027737503 -1057.6451802085 351.9755664072
1082.4027737503 -1057.6451802085 -2000.0000000000
-1513.5487338744 386.8586816619 -1788.4893232103
-1642.3715793431 1219.9516149141 -1287.1827862522
-1104.1709398235 -434.7095793637 -1862.9903328197
-1104.1709398235 -434.7095793637 -2000.0000000000
-1104.1709398235 -434.7095793637 -2000.0000000000
861.3736502746 1865.2834797174 -708.2877302601
861.3736502746 1865.2834797174 -2000.0000000000
-571.0031494239 485.3106869964 598.3101629525
-571.0031494239 485.3106869964 -2000.0000000000
90.3984328166 256.8937438323 -411.5957109518
90.3984328166 256.8937438323 -2000.0000000000
90.3984328166 256.8937438323 -2000.0000000000
90.3984328166 256.8937438323 -2000.0000000000
90.3984328166 256.8937438323 -2000.0000000000
-1591.4026915040 185.3212474173 59.5765607412
-1591.4026915040 185.3212474173 -2000.0000000000
-635.6846286343 -564.2656287279 1552.7034161526
508.2419384069 599.0870750672 -262.0622082519
508.2419384069 599.0870750672 -2000.0000000000
508.2419384069 599.0870750672 -2000.0000000000
698.9740547949 344.6523703875 -501.3575579916
698.9740547949 344.6523703875 -2000.0000000000
1756.2238774782 1207.0162837679 -1631.3226203708
1756.2238774782 1207.0162837679 -2000.0000000000
1756.2238774782 1207.0162837679 -2000.0000000000
1756.2238774782 1207.0162837679 -2000.0000000000
1756.2238774782 1207.0162837679 -2000.0000000000
1756.2238774782 1207.0162837679 -2000.0000000000
1756.2238774782 1207.0162837679 -2000.0000000000
1756.2238774782 1207.0162837679 -2000.0000000000
-1317.8032100674 234.7346190832 -408.8216065528
-1317.8032100674 234.7346190832 -2000.0000000000
-1317.8032100674 234.7346190832 -2000.0000000000
-1317.8032100674 234.7346190832 -2000.0000000000
-1317.8032100674 234.7346190832 -2000.0000000000
1942.2511727689 -44.1467487796 -956.1942435093
1942.2511727689 -44.1467487796 -2000.0000000000
1942.2511727689 -44.1467487796 -2000.0000000000
1942.2511727689 -44.1467487796 -2000.0000000000
1208.4325891549 -214.7878836715 -1188.4551483087
1208.4325891549 -214.7878836715 -2000.0000000000
1208.4325891549 -214.7878836715 -2000.0000000000
1208.4325891549 -214.7878836715 -2000.0000000000
1208.4325891549 -214.7878836715 -2000.0000000000
1208.4325891549 -214.7878836715 -2000.0000000000
1208.4325891549 -214.7878836715 -2000.0000000000
1208.4325891549 -214.7878836715 -2000.0000000000
-174.4771966291 -1617.2179728878 -1593.7763617979
-174.4771966291 -1617.2179728878 -2000.0000000000
-174.4771966291 -1617.2179728878 -2000.0000000000
736.2978235890 853.4875641798 1025.5679796380
66.6769425347 1606.5598815811 -1711.1779569450
66.6769425347 1606.5598815811 -2000.0000000000
120.6261775797 -1562.6206451429 804.0272626360
-7.7352131039 -378.3418159173 695.7553044994
-7.7352131039 -378.3418159173 -2000.0000000000
-1737.5133616557 791.6734912656 1222.9958630872
-1084.9102142886 1141.4389669857 -1944.5874969143
-242.9292933961 -841.0567227437 543.4097903508
-242.9292933961 -841.0567227437 -2000.0000000000
-242.9292933961 -841.0567227437 -2000.0000000000
-242.9292933961 -841.0567227437 -2000.0000000000
-696.3608946407 1042.4439294424 1089.8286885241
-696.3608946407 1042.4439294424 -2000.0000000000
-422.7274699964 -922.3975179474 -1995.8684752046
-1703.1800786347 1148.7587852254 834.1476652551
1472.1706121134 1619.8189555370 1324.2777489870
1472.1706121134 1619.8189555370 -2000.0000000000
1472.1706121134 1619.8189555370 -2000.0000000000
1472.1706121134 1619.8189555370 -2000.0000000000
1472.1706121134 1619.8189555370 -2000.0000000000
1472.1706121134 1619.8189555370 -2000.0000000000
1472.1706121134 1619.8189555370 -2000.0000000000
1472.1706121134 1619.8189555370 -2000.0000000000
1472.1706121134 1619.8189555370 -2000.0000000000
1472.1706121134 1619.8189555370 -2000.0000000000
1472.1706121134 1619.8189555370 -2000.0000000000
1472.1706121134 1619.8189555370 -2000.0000000000
-502.8614336519 1405.9696975972 8.8233896296
-502.8614336519 1405.9696975972 -2000.0000000000
-502.8614336519 1405.9696975972 -2000.0000000000
-502.8614336519 1405.9696975972 -2000.0000000000
-502.8614336519 1405.9696975972 -2000.0000000000
1211.6020277305 -1141.0617177668 759.8572230655
1211.6020277305 -1141.0617177668 -2000.0000000000
1211.6020277305 -1141.0617177668 -2000.0000000000
1211.6020277305 -1141.0617177668 -2000.0000000000
1211.6020277305 -1141.0617177668 -2000.0000000000
1211.6020277305 -1141.0617177668 -2000.0000000000
1211.6020277305 -1141.0617177668 -2000.0000000000
1211.6020277305 -1141.0617177668 -2000.0000000000
1211.6020277305 -1141.0617177668 -2000.0000000000
1211.6020277305 -1141.0617177668 -2000.0000000000
-1207.1717146049 -1327.8700162214 -931.3226508758
1971.3752089766 -1037.8334008879 356.5253955713
1971.3752089766 -1037.8334008879 -2000.0000000000
1971.3752089766 -1037.8334008879 -2000.0000000000
1971.3752089766 -1037.8334008879 -2000.0000000000
1971.3752089766 -1037.8334008879 -2000.0000000000
1971.3752089766 -1037.8334008879 -2000.0000000000
1971.3752089766 -1037.8334008879 -2000.0000000000
1971.3752089766 -1037.8334008879 -2000.0000000000
-616.7220196242 -1159.2393491114 1735.5976904044
-616.7220196242 -1159.2393491114 -2000.0000000000
1433.2114805251 1285.2168305865 1531.5573032457
430.4320424595 481.1443069130 1195.5096750290
430.4320424595 481.1443069130 -2000.0000000000
430.4320424595 481.1443069130 -2000.0000000000
-1338.8284696974 606.3683311054 -916.1051751493
-1338.8284696974 606.3683311054 -2000.0000000000
-449.5846532618 1027.1114480972 283.4176676905
-449.5846532618 1027.1114480972 -2000.0000000000
-449.5846532618 1027.1114480972 -2000.0000000000
-449.5846532618 1027.1114480972 -2000.0000000000
-449.5846532618 1027.1114480972 -2000.0000000000
-449.5846532618 1027.1114480972 -2000.0000000000
-449.5846532618 1027.1114480972 -2000.0000000000
1691.8837058953 -1852.8347335350 1698.3858277133
1691.8837058953 -1852.8347335350 -2000.0000000000
1691.8837058953 -1852.8347335350 -2000.0000000000
1691.8837058953 -1852.8347335350 -2000.0000000000
521.2053583025 883.2957653157 1273.5827567378
1071.7293866066 704.8361631073 -803.0191720507
1071.7293866066 704.8361631073 -2000.0000000000
1071.7293866066 704.8361631073 -2000.0000000000
-1950.1065429263 910.8581116001 -1638.1945244567
-270.1764042245 -1314.5333955167 -1709.5846224085
-270.1764042245 -1314.5333955167 -2000.0000000000
-270.1764042245 -1314.5333955167 -2000.0000000000
-270.1764042245 -1314.5333955167 -2000.0000000000
-270.1764042245 -1314.5333955167 -2000.0000000000
1824.4636573769 -1945.2442259801 617.3053100560
1468.7599150016 -907.4938009434 779.0809572173
1468.7599150016 -907.4938009434 -2000.0000000000
1468.7599150016 -907.4938009434 -2000.0000000000
1468.7599150016 -907.4938009434 -2000.0000000000
1468.7599150016 -907.4938009434 -2000.0000000000
1468.7599150016 -907.4938009434 -2000.0000000000
1468.7599150016 -907.4938009434 -2000.0000000000
-1816.9886517707 -115.4547604322 1655.8123972832
433.9783198114 1875.1335442320 468.7366886553
433.9783198114 1875.1335442320 -2000.0000000000
433.9783198114 1875.1335442320 -2000.0000000000
433.9783198114 1875.1335442320 -2000.0000000000
433.9783198114 1875.1335442320 -2000.0000000000
433.9783198114 1875.1335442320 -2000.0000000000
1749.2520882807 915.1807366926 701.1726828708
1749.2520882807 915.1807366926 -2000.0000000000
1749.2520882807 915.1807366926 -2000.0000000000
1749.2520882807 915.1807366926 -2000.0000000000
98.4992324328 -943.5015983918 -799.8500983983
98.4992324328 -943.5015983918 -2000.0000000000
98.4992324328 -943.5015983918 -2000.0000000000
98.4992324328 -943.5015983918 -2000.0000000000
98.4992324328 -943.5015983918 -2000.0000000000
176.6849385237 -1530.6558464913 1780.0608799059
176.6849385237 -1530.6558464913 -2000.0000000000
176.6849385237 -1530.6558464913 -2000.0000000000
-270.9975954175 1532.2367011191 200.7701190127
1792.4018614387 1852.1076132959 599.5228699806
1792.4018614387 1852.1076132959 -2000.0000000000
1792.4018614387 1852.1076132959 -2000.0000000000
1792.4018614387 1852.1076132959 -2000.0000000000
1792.4018614387 1852.1076132959 -2000.0000000000
81.9457891869 -1037.0812037354 866.1649834706
81.9457891869 -1037.0812037354 -2000.0000000000
81.9457891869 -1037.0812037354 -2000.0000000000
-1482.9436243285 1709.9233183394 -9.7009826527
-1482.9436243285 1709.9233183394 -2000.0000000000
-1482.9436243285 1709.9233183394 -2000.0000000000
1246.3927575021 1110.4849022153 1962.0916587600
1246.3927575021 1110.4849022153 -2000.0000000000
-801.5755152717 -1939.9991147340 1910.6414468983
-801.5755152717 -1939.9991147340 -2000.0000000000
-1057.6684564765 1767.9643371782 1240.2793155455
1604.6660511611 -682.1506157254 -573.8318524208
1604.6660511611 -682.1506157254 -2000.0000000000
1604.6660511611 -682.1506157254 -2000.0000000000
1604.6660511611 -682.1506157254 -2000.0000000000
340.6967207839 1431.4084024971 1895.6922162030
340.6967207839 1431.4084024971 -2000.0000000000
340.6967207839 1431.4084024971 -2000.0000000000
831.8866513798 651.0694220187 1611.3072553101
-1056.4635063633 -854.2910601194 -396.3683951946
-1056.4635063633 -854.2910601194 -2000.0000000000
-1056.4635063633 -854.2910601194 -2000.0000000000
-1056.4635063633 -854.2910601194 -2000.0000000000
-1056.4635063633 -854.2910601194 -2000.0000000000
1253.8001922526 1924.8807015272 -1865.4503741255
1253.8001922526 1924.8807015272 -2000.0000000000
-1819.3178093069 -1159.5526922492 -1445.3323226146
-1819.3178093069 -1159.5526922492 -2000.0000000000
-1819.3178093069 -1159.5526922492 -2000.0000000000
-1819.3178093069 -1159.5526922492 -2000.0000000000
824.3727336356 -505.0492381665 -1081.6933392628
824.3727336356 -505.0492381665 -2000.0000000000
824.3727336356 -505.0492381665 -2000.0000000000
824.3727336356 -505.0492381665 -2000.0000000000
824.3727336356 -505.0492381665 -2000.0000000000
1493.5544443404 -383.5225253245 883.1617487776
1493.5544443404 -383.5225253245 -2000.0000000000
1493.5544443404 -383.5225253245 -2000.0000000000
1493.5544443404 -383.5225253245 -2000.0000000000
1493.5544443404 -383.5225253245 -2000.0000000000
1493.5544443404 -383.5225253245 -2000.0000000000
1493.5544443404 -383.5225253245 -2000.0000000000
1493.5544443404 -383.5225253245 -2000.0000000000
1493.5544443404 -383.5225253245 -2000.0000000000
1493.5544443404 -383.5225253245 -2000.0000000000
1493.5544443404 -383.5225253245 -2000.0000000000
1493.5544443404 -383.5225253245 -2000.0000000000
1493.5544443404 -383.5225253245 -2000.0000000000
1493.5544443404 -383.5225253245 -2000.0000000000
-1132.1517709433 -460.3673487385 8.5140779723
-1263.8418916846 -719.3170222923 944.5836571365
-1263.8418916846 -719.3170222923 -2000.0000000000
-1263.8418916846 -719.3170222923 -2000.0000000000
-1263.8418916846 -719.3170222923 -2000.0000000000
-594.9142031312 607.2565761762 1726.6021158715
-594.9142031312 607.2565761762 -2000.0000000000
-482.9464414721 1137.4114066562 459.7030584557
-482.9464414721 1137.4114066562 -2000.0000000000
-482.9464414721 1137.4114066562 -2000.0000000000
-482.9464414721 1137.4114066562 -2000.0000000000
-482.9464414721 1137.4114066562 -2000.0000000000
-606.4718418423 1733.3500605082 -1125.3692577346
1528.1089534511 1934.7194121960 -1309.4587025788
1528.1089534511 1934.7194121960 -2000.0000000000
1528.1089534511 1934.7194121960 -2000.0000000000
1710.9457834985 1416.3352199687 -1694.4338958538
1710.9457834985 1416.3352199687 -2000.0000000000
1710.9457834985 1416.3352199687 -2000.0000000000
1710.9457834985 1416.3352199687 -2000.0000000000
1710.9457834985 1416.3352199687 -2000.0000000000
1710.9457834985 1416.3352199687 -2000.0000000000
1710.9457834985 1416.3352199687 -2000.0000000000
-549.0360972565 -27.4782800701 315.2113520523
1541.0319066023 -143.4518728207 -128.8105298720
1541.0319066023 -143.4518728207 -2000.0000000000
1541.0319066023 -143.4518728207 -2000.0000000000
1541.0319066023 -143.4518728207 -2000.0000000000
1541.0319066023 -143.4518728207 -2000.0000000000
1541.0319066023 -143.4518728207 -2000.0000000000
1541.0319066023 -143.4518728207 -2000.0000000000
1541.0319066023 -143.4518728207 -2000.0000000000
-926.1542817474 -743.3333126879 59.2985560817
-539.4330219078 -967.3706172724 1488.6534833305
-539.4330219078 -967.3706172724 -2000.0000000000
-539.4330219078 -967.3706172724 -2000.0000000000
-539.4330219078 -967.3706172724 -2000.0000000000
-539.4330219078 -967.3706172724 -2000.0000000000
-539.4330219078 -967.3706172724 -2000.0000000000
-539.4330219078 -967.3706172724 -2000.0000000000
-539.4330219078 -967.3706172724 -2000.0000000000
-539.4330219078 -967.3706172724 -2000.0000000000
-539.4330219078 -967.3706172724 -2000.0000000000
1892.6910705089 1109.9790890335 -257.3982289194
1892.6910705089 1109.9790890335 -2000.0000000000
1892.6910705089 1109.9790890335 -2000.0000000000
1892.6910705089 1109.9790890335 -2000.0000000000
1892.6910705089 1109.9790890335 -2000.0000000000
1892.6910705089 1109.9790890335 -2000.0000000000
1892.6910705089 1109.9790890335 -2000.0000000000
1892.6910705089 1109.9790890335 -2000.0000000000
1892.6910705089 1109.9790890335 -2000.0000000000
1892.6910705089 1109.9790890335 -2000.0000000000
-1825.6090665225 172.6752871951 1750.7739491083
-1825.6090665225 172.6752871951 -2000.0000000000
-1825.6090665225 172.6752871951 -2000.0000000000
-1825.6090665225 172.6752871951 -2000.0000000000
-1598.8242916123 -554.9925025299 -1284.9682554894
865.5169247715 80.9539525644 896.2307124469
1764.2284584708 -1766.4253909685 1677.9842742926
1764.2284584708 -1766.4253909685 -2000.0000000000
1764.2284584708 -1766.4253909685 -2000.0000000000
211.9597967372 1793.6547288197 -1021.2250033582
211.9597967372 1793.6547288197 -2000.0000000000
211.9597967372 1793.6547288197 -2000.0000000000
211.9597967372 1793.6547288197 -2000.0000000000
211.9597967372 1793.6547288197 -2000.0000000000
1349.3810633019 1886.5149264246 1269.5952042073
-226.3113765421 -988.8237964888 354.2161844709
-226.3113765421 -988.8237964888 -2000.0000000000
-118.5615979734 149.5958567495 47.9031416636
69.0326123942 -1779.6071393991 -1402.0381099514
-1231.3311485363 -1403.8409453740 460.0023096121
-1231.3311485363 -1403.8409453740 -2000.0000000000
393.2221748468 -494.0483633212 71.2865014531
393.2221748468 -494.0483633212 -2000.0000000000
393.2221748468 -494.0483633212 -2000.0000000000
393.2221748468 -494.0483633212 -2000.0000000000
1248.4541292771 561.2603162114 -840.6417481815
585.8113339699 -1748.7208423878 1831.7272097938
585.8113339699 -1748.7208423878 -2000.0000000000
585.8113339699 -1748.7208423878 -2000.0000000000
-1292.7345405125 -1559.3212483429 -142.7475209801
-1292.7345405125 -1559.3212483429 -2000.0000000000
-1292.7345405125 -1559.3212483429 -2000.0000000000
1629.4283321378 948.2242411611 1963.9031047604
1629.4283321378 948.2242411611 -2000.0000000000
-702.9911860124 -1700.3379474695 -1356.1285920183
-702.9911860124 -1700.3379474695 -2000.0000000000
1346.3184820225 1502.7782948183 850.7624759042
1346.3184820225 1502.7782948183 -2000.0000000000
334.9596918163 112.9476293556 -744.0683374291
334.9596918163 112.9476293556 -2000.0000000000
334.9596918163 112.9476293556 -2000.0000000000
334.9596918163 112.9476293556 -2000.0000000000
-269.6330901474 577.6196207110 -756.8606314976
-269.6330901474 577.6196207110 -2000.0000000000
-269.6330901474 577.6196207110 -2000.0000000000
-269.6330901474 577.6196207110 -2000.0000000000
-1016.0205687550 95.1814405840 -515.4074124141
-1025.2781052529 -1061.3033742105 -1986.4889326986
-433.3785186475 -1285.1431111264 433.1152309377
1964.6598378319 1810.4697526063 -500.6481219602
-585.7165494452 -254.4687328152 -352.6794430773
-585.7165494452 -254.4687328152 -2000.0000000000
-585.7165494452 -254.4687328152 -2000.0000000000
-585.7165494452 -254.4687328152 -2000.0000000000
-585.7165494452 -254.4687328152 -2000.0000000000
-585.7165494452 -254.4687328152 -2000.0000000000
-585.7165494452 -254.4687328152 -2000.0000000000
-1029.4676897850 -1091.0794001624 1568.6407512046
-207.8278719588 1331.0449464602 1203.5364257002
-207.8278719588 1331.0449464602 -2000.0000000000
-207.8278719588 1331.0449464602 -2000.0000000000
-1949.0015087661 -1917.7929892426 -1283.0628293543
-521.9472233347 -606.5358797450 -341.9979593307
975.3788251552 -1411.9232280939 1163.2617212329
-1906.9469337766 -238.7418004278 287.9959626746
-1906.9469337766 -238.7418004278 -2000.0000000000
607.5675124624 -1794.9278490034 1029.8753177317
-1062.4247822990 -863.6851336301 -1038.7059309098
-1346.3486091366 -1804.5557157517 1150.5208045758
-16.5216643227 -1626.3909539598 1427.1732438949
-174.1999110179 594.9363503565 631.6586484934
-174.1999110179 594.9363503565 -2000.0000000000
1255.3530140831 1874.2977551143 360.2245179042
-1363.9642490986 462.9086732278 1070.7569702106
-549.3571056335 507.0641677593 -1574.5224047203
-549.3571056335 507.0641677593 -2000.0000000000
-549.3571056335 507.0641677593 -2000.0000000000
-473.4274975523 -1845.7845260223 -537.0846291042
1880.9016566580 -1533.3053405518 -745.3557466481
1880.9016566580 -1533.3053405518 -2000.0000000000
1880.9016566580 -1533.3053405518 -2000.0000000000
1614.2687367522 1396.2464576741 1487.2132215204
1614.2687367522 1396.2464576741 -2000.0000000000
1614.2687367522 1396.2464576741 -2000.0000000000
1614.2687367522 1396.2464576741 -2000.0000000000
1614.2687367522 1396.2464576741 -2000.0000000000
1614.2687367522 1396.2464576741 -2000.0000000000
1614.2687367522 1396.2464576741 -2000.0000000000
-1489.8857029146 1259.4219192215 -1059.8034569432
-1489.8857029146 1259.4219192215 -2000.0000000000
908.2091485351 1530.6691594053 1973.8782037121
-1602.0125997253 1493.7107904040 -1380.9633148380
-1602.0125997253 1493.7107904040 -2000.0000000000
-1602.0125997253 1493.7107904040 -2000.0000000000
1247.1777094910 736.6758677498 1089.3776121470
1247.1777094910 736.6758677498 -2000.0000000000
1247.1777094910 736.6758677498 -2000.0000000000
1247.1777094910 736.6758677498 -2000.0000000000
1247.1777094910 736.6758677498 -2000.0000000000
-1751.4274995726 1483.1575293139 970.8062714916
-1751.4274995726 1483.1575293139 -2000.0000000000
-1905.6557081515 -1836.8085288485 -657.0311916588
-1905.6557081515 -1836.8085288485 -2000.0000000000
1043.6101359265 -321.7393992730 1594.1473838334
1043.6101359265 -321.7393992730 -2000.0000000000
1043.6101359265 -321.7393992730 -2000.0000000000
1043.6101359265 -321.7393992730 -2000.0000000000
1043.6101359265 -321.7393992730 -2000.0000000000
473.1838508391 1893.0289438479 1436.0794504187
473.1838508391 1893.0289438479 -2000.0000000000
473.1838508391 1893.0289438479 -2000.0000000000
473.1838508391 1893.0289438479 -2000.0000000000
473.1838508391 1893.0289438479 -2000.0000000000
-1768.5801426788 -69.8296962828 161.9796333395
-1768.5801426788 -69.8296962828 -2000.0000000000
-1298.1502059004 450.5101890345 -1535.5974216292
-1298.1502059004 450.5101890345 -2000.0000000000
-988.0615092247 -1984.9991816334 -1336.0818090793
-988.0615092247 -1984.9991816334 -2000.0000000000
-988.0615092247 -1984.9991816334 -2000.0000000000
-988.0615092247 -1984.9991816334 -2000.0000000000
-988.0615092247 -1984.9991816334 -2000.0000000000
-988.0615092247 -1984.9991816334 -2000.0000000000
-988.0615092247 -1984.9991816334 -2000.0000000000
-988.0615092247 -1984.9991816334 -2000.0000000000
-988.0615092247 -1984.9991816334 -2000.0000000000
-1215.1238872245 -1018.1636700339 -404.1224948562
-1215.1238872245 -1018.1636700339 -2000.0000000000
615.4289781557 30.2960274865 -89.3371401663
615.4289781557 30.2960274865 -2000.0000000000
385.2372690167 -1092.3990818968 -856.8614468951
-1064.1158705456 944.5966591414 1545.4330146399
-1064.1158705456 944.5966591414 -2000.0000000000
-1064.1158705456 944.5966591414 -2000.0000000000
-1064.1158705456 944.5966591414 -2000.0000000000
-1064.1158705456 944.5966591414 -2000.0000000000
-1424.0002512538 664.8901167498 1239.1070232655
-1424.0002512538 664.8901167498 -2000.0000000000
-427.9195280419 -1539.2213656477 -1695.0258115606
-919.2629536930 717.5857324313 -1563.3968156655
1078.5229893845 -1273.7328602359 263.1601597585
1078.5229893845 -1273.7328602359 -2000.0000000000
1078.5229893845 -1273.7328602359 -2000.0000000000
1636.6685465501 -1414.3929853582 -673.9086418223
1636.6685465501 -1414.3929853582 -2000.0000000000
1636.6685465501 -1414.3929853582 -2000.0000000000
1636.6685465501 -1414.3929853582 -2000.0000000000
1636.6685465501 -1414.3929853582 -2000.0000000000
1636.6685465501 -1414.3929853582 -2000.0000000000
1636.6685465501 -1414.3929853582 -2000.0000000000
1636.6685465501 -1414.3929853582 -2000.0000000000
-968.6722901516 -685.7848865118 -1794.7660141986
1968.7000283898 -1436.3259128790 -948.1908092949
1575.2129591807 1995.2453812568 415.3983037351
1575.2129591807 1995.2453812568 -2000.0000000000
1575.2129591807 1995.2453812568 -2000.0000000000
1575.2129591807 1995.2453812568 -2000.0000000000
1575.2129591807 1995.2453812568 -2000.0000000000
1575.2129591807 1995.2453812568 -2000.0000000000
-1455.0991417358 -1160.7105875523 1127.8750165353
-1455.0991417358 -1160.7105875523 -2000.0000000000
-1455.0991417358 -1160.7105875523 -2000.0000000000
-1455.0991417358 -1160.7105875523 -2000.0000000000
-1810.7827276947 1267.7494241462 -63.7405903386
-1810.7827276947 1267.7494241462 -2000.0000000000
-1810.7827276947 1267.7494241462 -2000.0000000000
-1397.8352318550 -1338.9083300705 793.7138234488
-211.4099222874 1621.3538860552 -927.5698241818
1758.9746266927 1277.7308622603 1829.7022746050
1758.9746266927 1277.7308622603 -2000.0000000000
1758.9746266927 1277.7308622603 -2000.0000000000
1758.9746266927 1277.7308622603 -2000.0000000000
1758.9746266927 1277.7308622603 -2000.0000000000
1758.9746266927 1277.7308622603 -2000.0000000000
1758.9746266927 1277.7308622603 -2000.0000000000
-206.2512268626 -895.5632655208 -1499.3975733495
-206.2512268626 -895.5632655208 -2000.0000000000
-206.2512268626 -895.5632655208 -2000.0000000000
-206.2512268626 -895.5632655208 -2000.0000000000
1634.7471642608 -1606.6193918472 -1773.4808298378
1634.7471642608 -1606.6193918472 -2000.0000000000
1634.7471642608 -1606.6193918472 -2000.0000000000
-1153.3888495284 311.1795967198 5.3772185678
-1153.3888495284 311.1795967198 -2000.0000000000
-1153.3888495284 311.1795967198 -2000.0000000000
1450.2112754687 -1552.3716156374 552.2430517577
1450.2112754687 -1552.3716156374 -2000.0000000000
1450.2112754687 -1552.3716156374 -2000.0000000000
1450.2112754687 -1552.3716156374 -2000.0000000000
1450.2112754687 -1552.3716156374 -2000.0000000000
1450.2112754687 -1552.3716156374 -2000.0000000000
540.0704735374 1024.8689492975 1485.2618145935
540.0704735374 1024.8689492975 -2000.0000000000
1581.2138428154 -798.2023301778 1761.8123567634
1581.2138428154 -798.2023301778 -2000.0000000000
-996.8254731914 -342.0512675500 -1432.4117912682
-996.8254731914 -342.0512675500 -2000.0000000000
-996.8254731914 -342.0512675500 -2000.0000000000
-996.8254731914 -342.0512675500 -2000.0000000000
-996.8254731914 -342.0512675500 -2000.0000000000
742.2220026269 865.6286441474 1273.5425587418
742.2220026269 865.6286441474 -2000.0000000000
742.2220026269 865.6286441474 -2000.0000000000
742.2220026269 865.6286441474 -2000.0000000000
742.2220026269 865.6286441474 -2000.0000000000
742.2220026269 865.6286441474 -2000.0000000000
742.2220026269 865.6286441474 -2000.0000000000
742.2220026269 865.6286441474 -2000.0000000000
-1818.6165691884 -602.2155146308 1535.3288988005
-1818.6165691884 -602.2155146308 -2000.0000000000
-1818.6165691884 -602.2155146308 -2000.0000000000
954.8879364261 -151.9912771471 -370.2431827225
954.8879364261 -151.9912771471 -2000.0000000000
-1882.8423553204 -870.0964889206 1342.4538102019
-1882.8423553204 -870.0964889206 -2000.0000000000
-1882.8423553204 -870.0964889206 -2000.0000000000
-1882.8423553204 -870.0964889206 -2000.0000000000
-1882.8423553204 -870.0964889206 -2000.0000000000
-1882.8423553204 -870.0964889206 -2000.0000000000
-1882.8423553204 -870.0964889206 -2000.0000000000
-1882.8423553204 -870.0964889206 -2000.0000000000
-1882.8423553204 -870.0964889206 -2000.0000000000
-1882.8423553204 -870.0964889206 -2000.0000000000
-1882.8423553204 -870.0964889206 -2000.0000000000
-1882.8423553204 -870.0964889206 -2000.0000000000
-1882.8423553204 -870.0964889206 -2000.0000000000
1369.3048130439 -963.9868341033 -268.4217451290
1369.3048130439 -963.9868341033 -2000.0000000000
-1723.3330063625 1123.7953999112 174.8791013589
-1723.3330063625 1123.7953999112 -2000.0000000000
1633.0885593831 -831.8891911376 1501.7637598851
1633.0885593831 -831.8891911376 -2000.0000000000
-998.0452727722 1673.8750364356 1958.5660998142
-998.0452727722 1673.8750364356 -2000.0000000000
-1807.4443741037 -33.3603132021 -236.1256619178
-1807.4443741037 -33.3603132021 -2000.0000000000
-1185.2293800021 -453.3618024329 921.8269689535
-1185.2293800021 -453.3618024329 -2000.0000000000
-1185.2293800021 -453.3618024329 -2000.0000000000
-1114.1018363343 -1058.7265317364 -477.8969406812
-1114.1018363343 -1058.7265317364 -2000.0000000000
351.4604308691 1114.7204758379 1104.2763164808
-1576.7435421405 -1716.0166102009 -773.1984825121
-1576.7435421405 -1716.0166102009 -2000.0000000000
-1576.7435421405 -1716.0166102009 -2000.0000000000
-1576.7435421405 -1716.0166102009 -2000.0000000000
1718.7259510984 -695.3621862311 -733.3969863647
444.7784146358 154.0750908281 -1926.9759950434
444.7784146358 154.0750908281 -2000.0000000000
444.7784146358 154.0750908281 -2000.0000000000
201.7272219617 -1281.0088827665 1798.8141883215
201.7272219617 -1281.0088827665 -2000.0000000000
201.7272219617 -1281.0088827665 -2000.0000000000
201.7272219617 -1281.0088827665 -2000.0000000000
201.7272219617 -1281.0088827665 -2000.0000000000
201.7272219617 -1281.0088827665 -2000.0000000000
614.6633593992 -813.5095322472 -513.9405773918
-51.8801158626 -1592.1717936657 833.6188768312
75.5870689079 1099.8960621366 376.4620713384
75.5870689079 1099.8960621366 -2000.0000000000
75.5870689079 1099.8960621366 -2000.0000000000
1869.4681205771 1396.2586421093 -1535.1706650852
1869.4681205771 1396.2586421093 -2000.0000000000
1869.4681205771 1396.2586421093 -2000.0000000000
1869.4681205771 1396.2586421093 -2000.0000000000
-957.4614285660 108.2929548083 -800.8689789520
-957.4614285660 108.2929548083 -2000.0000000000
-957.4614285660 108.2929548083 -2000.0000000000
-957.4614285660 108.2929548083 -2000.0000000000
151.1602884754 286.6227453245 1677.1117070859
-1909.1271029984 1703.1548607293 -1045.7504876590
-471.8583160247 1780.6252234242 -866.2026537934
-471.8583160247 1780.6252234242 -2000.0000000000
-1689.1539981151 1761.1221090286 1919.8010075795
-1689.1539981151 1761.1221090286 -2000.0000000000
-1689.1539981151 1761.1221090286 -2000.0000000000
-1689.1539981151 1761.1221090286 -2000.0000000000
-1689.1539981151 1761.1221090286 -2000.0000000000
-1689.1539981151 1761.1221090286 -2000.0000000000
-1689.1539981151 1761.1221090286 -2000.0000000000
-1689.1539981151 1761.1221090286 -2000.0000000000
103.3312423534 -907.6340114651 -1861.3645733951
103.3312423534 -907.6340114651 -2000.0000000000
103.3312423534 -907.6340114651 -2000.0000000000
103.3312423534 -907.6340114651 -2000.0000000000
103.3312423534 -907.6340114651 -2000.0000000000
1758.2705501084 2.6626367780 -1329.0429904388
1758.2705501084 2.6626367780 -2000.0000000000
1758.2705501084 2.6626367780 -2000.0000000000
1758.2705501084 2.6626367780 -2000.0000000000
1758.2705501084 2.6626367780 -2000.0000000000
1758.2705501084 2.6626367780 -2000.0000000000
1758.2705501084 2.6626367780 -2000.0000000000
1864.6152740946 -673.4452786827 -188.6840970129
1864.6152740946 -673.4452786827 -2000.0000000000
-1830.9599972621 1386.0285700578 244.3632286855
-1830.9599972621 1386.0285700578 -2000.0000000000
-1830.9599972621 1386.0285700578 -2000.0000000000
-1830.9599972621 1386.0285700578 -2000.0000000000
1658.3164159850 -416.8466247436 -1222.6127578639
1071.8162860625 -1928.7596133387 756.5873920728
1071.8162860625 -1928.7596133387 -2000.0000000000
1071.8162860625 -1928.7596133387 -2000.0000000000
-449.8792017230 424.6722290390 -1231.9046395156
-449.8792017230 424.6722290390 -2000.0000000000
-449.8792017230 424.6722290390 -2000.0000000000
370.3837170717 -352.9944833888 1883.6015372460
370.3837170717 -352.9944833888 -2000.0000000000
370.3837170717 -352.9944833888 -2000.0000000000
370.3837170717 -352.9944833888 -2000.0000000000
112.3254824131 1518.0768320554 453.3214888681
-1950.9773973681 -117.3026830820 97.6624731622
-1950.9773973681 -117.3026830820 -2000.0000000000
-1950.9773973681 -117.3026830820 -2000.0000000000
-1950.9773973681 -117.3026830820 -2000.0000000000
-1950.9773973681 -117.3026830820 -2000.0000000000
-1950.9773973681 -117.3026830820 -2000.0000000000
-1950.9773973681 -117.3026830820 -2000.0000000000
-1950.9773973681 -117.3026830820 -2000.0000000000
-1950.9773973681 -117.3026830820 -2000.0000000000
855.8951732930 995.5013622504 1602.8579462945
-192.5175617091 -1504.4715167157 1177.2151262540
-192.5175617091 -1504.4715167157 -2000.0000000000
511.4415888765 -1018.8741611065 -1407.1441033643
511.4415888765 -1018.8741611065 -2000.0000000000
511.4415888765 -1018.8741611065 -2000.0000000000
511.4415888765 -1018.8741611065 -2000.0000000000
511.4415888765 -1018.8741611065 -2000.0000000000
776.9228127309 -1839.8205155714 1490.1303195925
776.9228127309 -1839.8205155714 -2000.0000000000
776.9228127309 -1839.8205155714 -2000.0000000000
199.0990968068 -1681.6756576747 1688.3275930695
199.0990968068 -1681.6756576747 -2000.0000000000
199.0990968068 -1681.6756576747 -2000.0000000000
199.0990968068 -1681.6756576747 -2000.0000000000
199.0990968068 -1681.6756576747 -2000.0000000000
199.0990968068 -1681.6756576747 -2000.0000000000
1275.7073206204 1208.7456902507 335.4334931316
1275.7073206204 1208.7456902507 -2000.0000000000
1275.7073206204 1208.7456902507 -2000.0000000000
139.2787117065 -928.9927179190 -236.6770426653
35.5386092108 -127.5644319570 265.6933693939
-397.3940666543 397.2723857977 1607.4808564667
-397.3940666543 397.2723857977 -2000.0000000000
-397.3940666543 397.2723857977 -2000.0000000000
1894.0377840453 508.6716527397 1717.4808219249
1894.0377840453 508.6716527397 -2000.0000000000
1894.0377840453 508.6716527397 -2000.0000000000
1894.0377840453 508.6716527397 -2000.0000000000
1894.0377840453 508.6716527397 -2000.0000000000
1894.0377840453 508.6716527397 -2000.0000000000
1894.0377840453 508.6716527397 -2000.0000000000
1894.0377840453 508.6716527397 -2000.0000000000
346.8814358010 402.9481767096 770.9479916192
346.8814358010 402.9481767096 -2000.0000000000
346.8814358010 402.9481767096 -2000.0000000000
-1658.4502321973 -340.9975279036 -952.8819724203
-1658.4502321973 -340.9975279036 -2000.0000000000
-1658.4502321973 -340.9975279036 -2000.0000000000
-5.7900497170 -1118.9251165520 173.0802232658
-5.7900497170 -1118.9251165520 -2000.0000000000
1995.3782241511 1815.9944348775 1387.9766063377
1995.3782241511 1815.9944348775 -2000.0000000000
1995.3782241511 1815.9944348775 -2000.0000000000
1995.3782241511 1815.9944348775 -2000.0000000000
584.2491751407 -1258.2577774521 -897.0251437569
584.2491751407 -1258.2577774521 -2000.0000000000
584.2491751407 -1258.2577774521 -2000.0000000000
584.2491751407 -1258.2577774521 -2000.0000000000
584.2491751407 -1258.2577774521 -2000.0000000000
-1811.8098689133 1183.2841013879 774.7946284034
-1811.8098689133 1183.2841013879 -2000.0000000000
-1811.8098689133 1183.2841013879 -2000.0000000000
-341.7426612953 1205.7939468697 -1305.3417551055
-341.7426612953 1205.7939468697 -2000.0000000000
-341.7426612953 1205.7939468697 -2000.0000000000
-341.7426612953 1205.7939468697 -2000.0000000000
-341.7426612953 1205.7939468697 -2000.0000000000
-341.7426612953 1205.7939468697 -2000.0000000000
1505.6750248304 1890.9421655345 675.2255508947
1505.6750248304 1890.9421655345 -2000.0000000000
666.1383888713 744.1090081331 1159.3404304367
-297.0151964395 88.8445559483 -334.7001958502
-297.0151964395 88.8445559483 -2000.0000000000
-297.0151964395 88.8445559483 -2000.0000000000
-297.0151964395 88.8445559483 -2000.0000000000
-297.0151964395 88.8445559483 -2000.0000000000
-297.0151964395 88.8445559483 -2000.0000000000
-1328.5074118929 810.4947584842 -180.7442956733
-1328.5074118929 810.4947584842 -2000.0000000000
-1328.5074118929 810.4947584842 -2000.0000000000
-1328.5074118929 810.4947584842 -2000.0000000000
-46.0224584542 -299.4262173351 -220.2255653468
-46.0224584542 -299.4262173351 -2000.0000000000
-46.0224584542 -299.4262173351 -2000.0000000000
-46.0224584542 -299.4262173351 -2000.0000000000
-1723.1812658950 1080.3108978964 -755.0549849576
-1723.1812658950 1080.3108978964 -2000.0000000000
892.2227020405 1968.1852802899 98.4311720183
892.2227020405 1968.1852802899 -2000.0000000000
892.2227020405 1968.1852802899 -2000.0000000000
892.2227020405 1968.1852802899 -2000.0000000000
1080.9007922060 -627.9097685187 486.4621692613
1080.9007922060 -627.9097685187 -2000.0000000000
1080.9007922060 -627.9097685187 -2000.0000000000
-973.1051869088 -1069.9892132551 528.3317742689
-973.1051869088 -1069.9892132551 -2000.0000000000
1281.8488590758 801.2257582889 1307.5727157918
1281.8488590758 801.2257582889 -2000.0000000000
-554.8650396718 1639.2169104422 1859.8083077543
-1365.3756468582 1063.2278014101 -1479.0458807107
-388.0100219308 -1856.3865009106 1161.0039487661
-388.0100219308 -1856.3865009106 -2000.0000000000
1160.1066852789 1018.0147333726 531.2801621035
1160.1066852789 1018.0147333726 -2000.0000000000
1160.1066852789 1018.0147333726 -2000.0000000000
1160.1066852789 1018.0147333726 -2000.0000000000
1160.1066852789 1018.0147333726 -2000.0000000000
-41.0878255600 1531.6909908110 1070.6829219620
-41.0878255600 1531.6909908110 -2000.0000000000
-391.5235029592 -1501.2631745975 560.5182839196
-1800.7460445982 1634.5875739637 1826.3290384976
-1800.7460445982 1634.5875739637 -2000.0000000000
-1800.7460445982 1634.5875739637 -2000.0000000000
-308.7539087894 1452.9184388110 106.1713124547
-308.7539087894 1452.9184388110 -2000.0000000000
-308.7539087894 1452.9184388110 -2000.0000000000
-1629.9323786708 -1848.6161288647 -356.8404461843
-1629.9323786708 -1848.6161288647 -2000.0000000000
-1629.9323786708 -1848.6161288647 -2000.0000000000
-1629.9323786708 -1848.6161288647 -2000.0000000000
1780.9426842548 -1036.6651652215 766.7770711227
1780.9426842548 -1036.6651652215 -2000.0000000000
1780.9426842548 -1036.6651652215 -2000.0000000000
1780.9426842548 -1036.6651652215 -2000.0000000000
-1399.6548788921 -1559.8447742722 -495.8833055829
306.4324635524 1660.4173558782 -1693.1304149888
306.4324635524 1660.4173558782 -2000.0000000000
-420.9979432953 573.8021349530 -711.8271105665
-420.9979432953 573.8021349530 -2000.0000000000
1766.3254708182 -771.0734548167 -1102.9429138631
-1772.6178895938 1460.9014753396 -766.2129060714
-1772.6178895938 1460.9014753396 -2000.0000000000
-1772.6178895938 1460.9014753396 -2000.0000000000
-1872.2444060993 451.3326961561 69.1377957237
-1872.2444060993 451.3326961561 -2000.0000000000
-1872.2444060993 451.3326961561 -2000.0000000000
528.7366314907 684.5761563381 1742.9757965940
528.7366314907 684.5761563381 -2000.0000000000
528.7366314907 684.5761563381 -2000.0000000000
528.7366314907 684.5761563381 -2000.0000000000
-275.3762897172 -889.2644689954 -50.8612256329
-275.3762897172 -889.2644689954 -2000.0000000000
-275.3762897172 -889.2644689954 -2000.0000000000
-275.3762897172 -889.2644689954 -2000.0000000000
-595.7753333729 -1259.2148249501 -1629.5378573244
1428.9349467457 -1746.9953661676 1740.1072004014
1428.9349467457 -1746.9953661676 -2000.0000000000
1428.9349467457 -1746.9953661676 -2000.0000000000
1428.9349467457 -1746.9953661676 -2000.0000000000
1428.9349467457 -1746.9953661676 -2000.0000000000
-591.8363217392 -1295.5663915819 -1337.8791752464
-591.8363217392 -1295.5663915819 -2000.0000000000
-591.8363217392 -1295.5663915819 -2000.0000000000
-1875.3731054785 428.3785289114 -59.4962538378
-1875.3731054785 428.3785289114 -2000.0000000000
-1875.3731054785 428.3785289114 -2000.0000000000
797.3910861427 385.2305672991 485.3910211852
797.3910861427 385.2305672991 -2000.0000000000
797.3910861427 385.2305672991 -2000.0000000000
797.3910861427 385.2305672991 -2000.0000000000
797.3910861427 385.2305672991 -2000.0000000000
797.3910861427 385.2305672991 -2000.0000000000
797.3910861427 385.2305672991 -2000.0000000000
797.3910861427 385.2305672991 -2000.0000000000
797.3910861427 385.2305672991 -2000.0000000000
1563.8797285573 -1291.9888514428 -504.4472847530
1563.8797285573 -1291.9888514428 -2000.0000000000
1563.8797285573 -1291.9888514428 -2000.0000000000
1563.8797285573 -1291.9888514428 -2000.0000000000
1563.8797285573 -1291.9888514428 -2000.0000000000
1563.8797285573 -1291.9888514428 -2000.0000000000
1410.2728338360 -1065.8451781129 998.2425854425
1410.2728338360 -1065.8451781129 -2000.0000000000
927.9923168363 744.2595635588 1995.5948539283
927.9923168363 744.2595635588 -2000.0000000000
375.3392009480 -1756.6320164761 -1987.9760561397
375.3392009480 -1756.6320164761 -2000.0000000000
375.3392009480 -1756.6320164761 -2000.0000000000
375.3392009480 -1756.6320164761 -2000.0000000000
794.8096798536 -1518.8908897511 302.2846021146
794.8096798536 -1518.8908897511 -2000.0000000000
794.8096798536 -1518.8908897511 -2000.0000000000
794.8096798536 -1518.8908897511 -2000.0000000000
124.0795513053 543.9704350388 1872.8021183856
124.0795513053 543.9704350388 -2000.0000000000
124.0795513053 543.9704350388 -2000.0000000000
124.0795513053 543.9704350388 -2000.0000000000
124.0795513053 543.9704350388 -2000.0000000000
124.0795513053 543.9704350388 -2000.0000000000
124.0795513053 543.9704350388 -2000.0000000000
124.0795513053 543.9704350388 -2000.0000000000
-1921.5389255347 -1714.3522693569 -1005.4116693548
-1921.5389255347 -1714.3522693569 -2000.0000000000
-1921.5389255347 -1714.3522693569 -2000.0000000000
-1921.5389255347 -1714.3522693569 -2000.0000000000
1497.6710297794 1937.8305673592 29.6968486914
1497.6710297794 1937.8305673592 -2000.0000000000
1497.6710297794 1937.8305673592 -2000.0000000000
1497.6710297794 1937.8305673592 -2000.0000000000
1497.6710297794 1937.8305673592 -2000.0000000000
1497.6710297794 1937.8305673592 -2000.0000000000
1497.6710297794 1937.8305673592 -2000.0000000000
-817.0315122324 -1722.0286665051 755.4843189091
-817.0315122324 -1722.0286665051 -2000.0000000000
-817.0315122324 -1722.0286665051 -2000.0000000000
920.5029302656 709.0857454500 -1254.7761854779
920.5029302656 709.0857454500 -2000.0000000000
920.5029302656 709.0857454500 -2000.0000000000
-1387.8093794118 140.7033952267 572.3563809333
-1387.8093794118 140.7033952267 -2000.0000000000
-1387.8093794118 140.7033952267 -2000.0000000000
-969.6800095068 -1198.7435970797 380.8223283582
-969.6800095068 -1198.7435970797 -2000.0000000000
-969.6800095068 -1198.7435970797 -2000.0000000000
-969.6800095068 -1198.7435970797 -2000.0000000000
-969.6800095068 -1198.7435970797 -2000.0000000000
-596.6744596858 1840.4008956271 1500.6755052111
1086.9850923104 848.4527035276 -139.3631926145
1086.9850923104 848.4527035276 -2000.0000000000
1086.9850923104 848.4527035276 -2000.0000000000
1086.9850923104 848.4527035276 -2000.0000000000
1086.9850923104 848.4527035276 -2000.0000000000
1086.9850923104 848.4527035276 -2000.0000000000
881.6639855375 967.3447155362 22.7800397755
881.6639855375 967.3447155362 -2000.0000000000
866.9024761584 -378.0064096704 -1971.4563398981
911.0536079579 -1713.2212905387 1633.6218696961
911.0536079579 -1713.2212905387 -2000.0000000000
1167.1695874196 689.1048788178 450.3600414798
1167.1695874196 689.1048788178 -2000.0000000000
-1650.2075128949 -196.6875252101 1232.2098260506
583.3655508289 -1187.4516991588 1794.2622822258
583.3655508289 -1187.4516991588 -2000.0000000000
583.3655508289 -1187.4516991588 -2000.0000000000
583.3655508289 -1187.4516991588 -2000.0000000000
583.3655508289 -1187.4516991588 -2000.0000000000
1075.2540794787 293.0145338749 1261.7629744911
1075.2540794787 293.0145338749 -2000.0000000000
1225.2477224336 1631.5809814530 -920.4952607318
1225.2477224336 1631.5809814530 -2000.0000000000
-877.8951080169 -895.7572850037 640.5135751515
-321.7884365845 -1481.8257925166 1918.7620355739
-321.7884365845 -1481.8257925166 -2000.0000000000
-321.7884365845 -1481.8257925166 -2000.0000000000
-321.7884365845 -1481.8257925166 -2000.0000000000
-321.7884365845 -1481.8257925166 -2000.0000000000
-321.7884365845 -1481.8257925166 -2000.0000000000
-321.7884365845 -1481.8257925166 -2000.0000000000
754.0180215119 -1385.3398946195 -1226.5422172942
754.0180215119 -1385.3398946195 -2000.0000000000
754.0180215119 -1385.3398946195 -2000.0000000000
-1375.4746640477 345.8023935178 1425.0794331274
-1375.4746640477 345.8023935178 -2000.0000000000
-1375.4746640477 345.8023935178 -2000.0000000000
-1375.4746640477 345.8023935178 -2000.0000000000
-1375.4746640477 345.8023935178 -2000.0000000000
-1375.4746640477 345.8023935178 -2000.0000000000
740.0672901370 889.5251335562 -1994.1755265525
740.0672901370 889.5251335562 -2000.0000000000
832.9475413674 121.7840604379 -741.8350298954
832.9475413674 121.7840604379 -2000.0000000000
832.9475413674 121.7840604379 -2000.0000000000
832.9475413674 121.7840604379 -2000.0000000000
1782.7272482135 -1450.9600156794 2.6976536854
-1274.8179112660 1124.3674667591 -1683.8909884301
-1274.8179112660 1124.3674667591 -2000.0000000000
-1274.8179112660 1124.3674667591 -2000.0000000000
-1274.8179112660 1124.3674667591 -2000.0000000000
-1274.8179112660 1124.3674667591 -2000.0000000000
-1274.8179112660 1124.3674667591 -2000.0000000000
-1274.8179112660 1124.3674667591 -2000.0000000000
1717.8907375243 727.6717689135 725.5111534438
-462.1275364415 151.9601455396 1930.8351855019
-462.1275364415 151.9601455396 -2000.0000000000
-462.1275364415 151.9601455396 -2000.0000000000
-462.1275364415 151.9601455396 -2000.0000000000
562.9935221544 1755.6690039265 1103.0546179105
562.9935221544 1755.6690039265 -2000.0000000000
562.9935221544 1755.6690039265 -2000.0000000000
562.9935221544 1755.6690039265 -2000.0000000000
562.9935221544 1755.6690039265 -2000.0000000000
562.9935221544 1755.6690039265 -2000.0000000000
562.9935221544 1755.6690039265 -2000.0000000000
562.9935221544 1755.6690039265 -2000.0000000000
562.9935221544 1755.6690039265 -2000.0000000000
-921.0069046168 1680.3958076039 -198.4632361237
617.3964901070 913.6855155237 410.1050279813
617.3964901070 913.6855155237 -2000.0000000000
1475.6850517320 -490.3628321424 1138.1091613188
-929.6280183529 -1795.3087128740 -1252.8794875862
-929.6280183529 -1795.3087128740 -2000.0000000000
-1694.0242945207 -291.9249772483 742.1127207997
-1694.0242945207 -291.9249772483 -2000.0000000000
-1694.0242945207 -291.9249772483 -2000.0000000000
-1694.0242945207 -291.9249772483 -2000.0000000000
-900.2847847732 -173.9732604528 -1052.6228105387
-900.2847847732 -173.9732604528 -2000.0000000000
-900.2847847732 -173.9732604528 -2000.0000000000
-493.0465161583 775.5926800709 -1614.4943197193
-493.0465161583 775.5926800709 -2000.0000000000
-493.0465161583 775.5926800709 -2000.0000000000
-493.0465161583 775.5926800709 -2000.0000000000
-493.0465161583 775.5926800709 -2000.0000000000
-493.0465161583 775.5926800709 -2000.0000000000
-493.0465161583 775.5926800709 -2000.0000000000
931.8206057925 629.4310619757 -961.9516759199
931.8206057925 629.4310619757 -2000.0000000000
931.8206057925 629.4310619757 -2000.0000000000
-1949.6171773307 421.3509329338 1380.0057519750
-1949.6171773307 421.3509329338 -2000.0000000000
161.2432264066 195.0546899685 -1616.7818843552
161.2432264066 195.0546899685 -2000.0000000000
161.2432264066 195.0546899685 -2000.0000000000
161.2432264066 195.0546899685 -2000.0000000000
650.5228362818 1648.2328590111 -63.7474016748
650.5228362818 1648.2328590111 -2000.0000000000
650.5228362818 1648.2328590111 -2000.0000000000
650.5228362818 1648.2328590111 -2000.0000000000
239.4480646808 582.9119699628 -1250.7320385315
239.4480646808 582.9119699628 -2000.0000000000
239.4480646808 582.9119699628 -2000.0000000000
239.4480646808 582.9119699628 -2000.0000000000
239.4480646808 582.9119699628 -2000.0000000000
239.4480646808 582.9119699628 -2000.0000000000
239.4480646808 582.9119699628 -2000.0000000000
239.4480646808 582.9119699628 -2000.0000000000
-433.6027909285 -330.7250936344 1083.2581515047
-433.6027909285 -330.7250936344 -2000.0000000000
-433.6027909285 -330.7250936344 -2000.0000000000
-433.6027909285 -330.7250936344 -2000.0000000000
-433.6027909285 -330.7250936344 -2000.0000000000
-433.6027909285 -330.7250936344 -2000.0000000000
-433.6027909285 -330.7250936344 -2000.0000000000
-1045.3939296551 1895.8268697375 518.6810334726
-1045.3939296551 1895.8268697375 -2000.0000000000
-1045.3939296551 1895.8268697375 -2000.0000000000
-1045.3939296551 1895.8268697375 -2000.0000000000
658.2123956144 1072.6511213285 743.9540740565
-1233.0774637478 -1262.3071413974 -1825.4892037117
-1233.0774637478 -1262.3071413974 -2000.0000000000
-1233.0774637478 -1262.3071413974 -2000.0000000000
-1233.0774637478 -1262.3071413974 -2000.0000000000
-963.8346043985 -1570.4639535871 -640.6081717409
-963.8346043985 -1570.4639535871 -2000.0000000000
-963.8346043985 -1570.4639535871 -2000.0000000000
-1001.0227882786 1394.2325346445 1929.8582770264
69.0180390200 222.0401360689 965.3914983782
-1933.5246632055 -859.1443069664 121.8586192668
-1385.3994984898 1740.8888747187 -366.7680139221
-1385.3994984898 1740.8888747187 -2000.0000000000
-1446.7194993309 174.2032257888 1453.9025773518
-1562.5001451740 -1568.1597815817 939.9608650576
-1562.5001451740 -1568.1597815817 -2000.0000000000
734.0703635190 -1499.6714805928 -414.3604712864
734.0703635190 -1499.6714805928 -2000.0000000000
1756.6322850164 798.6501291990 -547.1014198093
1756.6322850164 798.6501291990 -2000.0000000000
1756.6322850164 798.6501291990 -2000.0000000000
1756.6322850164 798.6501291990 -2000.0000000000
-735.2600935340 -1333.7177199543 1154.4323039347
-735.2600935340 -1333.7177199543 -2000.0000000000
-735.2600935340 -1333.7177199543 -2000.0000000000
-735.2600935340 -1333.7177199543 -2000.0000000000
-735.2600935340 -1333.7177199543 -2000.0000000000
-1357.1560373832 -20.7918045748 1486.4824816072
-1399.1278749437 297.6830115790 -1195.3467091402
-1399.1278749437 297.6830115790 -2000.0000000000
-1399.1278749437 297.6830115790 -2000.0000000000
-1399.1278749437 297.6830115790 -2000.0000000000
946.4145728104 -1914.3450047976 -1026.5196743530
946.4145728104 -1914.3450047976 -2000.0000000000
-1297.7058227757 -388.7808054639 1448.8961020464
-1297.7058227757 -388.7808054639 -2000.0000000000
-1297.7058227757 -388.7808054639 -2000.0000000000
-1297.7058227757 -388.7808054639 -2000.0000000000
-1297.7058227757 -388.7808054639 -2000.0000000000
-1132.7946118368 -1457.6544143146 -137.2422286528
-1132.7946118368 -1457.6544143146 -2000.0000000000
805.9959503747 -480.4958338191 -27.1399889542
244.7661054533 -258.7753979482 -1040.1615000063
-547.9514121499 -886.3631205547 682.1606119175
-547.9514121499 -886.3631205547 -2000.0000000000
-547.9514121499 -886.3631205547 -2000.0000000000
-547.9514121499 -886.3631205547 -2000.0000000000
-547.9514121499 -886.3631205547 -2000.0000000000
-547.9514121499 -886.3631205547 -2000.0000000000
-547.9514121499 -886.3631205547 -2000.0000000000
-547.9514121499 -886.3631205547 -2000.0000000000
-838.0616112129 -919.9421077884 805.6320867290
-838.0616112129 -919.9421077884 -2000.0000000000
-521.2964882924 373.7389191917 -530.1604522082
-521.2964882924 373.7389191917 -2000.0000000000
-521.2964882924 373.7389191917 -2000.0000000000
-521.2964882924 373.7389191917 -2000.0000000000
-521.2964882924 373.7389191917 -2000.0000000000
-521.2964882924 373.7389191917 -2000.0000000000
-521.2964882924 373.7389191917 -2000.0000000000
-521.2964882924 373.7389191917 -2000.0000000000
-521.2964882924 373.7389191917 -2000.0000000000
-521.2964882924 373.7389191917 -2000.0000000000
1537.1042680978 1412.4706070626 1834.9537837471
1537.1042680978 1412.4706070626 -2000.0000000000
1537.1042680978 1412.4706070626 -2000.0000000000
1937.5821168733 1950.2812973803 -1067.0050294808
1937.5821168733 1950.2812973803 -2000.0000000000
1937.5821168733 1950.2812973803 -2000.0000000000
1937.5821168733 1950.2812973803 -2000.0000000000
1937.5821168733 1950.2812973803 -2000.0000000000
1937.5821168733 1950.2812973803 -2000.0000000000
1937.5821168733 1950.2812973803 -2000.0000000000
1937.5821168733 1950.2812973803 -2000.0000000000
1937.5821168733 1950.2812973803 -2000.0000000000
-115.9483745814 -147.6368549865 1611.6799127129
-115.9483745814 -147.6368549865 -2000.0000000000
-115.9483745814 -147.6368549865 -2000.0000000000
1820.4116832446 455.1726428330 -1151.8776961572
1820.4116832446 455.1726428330 -2000.0000000000
-1175.3551561238 -1920.0823276525 -616.9069051020
-1175.3551561238 -1920.0823276525 -2000.0000000000
-1175.3551561238 -1920.0823276525 -2000.0000000000
-1175.3551561238 -1920.0823276525 -2000.0000000000
-1175.3551561238 -1920.0823276525 -2000.0000000000
-1236.1064975852 -1153.9950353686 -496.2096636692
-1236.1064975852 -1153.9950353686 -2000.0000000000
1024.2788163160 176.5220838951 170.1981234644
1024.2788163160 176.5220838951 -2000.0000000000
1024.2788163160 176.5220838951 -2000.0000000000
1024.2788163160 176.5220838951 -2000.0000000000
1024.2788163160 176.5220838951 -2000.0000000000
1024.2788163160 176.5220838951 -2000.0000000000
1024.2788163160 176.5220838951 -2000.0000000000
-1442.1059394928 355.0238882055 352.8201020366
-1062.6230754155 1111.9591342522 -1576.0985617105
1838.5192282092 -1923.9356115802 1779.2619262174
1838.5192282092 -1923.9356115802 -2000.0000000000
1838.5192282092 -1923.9356115802 -2000.0000000000
1086.6778918222 -492.7196696985 364.4630247369
1086.6778918222 -492.7196696985 -2000.0000000000
1086.6778918222 -492.7196696985 -2000.0000000000
1086.6778918222 -492.7196696985 -2000.0000000000
1086.6778918222 -492.7196696985 -2000.0000000000
964.3054148078 -779.5491044844 167.7969907952
964.3054148078 -779.5491044844 -2000.0000000000
1256.6107260625 -1033.0654759656 -1632.4261378745
1256.6107260625 -1033.0654759656 -2000.0000000000
1256.6107260625 -1033.0654759656 -2000.0000000000
1256.6107260625 -1033.0654759656 -2000.0000000000
1554.7088499724 -1845.1005507962 -1737.2323899125
1554.7088499724 -1845.1005507962 -2000.0000000000
-239.5461665740 -1210.0275790383 750.5266475578
-239.5461665740 -1210.0275790383 -2000.0000000000
-239.5461665740 -1210.0275790383 -2000.0000000000
-1170.4832844755 1436.5697163708 -1897.0941489066
-1170.4832844755 1436.5697163708 -2000.0000000000
-1170.4832844755 1436.5697163708 -2000.0000000000
-1170.4832844755 1436.5697163708 -2000.0000000000
-152.5706260230 -117.4841569062 -1709.4503857361
-152.5706260230 -117.4841569062 -2000.0000000000
-152.5706260230 -117.4841569062 -2000.0000000000
-152.5706260230 -117.4841569062 -2000.0000000000
-152.5706260230 -117.4841569062 -2000.0000000000
-152.5706260230 -117.4841569062 -2000.0000000000
-907.1971680928 -939.8890441266 1487.4320967597
-907.1971680928 -939.8890441266 -2000.0000000000
492.0937717196 -1287.4319672600 -1743.9418393104
492.0937717196 -1287.4319672600 -2000.0000000000
-925.4288514358 1057.9400812816 -452.3511818916
-925.4288514358 1057.9400812816 -2000.0000000000
-925.4288514358 1057.9400812816 -2000.0000000000
-925.4288514358 1057.9400812816 -2000.0000000000
-925.4288514358 1057.9400812816 -2000.0000000000
-925.4288514358 1057.9400812816 -2000.0000000000
-1644.8420146033 -781.5468943423 -746.8632959455
-1644.8420146033 -781.5468943423 -2000.0000000000
-1644.8420146033 -781.5468943423 -2000.0000000000
200.5620205368 -64.9073558458 -1160.2628845477
-85.9420047919 -60.3692392407 1839.4451934584
-1256.9874193731 -1521.4837671395 1893.5025489031
-1256.9874193731 -1521.4837671395 -2000.0000000000
-1256.9874193731 -1521.4837671395 -2000.0000000000
-1256.9874193731 -1521.4837671395 -2000.0000000000
-1256.9874193731 -1521.4837671395 -2000.0000000000
-1256.9874193731 -1521.4837671395 -2000.0000000000
-755.0387458293 -1422.9188477929 1459.2682355038
-755.0387458293 -1422.9188477929 -2000.0000000000
-755.0387458293 -1422.9188477929 -2000.0000000000
-755.0387458293 -1422.9188477929 -2000.0000000000
544.7217945576 601.4072509476 -1776.5211752102
544.7217945576 601.4072509476 -2000.0000000000
209.6527955808 -180.1985079486 620.1528752194
209.6527955808 -180.1985079486 -2000.0000000000
1208.6322611060 -300.0781860766 266.8465376794
-302.2877686039 -971.1661030215 238.4568096370
-302.2877686039 -971.1661030215 -2000.0000000000
-302.2877686039 -971.1661030215 -2000.0000000000
-302.2877686039 -971.1661030215 -2000.0000000000
-302.2877686039 -971.1661030215 -2000.0000000000
-302.2877686039 -971.1661030215 -2000.0000000000
-1825.8631867520 -539.1035307958 -426.8553336007
-1561.0560493759 1375.6119489665 260.0675245464
-1561.0560493759 1375.6119489665 -2000.0000000000
-1561.0560493759 1375.6119489665 -2000.0000000000
-1561.0560493759 1375.6119489665 -2000.0000000000
-1561.0560493759 1375.6119489665 -2000.0000000000
-1561.0560493759 1375.6119489665 -2000.0000000000
-1043.2362323283 -543.7943454874 -278.3619918151
1453.3281238112 -1310.3106842838 -1501.4065602115
1453.3281238112 -1310.3106842838 -2000.0000000000
1453.3281238112 -1310.3106842838 -2000.0000000000
1453.3281238112 -1310.3106842838 -2000.0000000000
1453.3281238112 -1310.3106842838 -2000.0000000000
653.8832293610 1586.9938943691 -966.9255387904
1056.3556009043 1604.5107293309 -581.3449250074
1056.3556009043 1604.5107293309 -2000.0000000000
1056.3556009043 1604.5107293309 -2000.0000000000
1056.3556009043 1604.5107293309 -2000.0000000000
1056.3556009043 1604.5107293309 -2000.0000000000
1056.3556009043 1604.5107293309 -2000.0000000000
1056.3556009043 1604.5107293309 -2000.0000000000
1056.3556009043 1604.5107293309 -2000.0000000000
1056.3556009043 1604.5107293309 -2000.0000000000
1056.3556009043 1604.5107293309 -2000.0000000000
1056.3556009043 1604.5107293309 -2000.0000000000
40.6271335086 -830.0853676961 988.4574832523
-345.9941053074 -363.6687908062 -1653.7652536829
-345.9941053074 -363.6687908062 -2000.0000000000
-1875.0021927479 -1696.2925426039 1283.5903074738
1245.5854241047 -447.9068159948 -1849.0523969284
1245.5854241047 -447.9068159948 -2000.0000000000
1245.5854241047 -447.9068159948 -2000.0000000000
1245.5854241047 -447.9068159948 -2000.0000000000
1245.5854241047 -447.9068159948 -2000.0000000000
1245.5854241047 -447.9068159948 -2000.0000000000
1245.5854241047 -447.9068159948 -2000.0000000000
-1944.8277103990 -6.3303016277 -1370.7345047228
1710.9671643207 1736.5450487303 135.3385678195
1710.9671643207 1736.5450487303 -2000.0000000000
156.3344320807 -1392.8959023268 -459.1328430892
156.3344320807 -1392.8959023268 -2000.0000000000
-1144.2747339369 -1955.3781206275 1251.7970045031
-1144.2747339369 -1955.3781206275 -2000.0000000000
-1144.2747339369 -1955.3781206275 -2000.0000000000
-1144.2747339369 -1955.3781206275 -2000.0000000000
-1365.2162594757 -746.2889792202 992.0459875868
-1365.2162594757 -746.2889792202 -2000.0000000000
-1365.2162594757 -746.2889792202 -2000.0000000000
-1365.2162594757 -746.2889792202 -2000.0000000000
-1248.4787098755 1511.8110705164 -889.9917430406
-1248.4787098755 1511.8110705164 -2000.0000000000
-0.8417088727 -293.7388490942 -802.0707839539
1887.1604025154 -1200.3256549105 -1457.2212865249
1887.1604025154 -1200.3256549105 -2000.0000000000
-1352.3219802189 1380.6218552875 -1774.8224085031
-1352.3219802189 1380.6218552875 -2000.0000000000
-1352.3219802189 1380.6218552875 -2000.0000000000
-1352.3219802189 1380.6218552875 -2000.0000000000
-1352.3219802189 1380.6218552875 -2000.0000000000
-1352.3219802189 1380.6218552875 -2000.0000000000
1541.9014734485 -727.2737927347 -1944.9760524296
1541.9014734485 -727.2737927347 -2000.0000000000
1541.9014734485 -727.2737927347 -2000.0000000000
-880.4908881416 -155.1208680630 -687.3135466021
-880.4908881416 -155.1208680630 -2000.0000000000
-555.5207510763 -1475.5592507894 -1194.5872711909
-555.5207510763 -1475.5592507894 -2000.0000000000
-555.5207510763 -1475.5592507894 -2000.0000000000
-555.5207510763 -1475.5592507894 -2000.0000000000
1646.9159977045 156.1272581794 -1087.1803893587
295.7120791134 -874.5001874976 401.5993299829
295.7120791134 -874.5001874976 -2000.0000000000
295.7120791134 -874.5001874976 -2000.0000000000
295.7120791134 -874.5001874976 -2000.0000000000
295.7120791134 -874.5001874976 -2000.0000000000
1540.3620573194 1080.0408589313 550.7918926195
1540.3620573194 1080.0408589313 -2000.0000000000
1540.3620573194 1080.0408589313 -2000.0000000000
1540.3620573194 1080.0408589313 -2000.0000000000
-1175.5096352906 -106.8039477051 431.7348925493
-1175.5096352906 -106.8039477051 -2000.0000000000
-1175.5096352906 -106.8039477051 -2000.0000000000
-1175.5096352906 -106.8039477051 -2000.0000000000
-1175.5096352906 -106.8039477051 -2000.0000000000
367.3814072477 1541.1241633986 1485.0048522198
367.3814072477 1541.1241633986 -2000.0000000000
-1635.1428405069 -1521.5813117800 1713.7740653593
-1635.1428405069 -1521.5813117800 -2000.0000000000
-1635.1428405069 -1521.5813117800 -2000.0000000000
-1635.1428405069 -1521.5813117800 -2000.0000000000
-1635.1428405069 -1521.5813117800 -2000.0000000000
-1635.1428405069 -1521.5813117800 -2000.0000000000
-1635.1428405069 -1521.5813117800 -2000.0000000000
-1635.1428405069 -1521.5813117800 -2000.0000000000
-1635.1428405069 -1521.5813117800 -2000.0000000000
-980.1773957920 1469.7436046432 1600.0673226160
-980.1773957920 1469.7436046432 -2000.0000000000
-980.1773957920 1469.7436046432 -2000.0000000000
-980.1773957920 1469.7436046432 -2000.0000000000
-1575.9179663876 -183.9406293056 213.2837642183
-1575.9179663876 -183.9406293056 -2000.0000000000
-1826.5018155327 -1054.5284256688 1677.6016957061
-1826.5018155327 -1054.5284256688 -2000.0000000000
-1826.5018155327 -1054.5284256688 -2000.0000000000
-1826.5018155327 -1054.5284256688 -2000.0000000000
-1826.5018155327 -1054.5284256688 -2000.0000000000
-1826.5018155327 -1054.5284256688 -2000.0000000000
-1826.5018155327 -1054.5284256688 -2000.0000000000
-1826.5018155327 -1054.5284256688 -2000.0000000000
-1826.5018155327 -1054.5284256688 -2000.0000000000
-1631.4691886459 615.5609345563 -59.7645037063
-1569.6721606012 -993.5910329067 1889.6890410654
1326.1510231365 436.3894751489 -312.4805704887
1326.1510231365 436.3894751489 -2000.0000000000
1326.1510231365 436.3894751489 -2000.0000000000
-1144.2157561734 -988.3057840774 -634.1303580089
-1144.2157561734 -988.3057840774 -2000.0000000000
-1144.2157561734 -988.3057840774 -2000.0000000000
1509.1615774536 -788.0247068469 -1969.5904557265
1509.1615774536 -788.0247068469 -2000.0000000000
348.1786871997 -1667.8273176568 -1241.5512335674
222.6722349206 -1082.3192720892 414.1992802945
222.6722349206 -1082.3192720892 -2000.0000000000
222.6722349206 -1082.3192720892 -2000.0000000000
222.6722349206 -1082.3192720892 -2000.0000000000
222.6722349206 -1082.3192720892 -2000.0000000000
222.6722349206 -1082.3192720892 -2000.0000000000
222.6722349206 -1082.3192720892 -2000.0000000000
222.6722349206 -1082.3192720892 -2000.0000000000
-1548.1631873744 -921.1846302944 1706.7951978686
-1548.1631873744 -921.1846302944 -2000.0000000000
-1548.1631873744 -921.1846302944 -2000.0000000000
-1790.2160573343 -1255.1146840770 386.1680424132
-1790.2160573343 -1255.1146840770 -2000.0000000000
-1790.2160573343 -1255.1146840770 -2000.0000000000
-1345.4313265119 -1214.8093484088 -1927.1086742006
-1345.4313265119 -1214.8093484088 -2000.0000000000
1159.5095211661 484.3426423337 -1963.9520044878
1159.5095211661 484.3426423337 -2000.0000000000
-1339.5848335032 1358.4445405661 1722.0270105705
165.6830003507 18.7437477312 -806.5816739979
165.6830003507 18.7437477312 -2000.0000000000
-1478.8729648529 1234.8022260924 1800.3521677638
-1478.8729648529 1234.8022260924 -2000.0000000000
1900.3098014646 981.4302012061 -18.4819057641
1900.3098014646 981.4302012061 -2000.0000000000
35.8912267164 -1041.3903953044 -1283.3692954199
35.8912267164 -1041.3903953044 -2000.0000000000
35.8912267164 -1041.3903953044 -2000.0000000000
-464.0417399260 839.6093340285 -1963.8578798838
1367.8280124577 -1155.1998889628 -645.7432329840
1367.8280124577 -1155.1998889628 -2000.0000000000
1367.8280124577 -1155.1998889628 -2000.0000000000
1483.5180803894 139.5872300394 1287.6064297967
1483.5180803894 139.5872300394 -2000.0000000000
1483.5180803894 139.5872300394 -2000.0000000000
1483.5180803894 139.5872300394 -2000.0000000000
1483.5180803894 139.5872300394 -2000.0000000000
1483.5180803894 139.5872300394 -2000.0000000000
1483.5180803894 139.5872300394 -2000.0000000000
1483.5180803894 139.5872300394 -2000.0000000000
749.4922467477 1753.6383591611 325.7840453521
749.4922467477 1753.6383591611 -2000.0000000000
749.4922467477 1753.6383591611 -2000.0000000000
749.4922467477 1753.6383591611 -2000.0000000000
749.4922467477 1753.6383591611 -2000.0000000000
749.4922467477 1753.6383591611 -2000.0000000000
749.4922467477 1753.6383591611 -2000.0000000000
749.4922467477 1753.6383591611 -2000.0000000000
-563.4201798627 -1678.6176177756 -688.4343593370
-563.4201798627 -1678.6176177756 -2000.0000000000
-563.4201798627 -1678.6176177756 -2000.0000000000
-563.4201798627 -1678.6176177756 -2000.0000000000
-563.4201798627 -1678.6176177756 -2000.0000000000
-959.3258791791 -611.6554936079 -572.5487647354
-959.3258791791 -611.6554936079 -2000.0000000000
-959.3258791791 -611.6554936079 -2000.0000000000
-959.3258791791 -611.6554936079 -2000.0000000000
646.0958694712 -837.5565215347 -310.7149339694
646.0958694712 -837.5565215347 -2000.0000000000
646.0958694712 -837.5565215347 -2000.0000000000
646.0958694712 -837.5565215347 -2000.0000000000
646.0958694712 -837.5565215347 -2000.0000000000
646.0958694712 -837.5565215347 -2000.0000000000
646.0958694712 -837.5565215347 -2000.0000000000
646.0958694712 -837.5565215347 -2000.0000000000
-914.1398105648 -1805.0882331911 613.5334388560
-1961.4852627725 -101.5386851824 1092.0440905377
-1961.4852627725 -101.5386851824 -2000.0000000000
-825.4481404426 -1374.3152028888 1734.3810681491
1937.4989541634 305.3781464171 467.7588942844
1937.4989541634 305.3781464171 -2000.0000000000
1037.8819690824 1861.7874559983 1189.7234880313
1037.8819690824 1861.7874559983 -2000.0000000000
495.2090281850 167.0304290501 254.3833062206
495.2090281850 167.0304290501 -2000.0000000000
495.2090281850 167.0304290501 -2000.0000000000
-1514.9306556802 495.9381559003 -1930.3448851223
-1514.9306556802 495.9381559003 -2000.0000000000
426.3930033364 1648.2412502464 -335.7402266332
426.3930033364 1648.2412502464 -2000.0000000000
426.3930033364 1648.2412502464 -2000.0000000000
426.3930033364 1648.2412502464 -2000.0000000000
426.3930033364 1648.2412502464 -2000.0000000000
-1183.1750054726 -1147.1292019609 -563.2428319765
-1183.1750054726 -1147.1292019609 -2000.0000000000
1653.8372785344 -941.2946184112 -643.0578242192
1653.8372785344 -941.2946184112 -2000.0000000000
1653.8372785344 -941.2946184112 -2000.0000000000
1653.8372785344 -941.2946184112 -2000.0000000000
1653.8372785344 -941.2946184112 -2000.0000000000
506.9273820610 -1263.3331559128 -515.9876302902
506.9273820610 -1263.3331559128 -2000.0000000000
506.9273820610 -1263.3331559128 -2000.0000000000
506.9273820610 -1263.3331559128 -2000.0000000000
506.9273820610 -1263.3331559128 -2000.0000000000
506.9273820610 -1263.3331559128 -2000.0000000000
506.9273820610 -1263.3331559128 -2000.0000000000
-763.1089238160 -71.1274316593 1845.3660480615
1429.0166692075 1187.4006099134 949.0072289539
1429.0166692075 1187.4006099134 -2000.0000000000
1429.0166692075 1187.4006099134 -2000.0000000000
1429.0166692075 1187.4006099134 -2000.0000000000
1429.0166692075 1187.4006099134 -2000.0000000000
1429.0166692075 1187.4006099134 -2000.0000000000
1429.0166692075 1187.4006099134 -2000.0000000000
1429.0166692075 1187.4006099134 -2000.0000000000
1429.0166692075 1187.4006099134 -2000.0000000000
1429.0166692075 1187.4006099134 -2000.0000000000
-952.6148827514 194.8546282621 -1356.8207983477
-952.6148827514 194.8546282621 -2000.0000000000
-952.6148827514 194.8546282621 -2000.0000000000
-952.6148827514 194.8546282621 -2000.0000000000
-1300.4707539892 -1699.1753283702 625.8045428208
-1300.4707539892 -1699.1753283702 -2000.0000000000
-1300.4707539892 -1699.1753283702 -2000.0000000000
-1300.4707539892 -1699.1753283702 -2000.0000000000
-1300.4707539892 -1699.1753283702 -2000.0000000000
-1300.4707539892 -1699.1753283702 -2000.0000000000
-1300.4707539892 -1699.1753283702 -2000.0000000000
-1300.4707539892 -1699.1753283702 -2000.0000000000
-1300.4707539892 -1699.1753283702 -2000.0000000000
1778.8094889317 1979.3757352659 338.2844800229
1778.8094889317 1979.3757352659 -2000.0000000000
1778.8094889317 1979.3757352659 -2000.0000000000
1778.8094889317 1979.3757352659 -2000.0000000000
-1645.3677198965 1972.7211822183 -1660.0497732834
-1013.6456437083 -1286.2366140676 1074.6159683736
-1013.6456437083 -1286.2366140676 -2000.0000000000
-1013.6456437083 -1286.2366140676 -2000.0000000000
-1013.6456437083 -1286.2366140676 -2000.0000000000
-1013.6456437083 -1286.2366140676 -2000.0000000000
-1013.6456437083 -1286.2366140676 -2000.0000000000
-630.7938016287 -1736.9651596801 -262.1027974255
-630.7938016287 -1736.9651596801 -2000.0000000000
-630.7938016287 -1736.9651596801 -2000.0000000000
135.2577323097 151.9691050665 -1303.3785943505
135.2577323097 151.9691050665 -2000.0000000000
135.2577323097 151.9691050665 -2000.0000000000
135.2577323097 151.9691050665 -2000.0000000000
135.2577323097 151.9691050665 -2000.0000000000
1631.8611139508 -1066.1240653950 785.3608903660
1631.8611139508 -1066.1240653950 -2000.0000000000
1631.8611139508 -1066.1240653950 -2000.0000000000
1631.8611139508 -1066.1240653950 -2000.0000000000
1631.8611139508 -1066.1240653950 -2000.0000000000
1504.9245196339 -1053.7973276322 -8.0968867108
1504.9245196339 -1053.7973276322 -2000.0000000000
1504.9245196339 -1053.7973276322 -2000.0000000000
1504.9245196339 -1053.7973276322 -2000.0000000000
1504.9245196339 -1053.7973276322 -2000.0000000000
1504.9245196339 -1053.7973276322 -2000.0000000000
1504.9245196339 -1053.7973276322 -2000.0000000000
-870.2590748343 1152.1943739641 1167.3531584600
-870.2590748343 1152.1943739641 -2000.0000000000
-618.0976057475 770.1968025342 -301.7902122992
-1341.5876476835 -612.5369547434 -1723.5211257125
-1341.5876476835 -612.5369547434 -2000.0000000000
-1341.5876476835 -612.5369547434 -2000.0000000000
-497.5726930521 -1749.1960409150 1966.0642271307
-497.5726930521 -1749.1960409150 -2000.0000000000
-497.5726930521 -1749.1960409150 -2000.0000000000
-497.5726930521 -1749.1960409150 -2000.0000000000
-497.5726930521 -1749.1960409150 -2000.0000000000
-497.5726930521 -1749.1960409150 -2000.0000000000
-497.5726930521 -1749.1960409150 -2000.0000000000
-497.5726930521 -1749.1960409150 -2000.0000000000
-442.6164758392 1648.2489509231 -1697.6866873325
1486.3749053084 -37.2896804406 911.6977893958
900.7227029456 -1760.7337880434 -430.4042144806
900.7227029456 -1760.7337880434 -2000.0000000000
900.7227029456 -1760.7337880434 -2000.0000000000
900.7227029456 -1760.7337880434 -2000.0000000000
900.7227029456 -1760.7337880434 -2000.0000000000
1160.4349270094 979.6252940034 -764.1419995979
1160.4349270094 979.6252940034 -2000.0000000000
1160.4349270094 979.6252940034 -2000.0000000000
1160.4349270094 979.6252940034 -2000.0000000000
1160.4349270094 979.6252940034 -2000.0000000000
1160.4349270094 979.6252940034 -2000.0000000000
1160.4349270094 979.6252940034 -2000.0000000000
1160.4349270094 979.6252940034 -2000.0000000000
1160.4349270094 979.6252940034 -2000.0000000000
1024.5851007709 129.8643398662 1291.1203060930
1024.5851007709 129.8643398662 -2000.0000000000
1024.5851007709 129.8643398662 -2000.0000000000
-143.8385422488 -1378.4686798279 -757.2961457785
-697.5815119297 -636.6301261266 1399.1795414818
-697.5815119297 -636.6301261266 -2000.0000000000
-697.5815119297 -636.6301261266 -2000.0000000000
-697.5815119297 -636.6301261266 -2000.0000000000
-697.5815119297 -636.6301261266 -2000.0000000000
-697.5815119297 -636.6301261266 -2000.0000000000
-697.5815119297 -636.6301261266 -2000.0000000000
-697.5815119297 -636.6301261266 -2000.0000000000
-697.5815119297 -636.6301261266 -2000.0000000000
-697.5815119297 -636.6301261266 -2000.0000000000
-697.5815119297 -636.6301261266 -2000.0000000000
-697.5815119297 -636.6301261266 -2000.0000000000
-697.5815119297 -636.6301261266 -2000.0000000000
-697.5815119297 -636.6301261266 -2000.0000000000
821.9823596265 443.6122264582 -1759.9949432677
821.9823596265 443.6122264582 -2000.0000000000
694.5401985940 -695.9677985959 148.2798102303
694.5401985940 -695.9677985959 -2000.0000000000
694.5401985940 -695.9677985959 -2000.0000000000
694.5401985940 -695.9677985959 -2000.0000000000
-1487.2519520331 -492.9244376172 -74.3137715959
885.5467147472 -1713.1070854634 1374.6889198192
885.5467147472 -1713.1070854634 -2000.0000000000
885.5467147472 -1713.1070854634 -2000.0000000000
885.5467147472 -1713.1070854634 -2000.0000000000
885.5467147472 -1713.1070854634 -2000.0000000000
-1417.7512770337 1784.7949152847 1594.9732013285
-1417.7512770337 1784.7949152847 -2000.0000000000
-1417.7512770337 1784.7949152847 -2000.0000000000
-1417.7512770337 1784.7949152847 -2000.0000000000
1362.4835774849 -1109.3604121585 -764.6229508620
1362.4835774849 -1109.3604121585 -2000.0000000000
1362.4835774849 -1109.3604121585 -2000.0000000000
1362.4835774849 -1109.3604121585 -2000.0000000000
1362.4835774849 -1109.3604121585 -2000.0000000000
1362.4835774849 -1109.3604121585 -2000.0000000000
1362.4835774849 -1109.3604121585 -2000.0000000000
1362.4835774849 -1109.3604121585 -2000.0000000000
1362.4835774849 -1109.3604121585 -2000.0000000000
1362.4835774849 -1109.3604121585 -2000.0000000000
1362.4835774849 -1109.3604121585 -2000.0000000000
472.4656996962 -957.8353791421 571.4559289101
472.4656996962 -957.8353791421 -2000.0000000000
472.4656996962 -957.8353791421 -2000.0000000000
1756.9584622279 1868.7673666513 -1551.5765657862
1756.9584622279 1868.7673666513 -2000.0000000000
1927.1800805635 -843.8951124379 1732.4535364919
1927.1800805635 -843.8951124379 -2000.0000000000
1927.1800805635 -843.8951124379 -2000.0000000000
1927.1800805635 -843.8951124379 -2000.0000000000
1927.1800805635 -843.8951124379 -2000.0000000000
1927.1800805635 -843.8951124379 -2000.0000000000
1927.1800805635 -843.8951124379 -2000.0000000000
827.9672862993 194.3689700944 -1207.8919520172
827.9672862993 194.3689700944 -2000.0000000000
827.9672862993 194.3689700944 -2000.0000000000
431.4696086254 -1777.3784352465 107.1620201686
431.4696086254 -1777.3784352465 -2000.0000000000
431.4696086254 -1777.3784352465 -2000.0000000000
-880.5596154203 643.7227926515 -1302.2495716896
-880.5596154203 643.7227926515 -2000.0000000000
819.4402179811 -1261.5403585107 1355.8279017434
819.4402179811 -1261.5403585107 -2000.0000000000
819.4402179811 -1261.5403585107 -2000.0000000000
819.4402179811 -1261.5403585107 -2000.0000000000
819.4402179811 -1261.5403585107 -2000.0000000000
819.4402179811 -1261.5403585107 -2000.0000000000
428.3815766214 -81.7092417028 270.9900271170
428.3815766214 -81.7092417028 -2000.0000000000
-1786.4371167723 -1605.9594008631 -927.8436983333
-1786.4371167723 -1605.9594008631 -2000.0000000000
1957.0284128571 1220.8942730566 -1473.0651082329
1957.0284128571 1220.8942730566 -2000.0000000000
1957.0284128571 1220.8942730566 -2000.0000000000
1957.0284128571 1220.8942730566 -2000.0000000000
219.0368425641 -1217.2718104687 78.8054707310
219.0368425641 -1217.2718104687 -2000.0000000000
219.0368425641 -1217.2718104687 -2000.0000000000
219.0368425641 -1217.2718104687 -2000.0000000000
219.0368425641 -1217.2718104687 -2000.0000000000
-786.6904450089 1670.4979893387 878.1956624836
1387.5900249754 -467.9415314994 597.9496781930
1387.5900249754 -467.9415314994 -2000.0000000000
1387.5900249754 -467.9415314994 -2000.0000000000
1387.5900249754 -467.9415314994 -2000.0000000000
1387.5900249754 -467.9415314994 -2000.0000000000
1387.5900249754 -467.9415314994 -2000.0000000000
1387.5900249754 -467.9415314994 -2000.0000000000
-100.8809284080 -1981.7508686363 -1032.9811343256
-100.8809284080 -1981.7508686363 -2000.0000000000
-100.8809284080 -1981.7508686363 -2000.0000000000
-100.8809284080 -1981.7508686363 -2000.0000000000
-100.8809284080 -1981.7508686363 -2000.0000000000
-1237.3350017180 1032.3175282266 -75.3500279701
-1237.3350017180 1032.3175282266 -2000.0000000000
-1237.3350017180 1032.3175282266 -2000.0000000000
-1237.3350017180 1032.3175282266 -2000.0000000000
-1237.3350017180 1032.3175282266 -2000.0000000000
-749.2060537521 -447.6559569635 -1437.4981049524
1521.8447391238 -411.1365736066 -1254.2089535076
1521.8447391238 -411.1365736066 -2000.0000000000
1521.8447391238 -411.1365736066 -2000.0000000000
397.3750803779 1375.1008408600 -1332.5800713807
397.3750803779 1375.1008408600 -2000.0000000000
397.3750803779 1375.1008408600 -2000.0000000000
397.3750803779 1375.1008408600 -2000.0000000000
397.3750803779 1375.1008408600 -2000.0000000000
397.3750803779 1375.1008408600 -2000.0000000000
397.3750803779 1375.1008408600 -2000.0000000000
397.3750803779 1375.1008408600 -2000.0000000000
397.3750803779 1375.1008408600 -2000.0000000000
397.3750803779 1375.1008408600 -2000.0000000000
-215.2822927442 -995.6295673090 968.8098409075
-215.2822927442 -995.6295673090 -2000.0000000000
-809.1967516906 -793.9177919583 -433.4485875505
-809.1967516906 -793.9177919583 -2000.0000000000
-809.1967516906 -793.9177919583 -2000.0000000000
-809.1967516906 -793.9177919583 -2000.0000000000
-103.2925831492 -1361.8635959743 1256.2485218021
