1825.5804846726 -1580.2024581418 1751.9624253887
1825.5804846726 -1580.2024581418 -2000.0000000000
1825.5804846726 -1580.2024581418 -2000.0000000000
1825.5804846726 -1580.2024581418 -2000.0000000000
1825.5804846726 -1580.2024581418 -2000.0000000000
1825.5804846726 -1580.2024581418 -2000.0000000000
1825.5804846726 -1580.2024581418 -2000.0000000000
1825.5804846726 -1580.2024581418 -2000.0000000000
1825.5804846726 -1580.2024581418 -2000.0000000000
1825.5804846726 -1580.2024581418 -2000.0000000000
1825.5804846726 -1580.2024581418 -2000.0000000000
1825.5804846726 -1580.2024581418 -2000.0000000000
1825.5804846726 -1580.2024581418 -2000.0000000000
1825.5804846726 -1580.2024581418 -2000.0000000000
1825.5804846726 -1580.2024581418 -2000.0000000000
1825.5804846726 -1580.2024581418 -2000.0000000000
1825.5804846726 -1580.2024581418 -2000.0000000000
1825.5804846726 -1580.2024581418 -2000.0000000000
1825.5804846726 -1580.2024581418 -2000.0000000000
1579.3983373511 817.6516668590 -1573.6658329970
185.4919916874 -755.8790749983 884.9225087922
-849.0487904861 -1351.9973280670 1059.5172005064
-1017.9227249429 -948.9414239380 -443.2242068500
-1017.9227249429 -948.9414239380 -2000.0000000000
-1017.9227249429 -948.9414239380 -2000.0000000000
-1017.9227249429 -948.9414239380 -2000.0000000000
-1017.9227249429 -948.9414239380 -2000.0000000000
-1017.9227249429 -948.9414239380 -2000.0000000000
-1017.9227249429 -948.9414239380 -2000.0000000000
-1017.9227249429 -948.9414239380 -2000.0000000000
775.0514615677 1709.1960057214 -1735.5610766237
1965.5504542148 -964.6968107248 -239.4584640298
1965.5504542148 -964.6968107248 -2000.0000000000
1404.2692334214 462.9279980095 -1983.3793953127
1404.2692334214 462.9279980095 -2000.0000000000
1404.2692334214 462.9279980095 -2000.0000000000
1283.4405087896 -1945.5130914639 1261.7184358270
1653.5214271455 113.0625747651 966.2401337993
1653.5214271455 113.0625747651 -2000.0000000000
27.0712221991 110.0441038652 549.4050868235
27.0712221991 110.0441038652 -2000.0000000000
-1001.5945453552 1055.1484488296 -1583.2404052849
758.1250024056 806.5497127378 1115.4498793725
758.1250024056 806.5497127378 -2000.0000000000
758.1250024056 806.5497127378 -2000.0000000000
311.6250047064 -1613.9931723223 1159.0687109315
311.6250047064 -1613.9931723223 -2000.0000000000
-1702.8169885231 -1331.6958095985 -179.4899823030
-1702.8169885231 -1331.6958095985 -2000.0000000000
238.8917487504 -1428.1634424609 -1569.4206781445
238.8917487504 -1428.1634424609 -2000.0000000000
238.8917487504 -1428.1634424609 -2000.0000000000
238.8917487504 -1428.1634424609 -2000.0000000000
238.8917487504 -1428.1634424609 -2000.0000000000
626.0820729622 -659.0625532786 -728.3833394415
-1883.4082172222 485.5713044810 -1900.6615814976
-80.9864156445 -1159.5033550042 -1188.7704081760
-80.9864156445 -1159.5033550042 -2000.0000000000
-80.9864156445 -1159.5033550042 -2000.0000000000
-80.9864156445 -1159.5033550042 -2000.0000000000
-80.9864156445 -1159.5033550042 -2000.0000000000
-80.9864156445 -1159.5033550042 -2000.0000000000
1149.9814386263 1752.4355561952 -1986.8352847976
1149.9814386263 1752.4355561952 -2000.0000000000
1149.9814386263 1752.4355561952 -2000.0000000000
1149.9814386263 1752.4355561952 -2000.0000000000
1149.9814386263 1752.4355561952 -2000.0000000000
1149.9814386263 1752.4355561952 -2000.0000000000
1149.9814386263 1752.4355561952 -2000.0000000000
1149.9814386263 1752.4355561952 -2000.0000000000
1149.9814386263 1752.4355561952 -2000.0000000000
1149.9814386263 1752.4355561952 -2000.0000000000
1149.9814386263 1752.4355561952 -2000.0000000000
1149.9814386263 1752.4355561952 -2000.0000000000
1149.9814386263 1752.4355561952 -2000.0000000000
1149.9814386263 1752.4355561952 -2000.0000000000
1149.9814386263 1752.4355561952 -2000.0000000000
-140.4324296418 673.7099577416 -1738.9127258751
-140.4324296418 673.7099577416 -2000.0000000000
-140.4324296418 673.7099577416 -2000.0000000000
-140.4324296418 673.7099577416 -2000.0000000000
-140.4324296418 673.7099577416 -2000.0000000000
-140.4324296418 673.7099577416 -2000.0000000000
-140.4324296418 673.7099577416 -2000.0000000000
-140.4324296418 673.7099577416 -2000.0000000000
-140.4324296418 673.7099577416 -2000.0000000000
-1597.2673293635 -454.2447270208 537.3976204385
-1597.2673293635 -454.2447270208 -2000.0000000000
-315.6981788758 359.4217042445 -231.0027511776
1442.9359001907 232.2979958462 -1973.1489334803
853.3664727760 165.3301593170 1663.3933288546
1487.0951187658 1960.6243372560 -1990.7108434466
1487.0951187658 1960.6243372560 -2000.0000000000
1487.0951187658 1960.6243372560 -2000.0000000000
-1976.8568060322 -716.1675422206 354.6076058726
1854.7885453717 868.2406708298 326.6893069036
1854.7885453717 868.2406708298 -2000.0000000000
1854.7885453717 868.2406708298 -2000.0000000000
1854.7885453717 868.2406708298 -2000.0000000000
841.2591270283 -1854.0178865081 1787.0251380236
841.2591270283 -1854.0178865081 -2000.0000000000
841.2591270283 -1854.0178865081 -2000.0000000000
841.2591270283 -1854.0178865081 -2000.0000000000
841.2591270283 -1854.0178865081 -2000.0000000000
841.2591270283 -1854.0178865081 -2000.0000000000
841.2591270283 -1854.0178865081 -2000.0000000000
841.2591270283 -1854.0178865081 -2000.0000000000
841.2591270283 -1854.0178865081 -2000.0000000000
841.2591270283 -1854.0178865081 -2000.0000000000
-1084.1277302745 -1808.8789329778 -1881.7678196405
-1084.1277302745 -1808.8789329778 -2000.0000000000
-1084.1277302745 -1808.8789329778 -2000.0000000000
93.1995436802 1847.5232078695 -247.7925683968
93.1995436802 1847.5232078695 -2000.0000000000
93.1995436802 1847.5232078695 -2000.0000000000
93.1995436802 1847.5232078695 -2000.0000000000
93.1995436802 1847.5232078695 -2000.0000000000
93.1995436802 1847.5232078695 -2000.0000000000
93.1995436802 1847.5232078695 -2000.0000000000
93.1995436802 1847.5232078695 -2000.0000000000
214.6044814189 840.6482520278 1958.3489886663
214.6044814189 840.6482520278 -2000.0000000000
214.6044814189 840.6482520278 -2000.0000000000
-338.5256761632 -1019.2897337258 1420.9547905848
-338.5256761632 -1019.2897337258 -2000.0000000000
-44.1953069314 206.2419033209 76.0222127381
-44.1953069314 206.2419033209 -2000.0000000000
-44.1953069314 206.2419033209 -2000.0000000000
-44.1953069314 206.2419033209 -2000.0000000000
814.9532582444 24.1972924812 -1058.6525601919
-935.3567758240 1606.2913548961 -1696.0902426863
-935.3567758240 1606.2913548961 -2000.0000000000
-935.3567758240 1606.2913548961 -2000.0000000000
-935.3567758240 1606.2913548961 -2000.0000000000
-935.3567758240 1606.2913548961 -2000.0000000000
-935.3567758240 1606.2913548961 -2000.0000000000
1214.1865521176 1363.5748810336 1418.9269066151
1214.1865521176 1363.5748810336 -2000.0000000000
-87.1102806858 -1289.7235689494 -1510.6335935466
-87.1102806858 -1289.7235689494 -2000.0000000000
-87.1102806858 -1289.7235689494 -2000.0000000000
-407.6432094142 1781.2026152516 -1271.8218084235
-407.6432094142 1781.2026152516 -2000.0000000000
-407.6432094142 1781.2026152516 -2000.0000000000
-407.6432094142 1781.2026152516 -2000.0000000000
-898.3271186174 1149.9170873058 829.7643538932
-898.3271186174 1149.9170873058 -2000.0000000000
-898.3271186174 1149.9170873058 -2000.0000000000
-898.3271186174 1149.9170873058 -2000.0000000000
-898.3271186174 1149.9170873058 -2000.0000000000
-810.3094335780 -597.0833294222 1885.8426488267
-810.3094335780 -597.0833294222 -2000.0000000000
-810.3094335780 -597.0833294222 -2000.0000000000
-810.3094335780 -597.0833294222 -2000.0000000000
1476.3989750606 229.7534558339 -755.1274004721
675.6427355060 -1381.2836211367 -1985.8824141547
1414.8054797636 1118.3697722550 -371.7011373570
1414.8054797636 1118.3697722550 -2000.0000000000
1414.8054797636 1118.3697722550 -2000.0000000000
510.6966408577 1555.1606738654 -29.0931682269
510.6966408577 1555.1606738654 -2000.0000000000
-867.8620568901 -194.1077591678 -1533.2783363503
-867.8620568901 -194.1077591678 -2000.0000000000
-867.8620568901 -194.1077591678 -2000.0000000000
-1709.2656616317 1640.7339664181 212.1879218306
-1709.2656616317 1640.7339664181 -2000.0000000000
-1709.2656616317 1640.7339664181 -2000.0000000000
-1709.2656616317 1640.7339664181 -2000.0000000000
-1709.2656616317 1640.7339664181 -2000.0000000000
-1709.2656616317 1640.7339664181 -2000.0000000000
812.6731396009 -1727.9639885774 -489.6817397914
812.6731396009 -1727.9639885774 -2000.0000000000
812.6731396009 -1727.9639885774 -2000.0000000000
812.6731396009 -1727.9639885774 -2000.0000000000
812.6731396009 -1727.9639885774 -2000.0000000000
556.6990760917 -1325.8754516002 -687.0349975930
556.6990760917 -1325.8754516002 -2000.0000000000
556.6990760917 -1325.8754516002 -2000.0000000000
556.6990760917 -1325.8754516002 -2000.0000000000
556.6990760917 -1325.8754516002 -2000.0000000000
556.6990760917 -1325.8754516002 -2000.0000000000
556.6990760917 -1325.8754516002 -2000.0000000000
-139.6939029768 -1590.4786103297 1047.1503211803
-139.6939029768 -1590.4786103297 -2000.0000000000
106.1944094153 -449.2521323576 52.5507514660
106.1944094153 -449.2521323576 -2000.0000000000
-76.1142843761 1899.7476136096 1012.3154112085
-76.1142843761 1899.7476136096 -2000.0000000000
-76.1142843761 1899.7476136096 -2000.0000000000
-76.1142843761 1899.7476136096 -2000.0000000000
-76.1142843761 1899.7476136096 -2000.0000000000
-76.1142843761 1899.7476136096 -2000.0000000000
-76.1142843761 1899.7476136096 -2000.0000000000
-76.1142843761 1899.7476136096 -2000.0000000000
-76.1142843761 1899.7476136096 -2000.0000000000
327.6792727996 1226.7948897361 -730.4214597781
327.6792727996 1226.7948897361 -2000.0000000000
327.6792727996 1226.7948897361 -2000.0000000000
327.6792727996 1226.7948897361 -2000.0000000000
327.6792727996 1226.7948897361 -2000.0000000000
327.6792727996 1226.7948897361 -2000.0000000000
327.6792727996 1226.7948897361 -2000.0000000000
327.6792727996 1226.7948897361 -2000.0000000000
-1905.9205953365 -767.5777134877 711.2472112147
-275.7890772419 -942.6947066731 -1549.0441778619
-275.7890772419 -942.6947066731 -2000.0000000000
-275.7890772419 -942.6947066731 -2000.0000000000
955.2901256332 563.0594496452 -106.9997543361
-1942.9836195729 -1204.8550735768 -337.7582435714
-1942.9836195729 -1204.8550735768 -2000.0000000000
-1883.5243723169 978.0971244023 -1696.6702345430
-1883.5243723169 978.0971244023 -2000.0000000000
-1883.5243723169 978.0971244023 -2000.0000000000
-1883.5243723169 978.0971244023 -2000.0000000000
-1883.5243723169 978.0971244023 -2000.0000000000
-1883.5243723169 978.0971244023 -2000.0000000000
-1883.5243723169 978.0971244023 -2000.0000000000
-1883.5243723169 978.0971244023 -2000.0000000000
782.9884212435 -929.3229256627 -1472.2211298653
782.9884212435 -929.3229256627 -2000.0000000000
782.9884212435 -929.3229256627 -2000.0000000000
782.9884212435 -929.3229256627 -2000.0000000000
782.9884212435 -929.3229256627 -2000.0000000000
782.9884212435 -929.3229256627 -2000.0000000000
782.9884212435 -929.3229256627 -2000.0000000000
782.9884212435 -929.3229256627 -2000.0000000000
782.9884212435 -929.3229256627 -2000.0000000000
-788.1528387202 936.3648544234 -1389.9169895319
-788.1528387202 936.3648544234 -2000.0000000000
-788.1528387202 936.3648544234 -2000.0000000000
-788.1528387202 936.3648544234 -2000.0000000000
-788.1528387202 936.3648544234 -2000.0000000000
-788.1528387202 936.3648544234 -2000.0000000000
-29.2604059430 -1492.7784928396 478.0894282196
-29.2604059430 -1492.7784928396 -2000.0000000000
-29.2604059430 -1492.7784928396 -2000.0000000000
-29.2604059430 -1492.7784928396 -2000.0000000000
-29.2604059430 -1492.7784928396 -2000.0000000000
-29.2604059430 -1492.7784928396 -2000.0000000000
-29.2604059430 -1492.7784928396 -2000.0000000000
-29.2604059430 -1492.7784928396 -2000.0000000000
-29.2604059430 -1492.7784928396 -2000.0000000000
-29.2604059430 -1492.7784928396 -2000.0000000000
-29.2604059430 -1492.7784928396 -2000.0000000000
-877.4405825841 -232.1186011175 -837.6984129695
-877.4405825841 -232.1186011175 -2000.0000000000
-150.4422093431 247.9403991995 -1269.0908684176
-150.4422093431 247.9403991995 -2000.0000000000
1245.6151728694 -1323.2149178455 479.7628153406
1040.4607625072 -984.9185063435 -1777.2664289738
1040.4607625072 -984.9185063435 -2000.0000000000
-1278.1661124383 -370.4255494706 215.0051627708
-1278.1661124383 -370.4255494706 -2000.0000000000
-1278.1661124383 -370.4255494706 -2000.0000000000
-1278.1661124383 -370.4255494706 -2000.0000000000
677.4205474133 216.4488615041 263.9562463412
677.4205474133 216.4488615041 -2000.0000000000
677.4205474133 216.4488615041 -2000.0000000000
677.4205474133 216.4488615041 -2000.0000000000
58.9997827359 1864.3477948735 1067.6424184215
58.9997827359 1864.3477948735 -2000.0000000000
58.9997827359 1864.3477948735 -2000.0000000000
58.9997827359 1864.3477948735 -2000.0000000000
58.9997827359 1864.3477948735 -2000.0000000000
58.9997827359 1864.3477948735 -2000.0000000000
58.9997827359 1864.3477948735 -2000.0000000000
58.9997827359 1864.3477948735 -2000.0000000000
58.9997827359 1864.3477948735 -2000.0000000000
1574.9577937833 -906.2174985786 -1875.2623709535
1574.9577937833 -906.2174985786 -2000.0000000000
1574.9577937833 -906.2174985786 -2000.0000000000
1574.9577937833 -906.2174985786 -2000.0000000000
1574.9577937833 -906.2174985786 -2000.0000000000
336.6348219710 1149.5284455106 1782.3045341684
336.6348219710 1149.5284455106 -2000.0000000000
-72.4154882004 -1585.5476507906 -1168.4885929957
-72.4154882004 -1585.5476507906 -2000.0000000000
-72.4154882004 -1585.5476507906 -2000.0000000000
1567.6995022626 -649.3574776458 1293.3774356498
1567.6995022626 -649.3574776458 -2000.0000000000
1567.6995022626 -649.3574776458 -2000.0000000000
-58.1727317579 128.5340796357 1533.3322612381
-1577.9415053305 1917.8178694383 1899.9191900850
-1577.9415053305 1917.8178694383 -2000.0000000000
-1577.9415053305 1917.8178694383 -2000.0000000000
-1577.9415053305 1917.8178694383 -2000.0000000000
-1276.0601111780 639.4329226445 -752.2379904131
-1631.0452783988 1958.1810681176 1238.4915774362
1156.1671768697 -1658.2376211557 -1757.7332673363
1156.1671768697 -1658.2376211557 -2000.0000000000
1156.1671768697 -1658.2376211557 -2000.0000000000
469.4673422997 -216.3983931534 1818.0482389437
469.4673422997 -216.3983931534 -2000.0000000000
469.4673422997 -216.3983931534 -2000.0000000000
-1586.0926489524 -1122.9474997732 1812.0711819105
-1888.7627825607 844.8340517955 -801.7985812963
-1888.7627825607 844.8340517955 -2000.0000000000
-1898.3261197019 1557.0940773357 1647.8535068913
-1898.3261197019 1557.0940773357 -2000.0000000000
292.9620371766 -1143.9849669808 1108.2943617463
292.9620371766 -1143.9849669808 -2000.0000000000
1242.6323703576 230.4992158622 -1824.5110834790
1242.6323703576 230.4992158622 -2000.0000000000
-1017.6546075643 -1963.0969718330 -1877.3102959972
-1017.6546075643 -1963.0969718330 -2000.0000000000
-1841.1346106524 -1485.4981680233 818.2075990160
-1841.1346106524 -1485.4981680233 -2000.0000000000
-1017.3959260021 -444.6325204532 866.1249680134
-1017.3959260021 -444.6325204532 -2000.0000000000
-1017.3959260021 -444.6325204532 -2000.0000000000
-1017.3959260021 -444.6325204532 -2000.0000000000
-1017.3959260021 -444.6325204532 -2000.0000000000
1061.8212678323 -819.1315032285 -115.8924445568
1061.8212678323 -819.1315032285 -2000.0000000000
1061.8212678323 -819.1315032285 -2000.0000000000
1061.8212678323 -819.1315032285 -2000.0000000000
1061.8212678323 -819.1315032285 -2000.0000000000
1061.8212678323 -819.1315032285 -2000.0000000000
1061.8212678323 -819.1315032285 -2000.0000000000
1061.8212678323 -819.1315032285 -2000.0000000000
1061.8212678323 -819.1315032285 -2000.0000000000
1033.0880033623 1534.6659843712 -1058.8257416375
179.2532962534 -447.3507435110 -461.6109804476
1539.5552540338 -654.0999547230 -1574.0671856801
1495.6491104931 -1972.4537316522 -1420.3952173667
1495.6491104931 -1972.4537316522 -2000.0000000000
1495.6491104931 -1972.4537316522 -2000.0000000000
-184.0048264228 -833.2524373229 1277.1774450000
-184.0048264228 -833.2524373229 -2000.0000000000
-184.0048264228 -833.2524373229 -2000.0000000000
-184.0048264228 -833.2524373229 -2000.0000000000
-184.0048264228 -833.2524373229 -2000.0000000000
-1214.4225045328 1526.0943727723 -889.5897385022
455.7543100075 -1070.5487176922 -725.2025488427
964.0712371750 -1677.9066337478 -1489.4847798158
964.0712371750 -1677.9066337478 -2000.0000000000
964.0712371750 -1677.9066337478 -2000.0000000000
964.0712371750 -1677.9066337478 -2000.0000000000
964.0712371750 -1677.9066337478 -2000.0000000000
964.0712371750 -1677.9066337478 -2000.0000000000
964.0712371750 -1677.9066337478 -2000.0000000000
964.0712371750 -1677.9066337478 -2000.0000000000
1358.4028418775 -1623.5655107228 1880.0461649939
1358.4028418775 -1623.5655107228 -2000.0000000000
1358.4028418775 -1623.5655107228 -2000.0000000000
239.6899960565 960.5181040731 -103.9936516065
-1485.5148756873 -437.3946490433 -1353.9749427626
-1485.5148756873 -437.3946490433 -2000.0000000000
-173.7318686738 -363.0139573535 1723.3603587047
-173.7318686738 -363.0139573535 -2000.0000000000
-173.7318686738 -363.0139573535 -2000.0000000000
-170.5260729789 905.1809880214 0.7314374634
-170.5260729789 905.1809880214 -2000.0000000000
-170.5260729789 905.1809880214 -2000.0000000000
-1691.3039813688 1419.7389639219 633.2595080363
-1691.3039813688 1419.7389639219 -2000.0000000000
1989.8425371668 1847.1445459965 -107.2507281881
1685.2662315456 1795.6381020549 627.1697834634
1685.2662315456 1795.6381020549 -2000.0000000000
-1867.2586190570 -1020.3669000025 1627.3243892646
-1867.2586190570 -1020.3669000025 -2000.0000000000
-1867.2586190570 -1020.3669000025 -2000.0000000000
-1867.2586190570 -1020.3669000025 -2000.0000000000
-546.0822981315 -40.6442995118 -182.6426502604
1709.0655320886 -52.3401597091 -728.6690762765
1709.0655320886 -52.3401597091 -2000.0000000000
1709.0655320886 -52.3401597091 -2000.0000000000
1709.0655320886 -52.3401597091 -2000.0000000000
1709.0655320886 -52.3401597091 -2000.0000000000
1709.0655320886 -52.3401597091 -2000.0000000000
1079.6198484788 -1045.0254993831 1069.2275246661
1079.6198484788 -1045.0254993831 -2000.0000000000
1079.6198484788 -1045.0254993831 -2000.0000000000
1079.6198484788 -1045.0254993831 -2000.0000000000
1079.6198484788 -1045.0254993831 -2000.0000000000
1079.6198484788 -1045.0254993831 -2000.0000000000
1079.6198484788 -1045.0254993831 -2000.0000000000
1588.2574395357 529.3312792094 -529.8763248891
1588.2574395357 529.3312792094 -2000.0000000000
1588.2574395357 529.3312792094 -2000.0000000000
1588.2574395357 529.3312792094 -2000.0000000000
1588.2574395357 529.3312792094 -2000.0000000000
1588.2574395357 529.3312792094 -2000.0000000000
-855.8220945014 576.6629128450 7.5999235653
-855.8220945014 576.6629128450 -2000.0000000000
-855.8220945014 576.6629128450 -2000.0000000000
-855.8220945014 576.6629128450 -2000.0000000000
1144.1095031355 1217.8323322182 -1770.4221537791
1488.2571761636 1268.9020492698 -286.3748289173
1488.2571761636 1268.9020492698 -2000.0000000000
1488.2571761636 1268.9020492698 -2000.0000000000
1488.2571761636 1268.9020492698 -2000.0000000000
1488.2571761636 1268.9020492698 -2000.0000000000
-542.9807004612 1744.0272191713 793.9958066766
-542.9807004612 1744.0272191713 -2000.0000000000
-542.9807004612 1744.0272191713 -2000.0000000000
-542.9807004612 1744.0272191713 -2000.0000000000
-542.9807004612 1744.0272191713 -2000.0000000000
-542.9807004612 1744.0272191713 -2000.0000000000
-542.9807004612 1744.0272191713 -2000.0000000000
-1163.6005959038 1601.4495157480 1869.3908362753
-1163.6005959038 1601.4495157480 -2000.0000000000
-1163.6005959038 1601.4495157480 -2000.0000000000
-1163.6005959038 1601.4495157480 -2000.0000000000
-1163.6005959038 1601.4495157480 -2000.0000000000
354.7955659350 -81.4915578244 1617.2954303631
-691.7435243238 -28.3825069401 -1447.4054704044
-691.7435243238 -28.3825069401 -2000.0000000000
-691.7435243238 -28.3825069401 -2000.0000000000
745.1704410065 1598.5995397166 1799.1248843686
745.1704410065 1598.5995397166 -2000.0000000000
745.1704410065 1598.5995397166 -2000.0000000000
745.1704410065 1598.5995397166 -2000.0000000000
745.1704410065 1598.5995397166 -2000.0000000000
745.1704410065 1598.5995397166 -2000.0000000000
745.1704410065 1598.5995397166 -2000.0000000000
745.1704410065 1598.5995397166 -2000.0000000000
-1910.0226843624 1292.5732572169 -653.5267200913
-1910.0226843624 1292.5732572169 -2000.0000000000
-1910.0226843624 1292.5732572169 -2000.0000000000
-1910.0226843624 1292.5732572169 -2000.0000000000
-1910.0226843624 1292.5732572169 -2000.0000000000
-1886.1699299077 -529.5229674530 801.9310036692
-1886.1699299077 -529.5229674530 -2000.0000000000
259.6350733966 -1075.2262682119 -1100.5024956777
-60.0460927082 1602.8344667834 1140.5585852209
1767.2999805970 905.7330094795 -157.5771832077
17.0999241140 -1043.9162969382 1607.9476440422
-627.7540261615 -435.2763013624 -237.3983555687
-627.7540261615 -435.2763013624 -2000.0000000000
-627.7540261615 -435.2763013624 -2000.0000000000
-1577.1973430060 807.0339488821 751.5296774448
-1439.0905688332 367.0586538891 -50.2353724131
-1439.0905688332 367.0586538891 -2000.0000000000
-1439.0905688332 367.0586538891 -2000.0000000000
-1626.1977732261 1573.5325670256 1340.7359941788
-1626.1977732261 1573.5325670256 -2000.0000000000
673.8088084352 -843.4075852248 1680.8969643875
673.8088084352 -843.4075852248 -2000.0000000000
673.8088084352 -843.4075852248 -2000.0000000000
1643.8750287819 1707.4918149856 -1586.3542237531
1643.8750287819 1707.4918149856 -2000.0000000000
1643.8750287819 1707.4918149856 -2000.0000000000
1643.8750287819 1707.4918149856 -2000.0000000000
-767.9183472931 1644.0167230145 1407.3418984451
-1958.4319440569 -900.2054902536 -1696.1550160973
-1958.4319440569 -900.2054902536 -2000.0000000000
-1958.4319440569 -900.2054902536 -2000.0000000000
-1958.4319440569 -900.2054902536 -2000.0000000000
-1958.4319440569 -900.2054902536 -2000.0000000000
-1958.4319440569 -900.2054902536 -2000.0000000000
392.0692957100 -1578.8267352725 -833.1727683994
392.0692957100 -1578.8267352725 -2000.0000000000
392.0692957100 -1578.8267352725 -2000.0000000000
392.0692957100 -1578.8267352725 -2000.0000000000
392.0692957100 -1578.8267352725 -2000.0000000000
1728.4657048878 1333.8835522208 -165.0128979639
1728.4657048878 1333.8835522208 -2000.0000000000
1728.4657048878 1333.8835522208 -2000.0000000000
-982.2996868632 1682.3113087426 1871.6786253765
-982.2996868632 1682.3113087426 -2000.0000000000
-982.2996868632 1682.3113087426 -2000.0000000000
-982.2996868632 1682.3113087426 -2000.0000000000
-982.2996868632 1682.3113087426 -2000.0000000000
1520.9585046323 -177.7072235156 -163.4432152609
1520.9585046323 -177.7072235156 -2000.0000000000
-1338.0346799161 -720.1279128619 -824.3933646240
-1338.0346799161 -720.1279128619 -2000.0000000000
-1338.0346799161 -720.1279128619 -2000.0000000000
-1338.0346799161 -720.1279128619 -2000.0000000000
576.4516210960 1693.2813576257 -749.7627208063
576.4516210960 1693.2813576257 -2000.0000000000
-1734.8508636150 316.6204391581 -1420.8237806755
-1734.8508636150 316.6204391581 -2000.0000000000
-1734.8508636150 316.6204391581 -2000.0000000000
378.6776610975 927.1999778884 1225.2208577744
378.6776610975 927.1999778884 -2000.0000000000
378.6776610975 927.1999778884 -2000.0000000000
378.6776610975 927.1999778884 -2000.0000000000
-583.2931138375 -23.9869526685 75.3673264173
-583.2931138375 -23.9869526685 -2000.0000000000
-583.2931138375 -23.9869526685 -2000.0000000000
-583.2931138375 -23.9869526685 -2000.0000000000
-583.2931138375 -23.9869526685 -2000.0000000000
-583.2931138375 -23.9869526685 -2000.0000000000
-583.2931138375 -23.9869526685 -2000.0000000000
-583.2931138375 -23.9869526685 -2000.0000000000
-583.2931138375 -23.9869526685 -2000.0000000000
-583.2931138375 -23.9869526685 -2000.0000000000
-583.2931138375 -23.9869526685 -2000.0000000000
-583.2931138375 -23.9869526685 -2000.0000000000
-1020.8808801236 -129.7769284263 -420.2751990934
-1020.8808801236 -129.7769284263 -2000.0000000000
-1020.8808801236 -129.7769284263 -2000.0000000000
667.8869763118 -1107.4376332646 1985.2554050889
667.8869763118 -1107.4376332646 -2000.0000000000
667.8869763118 -1107.4376332646 -2000.0000000000
667.8869763118 -1107.4376332646 -2000.0000000000
667.8869763118 -1107.4376332646 -2000.0000000000
667.8869763118 -1107.4376332646 -2000.0000000000
1823.0452830874 600.1341308759 -88.2170988442
-1360.0298511408 -837.2603765388 -1631.4793589651
-1360.0298511408 -837.2603765388 -2000.0000000000
-1360.0298511408 -837.2603765388 -2000.0000000000
-1871.0739080937 969.5974776448 -1260.7334362367
-1871.0739080937 969.5974776448 -2000.0000000000
-1871.0739080937 969.5974776448 -2000.0000000000
-1871.0739080937 969.5974776448 -2000.0000000000
1629.3799597304 548.0747157599 556.4173426962
1629.3799597304 548.0747157599 -2000.0000000000
1629.3799597304 548.0747157599 -2000.0000000000
1629.3799597304 548.0747157599 -2000.0000000000
1629.3799597304 548.0747157599 -2000.0000000000
1629.3799597304 548.0747157599 -2000.0000000000
1629.3799597304 548.0747157599 -2000.0000000000
1629.3799597304 548.0747157599 -2000.0000000000
-1143.0836698816 -706.3491182948 187.3655222748
-1143.0836698816 -706.3491182948 -2000.0000000000
-1143.0836698816 -706.3491182948 -2000.0000000000
-1143.0836698816 -706.3491182948 -2000.0000000000
-1143.0836698816 -706.3491182948 -2000.0000000000
1798.2071948708 -627.1846116234 1557.1079287851
1798.2071948708 -627.1846116234 -2000.0000000000
1798.2071948708 -627.1846116234 -2000.0000000000
1798.2071948708 -627.1846116234 -2000.0000000000
1798.2071948708 -627.1846116234 -2000.0000000000
1798.2071948708 -627.1846116234 -2000.0000000000
1798.2071948708 -627.1846116234 -2000.0000000000
-1567.6361787320 1657.3214762379 -38.9495602380
1321.1328761374 -1353.3423909566 166.9304209857
1321.1328761374 -1353.3423909566 -2000.0000000000
1321.1328761374 -1353.3423909566 -2000.0000000000
1321.1328761374 -1353.3423909566 -2000.0000000000
1321.1328761374 -1353.3423909566 -2000.0000000000
1321.1328761374 -1353.3423909566 -2000.0000000000
87.1289412517 -1290.2349951414 -1593.3465931271
87.1289412517 -1290.2349951414 -2000.0000000000
87.1289412517 -1290.2349951414 -2000.0000000000
87.1289412517 -1290.2349951414 -2000.0000000000
87.1289412517 -1290.2349951414 -2000.0000000000
87.1289412517 -1290.2349951414 -2000.0000000000
87.1289412517 -1290.2349951414 -2000.0000000000
87.1289412517 -1290.2349951414 -2000.0000000000
87.1289412517 -1290.2349951414 -2000.0000000000
87.1289412517 -1290.2349951414 -2000.0000000000
87.1289412517 -1290.2349951414 -2000.0000000000
87.1289412517 -1290.2349951414 -2000.0000000000
87.1289412517 -1290.2349951414 -2000.0000000000
87.1289412517 -1290.2349951414 -2000.0000000000
87.1289412517 -1290.2349951414 -2000.0000000000
1810.2998195974 -1176.0183732407 50.6307706601
1430.0201073046 551.3076708169 -425.8387135547
1430.0201073046 551.3076708169 -2000.0000000000
1430.0201073046 551.3076708169 -2000.0000000000
1430.0201073046 551.3076708169 -2000.0000000000
1430.0201073046 551.3076708169 -2000.0000000000
1430.0201073046 551.3076708169 -2000.0000000000
1430.0201073046 551.3076708169 -2000.0000000000
359.3104113051 -45.9588058738 1505.4478546578
359.3104113051 -45.9588058738 -2000.0000000000
359.3104113051 -45.9588058738 -2000.0000000000
-1090.3995411980 -198.5713762619 547.8705589932
-1090.3995411980 -198.5713762619 -2000.0000000000
-1292.3895720604 983.7606763309 217.3712948978
-1292.3895720604 983.7606763309 -2000.0000000000
-1292.3895720604 983.7606763309 -2000.0000000000
-1292.3895720604 983.7606763309 -2000.0000000000
-1182.5553362879 -1673.3240989249 -350.4380548636
-1877.9594756816 -1077.6881885564 -1627.0826689257
1289.8868110197 1730.3852291383 -452.1613442218
-1021.5909371684 1953.3404796022 -1049.1811698149
155.0543236425 881.5328713766 -543.9372988462
1853.8986138147 1020.5067869515 -1623.4447668512
1853.8986138147 1020.5067869515 -2000.0000000000
1853.8986138147 1020.5067869515 -2000.0000000000
1853.8986138147 1020.5067869515 -2000.0000000000
1853.8986138147 1020.5067869515 -2000.0000000000
1853.8986138147 1020.5067869515 -2000.0000000000
1853.8986138147 1020.5067869515 -2000.0000000000
1853.8986138147 1020.5067869515 -2000.0000000000
-1002.2684776455 1813.3805258922 860.9974696607
-1002.2684776455 1813.3805258922 -2000.0000000000
-1002.2684776455 1813.3805258922 -2000.0000000000
-300.2831654794 -64.6691742712 1274.9858662943
-300.2831654794 -64.6691742712 -2000.0000000000
716.2738389712 -1308.6121777030 1744.5415709476
716.2738389712 -1308.6121777030 -2000.0000000000
-769.3104229290 -426.7451922539 1297.5890639189
-769.3104229290 -426.7451922539 -2000.0000000000
-769.3104229290 -426.7451922539 -2000.0000000000
-769.3104229290 -426.7451922539 -2000.0000000000
-769.3104229290 -426.7451922539 -2000.0000000000
-769.3104229290 -426.7451922539 -2000.0000000000
-769.3104229290 -426.7451922539 -2000.0000000000
-343.9209336578 566.4277605759 1542.8113977184
-343.9209336578 566.4277605759 -2000.0000000000
-343.9209336578 566.4277605759 -2000.0000000000
-343.9209336578 566.4277605759 -2000.0000000000
-343.9209336578 566.4277605759 -2000.0000000000
1018.1080644563 -1218.7376938152 -797.5878405443
-1782.9890869348 64.0907499901 -1435.2048095861
-1782.9890869348 64.0907499901 -2000.0000000000
-1782.9890869348 64.0907499901 -2000.0000000000
-1782.9890869348 64.0907499901 -2000.0000000000
-1782.9890869348 64.0907499901 -2000.0000000000
-1782.9890869348 64.0907499901 -2000.0000000000
-1782.9890869348 64.0907499901 -2000.0000000000
-1782.9890869348 64.0907499901 -2000.0000000000
-1782.9890869348 64.0907499901 -2000.0000000000
-1782.9890869348 64.0907499901 -2000.0000000000
-1782.9890869348 64.0907499901 -2000.0000000000
-1782.9890869348 64.0907499901 -2000.0000000000
-1782.9890869348 64.0907499901 -2000.0000000000
-515.5098362075 -817.5230596698 -114.9163491062
-515.5098362075 -817.5230596698 -2000.0000000000
-515.5098362075 -817.5230596698 -2000.0000000000
755.2982701749 244.8400602809 -768.6884833874
755.2982701749 244.8400602809 -2000.0000000000
755.2982701749 244.8400602809 -2000.0000000000
-1799.0624148001 -736.0818202450 234.2289819858
-1799.0624148001 -736.0818202450 -2000.0000000000
331.3501610087 502.9437213087 -768.1407862791
331.3501610087 502.9437213087 -2000.0000000000
-1826.9515936694 1105.8753209240 -1469.9246971725
-1826.9515936694 1105.8753209240 -2000.0000000000
-1293.6285674430 -1017.0747271817 274.3129917942
-1293.6285674430 -1017.0747271817 -2000.0000000000
-1293.6285674430 -1017.0747271817 -2000.0000000000
-1293.6285674430 -1017.0747271817 -2000.0000000000
-1281.6503700755 356.4593126255 -1828.7733857815
-1281.6503700755 356.4593126255 -2000.0000000000
35.3310833734 1188.6237563523 -832.5631520708
-1412.1902565732 57.3870345336 -1211.7965127444
-1412.1902565732 57.3870345336 -2000.0000000000
-1412.1902565732 57.3870345336 -2000.0000000000
-1412.1902565732 57.3870345336 -2000.0000000000
-290.3451472686 68.0803401651 1548.9848191042
-290.3451472686 68.0803401651 -2000.0000000000
-290.3451472686 68.0803401651 -2000.0000000000
1440.9469783957 -1192.5363229948 -997.5440659268
1440.9469783957 -1192.5363229948 -2000.0000000000
1440.9469783957 -1192.5363229948 -2000.0000000000
-416.0706525838 1216.7924776359 -986.6004080238
79.6669542442 -1384.9258443544 -412.3599142356
-312.6491812370 -1787.1294098954 1553.2483123044
624.4491593220 882.3241086888 1533.5438009882
624.4491593220 882.3241086888 -2000.0000000000
1979.0410787463 -40.0726043987 -1020.5471881831
1979.0410787463 -40.0726043987 -2000.0000000000
-1017.9784788732 789.1503416242 1676.1811852992
-1017.9784788732 789.1503416242 -2000.0000000000
-1017.9784788732 789.1503416242 -2000.0000000000
-1017.9784788732 789.1503416242 -2000.0000000000
-1017.9784788732 789.1503416242 -2000.0000000000
-1017.9784788732 789.1503416242 -2000.0000000000
-1017.9784788732 789.1503416242 -2000.0000000000
-1472.2626378444 -770.2389714469 884.8091691947
804.4376824100 -1271.2274540467 272.6538386667
804.4376824100 -1271.2274540467 -2000.0000000000
804.4376824100 -1271.2274540467 -2000.0000000000
1473.7943408953 1476.1074371498 843.9850851669
1473.7943408953 1476.1074371498 -2000.0000000000
-825.3246552212 -267.2107710955 -211.7502730214
-825.3246552212 -267.2107710955 -2000.0000000000
-825.3246552212 -267.2107710955 -2000.0000000000
1050.6534823805 -1591.0674802521 -356.1406664198
1050.6534823805 -1591.0674802521 -2000.0000000000
-109.0587080665 667.4281494508 -53.2729611490
-109.0587080665 667.4281494508 -2000.0000000000
-109.0587080665 667.4281494508 -2000.0000000000
-109.0587080665 667.4281494508 -2000.0000000000
-109.0587080665 667.4281494508 -2000.0000000000
-109.0587080665 667.4281494508 -2000.0000000000
-109.0587080665 667.4281494508 -2000.0000000000
-109.0587080665 667.4281494508 -2000.0000000000
-109.0587080665 667.4281494508 -2000.0000000000
-109.0587080665 667.4281494508 -2000.0000000000
-109.0587080665 667.4281494508 -2000.0000000000
1726.6332739229 -966.4716055678 1734.3941553422
-1115.3600139980 -1338.2537077923 -751.6099718184
1762.1299203032 674.0240285905 1210.9657692005
1762.1299203032 674.0240285905 -2000.0000000000
1762.1299203032 674.0240285905 -2000.0000000000
1762.1299203032 674.0240285905 -2000.0000000000
204.1667184742 393.0662122008 1070.9846856907
204.1667184742 393.0662122008 -2000.0000000000
204.1667184742 393.0662122008 -2000.0000000000
-1840.3061263368 157.9878773453 506.0802073412
-1840.3061263368 157.9878773453 -2000.0000000000
-1840.3061263368 157.9878773453 -2000.0000000000
-1261.8202215262 -432.0134933294 -176.6848111032
-854.4572788859 -135.1396988461 -690.4516882407
1832.1930845873 -1662.9662169360 1353.1271425773
1857.1086082678 1720.4484594796 -1468.4007942541
-9.3542271017 1191.5706564706 -74.7442483137
-1741.1285834722 15.5768991403 1132.0825590663
1759.6323185010 7.9691052171 941.9896726833
1759.6323185010 7.9691052171 -2000.0000000000
1759.6323185010 7.9691052171 -2000.0000000000
-1895.7134699107 -110.1206216468 1636.5321408452
-1895.7134699107 -110.1206216468 -2000.0000000000
114.3706522983 1021.1586635964 840.6042326194
1100.1062053100 1803.6884980470 -1982.0800210716
1100.1062053100 1803.6884980470 -2000.0000000000
1100.1062053100 1803.6884980470 -2000.0000000000
1100.1062053100 1803.6884980470 -2000.0000000000
1100.1062053100 1803.6884980470 -2000.0000000000
1100.1062053100 1803.6884980470 -2000.0000000000
90.6596344829 201.8238974731 1361.6151884062
90.6596344829 201.8238974731 -2000.0000000000
-1998.4114421709 984.3341412239 -963.5096202465
-1998.4114421709 984.3341412239 -2000.0000000000
-1998.4114421709 984.3341412239 -2000.0000000000
-1998.4114421709 984.3341412239 -2000.0000000000
-1998.4114421709 984.3341412239 -2000.0000000000
-1998.4114421709 984.3341412239 -2000.0000000000
-1998.4114421709 984.3341412239 -2000.0000000000
-1998.4114421709 984.3341412239 -2000.0000000000
-1963.2769472188 -1830.6727830488 -1259.7699952362
-1963.2769472188 -1830.6727830488 -2000.0000000000
-1946.6254367712 161.5759880971 -515.8942749680
-1946.6254367712 161.5759880971 -2000.0000000000
-1946.6254367712 161.5759880971 -2000.0000000000
-1946.6254367712 161.5759880971 -2000.0000000000
-584.0146753901 1005.9297387306 -120.9418090309
-1287.8201625049 30.8673474856 733.6890068636
-1287.8201625049 30.8673474856 -2000.0000000000
1052.2379421205 541.0004546855 391.2160528628
1052.2379421205 541.0004546855 -2000.0000000000
-1098.8230735017 -1466.7966892682 -1484.3300188303
-1098.8230735017 -1466.7966892682 -2000.0000000000
83.4288927921 -1853.9522219849 1979.5543452787
1673.8086281360 591.6812748325 62.6111755827
1673.8086281360 591.6812748325 -2000.0000000000
1673.8086281360 591.6812748325 -2000.0000000000
1673.8086281360 591.6812748325 -2000.0000000000
1673.8086281360 591.6812748325 -2000.0000000000
1673.8086281360 591.6812748325 -2000.0000000000
211.9838045700 138.6804526005 -764.0458981867
211.9838045700 138.6804526005 -2000.0000000000
211.9838045700 138.6804526005 -2000.0000000000
211.9838045700 138.6804526005 -2000.0000000000
211.9838045700 138.6804526005 -2000.0000000000
-343.6682070221 -748.7395293143 571.2857971201
-24.0051625701 -297.9531021430 717.8197225063
1053.7326187737 374.5898429745 -221.8516149667
1053.7326187737 374.5898429745 -2000.0000000000
1053.7326187737 374.5898429745 -2000.0000000000
1053.7326187737 374.5898429745 -2000.0000000000
1053.7326187737 374.5898429745 -2000.0000000000
1053.7326187737 374.5898429745 -2000.0000000000
1053.7326187737 374.5898429745 -2000.0000000000
-1604.7628726960 -1757.8778909234 265.3792635527
-1998.7340212714 1544.9402007799 1378.3548242503
-1998.7340212714 1544.9402007799 -2000.0000000000
-1998.7340212714 1544.9402007799 -2000.0000000000
-1998.7340212714 1544.9402007799 -2000.0000000000
-1097.6171134296 -268.4671061165 -1132.3318824195
-1097.6171134296 -268.4671061165 -2000.0000000000
-1016.1537641722 1860.5704532032 229.0056730880
-1016.1537641722 1860.5704532032 -2000.0000000000
1354.7311798318 780.4368753331 1168.8117833869
584.4569041306 1052.5605102875 1480.0979473227
1009.5978660807 -1966.9613959866 -1791.9756585690
1009.5978660807 -1966.9613959866 -2000.0000000000
1009.5978660807 -1966.9613959866 -2000.0000000000
1009.5978660807 -1966.9613959866 -2000.0000000000
1609.7451835706 1818.5452121544 -1330.2963934755
1609.7451835706 1818.5452121544 -2000.0000000000
1609.7451835706 1818.5452121544 -2000.0000000000
-914.0086905811 1986.5922971791 -1819.3062716903
314.3686320825 -1197.2587260081 245.8713745669
314.3686320825 -1197.2587260081 -2000.0000000000
1401.8009304289 1269.1647135444 -1889.8667409697
1760.9879346730 707.9893797209 341.1451139820
1760.9879346730 707.9893797209 -2000.0000000000
1760.9879346730 707.9893797209 -2000.0000000000
-1986.7510112761 -569.9241152332 -28.7695607366
-482.0339326751 1527.1684168059 1521.1237699047
-388.7670916183 1587.3518548803 1185.6041079681
-388.7670916183 1587.3518548803 -2000.0000000000
-388.7670916183 1587.3518548803 -2000.0000000000
-388.7670916183 1587.3518548803 -2000.0000000000
-388.7670916183 1587.3518548803 -2000.0000000000
-388.7670916183 1587.3518548803 -2000.0000000000
-388.7670916183 1587.3518548803 -2000.0000000000
-388.7670916183 1587.3518548803 -2000.0000000000
-388.7670916183 1587.3518548803 -2000.0000000000
-388.7670916183 1587.3518548803 -2000.0000000000
-388.7670916183 1587.3518548803 -2000.0000000000
-388.7670916183 1587.3518548803 -2000.0000000000
-388.7670916183 1587.3518548803 -2000.0000000000
-388.7670916183 1587.3518548803 -2000.0000000000
-388.7670916183 1587.3518548803 -2000.0000000000
-388.7670916183 1587.3518548803 -2000.0000000000
-388.7670916183 1587.3518548803 -2000.0000000000
121.6224085848 -437.6175106973 925.8143992487
121.6224085848 -437.6175106973 -2000.0000000000
121.6224085848 -437.6175106973 -2000.0000000000
121.6224085848 -437.6175106973 -2000.0000000000
121.6224085848 -437.6175106973 -2000.0000000000
-1878.2757376545 1626.1869609927 1384.5263225570
-1878.2757376545 1626.1869609927 -2000.0000000000
-1878.2757376545 1626.1869609927 -2000.0000000000
-1878.2757376545 1626.1869609927 -2000.0000000000
847.4473922665 1592.4183126229 -1969.9504109924
847.4473922665 1592.4183126229 -2000.0000000000
847.4473922665 1592.4183126229 -2000.0000000000
847.4473922665 1592.4183126229 -2000.0000000000
847.4473922665 1592.4183126229 -2000.0000000000
-881.4607874855 -1268.9773055398 -520.5159872085
1611.1658357726 941.9266700539 1994.3120688364
1611.1658357726 941.9266700539 -2000.0000000000
-606.2866764336 -359.3344537849 1651.9229274957
-606.2866764336 -359.3344537849 -2000.0000000000
-606.2866764336 -359.3344537849 -2000.0000000000
-606.2866764336 -359.3344537849 -2000.0000000000
1616.2756380577 -1912.3160345260 1855.5319158978
1616.2756380577 -1912.3160345260 -2000.0000000000
1673.3582359022 143.1749453969 -1600.2295238322
113.0406464053 -358.4646486360 -1052.5993578672
113.0406464053 -358.4646486360 -2000.0000000000
113.0406464053 -358.4646486360 -2000.0000000000
-950.0875203915 -716.7838927682 556.0917695544
-950.0875203915 -716.7838927682 -2000.0000000000
-950.0875203915 -716.7838927682 -2000.0000000000
-950.0875203915 -716.7838927682 -2000.0000000000
-950.0875203915 -716.7838927682 -2000.0000000000
-950.0875203915 -716.7838927682 -2000.0000000000
813.4072124803 -262.4822812125 -1856.0641263050
813.4072124803 -262.4822812125 -2000.0000000000
813.4072124803 -262.4822812125 -2000.0000000000
813.4072124803 -262.4822812125 -2000.0000000000
813.4072124803 -262.4822812125 -2000.0000000000
-1463.3475467738 782.5664867794 1019.1574540104
1968.0506008038 -1206.0955874925 496.0532796076
1284.9081262652 1312.5284652028 571.3826209456
1284.9081262652 1312.5284652028 -2000.0000000000
1284.9081262652 1312.5284652028 -2000.0000000000
1284.9081262652 1312.5284652028 -2000.0000000000
1284.9081262652 1312.5284652028 -2000.0000000000
-51.0638797267 -347.6535375093 -61.4814537708
-1957.2610610550 273.4476767984 158.2577969226
487.4971030159 -1426.1159182611 -721.8469619843
716.6325186006 -1827.4199892229 -257.3967469061
716.6325186006 -1827.4199892229 -2000.0000000000
716.6325186006 -1827.4199892229 -2000.0000000000
-1548.7624878775 -964.0287330834 -1117.4664029813
-426.8392052667 -1321.4241636285 -1849.2853260660
-210.1376972250 1335.2771059295 1903.2337057062
-210.1376972250 1335.2771059295 -2000.0000000000
615.3483332209 -1704.9336029982 -1575.1395508409
-1113.2101757389 -419.0052969867 1283.4164362396
-1113.2101757389 -419.0052969867 -2000.0000000000
-1246.9508957843 -677.6957441611 1688.5922725972
-1246.9508957843 -677.6957441611 -2000.0000000000
1604.0707664047 821.6174396902 1244.0165814563
1604.0707664047 821.6174396902 -2000.0000000000
1604.0707664047 821.6174396902 -2000.0000000000
1604.0707664047 821.6174396902 -2000.0000000000
974.1987337980 253.9666738458 -1915.5316383196
974.1987337980 253.9666738458 -2000.0000000000
379.1150392469 -177.7709576756 1779.3683408811
-589.9112309187 608.7056930015 -98.0093493384
-589.9112309187 608.7056930015 -2000.0000000000
-652.2201496422 552.7132860189 -1435.7205663443
-652.2201496422 552.7132860189 -2000.0000000000
-652.2201496422 552.7132860189 -2000.0000000000
-652.2201496422 552.7132860189 -2000.0000000000
-652.2201496422 552.7132860189 -2000.0000000000
-652.2201496422 552.7132860189 -2000.0000000000
-652.2201496422 552.7132860189 -2000.0000000000
-1557.6963180841 -1472.5192918133 632.9028142234
-1557.6963180841 -1472.5192918133 -2000.0000000000
-1557.6963180841 -1472.5192918133 -2000.0000000000
-1557.6963180841 -1472.5192918133 -2000.0000000000
-1557.6963180841 -1472.5192918133 -2000.0000000000
-213.5276465537 393.9924515670 193.8903055618
-1590.4792744018 1515.8744644898 -1908.2674256770
-1590.4792744018 1515.8744644898 -2000.0000000000
-1590.4792744018 1515.8744644898 -2000.0000000000
-299.5797114976 1357.8137375482 -544.4009427019
-299.5797114976 1357.8137375482 -2000.0000000000
-299.5797114976 1357.8137375482 -2000.0000000000
-299.5797114976 1357.8137375482 -2000.0000000000
-299.5797114976 1357.8137375482 -2000.0000000000
-299.5797114976 1357.8137375482 -2000.0000000000
-67.4351508439 1015.6135664957 1040.3785619247
-823.8684080462 593.7115644832 72.4422149227
-1364.6994459162 670.6688025567 -554.8537667264
-1364.6994459162 670.6688025567 -2000.0000000000
-1364.6994459162 670.6688025567 -2000.0000000000
991.3015537422 -420.9729160909 1443.3401789049
-1092.8886775153 -98.2183380565 -956.3537729493
-1092.8886775153 -98.2183380565 -2000.0000000000
-1092.8886775153 -98.2183380565 -2000.0000000000
-1092.8886775153 -98.2183380565 -2000.0000000000
-1092.8886775153 -98.2183380565 -2000.0000000000
-1092.8886775153 -98.2183380565 -2000.0000000000
-1685.6360216549 -1226.5305590767 481.6379702378
-1685.6360216549 -1226.5305590767 -2000.0000000000
765.6583532931 -248.4126263145 -1029.5027670041
765.6583532931 -248.4126263145 -2000.0000000000
765.6583532931 -248.4126263145 -2000.0000000000
-737.0349576064 -910.3003268129 -613.1980945562
-737.0349576064 -910.3003268129 -2000.0000000000
-1182.3068235541 330.5698973401 -1116.9418530548
-1182.3068235541 330.5698973401 -2000.0000000000
61.3095356786 -1550.7581161240 -1886.8619538531
1385.3853262973 -1554.2407417841 644.7791553732
-702.9971440052 1500.2722634513 284.4016576155
-702.9971440052 1500.2722634513 -2000.0000000000
-702.9971440052 1500.2722634513 -2000.0000000000
-702.9971440052 1500.2722634513 -2000.0000000000
-716.3420821722 1074.4166984735 1322.1423973975
-716.3420821722 1074.4166984735 -2000.0000000000
-1622.3736224593 988.3262544489 1923.9505443216
-1622.3736224593 988.3262544489 -2000.0000000000
-1622.3736224593 988.3262544489 -2000.0000000000
-1622.3736224593 988.3262544489 -2000.0000000000
-1622.3736224593 988.3262544489 -2000.0000000000
-1622.3736224593 988.3262544489 -2000.0000000000
-1622.3736224593 988.3262544489 -2000.0000000000
-1622.3736224593 988.3262544489 -2000.0000000000
-1622.3736224593 988.3262544489 -2000.0000000000
-1622.3736224593 988.3262544489 -2000.0000000000
-1622.3736224593 988.3262544489 -2000.0000000000
-1829.3881826899 232.5576925007 -954.3013692343
-1829.3881826899 232.5576925007 -2000.0000000000
-1829.3881826899 232.5576925007 -2000.0000000000
-1829.3881826899 232.5576925007 -2000.0000000000
-1829.3881826899 232.5576925007 -2000.0000000000
-1829.3881826899 232.5576925007 -2000.0000000000
-953.9331315507 573.4027821340 -133.3345179230
-953.9331315507 573.4027821340 -2000.0000000000
-953.9331315507 573.4027821340 -2000.0000000000
-953.9331315507 573.4027821340 -2000.0000000000
-953.9331315507 573.4027821340 -2000.0000000000
-953.9331315507 573.4027821340 -2000.0000000000
-953.9331315507 573.4027821340 -2000.0000000000
-953.9331315507 573.4027821340 -2000.0000000000
-953.9331315507 573.4027821340 -2000.0000000000
875.9887731795 -1728.3745899167 -369.6513974617
-1534.0680751353 -1093.5828493984 1848.8785808380
-1534.0680751353 -1093.5828493984 -2000.0000000000
-1694.9288773953 1740.2219276239 1887.7716143044
-1725.8276717747 -1774.7104146459 1068.1240716121
-1725.8276717747 -1774.7104146459 -2000.0000000000
-937.9337478293 1960.8766724057 1529.7472448766
-590.1806495962 -162.2068426336 268.8741366004
-590.1806495962 -162.2068426336 -2000.0000000000
1475.7489046800 -203.7814134369 -98.9705074488
1475.7489046800 -203.7814134369 -2000.0000000000
1475.7489046800 -203.7814134369 -2000.0000000000
1475.7489046800 -203.7814134369 -2000.0000000000
1475.7489046800 -203.7814134369 -2000.0000000000
1475.7489046800 -203.7814134369 -2000.0000000000
138.4997791240 598.0791020683 -1966.4957271813
1513.4355566651 1882.6355882254 -1230.4962034386
1513.4355566651 1882.6355882254 -2000.0000000000
1513.4355566651 1882.6355882254 -2000.0000000000
1513.4355566651 1882.6355882254 -2000.0000000000
1513.4355566651 1882.6355882254 -2000.0000000000
1513.4355566651 1882.6355882254 -2000.0000000000
1513.4355566651 1882.6355882254 -2000.0000000000
-428.8811360409 1796.9916644788 -887.6735733181
-818.8442891349 -1031.2958031660 1733.5363822405
-818.8442891349 -1031.2958031660 -2000.0000000000
1425.1105808601 1757.4902739996 1024.5153319934
1425.1105808601 1757.4902739996 -2000.0000000000
-682.2564257746 -1443.7916175465 -343.1773035510
-682.2564257746 -1443.7916175465 -2000.0000000000
-682.2564257746 -1443.7916175465 -2000.0000000000
-682.2564257746 -1443.7916175465 -2000.0000000000
823.3507207989 -707.4711006423 1064.8131764722
823.3507207989 -707.4711006423 -2000.0000000000
823.3507207989 -707.4711006423 -2000.0000000000
823.3507207989 -707.4711006423 -2000.0000000000
823.3507207989 -707.4711006423 -2000.0000000000
1042.8908941259 -1760.7987339593 -1348.8574473434
1042.8908941259 -1760.7987339593 -2000.0000000000
971.5400874060 -955.2888427370 -795.1952019745
-506.0195114697 517.8869388401 -1968.5059074865
-1107.9066214397 -1401.4727270042 627.3772336675
-1107.9066214397 -1401.4727270042 -2000.0000000000
-1107.9066214397 -1401.4727270042 -2000.0000000000
-1107.9066214397 -1401.4727270042 -2000.0000000000
-877.1822931794 -1102.2365191188 1391.6926822101
301.4666389874 1881.8182357204 798.0370786170
301.4666389874 1881.8182357204 -2000.0000000000
301.4666389874 1881.8182357204 -2000.0000000000
301.4666389874 1881.8182357204 -2000.0000000000
301.4666389874 1881.8182357204 -2000.0000000000
301.4666389874 1881.8182357204 -2000.0000000000
301.4666389874 1881.8182357204 -2000.0000000000
301.4666389874 1881.8182357204 -2000.0000000000
301.4666389874 1881.8182357204 -2000.0000000000
301.4666389874 1881.8182357204 -2000.0000000000
301.4666389874 1881.8182357204 -2000.0000000000
1017.0510923887 1161.9188036852 178.7989337338
1017.0510923887 1161.9188036852 -2000.0000000000
-1221.9100602477 -331.1939828610 619.1244728988
-1221.9100602477 -331.1939828610 -2000.0000000000
-1221.9100602477 -331.1939828610 -2000.0000000000
-1221.9100602477 -331.1939828610 -2000.0000000000
-1221.9100602477 -331.1939828610 -2000.0000000000
-1221.9100602477 -331.1939828610 -2000.0000000000
-1221.9100602477 -331.1939828610 -2000.0000000000
1518.7852632994 1402.0275880530 1403.4663372329
1518.7852632994 1402.0275880530 -2000.0000000000
1518.7852632994 1402.0275880530 -2000.0000000000
1518.7852632994 1402.0275880530 -2000.0000000000
709.1137516220 -156.8511311431 262.0323935975
709.1137516220 -156.8511311431 -2000.0000000000
709.1137516220 -156.8511311431 -2000.0000000000
-845.9839509925 -677.5303258056 -390.4129102932
-845.9839509925 -677.5303258056 -2000.0000000000
-845.9839509925 -677.5303258056 -2000.0000000000
-1708.6957921349 -1187.3638146058 1211.6931154645
929.3567897871 1464.3852963019 -627.0966872903
929.3567897871 1464.3852963019 -2000.0000000000
-24.3033591779 -1326.9572858468 -686.2609601298
573.0639217405 -597.3880882337 -317.6262372648
573.0639217405 -597.3880882337 -2000.0000000000
573.0639217405 -597.3880882337 -2000.0000000000
573.0639217405 -597.3880882337 -2000.0000000000
573.0639217405 -597.3880882337 -2000.0000000000
573.0639217405 -597.3880882337 -2000.0000000000
355.7407227832 -392.7597539128 -682.8599109160
355.7407227832 -392.7597539128 -2000.0000000000
355.7407227832 -392.7597539128 -2000.0000000000
355.7407227832 -392.7597539128 -2000.0000000000
355.7407227832 -392.7597539128 -2000.0000000000
355.7407227832 -392.7597539128 -2000.0000000000
355.7407227832 -392.7597539128 -2000.0000000000
355.7407227832 -392.7597539128 -2000.0000000000
355.7407227832 -392.7597539128 -2000.0000000000
355.7407227832 -392.7597539128 -2000.0000000000
355.7407227832 -392.7597539128 -2000.0000000000
355.7407227832 -392.7597539128 -2000.0000000000
355.7407227832 -392.7597539128 -2000.0000000000
355.7407227832 -392.7597539128 -2000.0000000000
-1516.8695378921 630.1828956640 1059.8949662964
-1516.8695378921 630.1828956640 -2000.0000000000
-1516.8695378921 630.1828956640 -2000.0000000000
-1516.8695378921 630.1828956640 -2000.0000000000
-1516.8695378921 630.1828956640 -2000.0000000000
-1905.8414535389 1249.4032671290 322.9421044536
-1905.8414535389 1249.4032671290 -2000.0000000000
-1905.8414535389 1249.4032671290 -2000.0000000000
-1905.8414535389 1249.4032671290 -2000.0000000000
-1905.8414535389 1249.4032671290 -2000.0000000000
1669.5293995934 883.8640675044 1531.3243459955
1669.5293995934 883.8640675044 -2000.0000000000
1669.5293995934 883.8640675044 -2000.0000000000
1669.5293995934 883.8640675044 -2000.0000000000
-118.9345847624 -1179.8035059049 219.4794535100
-118.9345847624 -1179.8035059049 -2000.0000000000
-118.9345847624 -1179.8035059049 -2000.0000000000
-118.9345847624 -1179.8035059049 -2000.0000000000
-118.9345847624 -1179.8035059049 -2000.0000000000
-118.9345847624 -1179.8035059049 -2000.0000000000
-118.9345847624 -1179.8035059049 -2000.0000000000
-118.9345847624 -1179.8035059049 -2000.0000000000
-118.9345847624 -1179.8035059049 -2000.0000000000
-454.4443167250 -801.2744402994 1167.9884901431
-454.4443167250 -801.2744402994 -2000.0000000000
-454.4443167250 -801.2744402994 -2000.0000000000
-454.4443167250 -801.2744402994 -2000.0000000000
-1968.9363173116 417.4980072552 255.2825379451
-71.5938067781 304.6794966316 -375.2539391386
-71.5938067781 304.6794966316 -2000.0000000000
1379.7429045033 1898.6859193832 612.1438334014
1379.7429045033 1898.6859193832 -2000.0000000000
1379.7429045033 1898.6859193832 -2000.0000000000
1379.7429045033 1898.6859193832 -2000.0000000000
1379.7429045033 1898.6859193832 -2000.0000000000
-774.4712936158 -879.9919053441 -323.2436823389
-774.4712936158 -879.9919053441 -2000.0000000000
-774.4712936158 -879.9919053441 -2000.0000000000
-774.4712936158 -879.9919053441 -2000.0000000000
-774.4712936158 -879.9919053441 -2000.0000000000
1136.9130687819 -1643.5741390680 -853.2783803257
-1357.4882722845 1867.1610936267 288.7459388749
1887.1053256633 -1413.7959387612 -1530.9288317144
1887.1053256633 -1413.7959387612 -2000.0000000000
1887.1053256633 -1413.7959387612 -2000.0000000000
-1037.4460471905 -4.3438817467 1919.9905762066
-1037.4460471905 -4.3438817467 -2000.0000000000
-1037.4460471905 -4.3438817467 -2000.0000000000
-1037.4460471905 -4.3438817467 -2000.0000000000
-1037.4460471905 -4.3438817467 -2000.0000000000
-1037.4460471905 -4.3438817467 -2000.0000000000
-1037.4460471905 -4.3438817467 -2000.0000000000
-1957.5959578975 -34.8979760739 854.1382177850
-1957.5959578975 -34.8979760739 -2000.0000000000
-1957.5959578975 -34.8979760739 -2000.0000000000
1316.3321121660 1923.8104913946 39.3349873335
1316.3321121660 1923.8104913946 -2000.0000000000
1199.2388360363 -496.5471761102 1250.6547963703
1199.2388360363 -496.5471761102 -2000.0000000000
1199.2388360363 -496.5471761102 -2000.0000000000
1199.2388360363 -496.5471761102 -2000.0000000000
-942.9210212649 1597.2305599550 1579.7624484228
-942.9210212649 1597.2305599550 -2000.0000000000
-288.3416543487 1641.5246667165 1764.5971129773
1962.0044841361 -475.2549100398 -526.6869690784
1722.9371585092 895.1122078004 -1745.1577468300
1722.9371585092 895.1122078004 -2000.0000000000
1722.9371585092 895.1122078004 -2000.0000000000
1722.9371585092 895.1122078004 -2000.0000000000
900.9026315388 785.1061403041 -407.4198869876
900.9026315388 785.1061403041 -2000.0000000000
900.9026315388 785.1061403041 -2000.0000000000
900.9026315388 785.1061403041 -2000.0000000000
1843.9893338198 864.0855188112 -1347.9839682721
1843.9543706504 537.4986149245 -465.9422825545
1843.9543706504 537.4986149245 -2000.0000000000
1843.9543706504 537.4986149245 -2000.0000000000
815.2147066473 -630.0683421160 1064.3595264374
815.2147066473 -630.0683421160 -2000.0000000000
815.2147066473 -630.0683421160 -2000.0000000000
815.2147066473 -630.0683421160 -2000.0000000000
-1613.2389518736 1409.2780303268 -257.7700282535
701.1107280490 780.2294093559 -1167.9969973966
1259.0607436959 175.7424853765 -283.0975051858
1259.0607436959 175.7424853765 -2000.0000000000
1259.0607436959 175.7424853765 -2000.0000000000
1259.0607436959 175.7424853765 -2000.0000000000
-1401.6513321488 1704.9978408826 -1788.4937670226
1581.6902939957 1488.5737799450 -1738.7622952446
1581.6902939957 1488.5737799450 -2000.0000000000
1457.5314985381 -1763.9826186600 -1200.8536951202
1686.9474409627 486.0914204613 404.4992817619
1686.9474409627 486.0914204613 -2000.0000000000
1397.9957587312 -1336.9861682020 1564.9623595546
1397.9957587312 -1336.9861682020 -2000.0000000000
1397.9957587312 -1336.9861682020 -2000.0000000000
1397.9957587312 -1336.9861682020 -2000.0000000000
1397.9957587312 -1336.9861682020 -2000.0000000000
1395.4722009890 286.5823436627 -365.9087898886
1395.4722009890 286.5823436627 -2000.0000000000
1395.4722009890 286.5823436627 -2000.0000000000
590.3273913754 501.7902936718 1545.0645270611
590.3273913754 501.7902936718 -2000.0000000000
590.3273913754 501.7902936718 -2000.0000000000
590.3273913754 501.7902936718 -2000.0000000000
-251.9379363057 -1720.3055543382 -1403.5479203966
-251.9379363057 -1720.3055543382 -2000.0000000000
-251.9379363057 -1720.3055543382 -2000.0000000000
-251.9379363057 -1720.3055543382 -2000.0000000000
-251.9379363057 -1720.3055543382 -2000.0000000000
-251.9379363057 -1720.3055543382 -2000.0000000000
837.0769460648 417.1161621766 804.7279027356
837.0769460648 417.1161621766 -2000.0000000000
837.0769460648 417.1161621766 -2000.0000000000
-320.9720539583 535.0725022953 -1863.7116684137
957.1652209214 -1685.1347746061 591.0632342739
568.5147825520 444.0296683767 1368.1261547416
568.5147825520 444.0296683767 -2000.0000000000
568.5147825520 444.0296683767 -2000.0000000000
568.5147825520 444.0296683767 -2000.0000000000
568.5147825520 444.0296683767 -2000.0000000000
568.5147825520 444.0296683767 -2000.0000000000
568.5147825520 444.0296683767 -2000.0000000000
568.5147825520 444.0296683767 -2000.0000000000
-230.4727467846 -1355.8667102597 -1944.1266597225
-388.1916556492 -50.6732645689 644.6331070234
-388.1916556492 -50.6732645689 -2000.0000000000
130.0736297923 -1801.8930786938 -1276.6952353774
-1818.2169833536 -1550.1895861499 -1669.5638384639
-1818.2169833536 -1550.1895861499 -2000.0000000000
1970.4125301183 1490.0797052421 -1211.1180163280
1970.4125301183 1490.0797052421 -2000.0000000000
1027.2269090046 803.9260901891 708.3934247675
1027.2269090046 803.9260901891 -2000.0000000000
-1346.0814399062 864.4255209810 -116.7910401805
-1346.0814399062 864.4255209810 -2000.0000000000
-1346.0814399062 864.4255209810 -2000.0000000000
-1346.0814399062 864.4255209810 -2000.0000000000
425.5887244052 78.4471779880 -560.5155279128
-677.1332263569 207.4689896467 -1440.1399224845
-677.1332263569 207.4689896467 -2000.0000000000
-677.1332263569 207.4689896467 -2000.0000000000
-677.1332263569 207.4689896467 -2000.0000000000
-1919.6596036102 739.1331572403 891.9587381752
-1190.4972200297 -1050.3675139373 -1752.6164420701
1534.5801471062 171.8499293199 -890.1699148164
1534.5801471062 171.8499293199 -2000.0000000000
1534.5801471062 171.8499293199 -2000.0000000000
1534.5801471062 171.8499293199 -2000.0000000000
1605.9774833125 -268.1899144455 -1720.0560422279
1605.9774833125 -268.1899144455 -2000.0000000000
-1503.7365221625 -1474.0959112158 -1932.3321153317
-1503.7365221625 -1474.0959112158 -2000.0000000000
-1503.7365221625 -1474.0959112158 -2000.0000000000
-1169.0128930295 110.2515752307 -979.1271152330
-1169.0128930295 110.2515752307 -2000.0000000000
1189.7999642678 -460.0372058720 -306.5509043262
-1283.3680734653 77.1000117546 -701.1864561879
-1283.3680734653 77.1000117546 -2000.0000000000
-1283.3680734653 77.1000117546 -2000.0000000000
-1283.3680734653 77.1000117546 -2000.0000000000
-1283.3680734653 77.1000117546 -2000.0000000000
-1283.3680734653 77.1000117546 -2000.0000000000
-1283.3680734653 77.1000117546 -2000.0000000000
-1283.3680734653 77.1000117546 -2000.0000000000
-1283.3680734653 77.1000117546 -2000.0000000000
-1283.3680734653 77.1000117546 -2000.0000000000
-1157.8737622668 -74.6872443108 1243.7357913810
-1157.8737622668 -74.6872443108 -2000.0000000000
-1157.8737622668 -74.6872443108 -2000.0000000000
-1157.8737622668 -74.6872443108 -2000.0000000000
-1157.8737622668 -74.6872443108 -2000.0000000000
-1303.0759817644 -1176.2792545989 -452.1188445766
-1790.4097711254 -1315.5777843525 -1188.9583352045
-765.6884571276 -178.3975197792 341.0042379632
-765.6884571276 -178.3975197792 -2000.0000000000
-765.6884571276 -178.3975197792 -2000.0000000000
-325.2129564998 235.2451022934 -468.0437350991
-325.2129564998 235.2451022934 -2000.0000000000
-325.2129564998 235.2451022934 -2000.0000000000
-1729.3666171419 805.8996997773 -1107.6665791182
-1729.3666171419 805.8996997773 -2000.0000000000
-1729.3666171419 805.8996997773 -2000.0000000000
-1729.3666171419 805.8996997773 -2000.0000000000
212.4017625206 1492.1648262224 -1286.1720572266
212.4017625206 1492.1648262224 -2000.0000000000
6.0081666405 986.0456271272 417.8214480887
6.0081666405 986.0456271272 -2000.0000000000
-442.2285008450 -1188.2739998505 1957.0970132501
-442.2285008450 -1188.2739998505 -2000.0000000000
1347.3910336069 1127.5155282258 -258.2725199300
-1239.2216720564 -1346.4841855814 -1940.2479242084
-1239.2216720564 -1346.4841855814 -2000.0000000000
-1239.2216720564 -1346.4841855814 -2000.0000000000
-1239.2216720564 -1346.4841855814 -2000.0000000000
406.0137146369 1640.8198954824 -1405.1365833359
-946.5963187307 -1911.6980991661 210.4831028369
-946.5963187307 -1911.6980991661 -2000.0000000000
-946.5963187307 -1911.6980991661 -2000.0000000000
-946.5963187307 -1911.6980991661 -2000.0000000000
-946.5963187307 -1911.6980991661 -2000.0000000000
285.5872710994 -1094.1963393208 968.1699247861
285.5872710994 -1094.1963393208 -2000.0000000000
285.5872710994 -1094.1963393208 -2000.0000000000
285.5872710994 -1094.1963393208 -2000.0000000000
285.5872710994 -1094.1963393208 -2000.0000000000
-172.5778288757 -1431.0408896980 1588.9418352480
-172.5778288757 -1431.0408896980 -2000.0000000000
319.6168092411 -250.2542876368 1396.7307581424
319.6168092411 -250.2542876368 -2000.0000000000
319.6168092411 -250.2542876368 -2000.0000000000
319.6168092411 -250.2542876368 -2000.0000000000
319.6168092411 -250.2542876368 -2000.0000000000
319.6168092411 -250.2542876368 -2000.0000000000
-1366.2467745354 1516.1896040824 427.4868238027
-1366.2467745354 1516.1896040824 -2000.0000000000
1153.2293826860 597.5532684375 -422.0332394092
1153.2293826860 597.5532684375 -2000.0000000000
1153.2293826860 597.5532684375 -2000.0000000000
1635.1290746460 921.5398061296 -1220.4158172187
1635.1290746460 921.5398061296 -2000.0000000000
1635.1290746460 921.5398061296 -2000.0000000000
773.6447256300 -503.9330027411 901.0081217963
1353.8438818021 337.6711196863 -1272.1051550005
766.7476946475 -1757.3996442414 515.8698360850
766.7476946475 -1757.3996442414 -2000.0000000000
766.7476946475 -1757.3996442414 -2000.0000000000
766.7476946475 -1757.3996442414 -2000.0000000000
766.7476946475 -1757.3996442414 -2000.0000000000
766.7476946475 -1757.3996442414 -2000.0000000000
766.7476946475 -1757.3996442414 -2000.0000000000
766.7476946475 -1757.3996442414 -2000.0000000000
766.7476946475 -1757.3996442414 -2000.0000000000
617.7195038092 1141.0208346078 -171.6635057202
617.7195038092 1141.0208346078 -2000.0000000000
617.7195038092 1141.0208346078 -2000.0000000000
617.7195038092 1141.0208346078 -2000.0000000000
494.1239884821 238.1274898203 1323.8492066800
494.1239884821 238.1274898203 -2000.0000000000
494.1239884821 238.1274898203 -2000.0000000000
494.1239884821 238.1274898203 -2000.0000000000
494.1239884821 238.1274898203 -2000.0000000000
494.1239884821 238.1274898203 -2000.0000000000
494.1239884821 238.1274898203 -2000.0000000000
494.1239884821 238.1274898203 -2000.0000000000
494.1239884821 238.1274898203 -2000.0000000000
494.1239884821 238.1274898203 -2000.0000000000
494.1239884821 238.1274898203 -2000.0000000000
494.1239884821 238.1274898203 -2000.0000000000
494.1239884821 238.1274898203 -2000.0000000000
494.1239884821 238.1274898203 -2000.0000000000
494.1239884821 238.1274898203 -2000.0000000000
494.1239884821 238.1274898203 -2000.0000000000
734.7986322177 780.2894895890 -1768.1402686780
734.7986322177 780.2894895890 -2000.0000000000
734.7986322177 780.2894895890 -2000.0000000000
734.7986322177 780.2894895890 -2000.0000000000
734.7986322177 780.2894895890 -2000.0000000000
734.7986322177 780.2894895890 -2000.0000000000
734.7986322177 780.2894895890 -2000.0000000000
734.7986322177 780.2894895890 -2000.0000000000
734.7986322177 780.2894895890 -2000.0000000000
734.7986322177 780.2894895890 -2000.0000000000
734.7986322177 780.2894895890 -2000.0000000000
734.7986322177 780.2894895890 -2000.0000000000
1823.3689948827 631.1112168037 -1653.0645474612
1823.3689948827 631.1112168037 -2000.0000000000
1823.3689948827 631.1112168037 -2000.0000000000
-1558.1924498525 1515.2611083372 1478.9860520227
-1558.1924498525 1515.2611083372 -2000.0000000000
727.1751814142 -298.7511975749 -285.8628990879
727.1751814142 -298.7511975749 -2000.0000000000
727.1751814142 -298.7511975749 -2000.0000000000
727.1751814142 -298.7511975749 -2000.0000000000
-471.7402283880 1071.9135875392 166.9697043740
-546.2444521856 241.0710443785 1232.6321409813
-546.2444521856 241.0710443785 -2000.0000000000
-546.2444521856 241.0710443785 -2000.0000000000
-546.2444521856 241.0710443785 -2000.0000000000
-546.2444521856 241.0710443785 -2000.0000000000
-546.2444521856 241.0710443785 -2000.0000000000
-546.2444521856 241.0710443785 -2000.0000000000
-99.4962871857 1172.2808034574 10.7066379144
996.9274204176 -1856.1016520862 1300.2507524307
996.9274204176 -1856.1016520862 -2000.0000000000
996.9274204176 -1856.1016520862 -2000.0000000000
996.9274204176 -1856.1016520862 -2000.0000000000
996.9274204176 -1856.1016520862 -2000.0000000000
996.9274204176 -1856.1016520862 -2000.0000000000
996.9274204176 -1856.1016520862 -2000.0000000000
996.9274204176 -1856.1016520862 -2000.0000000000
996.9274204176 -1856.1016520862 -2000.0000000000
996.9274204176 -1856.1016520862 -2000.0000000000
278.6876529915 -117.4450964973 1839.2901234859
278.6876529915 -117.4450964973 -2000.0000000000
278.6876529915 -117.4450964973 -2000.0000000000
278.6876529915 -117.4450964973 -2000.0000000000
-736.1415028926 -129.0306377990 -25.2805594463
-736.1415028926 -129.0306377990 -2000.0000000000
-736.1415028926 -129.0306377990 -2000.0000000000
-736.1415028926 -129.0306377990 -2000.0000000000
-736.1415028926 -129.0306377990 -2000.0000000000
-736.1415028926 -129.0306377990 -2000.0000000000
-736.1415028926 -129.0306377990 -2000.0000000000
-736.1415028926 -129.0306377990 -2000.0000000000
-736.1415028926 -129.0306377990 -2000.0000000000
520.2649259636 -991.3143607107 -49.2758769157
520.2649259636 -991.3143607107 -2000.0000000000
520.2649259636 -991.3143607107 -2000.0000000000
520.2649259636 -991.3143607107 -2000.0000000000
-1503.7993202219 -459.7258039092 1886.5884716500
389.1031635581 1150.6483059657 -1033.5359359702
389.1031635581 1150.6483059657 -2000.0000000000
389.1031635581 1150.6483059657 -2000.0000000000
389.1031635581 1150.6483059657 -2000.0000000000
389.1031635581 1150.6483059657 -2000.0000000000
389.1031635581 1150.6483059657 -2000.0000000000
389.1031635581 1150.6483059657 -2000.0000000000
389.1031635581 1150.6483059657 -2000.0000000000
389.1031635581 1150.6483059657 -2000.0000000000
389.1031635581 1150.6483059657 -2000.0000000000
389.1031635581 1150.6483059657 -2000.0000000000
389.1031635581 1150.6483059657 -2000.0000000000
389.1031635581 1150.6483059657 -2000.0000000000
389.1031635581 1150.6483059657 -2000.0000000000
389.1031635581 1150.6483059657 -2000.0000000000
1776.2038377980 -302.9196949570 -54.8022284959
-1610.4519408679 -1823.2918721038 1889.8876982161
-1610.4519408679 -1823.2918721038 -2000.0000000000
828.2771825809 -1424.3603382387 246.9929574848
828.2771825809 -1424.3603382387 -2000.0000000000
286.8023252843 -1403.8293913969 -1226.1799427881
286.8023252843 -1403.8293913969 -2000.0000000000
286.8023252843 -1403.8293913969 -2000.0000000000
286.8023252843 -1403.8293913969 -2000.0000000000
286.8023252843 -1403.8293913969 -2000.0000000000
1051.0858681615 -351.9982416986 -1440.2773764264
1051.0858681615 -351.9982416986 -2000.0000000000
-1228.8733609783 -571.3493876339 1369.2115462274
-1228.8733609783 -571.3493876339 -2000.0000000000
-1228.8733609783 -571.3493876339 -2000.0000000000
-1228.8733609783 -571.3493876339 -2000.0000000000
-1228.8733609783 -571.3493876339 -2000.0000000000
-1355.3209586329 731.7204026186 589.1202532654
-1355.3209586329 731.7204026186 -2000.0000000000
-1653.4844501904 150.6111364938 -1537.2239801372
-1653.4844501904 150.6111364938 -2000.0000000000
-1653.4844501904 150.6111364938 -2000.0000000000
-1653.4844501904 150.6111364938 -2000.0000000000
-1653.4844501904 150.6111364938 -2000.0000000000
-1653.4844501904 150.6111364938 -2000.0000000000
1190.2451432576 -114.6027015509 -1712.5422687200
1190.2451432576 -114.6027015509 -2000.0000000000
1190.2451432576 -114.6027015509 -2000.0000000000
924.4142094553 1658.5299089543 1317.5986037062
924.4142094553 1658.5299089543 -2000.0000000000
924.4142094553 1658.5299089543 -2000.0000000000
924.4142094553 1658.5299089543 -2000.0000000000
924.4142094553 1658.5299089543 -2000.0000000000
924.4142094553 1658.5299089543 -2000.0000000000
924.4142094553 1658.5299089543 -2000.0000000000
-1450.2813896388 1615.9041655966 574.4258766221
1241.6846128090 -1197.4898333880 1612.2495574147
1178.5077287941 1233.2482006319 778.1437876287
-829.3082581446 -707.5028532278 707.9268155495
-829.3082581446 -707.5028532278 -2000.0000000000
1941.3234043873 -216.8302712077 -1711.2629970636
938.4377735944 -869.6370636902 -1230.2368241607
1119.4207517606 1617.9920572577 1027.5696478418
1119.4207517606 1617.9920572577 -2000.0000000000
1119.4207517606 1617.9920572577 -2000.0000000000
1119.4207517606 1617.9920572577 -2000.0000000000
1119.4207517606 1617.9920572577 -2000.0000000000
349.5260045819 -1061.4908826387 -1334.5074446384
-453.0302300811 -1162.8315112207 1272.0665666960
-453.0302300811 -1162.8315112207 -2000.0000000000
-1712.7907208010 181.4759020149 -1369.9356255551
-1712.7907208010 181.4759020149 -2000.0000000000
-1712.7907208010 181.4759020149 -2000.0000000000
-1712.7907208010 181.4759020149 -2000.0000000000
-1851.9718180778 146.4914514585 -1769.5464620389
-1851.9718180778 146.4914514585 -2000.0000000000
-1851.9718180778 146.4914514585 -2000.0000000000
-1851.9718180778 146.4914514585 -2000.0000000000
-1135.7283673177 -1055.1418111741 -1106.3632512149
-1135.7283673177 -1055.1418111741 -2000.0000000000
-1135.7283673177 -1055.1418111741 -2000.0000000000
-1135.7283673177 -1055.1418111741 -2000.0000000000
-1135.7283673177 -1055.1418111741 -2000.0000000000
-1135.7283673177 -1055.1418111741 -2000.0000000000
1864.2802219457 -309.2097193536 798.9637302500
1327.5811811760 -1196.2377301676 -338.3307584376
1327.5811811760 -1196.2377301676 -2000.0000000000
1327.5811811760 -1196.2377301676 -2000.0000000000
1327.5811811760 -1196.2377301676 -2000.0000000000
1327.5811811760 -1196.2377301676 -2000.0000000000
375.4852392105 -730.5464973838 1382.2598303083
183.6561207750 -838.2269945987 1980.6610428727
183.6561207750 -838.2269945987 -2000.0000000000
1601.0609566074 1273.4933802081 -1925.3560991316
1601.0609566074 1273.4933802081 -2000.0000000000
1601.0609566074 1273.4933802081 -2000.0000000000
1601.0609566074 1273.4933802081 -2000.0000000000
1601.0609566074 1273.4933802081 -2000.0000000000
1601.0609566074 1273.4933802081 -2000.0000000000
1601.0609566074 1273.4933802081 -2000.0000000000
-1825.1272586180 -668.3504859562 1615.9357716475
-1825.1272586180 -668.3504859562 -2000.0000000000
-1825.1272586180 -668.3504859562 -2000.0000000000
1889.7537018996 -1369.6531785165 -1064.7504543035
-1383.1757600594 -1231.7715058271 -614.2563333559
-1383.1757600594 -1231.7715058271 -2000.0000000000
-1383.1757600594 -1231.7715058271 -2000.0000000000
-1383.1757600594 -1231.7715058271 -2000.0000000000
-1383.1757600594 -1231.7715058271 -2000.0000000000
-1680.1160526260 1578.3018937345 968.2773644925
-1680.1160526260 1578.3018937345 -2000.0000000000
-1680.1160526260 1578.3018937345 -2000.0000000000
-1680.1160526260 1578.3018937345 -2000.0000000000
-1680.1160526260 1578.3018937345 -2000.0000000000
-1680.1160526260 1578.3018937345 -2000.0000000000
-1680.1160526260 1578.3018937345 -2000.0000000000
-1680.1160526260 1578.3018937345 -2000.0000000000
-1680.1160526260 1578.3018937345 -2000.0000000000
-1680.1160526260 1578.3018937345 -2000.0000000000
-1680.1160526260 1578.3018937345 -2000.0000000000
-1680.1160526260 1578.3018937345 -2000.0000000000
-1680.1160526260 1578.3018937345 -2000.0000000000
-1680.1160526260 1578.3018937345 -2000.0000000000
-1680.1160526260 1578.3018937345 -2000.0000000000
-1680.1160526260 1578.3018937345 -2000.0000000000
-1680.1160526260 1578.3018937345 -2000.0000000000
-1680.1160526260 1578.3018937345 -2000.0000000000
-1742.0807473253 275.0860752962 -1437.0298378266
-1742.0807473253 275.0860752962 -2000.0000000000
-1742.0807473253 275.0860752962 -2000.0000000000
-1742.0807473253 275.0860752962 -2000.0000000000
-1738.2207142308 -64.0635729385 -1058.9427655928
-45.4443046356 1963.2293446718 -1414.7945625239
-1640.5624279331 1626.5169419660 -1097.9922723714
-481.9331243606 -1185.6365590133 333.2628361963
-481.9331243606 -1185.6365590133 -2000.0000000000
-481.9331243606 -1185.6365590133 -2000.0000000000
-481.9331243606 -1185.6365590133 -2000.0000000000
-481.9331243606 -1185.6365590133 -2000.0000000000
-481.9331243606 -1185.6365590133 -2000.0000000000
-481.9331243606 -1185.6365590133 -2000.0000000000
-481.9331243606 -1185.6365590133 -2000.0000000000
-481.9331243606 -1185.6365590133 -2000.0000000000
-481.9331243606 -1185.6365590133 -2000.0000000000
-481.9331243606 -1185.6365590133 -2000.0000000000
-481.9331243606 -1185.6365590133 -2000.0000000000
-481.9331243606 -1185.6365590133 -2000.0000000000
-481.9331243606 -1185.6365590133 -2000.0000000000
-481.9331243606 -1185.6365590133 -2000.0000000000
-481.9331243606 -1185.6365590133 -2000.0000000000
-481.9331243606 -1185.6365590133 -2000.0000000000
-481.9331243606 -1185.6365590133 -2000.0000000000
-481.9331243606 -1185.6365590133 -2000.0000000000
-481.9331243606 -1185.6365590133 -2000.0000000000
273.5858946750 -1.7498938510 57.7669978548
273.5858946750 -1.7498938510 -2000.0000000000
273.5858946750 -1.7498938510 -2000.0000000000
273.5858946750 -1.7498938510 -2000.0000000000
-1440.5274937936 -1431.0238148919 1046.5312909247
-1440.5274937936 -1431.0238148919 -2000.0000000000
-1440.5274937936 -1431.0238148919 -2000.0000000000
-73.8026353216 -758.9929147427 -1823.7137651256
-73.8026353216 -758.9929147427 -2000.0000000000
-73.8026353216 -758.9929147427 -2000.0000000000
469.6849836479 -551.6500248375 13.6062685719
469.6849836479 -551.6500248375 -2000.0000000000
0.8017015934 -1381.2767156936 -1592.8840899300
-1698.2930873010 -501.4431428748 -941.2867167741
-1698.2930873010 -501.4431428748 -2000.0000000000
-1698.2930873010 -501.4431428748 -2000.0000000000
-1698.2930873010 -501.4431428748 -2000.0000000000
-1698.2930873010 -501.4431428748 -2000.0000000000
-1698.2930873010 -501.4431428748 -2000.0000000000
-1375.5050068983 -1027.9116342779 -1694.7726463303
-1375.5050068983 -1027.9116342779 -2000.0000000000
271.6748969735 -925.0709682369 -1893.8374916640
271.6748969735 -925.0709682369 -2000.0000000000
271.6748969735 -925.0709682369 -2000.0000000000
271.6748969735 -925.0709682369 -2000.0000000000
271.6748969735 -925.0709682369 -2000.0000000000
1742.2073189181 131.7881621386 596.1662072039
136.3657135451 98.0623217738 -210.6270121422
136.3657135451 98.0623217738 -2000.0000000000
136.3657135451 98.0623217738 -2000.0000000000
136.3657135451 98.0623217738 -2000.0000000000
727.6289965441 1128.9678476710 959.2213488241
727.6289965441 1128.9678476710 -2000.0000000000
727.6289965441 1128.9678476710 -2000.0000000000
727.6289965441 1128.9678476710 -2000.0000000000
-1241.8032824026 1841.2985873431 -1001.2517381211
-1241.8032824026 1841.2985873431 -2000.0000000000
-1241.8032824026 1841.2985873431 -2000.0000000000
-1653.9948808303 -1919.2882228226 1257.4450038880
-1653.9948808303 -1919.2882228226 -2000.0000000000
-1653.9948808303 -1919.2882228226 -2000.0000000000
-1653.9948808303 -1919.2882228226 -2000.0000000000
-1653.9948808303 -1919.2882228226 -2000.0000000000
-1653.9948808303 -1919.2882228226 -2000.0000000000
34.6069822972 -1118.3605095377 560.7555788418
1376.8240979686 -295.0157914167 -341.2282883582
1376.8240979686 -295.0157914167 -2000.0000000000
1376.8240979686 -295.0157914167 -2000.0000000000
-58.4888129060 853.5851480357 903.5036052965
-58.4888129060 853.5851480357 -2000.0000000000
-967.8072830994 -1196.4837819681 1157.1340337178
-967.8072830994 -1196.4837819681 -2000.0000000000
-967.8072830994 -1196.4837819681 -2000.0000000000
-967.8072830994 -1196.4837819681 -2000.0000000000
-967.8072830994 -1196.4837819681 -2000.0000000000
-967.8072830994 -1196.4837819681 -2000.0000000000
-967.8072830994 -1196.4837819681 -2000.0000000000
-967.8072830994 -1196.4837819681 -2000.0000000000
1158.6287363312 1312.9630034260 1189.5065786614
-87.5203374609 -1455.4464075012 1062.8848725309
512.2580894932 -555.3003274472 -654.2277160632
1094.9208020945 -190.5467705928 435.7856921747
-345.7832373017 -1686.2804531920 1508.8232680429
-968.7030314052 -1360.7352461515 -1359.0518275699
-968.7030314052 -1360.7352461515 -2000.0000000000
-576.9393793368 1779.9324109498 -1690.5315912672
-576.9393793368 1779.9324109498 -2000.0000000000
-576.9393793368 1779.9324109498 -2000.0000000000
-576.9393793368 1779.9324109498 -2000.0000000000
-576.9393793368 1779.9324109498 -2000.0000000000
1827.2919960115 1367.5754127144 1259.2752258363
-1462.8065662254 -796.0644239230 441.8293958428
-1462.8065662254 -796.0644239230 -2000.0000000000
1565.8805878719 388.8033060357 -523.5960181301
-242.8514705163 -1435.1710638762 -1298.1432689829
-242.8514705163 -1435.1710638762 -2000.0000000000
-242.8514705163 -1435.1710638762 -2000.0000000000
617.6596480631 192.8331703750 -1251.7866271401
617.6596480631 192.8331703750 -2000.0000000000
617.6596480631 192.8331703750 -2000.0000000000
-1973.0466882976 397.2764663661 -1797.4991849658
347.9723988855 -1771.4965999087 905.6089823498
347.9723988855 -1771.4965999087 -2000.0000000000
347.9723988855 -1771.4965999087 -2000.0000000000
347.9723988855 -1771.4965999087 -2000.0000000000
347.9723988855 -1771.4965999087 -2000.0000000000
347.9723988855 -1771.4965999087 -2000.0000000000
1783.9660181168 1232.5548504059 1402.0701453470
1081.6394246804 -1868.2381218032 1535.6215230655
-880.3028460767 428.2221717594 -1919.3999509272
-880.3028460767 428.2221717594 -2000.0000000000
1721.7356805441 -711.0553951932 -1051.1881605957
1721.7356805441 -711.0553951932 -2000.0000000000
1721.7356805441 -711.0553951932 -2000.0000000000
1721.7356805441 -711.0553951932 -2000.0000000000
1721.7356805441 -711.0553951932 -2000.0000000000
1721.7356805441 -711.0553951932 -2000.0000000000
1721.7356805441 -711.0553951932 -2000.0000000000
1721.7356805441 -711.0553951932 -2000.0000000000
-12.0709387208 1353.5969571550 1299.2946917380
825.3397868482 -1094.3887849189 -469.9671460834
1954.3938608152 -1494.6888267938 -810.5977338150
549.6171957057 -1502.1982912779 724.5375803529
549.6171957057 -1502.1982912779 -2000.0000000000
549.6171957057 -1502.1982912779 -2000.0000000000
549.6171957057 -1502.1982912779 -2000.0000000000
549.6171957057 -1502.1982912779 -2000.0000000000
549.6171957057 -1502.1982912779 -2000.0000000000
1315.1056228272 -900.5712880021 -1972.6243059441
1315.1056228272 -900.5712880021 -2000.0000000000
1315.1056228272 -900.5712880021 -2000.0000000000
1315.1056228272 -900.5712880021 -2000.0000000000
1315.1056228272 -900.5712880021 -2000.0000000000
-1736.2857842566 -138.1851313157 -618.0778681923
-455.0604772452 118.5875404917 -1595.8479585169
-455.0604772452 118.5875404917 -2000.0000000000
-455.0604772452 118.5875404917 -2000.0000000000
-455.0604772452 118.5875404917 -2000.0000000000
-455.0604772452 118.5875404917 -2000.0000000000
-455.0604772452 118.5875404917 -2000.0000000000
-1382.1813239039 1921.4149370145 -11.4566823735
-957.2668793829 1807.5857454816 -513.6219939677
-957.2668793829 1807.5857454816 -2000.0000000000
1495.8662424616 1053.2302377730 472.5996698940
1495.8662424616 1053.2302377730 -2000.0000000000
-790.8572234850 -1258.3661550629 -1749.9493465331
-790.8572234850 -1258.3661550629 -2000.0000000000
-790.8572234850 -1258.3661550629 -2000.0000000000
-790.8572234850 -1258.3661550629 -2000.0000000000
-790.8572234850 -1258.3661550629 -2000.0000000000
-790.8572234850 -1258.3661550629 -2000.0000000000
-790.8572234850 -1258.3661550629 -2000.0000000000
-618.6706331481 -311.0877321459 -383.8708405712
-618.6706331481 -311.0877321459 -2000.0000000000
-618.6706331481 -311.0877321459 -2000.0000000000
-618.6706331481 -311.0877321459 -2000.0000000000
-618.6706331481 -311.0877321459 -2000.0000000000
-756.1280544176 -1289.1465054838 312.1874730406
-1051.1165384464 749.7373782138 813.9024174521
-14.4632125364 -1004.8248185852 1130.1316413827
1099.5339850467 366.5653404659 1365.9854939485
-1343.8814389796 816.3272065148 778.0835151942
-1343.8814389796 816.3272065148 -2000.0000000000
-1343.8814389796 816.3272065148 -2000.0000000000
-1343.8814389796 816.3272065148 -2000.0000000000
-1343.8814389796 816.3272065148 -2000.0000000000
-1343.8814389796 816.3272065148 -2000.0000000000
-1343.8814389796 816.3272065148 -2000.0000000000
1710.9756421658 1433.0844669043 -400.6694661358
1710.9756421658 1433.0844669043 -2000.0000000000
789.8387936178 1171.8417278225 -1013.9024808597
789.8387936178 1171.8417278225 -2000.0000000000
789.8387936178 1171.8417278225 -2000.0000000000
789.8387936178 1171.8417278225 -2000.0000000000
736.0456012110 -1134.6589981347 -1301.0021724809
736.0456012110 -1134.6589981347 -2000.0000000000
-200.5631438011 -822.2667974367 970.2593048955
1722.6112365075 1572.4485521632 -1847.3420153020
1310.9952497032 224.1227042692 1318.5500114316
1310.9952497032 224.1227042692 -2000.0000000000
1310.9952497032 224.1227042692 -2000.0000000000
1310.9952497032 224.1227042692 -2000.0000000000
1310.9952497032 224.1227042692 -2000.0000000000
1310.9952497032 224.1227042692 -2000.0000000000
-1910.2899809100 -1635.5461210795 410.4743833348
453.7277660473 785.8751511927 -1686.6177206974
453.7277660473 785.8751511927 -2000.0000000000
453.7277660473 785.8751511927 -2000.0000000000
1515.3240282664 -1304.6399727692 -1716.8826287754
-597.4003224270 813.6971811078 1034.0111718212
-597.4003224270 813.6971811078 -2000.0000000000
1421.8768028595 -401.3588492351 -1218.5859445654
1583.7531180474 1789.6329038428 -1428.7207394398
-1984.8372499721 1222.9770143839 -1019.0494009432
-1984.8372499721 1222.9770143839 -2000.0000000000
-1984.8372499721 1222.9770143839 -2000.0000000000
380.6144246902 -511.7093896210 725.7666508772
380.6144246902 -511.7093896210 -2000.0000000000
380.6144246902 -511.7093896210 -2000.0000000000
-1895.0787999051 1086.0311399983 -1991.9238666642
-1895.0787999051 1086.0311399983 -2000.0000000000
1752.7938839463 282.3228781863 -1859.9372341804
1752.7938839463 282.3228781863 -2000.0000000000
1752.7938839463 282.3228781863 -2000.0000000000
1752.7938839463 282.3228781863 -2000.0000000000
1752.7938839463 282.3228781863 -2000.0000000000
1752.7938839463 282.3228781863 -2000.0000000000
1752.7938839463 282.3228781863 -2000.0000000000
1752.7938839463 282.3228781863 -2000.0000000000
1752.7938839463 282.3228781863 -2000.0000000000
1752.7938839463 282.3228781863 -2000.0000000000
1752.7938839463 282.3228781863 -2000.0000000000
1752.7938839463 282.3228781863 -2000.0000000000
1752.7938839463 282.3228781863 -2000.0000000000
1752.7938839463 282.3228781863 -2000.0000000000
1752.7938839463 282.3228781863 -2000.0000000000
-539.6179157926 -1240.1081054916 -1481.7659750610
-539.6179157926 -1240.1081054916 -2000.0000000000
-789.6488177788 1082.1939662463 -1705.2721249572
-1882.4787471707 1276.5406945382 -311.9355578003
-237.9981440360 -656.7973733743 -1482.7521028074
-237.9981440360 -656.7973733743 -2000.0000000000
1723.6603164315 -1232.8373048158 -1455.7437382233
1216.2192197444 434.5481568479 267.4633670006
1216.2192197444 434.5481568479 -2000.0000000000
-1387.2543855011 1667.1540476849 11.0457809275
-1387.2543855011 1667.1540476849 -2000.0000000000
-1387.2543855011 1667.1540476849 -2000.0000000000
-1096.1408659880 175.1367402223 -581.4258431932
1416.8021633135 648.0485353207 -247.0821897695
1416.8021633135 648.0485353207 -2000.0000000000
-689.7144628175 677.2616502647 -1200.3200177064
-689.7144628175 677.2616502647 -2000.0000000000
-689.7144628175 677.2616502647 -2000.0000000000
-1577.1924350688 154.7726212910 -1374.1042419527
-453.2920318653 1261.5318904524 -586.1531923591
-453.2920318653 1261.5318904524 -2000.0000000000
-453.2920318653 1261.5318904524 -2000.0000000000
-453.2920318653 1261.5318904524 -2000.0000000000
-210.8448342667 -1790.7191233743 -1902.0889509321
-210.8448342667 -1790.7191233743 -2000.0000000000
709.6023715463 1558.4903264340 -68.8838060020
-1501.8487266346 1487.7509030413 1642.1934655120
-1501.8487266346 1487.7509030413 -2000.0000000000
-1501.8487266346 1487.7509030413 -2000.0000000000
393.0883822881 -782.4639233063 -616.3134152616
393.0883822881 -782.4639233063 -2000.0000000000
-56.0071916243 -1768.1779304712 -618.0677816003
-56.0071916243 -1768.1779304712 -2000.0000000000
1566.2151535707 409.9720380589 -565.0678592195
1566.2151535707 409.9720380589 -2000.0000000000
-43.7565439272 1191.0661187162 1739.6768787325
-43.7565439272 1191.0661187162 -2000.0000000000
-43.7565439272 1191.0661187162 -2000.0000000000
-43.7565439272 1191.0661187162 -2000.0000000000
-1193.8474174738 1979.0433975906 1217.2482309101
-975.8127108641 -952.9859945918 992.5692270312
-1954.9690525138 -646.6394335023 -810.8706498582
-1954.9690525138 -646.6394335023 -2000.0000000000
-1954.9690525138 -646.6394335023 -2000.0000000000
-205.1275303951 -104.3080987122 -680.6920633888
-205.1275303951 -104.3080987122 -2000.0000000000
-1900.3173496477 976.8395908339 -643.7504596677
-1900.3173496477 976.8395908339 -2000.0000000000
-2.9134072287 -440.5397662519 574.7129118316
1450.3449720567 -916.1018905840 997.4746282262
1450.3449720567 -916.1018905840 -2000.0000000000
1202.8576182894 444.4415484450 -95.9327259179
1202.8576182894 444.4415484450 -2000.0000000000
-245.3532542347 -223.8116650717 -1893.0961132785
-245.3532542347 -223.8116650717 -2000.0000000000
-245.3532542347 -223.8116650717 -2000.0000000000
1252.5236222896 818.0682628571 1623.7756923277
-1453.6622318455 -1851.9803023951 1170.1247446032
-912.5976043734 1986.7063083185 -1318.2794401870
-912.5976043734 1986.7063083185 -2000.0000000000
520.9216601966 -1199.4490382769 -488.3825970217
520.9216601966 -1199.4490382769 -2000.0000000000
520.9216601966 -1199.4490382769 -2000.0000000000
520.9216601966 -1199.4490382769 -2000.0000000000
520.9216601966 -1199.4490382769 -2000.0000000000
520.9216601966 -1199.4490382769 -2000.0000000000
520.9216601966 -1199.4490382769 -2000.0000000000
520.9216601966 -1199.4490382769 -2000.0000000000
1659.2172700630 1746.5465810693 -265.7550991348
1659.2172700630 1746.5465810693 -2000.0000000000
1013.7353017007 1935.8499246907 -1137.2504941401
1491.7845770916 208.1429869803 462.7868142258
-1162.0501584399 -1300.2338828982 -278.9376666722
-518.1908756280 65.2800743870 1596.7229560285
307.5257102279 1902.8548679610 -1695.0489508779
307.5257102279 1902.8548679610 -2000.0000000000
307.5257102279 1902.8548679610 -2000.0000000000
905.1385696743 -1923.6474393129 1369.2470870816
31.1860578088 1193.0827197959 -570.2754781281
-1655.6749445970 -680.2061541275 -1628.2309490744
-1655.6749445970 -680.2061541275 -2000.0000000000
-1422.8376270618 -804.2462214488 1180.7930738501
-1422.8376270618 -804.2462214488 -2000.0000000000
-1422.8376270618 -804.2462214488 -2000.0000000000
-732.0807207447 6.4557701689 600.5960106972
-732.0807207447 6.4557701689 -2000.0000000000
-732.0807207447 6.4557701689 -2000.0000000000
-732.0807207447 6.4557701689 -2000.0000000000
-732.0807207447 6.4557701689 -2000.0000000000
-732.0807207447 6.4557701689 -2000.0000000000
-732.0807207447 6.4557701689 -2000.0000000000
-732.0807207447 6.4557701689 -2000.0000000000
187.4508106957 1985.0380014299 278.3263593516
-1089.6051825411 93.7467965810 -600.6480789853
930.8369525905 -1485.1831164255 -1636.9753324833
930.8369525905 -1485.1831164255 -2000.0000000000
-197.3575054698 761.1586753294 -614.8336358838
-197.3575054698 761.1586753294 -2000.0000000000
-197.3575054698 761.1586753294 -2000.0000000000
-197.3575054698 761.1586753294 -2000.0000000000
-197.3575054698 761.1586753294 -2000.0000000000
-1599.4217343231 909.3812306386 -1941.8584864703
-469.2988152844 1225.5331338645 1700.7840972681
-1502.1879916661 -108.5224198390 -945.1969466710
-1502.1879916661 -108.5224198390 -2000.0000000000
-1502.1879916661 -108.5224198390 -2000.0000000000
-1502.1879916661 -108.5224198390 -2000.0000000000
-1418.5313153111 1855.9881010417 -1.9804188076
-1418.5313153111 1855.9881010417 -2000.0000000000
-1418.5313153111 1855.9881010417 -2000.0000000000
-1418.5313153111 1855.9881010417 -2000.0000000000
-1418.5313153111 1855.9881010417 -2000.0000000000
167.9196087696 1301.3782190586 92.7919858758
167.9196087696 1301.3782190586 -2000.0000000000
167.9196087696 1301.3782190586 -2000.0000000000
167.9196087696 1301.3782190586 -2000.0000000000
167.9196087696 1301.3782190586 -2000.0000000000
167.9196087696 1301.3782190586 -2000.0000000000
167.9196087696 1301.3782190586 -2000.0000000000
-1012.2997099099 1911.6883555738 -1284.2306757274
-1012.2997099099 1911.6883555738 -2000.0000000000
-1012.2997099099 1911.6883555738 -2000.0000000000
-1012.2997099099 1911.6883555738 -2000.0000000000
-1012.2997099099 1911.6883555738 -2000.0000000000
-1012.2997099099 1911.6883555738 -2000.0000000000
1943.9606612427 1742.0824708484 304.5105971589
1615.1608159274 702.8930010833 1917.6723550033
1615.1608159274 702.8930010833 -2000.0000000000
1615.1608159274 702.8930010833 -2000.0000000000
1615.1608159274 702.8930010833 -2000.0000000000
1615.1608159274 702.8930010833 -2000.0000000000
1615.1608159274 702.8930010833 -2000.0000000000
1615.1608159274 702.8930010833 -2000.0000000000
-875.6363781488 1661.6310892965 -1372.6353235878
23.4051574098 388.9167484503 1230.7374161914
23.4051574098 388.9167484503 -2000.0000000000
23.4051574098 388.9167484503 -2000.0000000000
23.4051574098 388.9167484503 -2000.0000000000
-727.3357190858 69.3552093077 -1855.8255372910
-727.3357190858 69.3552093077 -2000.0000000000
358.4482080947 -949.8820535344 164.8166345324
358.4482080947 -949.8820535344 -2000.0000000000
358.4482080947 -949.8820535344 -2000.0000000000
358.4482080947 -949.8820535344 -2000.0000000000
1347.9906521259 -690.7427473948 -1317.9015754720
1347.9906521259 -690.7427473948 -2000.0000000000
1641.8180621405 -720.8188714530 1846.2395770807
1641.8180621405 -720.8188714530 -2000.0000000000
607.1058758375 -812.3111392739 -1925.1668252967
607.1058758375 -812.3111392739 -2000.0000000000
-1007.8893894322 130.1518550340 1100.3342582510
-1007.8893894322 130.1518550340 -2000.0000000000
-240.8188324452 -237.5686917909 977.5865673853
-240.8188324452 -237.5686917909 -2000.0000000000
-240.8188324452 -237.5686917909 -2000.0000000000
-240.8188324452 -237.5686917909 -2000.0000000000
-184.1534966873 1706.1996765080 44.1657978567
-607.0925138660 837.1091703907 271.8538974414
-607.0925138660 837.1091703907 -2000.0000000000
-192.9740386192 473.4666935738 -1891.0242599900
-192.9740386192 473.4666935738 -2000.0000000000
-192.9740386192 473.4666935738 -2000.0000000000
1761.6009984713 -1005.4428743167 1106.6826688596
-1141.6298343915 -382.8401771156 1597.4238781194
-1141.6298343915 -382.8401771156 -2000.0000000000
-1141.6298343915 -382.8401771156 -2000.0000000000
-1141.6298343915 -382.8401771156 -2000.0000000000
-1141.6298343915 -382.8401771156 -2000.0000000000
-1141.6298343915 -382.8401771156 -2000.0000000000
-1141.6298343915 -382.8401771156 -2000.0000000000
-1141.6298343915 -382.8401771156 -2000.0000000000
-1141.6298343915 -382.8401771156 -2000.0000000000
-1141.6298343915 -382.8401771156 -2000.0000000000
-1141.6298343915 -382.8401771156 -2000.0000000000
-1141.6298343915 -382.8401771156 -2000.0000000000
-1141.6298343915 -382.8401771156 -2000.0000000000
-1141.6298343915 -382.8401771156 -2000.0000000000
-1141.6298343915 -382.8401771156 -2000.0000000000
-1141.6298343915 -382.8401771156 -2000.0000000000
-1141.6298343915 -382.8401771156 -2000.0000000000
-1141.6298343915 -382.8401771156 -2000.0000000000
-1141.6298343915 -382.8401771156 -2000.0000000000
-94.3145121871 69.3509993199 -183.0547143049
-94.3145121871 69.3509993199 -2000.0000000000
1691.9965239259 -1015.0083211651 1573.8560332390
1691.9965239259 -1015.0083211651 -2000.0000000000
1646.8921830645 873.6227788049 1560.9423772884
-1412.2883905744 -1977.5549181394 -34.7716713337
475.6337719890 -1163.2522959934 -1450.0057451954
346.5902246615 -619.3467047216 154.4177923099
346.5902246615 -619.3467047216 -2000.0000000000
1104.0898987242 713.2054857539 -1433.1275801268
1104.0898987242 713.2054857539 -2000.0000000000
1104.0898987242 713.2054857539 -2000.0000000000
1104.0898987242 713.2054857539 -2000.0000000000
1104.0898987242 713.2054857539 -2000.0000000000
1104.0898987242 713.2054857539 -2000.0000000000
1089.3523760931 159.5748095568 -1548.8829826422
926.6549577700 1322.9537425679 -987.8747276700
926.6549577700 1322.9537425679 -2000.0000000000
926.6549577700 1322.9537425679 -2000.0000000000
926.6549577700 1322.9537425679 -2000.0000000000
-838.6587188060 -1549.4338899655 1958.4464529932
-838.6587188060 -1549.4338899655 -2000.0000000000
-838.6587188060 -1549.4338899655 -2000.0000000000
222.3676497612 182.4695324222 -752.1715844616
1600.0975604906 -1933.7688035779 -867.7414424937
1600.0975604906 -1933.7688035779 -2000.0000000000
1600.0975604906 -1933.7688035779 -2000.0000000000
1600.0975604906 -1933.7688035779 -2000.0000000000
1220.2448140831 1835.1218324225 -1132.4548938152
1220.2448140831 1835.1218324225 -2000.0000000000
-1360.9741569239 -478.1787397877 -1778.3369953224
160.6734974703 959.7046919334 694.1193313734
160.6734974703 959.7046919334 -2000.0000000000
-1984.0050459933 1964.0616249585 -789.1668436204
-604.2596213076 1424.6300867628 1782.5283986827
-604.2596213076 1424.6300867628 -2000.0000000000
-604.2596213076 1424.6300867628 -2000.0000000000
-228.7711811252 -561.5704089633 -1162.0083611806
277.2209456090 718.6277915831 -1815.0606304489
277.2209456090 718.6277915831 -2000.0000000000
-1817.2284118976 -702.8097028591 1833.7896821007
-394.0022060254 -1857.8673256703 -1207.8400705054
-394.0022060254 -1857.8673256703 -2000.0000000000
-394.0022060254 -1857.8673256703 -2000.0000000000
-394.0022060254 -1857.8673256703 -2000.0000000000
-394.0022060254 -1857.8673256703 -2000.0000000000
-394.0022060254 -1857.8673256703 -2000.0000000000
1104.4224023097 -279.5572604720 -482.4767848904
-1692.8790608638 -762.3802514380 1612.2766907296
-1692.8790608638 -762.3802514380 -2000.0000000000
-1692.8790608638 -762.3802514380 -2000.0000000000
-1692.8790608638 -762.3802514380 -2000.0000000000
-1692.8790608638 -762.3802514380 -2000.0000000000
-1692.8790608638 -762.3802514380 -2000.0000000000
-532.5091260071 -618.8303272426 -1172.0772848914
-532.5091260071 -618.8303272426 -2000.0000000000
-288.9112857146 398.8222723141 439.5996832884
919.1776679466 735.1434835503 1453.4069606456
919.1776679466 735.1434835503 -2000.0000000000
919.1776679466 735.1434835503 -2000.0000000000
919.1776679466 735.1434835503 -2000.0000000000
919.1776679466 735.1434835503 -2000.0000000000
919.1776679466 735.1434835503 -2000.0000000000
919.1776679466 735.1434835503 -2000.0000000000
919.1776679466 735.1434835503 -2000.0000000000
919.1776679466 735.1434835503 -2000.0000000000
215.8094283508 -1431.2226953977 1682.2736400136
215.8094283508 -1431.2226953977 -2000.0000000000
215.8094283508 -1431.2226953977 -2000.0000000000
-1991.6819127635 1553.3930777529 -818.6957385764
-1991.6819127635 1553.3930777529 -2000.0000000000
-1991.6819127635 1553.3930777529 -2000.0000000000
1939.8742273215 853.7421445359 1163.4908934060
1939.8742273215 853.7421445359 -2000.0000000000
1939.8742273215 853.7421445359 -2000.0000000000
1939.8742273215 853.7421445359 -2000.0000000000
1939.8742273215 853.7421445359 -2000.0000000000
-1181.3690345802 -13.2873197133 1311.2013180100
-1149.4283346191 944.4372973273 -1815.3580745553
536.0745558926 -1132.7647742226 1114.1402553302
478.4109878313 651.6154401293 1167.1053209126
-1314.1265762354 398.6549276694 -686.1094621418
-1314.1265762354 398.6549276694 -2000.0000000000
-1314.1265762354 398.6549276694 -2000.0000000000
-767.4212292747 -129.6881836320 1180.1793301903
-767.4212292747 -129.6881836320 -2000.0000000000
-767.4212292747 -129.6881836320 -2000.0000000000
-767.4212292747 -129.6881836320 -2000.0000000000
-767.4212292747 -129.6881836320 -2000.0000000000
-767.4212292747 -129.6881836320 -2000.0000000000
-767.4212292747 -129.6881836320 -2000.0000000000
-767.4212292747 -129.6881836320 -2000.0000000000
-767.4212292747 -129.6881836320 -2000.0000000000
-767.4212292747 -129.6881836320 -2000.0000000000
-767.4212292747 -129.6881836320 -2000.0000000000
-767.4212292747 -129.6881836320 -2000.0000000000
-767.4212292747 -129.6881836320 -2000.0000000000
-767.4212292747 -129.6881836320 -2000.0000000000
-767.4212292747 -129.6881836320 -2000.0000000000
-767.4212292747 -129.6881836320 -2000.0000000000
-767.4212292747 -129.6881836320 -2000.0000000000
-662.3647962624 863.5583556392 537.9379836621
-662.3647962624 863.5583556392 -2000.0000000000
-934.2449550325 -1848.1069063925 53.8934465538
-73.6610064680 1552.2579530197 1728.0271635852
156.7787397606 1809.0481382576 732.7929876735
-730.8751453201 -1608.7145532373 1566.2225160030
-730.8751453201 -1608.7145532373 -2000.0000000000
-730.8751453201 -1608.7145532373 -2000.0000000000
-730.8751453201 -1608.7145532373 -2000.0000000000
1069.3492860489 -592.4684209377 -919.8734311536
1069.3492860489 -592.4684209377 -2000.0000000000
1069.3492860489 -592.4684209377 -2000.0000000000
1069.3492860489 -592.4684209377 -2000.0000000000
1069.3492860489 -592.4684209377 -2000.0000000000
-392.7070160775 -1393.7019172069 1558.9189462121
-392.7070160775 -1393.7019172069 -2000.0000000000
-392.7070160775 -1393.7019172069 -2000.0000000000
-392.7070160775 -1393.7019172069 -2000.0000000000
-392.7070160775 -1393.7019172069 -2000.0000000000
