90.4611063602 1672.5896935789 -61.3413536453
90.4611063602 1672.5896935789 -2000.0000000000
90.4611063602 1672.5896935789 -2000.0000000000
-562.3679822730 497.1760601307 -1529.2600297313
-562.3679822730 497.1760601307 -2000.0000000000
-562.3679822730 497.1760601307 -2000.0000000000
-562.3679822730 497.1760601307 -2000.0000000000
-562.3679822730 497.1760601307 -2000.0000000000
-562.3679822730 497.1760601307 -2000.0000000000
-562.3679822730 497.1760601307 -2000.0000000000
-562.3679822730 497.1760601307 -2000.0000000000
-562.3679822730 497.1760601307 -2000.0000000000
-562.3679822730 497.1760601307 -2000.0000000000
-562.3679822730 497.1760601307 -2000.0000000000
-1351.7902346466 -1160.5343453303 -660.3602694281
-1351.7902346466 -1160.5343453303 -2000.0000000000
-1351.7902346466 -1160.5343453303 -2000.0000000000
830.5446103590 -19.8948158150 762.7733225533
830.5446103590 -19.8948158150 -2000.0000000000
830.5446103590 -19.8948158150 -2000.0000000000
-1446.6862636531 -1450.9959818642 1936.1490057826
-1446.6862636531 -1450.9959818642 -2000.0000000000
-1446.6862636531 -1450.9959818642 -2000.0000000000
-1446.6862636531 -1450.9959818642 -2000.0000000000
-1446.6862636531 -1450.9959818642 -2000.0000000000
-1446.6862636531 -1450.9959818642 -2000.0000000000
-1446.6862636531 -1450.9959818642 -2000.0000000000
-192.4467329652 -747.3201246967 388.9438196321
-192.4467329652 -747.3201246967 -2000.0000000000
-192.4467329652 -747.3201246967 -2000.0000000000
-551.5241948682 -1131.6175089054 -185.8410729896
1982.3617910547 1619.4686764993 -1052.8892836882
1982.3617910547 1619.4686764993 -2000.0000000000
1982.3617910547 1619.4686764993 -2000.0000000000
1982.3617910547 1619.4686764993 -2000.0000000000
-1523.9056436205 -795.1523270473 -1272.0795506138
-1523.9056436205 -795.1523270473 -2000.0000000000
1272.2095168878 -32.3603264240 1581.9704958392
1272.2095168878 -32.3603264240 -2000.0000000000
345.8582085155 -1794.3819876275 -1698.0013138704
345.8582085155 -1794.3819876275 -2000.0000000000
345.8582085155 -1794.3819876275 -2000.0000000000
-1795.5788451757 -754.7451199991 -1002.1546013122
-1795.5788451757 -754.7451199991 -2000.0000000000
-1795.5788451757 -754.7451199991 -2000.0000000000
-1795.5788451757 -754.7451199991 -2000.0000000000
-1795.5788451757 -754.7451199991 -2000.0000000000
1370.9968890566 832.8562808400 1322.0532464715
1370.9968890566 832.8562808400 -2000.0000000000
1370.9968890566 832.8562808400 -2000.0000000000
1370.9968890566 832.8562808400 -2000.0000000000
749.8812452198 -778.4772007908 -1527.2690780535
-1073.3619462257 1923.9691576249 1950.6113280161
1569.8160587595 -1147.7255054296 -1982.9587755516
-1623.5944980539 -324.2050820512 -131.2747769342
-1623.5944980539 -324.2050820512 -2000.0000000000
-1623.5944980539 -324.2050820512 -2000.0000000000
1559.3463987466 521.0312104028 188.7274119058
181.0316839249 -479.1713487715 -1186.7699578810
181.0316839249 -479.1713487715 -2000.0000000000
181.0316839249 -479.1713487715 -2000.0000000000
181.0316839249 -479.1713487715 -2000.0000000000
181.0316839249 -479.1713487715 -2000.0000000000
181.0316839249 -479.1713487715 -2000.0000000000
-52.6507645015 -1164.1518524120 -198.1789669702
-52.6507645015 -1164.1518524120 -2000.0000000000
-52.6507645015 -1164.1518524120 -2000.0000000000
-52.6507645015 -1164.1518524120 -2000.0000000000
-52.6507645015 -1164.1518524120 -2000.0000000000
-52.6507645015 -1164.1518524120 -2000.0000000000
-52.6507645015 -1164.1518524120 -2000.0000000000
-80.6069782442 1235.7860214192 -300.3774863581
6.5520333143 841.4365957753 -402.5063743935
-5.0705826710 1528.2818953660 1717.1425917405
-1729.1680654275 -1524.5928253137 1824.3768072461
-1729.1680654275 -1524.5928253137 -2000.0000000000
-1729.1680654275 -1524.5928253137 -2000.0000000000
-1084.0028720547 1818.3020821052 -1309.7512775445
1258.7672439371 1943.0703115429 137.3792923411
1258.7672439371 1943.0703115429 -2000.0000000000
-1312.7348896123 1669.4569269270 804.8769943440
-1312.7348896123 1669.4569269270 -2000.0000000000
-1312.7348896123 1669.4569269270 -2000.0000000000
696.2283815831 948.8715921439 -1958.6585819995
-746.9616103508 -171.2155147286 1714.7288000780
-746.9616103508 -171.2155147286 -2000.0000000000
-746.9616103508 -171.2155147286 -2000.0000000000
-746.9616103508 -171.2155147286 -2000.0000000000
-746.9616103508 -171.2155147286 -2000.0000000000
-746.9616103508 -171.2155147286 -2000.0000000000
-746.9616103508 -171.2155147286 -2000.0000000000
-746.9616103508 -171.2155147286 -2000.0000000000
1006.2040548121 1243.5055583463 -1564.7377070401
1006.2040548121 1243.5055583463 -2000.0000000000
1006.2040548121 1243.5055583463 -2000.0000000000
-1082.8226528912 1547.3684636219 -1046.5335574774
-1082.8226528912 1547.3684636219 -2000.0000000000
1169.4523698263 835.1797373282 384.5422888374
1169.4523698263 835.1797373282 -2000.0000000000
1169.4523698263 835.1797373282 -2000.0000000000
1169.4523698263 835.1797373282 -2000.0000000000
1169.4523698263 835.1797373282 -2000.0000000000
-1775.2852385201 -984.6461006996 -1857.7210739655
-1775.2852385201 -984.6461006996 -2000.0000000000
-1775.2852385201 -984.6461006996 -2000.0000000000
1858.3857809364 -497.1889825910 22.4547604016
1858.3857809364 -497.1889825910 -2000.0000000000
1858.3857809364 -497.1889825910 -2000.0000000000
1858.3857809364 -497.1889825910 -2000.0000000000
1858.3857809364 -497.1889825910 -2000.0000000000
1858.3857809364 -497.1889825910 -2000.0000000000
1858.3857809364 -497.1889825910 -2000.0000000000
1858.3857809364 -497.1889825910 -2000.0000000000
-905.4886648055 1080.4149501563 1021.1742664543
-905.4886648055 1080.4149501563 -2000.0000000000
-905.4886648055 1080.4149501563 -2000.0000000000
-905.4886648055 1080.4149501563 -2000.0000000000
-905.4886648055 1080.4149501563 -2000.0000000000
1804.6595520459 -876.9154838157 763.6737823766
1804.6595520459 -876.9154838157 -2000.0000000000
-1698.6248356093 -1475.5244418703 -37.3228475594
-1698.6248356093 -1475.5244418703 -2000.0000000000
-1698.6248356093 -1475.5244418703 -2000.0000000000
-1698.6248356093 -1475.5244418703 -2000.0000000000
-722.6028217093 -1135.6466300979 -329.4060869326
-722.6028217093 -1135.6466300979 -2000.0000000000
-722.6028217093 -1135.6466300979 -2000.0000000000
-722.6028217093 -1135.6466300979 -2000.0000000000
-921.6480379863 237.0984548417 -1484.0342518275
-1078.8591829106 -130.7438853850 20.4616253253
-1078.8591829106 -130.7438853850 -2000.0000000000
-1078.8591829106 -130.7438853850 -2000.0000000000
1243.4143104095 -646.0522607592 -1934.0112527130
1243.4143104095 -646.0522607592 -2000.0000000000
-957.1768440762 1665.1192158689 -40.5734791384
-957.1768440762 1665.1192158689 -2000.0000000000
-957.1768440762 1665.1192158689 -2000.0000000000
-1864.2289591202 115.4981916366 -1588.3321888405
-1864.2289591202 115.4981916366 -2000.0000000000
-1864.2289591202 115.4981916366 -2000.0000000000
526.2914709958 1444.4315817916 1926.9157942771
526.2914709958 1444.4315817916 -2000.0000000000
526.2914709958 1444.4315817916 -2000.0000000000
526.2914709958 1444.4315817916 -2000.0000000000
526.2914709958 1444.4315817916 -2000.0000000000
335.6538841183 -1839.7532128608 -1426.9351019683
335.6538841183 -1839.7532128608 -2000.0000000000
335.6538841183 -1839.7532128608 -2000.0000000000
335.6538841183 -1839.7532128608 -2000.0000000000
335.6538841183 -1839.7532128608 -2000.0000000000
335.6538841183 -1839.7532128608 -2000.0000000000
335.6538841183 -1839.7532128608 -2000.0000000000
335.6538841183 -1839.7532128608 -2000.0000000000
85.7797482702 -288.8380867186 918.7053855084
-1396.0978468960 1640.0208884237 -162.8695969930
-1396.0978468960 1640.0208884237 -2000.0000000000
-1396.0978468960 1640.0208884237 -2000.0000000000
-1938.2210647117 -52.2701799454 1094.9445425207
-1938.2210647117 -52.2701799454 -2000.0000000000
-1807.3027067710 -508.0979061878 -674.0082544240
1136.5650517352 1312.5892133740 -1784.7315291696
-1936.1382549034 -1389.6379879411 -1674.9758493071
-1936.1382549034 -1389.6379879411 -2000.0000000000
-1936.1382549034 -1389.6379879411 -2000.0000000000
-1936.1382549034 -1389.6379879411 -2000.0000000000
-1936.1382549034 -1389.6379879411 -2000.0000000000
-1936.1382549034 -1389.6379879411 -2000.0000000000
-1936.1382549034 -1389.6379879411 -2000.0000000000
-1936.1382549034 -1389.6379879411 -2000.0000000000
-1936.1382549034 -1389.6379879411 -2000.0000000000
-839.5648536481 1562.2574199152 -1290.2699111461
-839.5648536481 1562.2574199152 -2000.0000000000
-839.5648536481 1562.2574199152 -2000.0000000000
-839.5648536481 1562.2574199152 -2000.0000000000
-839.5648536481 1562.2574199152 -2000.0000000000
-839.5648536481 1562.2574199152 -2000.0000000000
-498.3198030012 1879.2601628412 1946.0143191398
-256.3752897476 30.4546395674 -874.3905689238
-256.3752897476 30.4546395674 -2000.0000000000
-256.3752897476 30.4546395674 -2000.0000000000
-256.3752897476 30.4546395674 -2000.0000000000
-256.3752897476 30.4546395674 -2000.0000000000
803.0062910237 719.3203019203 -1373.8613882176
803.0062910237 719.3203019203 -2000.0000000000
1063.8162934635 1880.9583769534 -958.8348676877
-752.5240510961 880.7928324179 -219.1610518097
-752.5240510961 880.7928324179 -2000.0000000000
-1906.9254888856 -14.2401418466 788.3006876761
146.8501806870 -55.9102196205 97.5028204742
146.8501806870 -55.9102196205 -2000.0000000000
146.8501806870 -55.9102196205 -2000.0000000000
146.8501806870 -55.9102196205 -2000.0000000000
146.8501806870 -55.9102196205 -2000.0000000000
146.8501806870 -55.9102196205 -2000.0000000000
146.8501806870 -55.9102196205 -2000.0000000000
146.8501806870 -55.9102196205 -2000.0000000000
-179.4603015916 -515.3906275054 -1717.8665561320
-179.4603015916 -515.3906275054 -2000.0000000000
-179.4603015916 -515.3906275054 -2000.0000000000
-179.4603015916 -515.3906275054 -2000.0000000000
-179.4603015916 -515.3906275054 -2000.0000000000
-179.4603015916 -515.3906275054 -2000.0000000000
-179.4603015916 -515.3906275054 -2000.0000000000
-179.4603015916 -515.3906275054 -2000.0000000000
-179.4603015916 -515.3906275054 -2000.0000000000
-179.4603015916 -515.3906275054 -2000.0000000000
-1809.6233679489 1503.9249230866 1579.0525911325
-1809.6233679489 1503.9249230866 -2000.0000000000
61.2584584924 173.7037308691 962.9381836928
61.2584584924 173.7037308691 -2000.0000000000
61.2584584924 173.7037308691 -2000.0000000000
61.2584584924 173.7037308691 -2000.0000000000
61.2584584924 173.7037308691 -2000.0000000000
61.2584584924 173.7037308691 -2000.0000000000
61.2584584924 173.7037308691 -2000.0000000000
-1841.9169252614 0.5098543597 1840.1319911956
-1841.9169252614 0.5098543597 -2000.0000000000
-1841.9169252614 0.5098543597 -2000.0000000000
-1841.9169252614 0.5098543597 -2000.0000000000
-1841.9169252614 0.5098543597 -2000.0000000000
-1841.9169252614 0.5098543597 -2000.0000000000
-878.1028515601 -181.2548482564 -1555.4744906719
-1864.5375791749 1882.8174146981 -106.9683202553
-1864.5375791749 1882.8174146981 -2000.0000000000
780.3701910163 462.8396519963 -1522.5227553073
780.3701910163 462.8396519963 -2000.0000000000
1709.5573783770 -717.3103616295 221.8665884765
1709.5573783770 -717.3103616295 -2000.0000000000
1709.5573783770 -717.3103616295 -2000.0000000000
1709.5573783770 -717.3103616295 -2000.0000000000
664.4336936783 -386.3813043844 -1668.1292439427
1519.3070651001 -725.7602956237 489.3448086020
1519.3070651001 -725.7602956237 -2000.0000000000
1519.3070651001 -725.7602956237 -2000.0000000000
-1650.7985502701 -1160.0579834167 -698.3217316496
1310.6045450359 -1946.4478141868 -463.6099920794
1392.1703930816 -1844.8130320240 -1492.6293314467
1005.9329117321 -1110.8865699712 -1777.0244078851
163.5576427051 -1262.9000042883 -1365.3042819065
1240.7885427336 371.3961789534 50.7958615876
1240.7885427336 371.3961789534 -2000.0000000000
1240.7885427336 371.3961789534 -2000.0000000000
1240.7885427336 371.3961789534 -2000.0000000000
-1784.7230774887 -1028.7071490966 608.8873478368
-1784.7230774887 -1028.7071490966 -2000.0000000000
-126.1902756751 -1036.9343806452 -960.3319281317
-126.1902756751 -1036.9343806452 -2000.0000000000
-126.1902756751 -1036.9343806452 -2000.0000000000
200.5263465771 1649.1073304839 863.0060153287
200.5263465771 1649.1073304839 -2000.0000000000
-415.9965804668 -849.1533974799 -68.6618629092
-415.9965804668 -849.1533974799 -2000.0000000000
-415.9965804668 -849.1533974799 -2000.0000000000
1674.4484664243 649.1871118133 1.1663970155
1674.4484664243 649.1871118133 -2000.0000000000
-277.8548882789 1230.3245242506 1842.8590470264
-277.8548882789 1230.3245242506 -2000.0000000000
-277.8548882789 1230.3245242506 -2000.0000000000
-277.8548882789 1230.3245242506 -2000.0000000000
-277.8548882789 1230.3245242506 -2000.0000000000
-1.9434295859 1506.5927360817 -1871.6050995024
-1.9434295859 1506.5927360817 -2000.0000000000
-1.9434295859 1506.5927360817 -2000.0000000000
1182.2235426119 1361.4791549914 -1723.1208113871
1182.2235426119 1361.4791549914 -2000.0000000000
1416.8950536813 1758.4659651712 265.4314395988
1416.8950536813 1758.4659651712 -2000.0000000000
1416.8950536813 1758.4659651712 -2000.0000000000
-1328.1946595748 73.1349371381 -162.0126127605
-1339.5584665728 541.8697564948 -1544.8241464439
-528.6249149835 -759.9282962713 -129.6341681406
-528.6249149835 -759.9282962713 -2000.0000000000
-528.6249149835 -759.9282962713 -2000.0000000000
1098.3664019192 -547.7830586383 710.4974195965
1098.3664019192 -547.7830586383 -2000.0000000000
1098.3664019192 -547.7830586383 -2000.0000000000
-1767.5064598405 775.1205449387 90.9733421886
-16.9821194987 1025.5431905272 -396.4798976740
1323.8778567810 1717.7298519618 1652.3721487836
1323.8778567810 1717.7298519618 -2000.0000000000
1323.8778567810 1717.7298519618 -2000.0000000000
1207.6075672759 1705.8760587492 -788.4153774825
-156.4574315856 950.1269584007 -883.7718223850
1802.1062286072 924.2415823907 1011.8930053440
1802.1062286072 924.2415823907 -2000.0000000000
1802.1062286072 924.2415823907 -2000.0000000000
317.7384156795 -321.1959895496 -1854.3821883379
317.7384156795 -321.1959895496 -2000.0000000000
317.7384156795 -321.1959895496 -2000.0000000000
317.7384156795 -321.1959895496 -2000.0000000000
317.7384156795 -321.1959895496 -2000.0000000000
317.7384156795 -321.1959895496 -2000.0000000000
-653.2578810968 -887.4580988352 1077.4072151631
-742.9568093212 -1978.3414207436 -1922.2127261336
-742.9568093212 -1978.3414207436 -2000.0000000000
-742.9568093212 -1978.3414207436 -2000.0000000000
-742.9568093212 -1978.3414207436 -2000.0000000000
-206.4004574608 648.7477078354 -811.8570910666
-206.4004574608 648.7477078354 -2000.0000000000
-985.5197958297 1297.6429430626 -1678.2166194556
-985.5197958297 1297.6429430626 -2000.0000000000
-1866.7508029256 191.2313133307 -238.6582175743
-1866.7508029256 191.2313133307 -2000.0000000000
-1866.7508029256 191.2313133307 -2000.0000000000
-1866.7508029256 191.2313133307 -2000.0000000000
-1866.7508029256 191.2313133307 -2000.0000000000
-1866.7508029256 191.2313133307 -2000.0000000000
1000.7512956043 1202.9387133819 -1187.8441790458
1000.7512956043 1202.9387133819 -2000.0000000000
1000.7512956043 1202.9387133819 -2000.0000000000
1000.7512956043 1202.9387133819 -2000.0000000000
1000.7512956043 1202.9387133819 -2000.0000000000
1000.7512956043 1202.9387133819 -2000.0000000000
-890.6509673062 1483.8946954455 -1657.5971149799
201.5028763123 1642.2729041148 1977.1985246095
201.5028763123 1642.2729041148 -2000.0000000000
201.5028763123 1642.2729041148 -2000.0000000000
-1179.2356400203 -837.8766642545 -329.4884798064
-1558.9760877175 -1490.7869683678 -1468.0865768806
-1558.9760877175 -1490.7869683678 -2000.0000000000
-1428.4579035760 1487.6518383452 -1302.0801458087
683.3578780277 -848.5026117136 -652.5902697802
683.3578780277 -848.5026117136 -2000.0000000000
683.3578780277 -848.5026117136 -2000.0000000000
683.3578780277 -848.5026117136 -2000.0000000000
683.3578780277 -848.5026117136 -2000.0000000000
683.3578780277 -848.5026117136 -2000.0000000000
-1327.9491337346 1311.0522087194 -518.1906769780
-1327.9491337346 1311.0522087194 -2000.0000000000
-1327.9491337346 1311.0522087194 -2000.0000000000
-1327.9491337346 1311.0522087194 -2000.0000000000
-1772.9041444143 -740.8202554093 216.1637152263
-1772.9041444143 -740.8202554093 -2000.0000000000
-1772.9041444143 -740.8202554093 -2000.0000000000
-1748.7938724825 929.7516086385 -1410.5595875070
-1748.7938724825 929.7516086385 -2000.0000000000
-1748.7938724825 929.7516086385 -2000.0000000000
-932.9916638767 -1484.6557360904 1665.8515845368
-1321.0154268698 -506.9494717210 187.5955840486
-1321.0154268698 -506.9494717210 -2000.0000000000
-1321.0154268698 -506.9494717210 -2000.0000000000
-1321.0154268698 -506.9494717210 -2000.0000000000
-1321.0154268698 -506.9494717210 -2000.0000000000
-1321.0154268698 -506.9494717210 -2000.0000000000
-1321.0154268698 -506.9494717210 -2000.0000000000
-1321.0154268698 -506.9494717210 -2000.0000000000
-1321.0154268698 -506.9494717210 -2000.0000000000
-1321.0154268698 -506.9494717210 -2000.0000000000
-861.3108746804 -1583.3728094110 -1221.6888679788
-861.3108746804 -1583.3728094110 -2000.0000000000
125.9549778246 -911.0517235377 -870.2154363270
125.9549778246 -911.0517235377 -2000.0000000000
125.9549778246 -911.0517235377 -2000.0000000000
125.9549778246 -911.0517235377 -2000.0000000000
125.9549778246 -911.0517235377 -2000.0000000000
125.9549778246 -911.0517235377 -2000.0000000000
-1147.5865714752 -1303.8160642531 1103.3411707381
1914.7711860843 1876.3560442678 1103.9526160279
1914.7711860843 1876.3560442678 -2000.0000000000
218.0676451087 -488.8161015380 619.8750199105
218.0676451087 -488.8161015380 -2000.0000000000
904.1522863862 757.2565709093 -1953.6484995967
904.1522863862 757.2565709093 -2000.0000000000
-878.7938428220 618.1371417080 1147.6851424082
-1001.9583247360 508.9826857866 -1651.5318215227
-1001.9583247360 508.9826857866 -2000.0000000000
-1001.9583247360 508.9826857866 -2000.0000000000
712.6624102067 1522.2762811191 -1930.6151684811
712.6624102067 1522.2762811191 -2000.0000000000
712.6624102067 1522.2762811191 -2000.0000000000
712.6624102067 1522.2762811191 -2000.0000000000
712.6624102067 1522.2762811191 -2000.0000000000
712.6624102067 1522.2762811191 -2000.0000000000
-4.1570920209 -1577.5491436471 1933.9385613389
-4.1570920209 -1577.5491436471 -2000.0000000000
155.9886640908 636.3451837176 -610.2467199251
155.9886640908 636.3451837176 -2000.0000000000
155.9886640908 636.3451837176 -2000.0000000000
-1444.8915761390 313.5493979389 -605.4320710958
401.8797813294 -1988.3229045411 644.2006181029
401.8797813294 -1988.3229045411 -2000.0000000000
401.8797813294 -1988.3229045411 -2000.0000000000
1567.3529935031 811.8213758929 180.2013610200
1567.3529935031 811.8213758929 -2000.0000000000
1567.3529935031 811.8213758929 -2000.0000000000
1567.3529935031 811.8213758929 -2000.0000000000
-1825.4168874209 1860.8693548601 14.8018554161
-1825.4168874209 1860.8693548601 -2000.0000000000
-1825.4168874209 1860.8693548601 -2000.0000000000
-1825.4168874209 1860.8693548601 -2000.0000000000
-1825.4168874209 1860.8693548601 -2000.0000000000
-1825.4168874209 1860.8693548601 -2000.0000000000
-1825.4168874209 1860.8693548601 -2000.0000000000
-1825.4168874209 1860.8693548601 -2000.0000000000
-1413.7859069113 -1442.1208120992 1315.2252250616
-1413.7859069113 -1442.1208120992 -2000.0000000000
-1413.7859069113 -1442.1208120992 -2000.0000000000
-1413.7859069113 -1442.1208120992 -2000.0000000000
-1413.7859069113 -1442.1208120992 -2000.0000000000
-260.7394941915 1323.5468072596 -8.8263306494
-260.7394941915 1323.5468072596 -2000.0000000000
-260.7394941915 1323.5468072596 -2000.0000000000
-260.7394941915 1323.5468072596 -2000.0000000000
-260.7394941915 1323.5468072596 -2000.0000000000
-260.7394941915 1323.5468072596 -2000.0000000000
-260.7394941915 1323.5468072596 -2000.0000000000
-260.7394941915 1323.5468072596 -2000.0000000000
1080.1474788225 -320.2116157872 -465.6432507231
-116.5609186276 1377.8713018312 -259.6643276154
-116.5609186276 1377.8713018312 -2000.0000000000
815.3825757218 -1892.7392863414 -832.3036602116
815.3825757218 -1892.7392863414 -2000.0000000000
815.3825757218 -1892.7392863414 -2000.0000000000
815.3825757218 -1892.7392863414 -2000.0000000000
815.3825757218 -1892.7392863414 -2000.0000000000
815.3825757218 -1892.7392863414 -2000.0000000000
815.3825757218 -1892.7392863414 -2000.0000000000
-1807.1958764046 -1992.7567409924 -285.5830810914
-1807.1958764046 -1992.7567409924 -2000.0000000000
-1807.1958764046 -1992.7567409924 -2000.0000000000
-366.1289787308 1631.5899372061 1264.3670078597
-366.1289787308 1631.5899372061 -2000.0000000000
-1048.1191878453 1851.9399385620 1786.3825884004
-1048.1191878453 1851.9399385620 -2000.0000000000
1004.2441625154 -1674.3488968895 168.7640354929
1004.2441625154 -1674.3488968895 -2000.0000000000
1004.2441625154 -1674.3488968895 -2000.0000000000
1004.2441625154 -1674.3488968895 -2000.0000000000
-426.2707988376 -586.7880146863 -1420.9459443322
-426.2707988376 -586.7880146863 -2000.0000000000
-153.2018631213 -655.1159592539 1301.4243701031
-961.9351071749 484.5299187648 1841.6481212953
-961.9351071749 484.5299187648 -2000.0000000000
-961.9351071749 484.5299187648 -2000.0000000000
-961.9351071749 484.5299187648 -2000.0000000000
1407.9430546478 -817.7903785839 1631.9908107281
1407.9430546478 -817.7903785839 -2000.0000000000
1407.9430546478 -817.7903785839 -2000.0000000000
1407.9430546478 -817.7903785839 -2000.0000000000
1407.9430546478 -817.7903785839 -2000.0000000000
566.2428121394 -1775.4022861588 1446.2356220595
-1483.4508616943 427.7723234378 -311.0970957412
-1483.4508616943 427.7723234378 -2000.0000000000
-1483.4508616943 427.7723234378 -2000.0000000000
-1483.4508616943 427.7723234378 -2000.0000000000
-1483.4508616943 427.7723234378 -2000.0000000000
-1483.4508616943 427.7723234378 -2000.0000000000
-1483.4508616943 427.7723234378 -2000.0000000000
-962.2786693216 180.3038023745 1752.1368741815
283.1883021001 1903.6576648212 741.7874458513
283.1883021001 1903.6576648212 -2000.0000000000
283.1883021001 1903.6576648212 -2000.0000000000
283.1883021001 1903.6576648212 -2000.0000000000
283.1883021001 1903.6576648212 -2000.0000000000
994.9654363579 356.9480114479 -616.4721704136
994.9654363579 356.9480114479 -2000.0000000000
994.9654363579 356.9480114479 -2000.0000000000
994.9654363579 356.9480114479 -2000.0000000000
994.9654363579 356.9480114479 -2000.0000000000
994.9654363579 356.9480114479 -2000.0000000000
-323.0577616127 872.6300641992 175.7947098515
-485.9155800363 707.2799782263 -1469.9050620714
-485.9155800363 707.2799782263 -2000.0000000000
-485.9155800363 707.2799782263 -2000.0000000000
368.3874420808 234.2299940330 513.2440124890
-838.6400460931 1491.6037948521 1292.7546660142
-838.6400460931 1491.6037948521 -2000.0000000000
663.0579284850 -1220.7905140764 -307.4766329122
663.0579284850 -1220.7905140764 -2000.0000000000
663.0579284850 -1220.7905140764 -2000.0000000000
663.0579284850 -1220.7905140764 -2000.0000000000
663.0579284850 -1220.7905140764 -2000.0000000000
-1988.0121073208 629.9460035441 929.3856391162
-1988.0121073208 629.9460035441 -2000.0000000000
-1988.0121073208 629.9460035441 -2000.0000000000
-1988.0121073208 629.9460035441 -2000.0000000000
-417.5321726471 869.8505149191 1402.3388723935
-417.5321726471 869.8505149191 -2000.0000000000
-417.5321726471 869.8505149191 -2000.0000000000
-417.5321726471 869.8505149191 -2000.0000000000
-417.5321726471 869.8505149191 -2000.0000000000
-680.6464502378 -1761.6846874044 -1842.1367355347
-680.6464502378 -1761.6846874044 -2000.0000000000
-680.6464502378 -1761.6846874044 -2000.0000000000
-680.6464502378 -1761.6846874044 -2000.0000000000
-680.6464502378 -1761.6846874044 -2000.0000000000
-680.6464502378 -1761.6846874044 -2000.0000000000
-680.6464502378 -1761.6846874044 -2000.0000000000
-680.6464502378 -1761.6846874044 -2000.0000000000
-680.6464502378 -1761.6846874044 -2000.0000000000
-680.6464502378 -1761.6846874044 -2000.0000000000
-734.1201384020 -1725.7800777912 1679.5648921067
-1323.3948460590 -81.1227150199 1537.6934803206
-1323.3948460590 -81.1227150199 -2000.0000000000
-175.0629923310 1774.9326153902 780.2308441045
-175.0629923310 1774.9326153902 -2000.0000000000
-175.0629923310 1774.9326153902 -2000.0000000000
-1632.4472847266 -771.4414173398 -1907.9277952530
-1632.4472847266 -771.4414173398 -2000.0000000000
-1632.4472847266 -771.4414173398 -2000.0000000000
-1632.4472847266 -771.4414173398 -2000.0000000000
-1632.4472847266 -771.4414173398 -2000.0000000000
-1632.4472847266 -771.4414173398 -2000.0000000000
1500.4947448366 313.8355730261 351.4754755345
1500.4947448366 313.8355730261 -2000.0000000000
1500.4947448366 313.8355730261 -2000.0000000000
1500.4947448366 313.8355730261 -2000.0000000000
1500.4947448366 313.8355730261 -2000.0000000000
1500.4947448366 313.8355730261 -2000.0000000000
1500.4947448366 313.8355730261 -2000.0000000000
1351.2031619933 -1792.7570285289 -512.5305347602
1351.2031619933 -1792.7570285289 -2000.0000000000
-1781.1597349026 1935.1025114395 -1800.5545905571
-1781.1597349026 1935.1025114395 -2000.0000000000
-1781.1597349026 1935.1025114395 -2000.0000000000
-1781.1597349026 1935.1025114395 -2000.0000000000
-1781.1597349026 1935.1025114395 -2000.0000000000
-1781.1597349026 1935.1025114395 -2000.0000000000
-1781.1597349026 1935.1025114395 -2000.0000000000
1258.2553638316 230.7406879498 -1746.2024318772
1258.2553638316 230.7406879498 -2000.0000000000
1258.2553638316 230.7406879498 -2000.0000000000
1258.2553638316 230.7406879498 -2000.0000000000
1258.2553638316 230.7406879498 -2000.0000000000
1258.2553638316 230.7406879498 -2000.0000000000
1258.2553638316 230.7406879498 -2000.0000000000
1258.2553638316 230.7406879498 -2000.0000000000
973.1675889415 -1161.7262084090 1852.8471460079
-275.8545557901 103.7101500322 -1913.2088336874
-275.8545557901 103.7101500322 -2000.0000000000
-64.1494804854 744.5925829963 -1913.4261148820
-64.1494804854 744.5925829963 -2000.0000000000
-64.1494804854 744.5925829963 -2000.0000000000
-64.1494804854 744.5925829963 -2000.0000000000
-64.1494804854 744.5925829963 -2000.0000000000
-64.1494804854 744.5925829963 -2000.0000000000
447.1539258655 670.3157993150 1339.3230798169
447.1539258655 670.3157993150 -2000.0000000000
-1520.4374263122 -1160.3921823403 -1589.8743231800
-1520.4374263122 -1160.3921823403 -2000.0000000000
-946.5554755744 -282.2477284741 -1226.4140446522
-946.5554755744 -282.2477284741 -2000.0000000000
-946.5554755744 -282.2477284741 -2000.0000000000
-946.5554755744 -282.2477284741 -2000.0000000000
-18.6503804492 -1445.8499761441 -1586.6676612074
-18.6503804492 -1445.8499761441 -2000.0000000000
1802.2158457712 445.2126956508 588.5211622450
1802.2158457712 445.2126956508 -2000.0000000000
1180.1201960436 -1909.7453099207 -807.7920245985
-1415.5873822793 91.6784054180 -938.8488803197
-671.2636602139 -621.2234987028 -1280.5739418659
-1551.8743808954 -1923.8699502450 1852.7366541824
-1551.8743808954 -1923.8699502450 -2000.0000000000
-1551.8743808954 -1923.8699502450 -2000.0000000000
-1551.8743808954 -1923.8699502450 -2000.0000000000
-741.7684506601 -1116.1169643584 -1772.4882379828
-741.7684506601 -1116.1169643584 -2000.0000000000
-585.3628668594 412.3447339962 1979.3027929548
-585.3628668594 412.3447339962 -2000.0000000000
-585.3628668594 412.3447339962 -2000.0000000000
-585.3628668594 412.3447339962 -2000.0000000000
-585.3628668594 412.3447339962 -2000.0000000000
-585.3628668594 412.3447339962 -2000.0000000000
-585.3628668594 412.3447339962 -2000.0000000000
-293.1097962127 1675.6909276049 -1619.7583541634
-1257.7118685188 138.9614497400 1508.5972213739
-1257.7118685188 138.9614497400 -2000.0000000000
-1257.7118685188 138.9614497400 -2000.0000000000
-1257.7118685188 138.9614497400 -2000.0000000000
-1257.7118685188 138.9614497400 -2000.0000000000
-1257.7118685188 138.9614497400 -2000.0000000000
-1257.7118685188 138.9614497400 -2000.0000000000
-87.5814180309 -719.2544446956 -379.6303821248
-87.5814180309 -719.2544446956 -2000.0000000000
-87.5814180309 -719.2544446956 -2000.0000000000
-87.5814180309 -719.2544446956 -2000.0000000000
1878.4155530754 252.8390202420 567.7758106260
1878.4155530754 252.8390202420 -2000.0000000000
1878.4155530754 252.8390202420 -2000.0000000000
-103.1930551715 1511.5785106243 -323.3556390122
1840.0250497618 -885.8116352901 -1504.0681535213
1840.0250497618 -885.8116352901 -2000.0000000000
1840.0250497618 -885.8116352901 -2000.0000000000
1840.0250497618 -885.8116352901 -2000.0000000000
1840.0250497618 -885.8116352901 -2000.0000000000
1840.0250497618 -885.8116352901 -2000.0000000000
1840.0250497618 -885.8116352901 -2000.0000000000
1840.0250497618 -885.8116352901 -2000.0000000000
1840.0250497618 -885.8116352901 -2000.0000000000
1840.0250497618 -885.8116352901 -2000.0000000000
-1626.0271708277 -1098.7516703112 -1787.1358492984
-1626.0271708277 -1098.7516703112 -2000.0000000000
-1626.0271708277 -1098.7516703112 -2000.0000000000
-1626.0271708277 -1098.7516703112 -2000.0000000000
-1626.0271708277 -1098.7516703112 -2000.0000000000
-1626.0271708277 -1098.7516703112 -2000.0000000000
62.9099880018 1957.8930594441 973.6524512061
62.9099880018 1957.8930594441 -2000.0000000000
877.0141209533 1989.3685249692 512.2778355363
877.0141209533 1989.3685249692 -2000.0000000000
877.0141209533 1989.3685249692 -2000.0000000000
877.0141209533 1989.3685249692 -2000.0000000000
740.7170516300 -1338.9606991076 1007.4278440174
-169.7078506659 -1401.7909446465 1973.0046219887
-169.7078506659 -1401.7909446465 -2000.0000000000
-169.7078506659 -1401.7909446465 -2000.0000000000
1277.5917091289 -213.0918061251 -547.8063313137
1277.5917091289 -213.0918061251 -2000.0000000000
1277.5917091289 -213.0918061251 -2000.0000000000
1277.5917091289 -213.0918061251 -2000.0000000000
1277.5917091289 -213.0918061251 -2000.0000000000
1277.5917091289 -213.0918061251 -2000.0000000000
1277.5917091289 -213.0918061251 -2000.0000000000
1339.9641635224 -51.8436287930 778.6696552885
1339.9641635224 -51.8436287930 -2000.0000000000
-849.9799475856 1295.8046354367 661.3891943131
-849.9799475856 1295.8046354367 -2000.0000000000
-849.9799475856 1295.8046354367 -2000.0000000000
-1279.2441954735 -46.0561425091 -1591.2681210395
-1279.2441954735 -46.0561425091 -2000.0000000000
-1279.2441954735 -46.0561425091 -2000.0000000000
-1299.5539191706 -1593.6268752407 1050.4397355154
-1299.5539191706 -1593.6268752407 -2000.0000000000
-1429.2793399102 -1021.5133751619 -438.9739320662
-1429.2793399102 -1021.5133751619 -2000.0000000000
-1429.2793399102 -1021.5133751619 -2000.0000000000
-1429.2793399102 -1021.5133751619 -2000.0000000000
-897.8020757552 914.5651091301 1201.4232683740
-897.8020757552 914.5651091301 -2000.0000000000
1324.9101759006 -1716.2421605058 -1125.8891644704
1324.9101759006 -1716.2421605058 -2000.0000000000
991.9362737716 894.5690766942 -1489.2944121012
991.9362737716 894.5690766942 -2000.0000000000
991.9362737716 894.5690766942 -2000.0000000000
991.9362737716 894.5690766942 -2000.0000000000
991.9362737716 894.5690766942 -2000.0000000000
991.9362737716 894.5690766942 -2000.0000000000
991.9362737716 894.5690766942 -2000.0000000000
-1050.3929953764 -558.2656593691 1653.3927895169
-1050.3929953764 -558.2656593691 -2000.0000000000
-1050.3929953764 -558.2656593691 -2000.0000000000
1900.5986988173 108.2658183595 -946.3082596872
1900.5986988173 108.2658183595 -2000.0000000000
1900.5986988173 108.2658183595 -2000.0000000000
1954.6941076512 504.0402699569 1889.5013924634
1954.6941076512 504.0402699569 -2000.0000000000
-437.1341358019 1313.1038893638 -677.2781111901
-437.1341358019 1313.1038893638 -2000.0000000000
-437.1341358019 1313.1038893638 -2000.0000000000
-437.1341358019 1313.1038893638 -2000.0000000000
-437.1341358019 1313.1038893638 -2000.0000000000
-437.1341358019 1313.1038893638 -2000.0000000000
1767.3530187238 -556.9772862690 -1305.2937957772
1767.3530187238 -556.9772862690 -2000.0000000000
1767.3530187238 -556.9772862690 -2000.0000000000
426.3938211891 -518.4742991170 683.1210699937
426.3938211891 -518.4742991170 -2000.0000000000
-7.2254641879 -1211.4771517332 381.5197875183
-1237.7047984901 1839.2406561280 -191.2354367049
1999.7632203985 -997.2352510637 -400.6787693281
1999.7632203985 -997.2352510637 -2000.0000000000
1827.3281317878 258.2616519181 -175.8575063629
1827.3281317878 258.2616519181 -2000.0000000000
1827.3281317878 258.2616519181 -2000.0000000000
1827.3281317878 258.2616519181 -2000.0000000000
1827.3281317878 258.2616519181 -2000.0000000000
1292.0263440269 1365.0366808608 -1715.0038954296
-713.0598481648 156.8881420971 1094.5982243046
-713.0598481648 156.8881420971 -2000.0000000000
-1384.4304277767 965.4511689073 -714.1244192209
-1384.4304277767 965.4511689073 -2000.0000000000
1459.3657671792 1616.4762786729 985.8533433376
1459.3657671792 1616.4762786729 -2000.0000000000
1459.3657671792 1616.4762786729 -2000.0000000000
1459.3657671792 1616.4762786729 -2000.0000000000
-602.5966115297 -430.8875228040 -1006.3636812627
-602.5966115297 -430.8875228040 -2000.0000000000
-602.5966115297 -430.8875228040 -2000.0000000000
-602.5966115297 -430.8875228040 -2000.0000000000
-602.5966115297 -430.8875228040 -2000.0000000000
-602.5966115297 -430.8875228040 -2000.0000000000
-840.8994680166 1182.2283389490 890.9223864891
-977.4043696890 1930.6910375132 -1293.6658802185
-977.4043696890 1930.6910375132 -2000.0000000000
-977.4043696890 1930.6910375132 -2000.0000000000
-977.4043696890 1930.6910375132 -2000.0000000000
-977.4043696890 1930.6910375132 -2000.0000000000
-977.4043696890 1930.6910375132 -2000.0000000000
1045.9268306142 -106.8369052053 725.4548683061
1045.9268306142 -106.8369052053 -2000.0000000000
1045.9268306142 -106.8369052053 -2000.0000000000
1045.9268306142 -106.8369052053 -2000.0000000000
1045.9268306142 -106.8369052053 -2000.0000000000
1045.9268306142 -106.8369052053 -2000.0000000000
1045.9268306142 -106.8369052053 -2000.0000000000
-690.5397195412 -1890.3057405975 -1813.2318553554
-690.5397195412 -1890.3057405975 -2000.0000000000
-690.5397195412 -1890.3057405975 -2000.0000000000
-690.5397195412 -1890.3057405975 -2000.0000000000
-690.5397195412 -1890.3057405975 -2000.0000000000
-690.5397195412 -1890.3057405975 -2000.0000000000
532.9933508367 -949.1906140346 -1658.1186536277
650.1668838589 -824.0064188243 -1156.3289884635
-1467.7479101149 1735.9415773254 1264.4139063201
-1467.7479101149 1735.9415773254 -2000.0000000000
938.8906206467 18.9069492706 1016.5807231037
1365.6210137121 1904.2873328159 1665.7144648127
1373.1869359654 1468.9610350879 724.1390311666
1373.1869359654 1468.9610350879 -2000.0000000000
1373.1869359654 1468.9610350879 -2000.0000000000
1373.1869359654 1468.9610350879 -2000.0000000000
1373.1869359654 1468.9610350879 -2000.0000000000
1373.1869359654 1468.9610350879 -2000.0000000000
1373.1869359654 1468.9610350879 -2000.0000000000
1373.1869359654 1468.9610350879 -2000.0000000000
1373.1869359654 1468.9610350879 -2000.0000000000
-1362.6258679343 -1369.5846616964 1720.5991746031
-1362.6258679343 -1369.5846616964 -2000.0000000000
-1362.6258679343 -1369.5846616964 -2000.0000000000
-1362.6258679343 -1369.5846616964 -2000.0000000000
92.7690250219 1807.1324167973 -1392.0055792191
92.7690250219 1807.1324167973 -2000.0000000000
92.7690250219 1807.1324167973 -2000.0000000000
-1.8934177209 655.1186288567 -1531.2727683272
-1.8934177209 655.1186288567 -2000.0000000000
-1.8934177209 655.1186288567 -2000.0000000000
-1.8934177209 655.1186288567 -2000.0000000000
-1.8934177209 655.1186288567 -2000.0000000000
-1.8934177209 655.1186288567 -2000.0000000000
-1.8934177209 655.1186288567 -2000.0000000000
328.6942544714 -221.6761216515 -562.3563114215
328.6942544714 -221.6761216515 -2000.0000000000
-94.5019161073 -1755.8836390419 230.9601345751
615.0750078721 -954.0038555774 1427.9896797531
615.0750078721 -954.0038555774 -2000.0000000000
-1060.0031417296 1802.7199609247 1910.5894073096
-1060.0031417296 1802.7199609247 -2000.0000000000
-1060.0031417296 1802.7199609247 -2000.0000000000
-1060.0031417296 1802.7199609247 -2000.0000000000
-1411.0340694008 -1875.0375058788 -1798.0379406519
-1411.0340694008 -1875.0375058788 -2000.0000000000
-1411.0340694008 -1875.0375058788 -2000.0000000000
-1873.6317778498 -992.9035027508 -483.4335084668
-1873.6317778498 -992.9035027508 -2000.0000000000
-1873.6317778498 -992.9035027508 -2000.0000000000
-1873.6317778498 -992.9035027508 -2000.0000000000
-1873.6317778498 -992.9035027508 -2000.0000000000
-1873.6317778498 -992.9035027508 -2000.0000000000
1472.0882164890 1776.0930610863 -694.0114366999
1472.0882164890 1776.0930610863 -2000.0000000000
1472.0882164890 1776.0930610863 -2000.0000000000
1172.6678866747 -278.3407728105 -419.1223398873
-1665.7691189188 1299.7720744050 -1981.8608451863
-1665.7691189188 1299.7720744050 -2000.0000000000
-1665.7691189188 1299.7720744050 -2000.0000000000
1361.8105842115 1747.6550244233 -918.7514501273
1361.8105842115 1747.6550244233 -2000.0000000000
1361.8105842115 1747.6550244233 -2000.0000000000
1361.8105842115 1747.6550244233 -2000.0000000000
1777.6227112196 -1851.6784094008 -1231.9197515308
1777.6227112196 -1851.6784094008 -2000.0000000000
1777.6227112196 -1851.6784094008 -2000.0000000000
1777.6227112196 -1851.6784094008 -2000.0000000000
1777.6227112196 -1851.6784094008 -2000.0000000000
1777.6227112196 -1851.6784094008 -2000.0000000000
1777.6227112196 -1851.6784094008 -2000.0000000000
1777.6227112196 -1851.6784094008 -2000.0000000000
1777.6227112196 -1851.6784094008 -2000.0000000000
1777.6227112196 -1851.6784094008 -2000.0000000000
1777.6227112196 -1851.6784094008 -2000.0000000000
1633.6555552635 -1466.8028912719 1173.0111652966
1633.6555552635 -1466.8028912719 -2000.0000000000
1633.6555552635 -1466.8028912719 -2000.0000000000
1633.6555552635 -1466.8028912719 -2000.0000000000
1633.6555552635 -1466.8028912719 -2000.0000000000
502.9725996764 -295.6479818894 1983.7190278930
502.9725996764 -295.6479818894 -2000.0000000000
502.9725996764 -295.6479818894 -2000.0000000000
502.9725996764 -295.6479818894 -2000.0000000000
1285.6990519440 1235.1033230946 1088.4035941475
57.2099462936 -37.0351196926 484.6254539008
57.2099462936 -37.0351196926 -2000.0000000000
57.2099462936 -37.0351196926 -2000.0000000000
57.2099462936 -37.0351196926 -2000.0000000000
57.2099462936 -37.0351196926 -2000.0000000000
57.2099462936 -37.0351196926 -2000.0000000000
57.2099462936 -37.0351196926 -2000.0000000000
57.2099462936 -37.0351196926 -2000.0000000000
1628.2520327296 62.9394197955 -1881.6873059272
1628.2520327296 62.9394197955 -2000.0000000000
114.6344595517 1039.7985370810 -462.6597929485
114.6344595517 1039.7985370810 -2000.0000000000
114.6344595517 1039.7985370810 -2000.0000000000
114.6344595517 1039.7985370810 -2000.0000000000
-78.6757004505 -1526.8186936060 -1594.0560353331
-78.6757004505 -1526.8186936060 -2000.0000000000
-78.6757004505 -1526.8186936060 -2000.0000000000
-78.6757004505 -1526.8186936060 -2000.0000000000
1346.1144895907 -873.7224575975 -1911.4119319057
-1654.2896199530 1782.0435762931 -1574.0847041121
-1654.2896199530 1782.0435762931 -2000.0000000000
-1654.2896199530 1782.0435762931 -2000.0000000000
13.2504518873 1365.6217790692 1580.5536019432
-1963.1483092025 -1308.8526505333 1306.4085765901
-1963.1483092025 -1308.8526505333 -2000.0000000000
-1963.1483092025 -1308.8526505333 -2000.0000000000
738.9307803966 -881.7750306885 -380.9067965218
738.9307803966 -881.7750306885 -2000.0000000000
738.9307803966 -881.7750306885 -2000.0000000000
738.9307803966 -881.7750306885 -2000.0000000000
738.9307803966 -881.7750306885 -2000.0000000000
738.9307803966 -881.7750306885 -2000.0000000000
-1423.4296130024 -633.5808030724 1218.6694099036
-1423.4296130024 -633.5808030724 -2000.0000000000
-44.6072060080 -755.4885247982 -775.1718107311
-44.6072060080 -755.4885247982 -2000.0000000000
-44.6072060080 -755.4885247982 -2000.0000000000
396.1010752831 1388.3212880589 -619.7247044001
396.1010752831 1388.3212880589 -2000.0000000000
396.1010752831 1388.3212880589 -2000.0000000000
396.1010752831 1388.3212880589 -2000.0000000000
396.1010752831 1388.3212880589 -2000.0000000000
396.1010752831 1388.3212880589 -2000.0000000000
396.1010752831 1388.3212880589 -2000.0000000000
396.1010752831 1388.3212880589 -2000.0000000000
396.1010752831 1388.3212880589 -2000.0000000000
396.1010752831 1388.3212880589 -2000.0000000000
765.6650361015 421.4412864445 -1436.5817044820
765.6650361015 421.4412864445 -2000.0000000000
765.6650361015 421.4412864445 -2000.0000000000
-541.8367147394 -463.6955414581 676.2251815327
-541.8367147394 -463.6955414581 -2000.0000000000
-541.8367147394 -463.6955414581 -2000.0000000000
-541.8367147394 -463.6955414581 -2000.0000000000
-541.8367147394 -463.6955414581 -2000.0000000000
938.7190782974 -435.2413687804 -1392.7003879565
-1177.7572762536 1390.4892769600 -1917.9358223076
-1177.7572762536 1390.4892769600 -2000.0000000000
-1177.7572762536 1390.4892769600 -2000.0000000000
953.0588146427 -752.4972042323 -522.9837970088
953.0588146427 -752.4972042323 -2000.0000000000
953.0588146427 -752.4972042323 -2000.0000000000
953.0588146427 -752.4972042323 -2000.0000000000
953.0588146427 -752.4972042323 -2000.0000000000
953.0588146427 -752.4972042323 -2000.0000000000
953.0588146427 -752.4972042323 -2000.0000000000
953.0588146427 -752.4972042323 -2000.0000000000
1292.5100601237 264.4644818241 -998.5033658867
1292.5100601237 264.4644818241 -2000.0000000000
323.8076131626 1156.2533115647 43.5163314477
-620.0371011789 -504.3138618762 1795.1196768344
1317.9543060091 -627.2107599268 452.7572066162
1317.9543060091 -627.2107599268 -2000.0000000000
-1518.6839302104 82.9298451346 98.0008153972
-1518.6839302104 82.9298451346 -2000.0000000000
-1518.6839302104 82.9298451346 -2000.0000000000
-1518.6839302104 82.9298451346 -2000.0000000000
-1518.6839302104 82.9298451346 -2000.0000000000
265.9741830791 -880.6632240712 1133.8580061877
265.9741830791 -880.6632240712 -2000.0000000000
265.9741830791 -880.6632240712 -2000.0000000000
-281.9935222398 -399.7166833313 1517.8184389972
-281.9935222398 -399.7166833313 -2000.0000000000
-281.9935222398 -399.7166833313 -2000.0000000000
-281.9935222398 -399.7166833313 -2000.0000000000
-281.9935222398 -399.7166833313 -2000.0000000000
427.7898038107 662.3387386624 -382.8653750041
427.7898038107 662.3387386624 -2000.0000000000
-1831.1098699510 -249.8616260918 -1519.8909936721
-1831.1098699510 -249.8616260918 -2000.0000000000
-1831.1098699510 -249.8616260918 -2000.0000000000
419.5398782374 1530.6934916746 709.3817317543
-911.2626796966 439.9967067379 -1639.8373287523
-911.2626796966 439.9967067379 -2000.0000000000
-911.2626796966 439.9967067379 -2000.0000000000
-675.1964428945 -1093.3516404086 -780.6079704845
1691.1060733014 558.0842215985 1355.0930533870
1691.1060733014 558.0842215985 -2000.0000000000
1273.7567164117 1032.2326399576 665.5659775831
1273.7567164117 1032.2326399576 -2000.0000000000
-38.6978308523 -277.7270744783 -134.5182489178
-1048.6846749528 -1874.3362052812 -1075.1446350921
1120.5385132258 -126.2699605590 1631.6670808673
-128.1876072498 -1492.7583239841 -183.2427505740
-128.1876072498 -1492.7583239841 -2000.0000000000
-1071.9951707186 23.3122492276 -236.4492494459
-1071.9951707186 23.3122492276 -2000.0000000000
-1071.9951707186 23.3122492276 -2000.0000000000
-1071.9951707186 23.3122492276 -2000.0000000000
1397.9498181463 1129.1507203039 -1157.1918854245
1397.9498181463 1129.1507203039 -2000.0000000000
-1175.7631555296 -1526.2493423609 968.4057789896
1761.5314573103 773.1444339125 911.0480543967
-1951.3412898573 -1099.2117423104 223.1232599150
1819.9668722281 -509.3859428836 1543.6591067998
1819.9668722281 -509.3859428836 -2000.0000000000
1819.9668722281 -509.3859428836 -2000.0000000000
1819.9668722281 -509.3859428836 -2000.0000000000
1819.9668722281 -509.3859428836 -2000.0000000000
1819.9668722281 -509.3859428836 -2000.0000000000
1819.9668722281 -509.3859428836 -2000.0000000000
-722.9924905721 -300.4101701599 1467.9938453333
-722.9924905721 -300.4101701599 -2000.0000000000
-722.9924905721 -300.4101701599 -2000.0000000000
-722.9924905721 -300.4101701599 -2000.0000000000
1413.4105418885 -122.8283881771 -1875.8962408440
-1976.6915280030 153.7952555778 -1594.2874302003
-1976.6915280030 153.7952555778 -2000.0000000000
-1976.6915280030 153.7952555778 -2000.0000000000
-1976.6915280030 153.7952555778 -2000.0000000000
-1976.6915280030 153.7952555778 -2000.0000000000
-1976.6915280030 153.7952555778 -2000.0000000000
-1976.6915280030 153.7952555778 -2000.0000000000
-1633.7170954575 -1104.1299028105 1105.2692845848
-1795.5520165250 1477.4760982493 -1309.9426904752
-1795.5520165250 1477.4760982493 -2000.0000000000
-484.0464202117 -1383.2217602303 -1276.6374731646
-484.0464202117 -1383.2217602303 -2000.0000000000
-484.0464202117 -1383.2217602303 -2000.0000000000
1057.8365524824 822.3456776842 1129.5498110509
1577.8709808015 1487.2645289800 -723.0073191891
-234.0261623361 -1939.8483895941 466.2334373103
-234.0261623361 -1939.8483895941 -2000.0000000000
-234.0261623361 -1939.8483895941 -2000.0000000000
-218.5888539705 1171.8382764861 73.4476599802
-218.5888539705 1171.8382764861 -2000.0000000000
-218.5888539705 1171.8382764861 -2000.0000000000
-218.5888539705 1171.8382764861 -2000.0000000000
1268.2030125914 -1600.9599816793 1321.7175949136
-779.7308244166 -1964.2809404666 -1528.4207393770
-779.7308244166 -1964.2809404666 -2000.0000000000
-779.7308244166 -1964.2809404666 -2000.0000000000
-779.7308244166 -1964.2809404666 -2000.0000000000
-779.7308244166 -1964.2809404666 -2000.0000000000
-779.7308244166 -1964.2809404666 -2000.0000000000
-1468.3265707330 -868.2390653486 -1204.5533857284
-1468.3265707330 -868.2390653486 -2000.0000000000
-1468.3265707330 -868.2390653486 -2000.0000000000
-1468.3265707330 -868.2390653486 -2000.0000000000
-1468.3265707330 -868.2390653486 -2000.0000000000
-1468.3265707330 -868.2390653486 -2000.0000000000
-1468.3265707330 -868.2390653486 -2000.0000000000
-1468.3265707330 -868.2390653486 -2000.0000000000
-1468.3265707330 -868.2390653486 -2000.0000000000
-825.8729296525 -1619.8784004535 -1767.8853433559
-825.8729296525 -1619.8784004535 -2000.0000000000
-825.8729296525 -1619.8784004535 -2000.0000000000
-825.8729296525 -1619.8784004535 -2000.0000000000
-1948.9229172219 379.5558808160 98.5184803329
-1948.9229172219 379.5558808160 -2000.0000000000
-1742.7671326288 -984.9850516301 316.0831886600
-1742.7671326288 -984.9850516301 -2000.0000000000
-1742.7671326288 -984.9850516301 -2000.0000000000
-1838.4718565706 -82.2357238027 732.4294710664
767.1740068321 -1655.1612361588 -780.6054021448
767.1740068321 -1655.1612361588 -2000.0000000000
767.1740068321 -1655.1612361588 -2000.0000000000
-1192.8518725810 543.9578010189 1553.7074742708
-1002.3857806649 -955.1753364539 -1587.0533449432
-1002.3857806649 -955.1753364539 -2000.0000000000
-1002.3857806649 -955.1753364539 -2000.0000000000
-1002.3857806649 -955.1753364539 -2000.0000000000
-1002.3857806649 -955.1753364539 -2000.0000000000
-353.3885638427 171.0645938444 -1148.8790385846
-353.3885638427 171.0645938444 -2000.0000000000
-353.3885638427 171.0645938444 -2000.0000000000
1127.8061498691 -336.5356321726 -1263.2242046719
1127.8061498691 -336.5356321726 -2000.0000000000
1127.8061498691 -336.5356321726 -2000.0000000000
1127.8061498691 -336.5356321726 -2000.0000000000
651.0192406355 1712.3840915453 -1818.3611780700
651.0192406355 1712.3840915453 -2000.0000000000
651.0192406355 1712.3840915453 -2000.0000000000
651.0192406355 1712.3840915453 -2000.0000000000
651.0192406355 1712.3840915453 -2000.0000000000
651.0192406355 1712.3840915453 -2000.0000000000
651.0192406355 1712.3840915453 -2000.0000000000
651.0192406355 1712.3840915453 -2000.0000000000
-702.2080815813 -1115.0177834781 -383.1232533095
-1240.4325557942 -187.2475386080 -1845.5772225677
-256.4653416323 -1145.2358665210 -1684.5695353000
-866.9438144551 1749.9682927615 1377.3336913883
-866.9438144551 1749.9682927615 -2000.0000000000
-866.9438144551 1749.9682927615 -2000.0000000000
-866.9438144551 1749.9682927615 -2000.0000000000
-866.9438144551 1749.9682927615 -2000.0000000000
-866.9438144551 1749.9682927615 -2000.0000000000
-866.9438144551 1749.9682927615 -2000.0000000000
-866.9438144551 1749.9682927615 -2000.0000000000
-866.9438144551 1749.9682927615 -2000.0000000000
754.8596586766 -909.3602958315 1475.0176046382
754.8596586766 -909.3602958315 -2000.0000000000
754.8596586766 -909.3602958315 -2000.0000000000
754.8596586766 -909.3602958315 -2000.0000000000
1949.0857547704 860.4974086197 1957.4899591815
1949.0857547704 860.4974086197 -2000.0000000000
1949.0857547704 860.4974086197 -2000.0000000000
1949.0857547704 860.4974086197 -2000.0000000000
1949.0857547704 860.4974086197 -2000.0000000000
1949.0857547704 860.4974086197 -2000.0000000000
1949.0857547704 860.4974086197 -2000.0000000000
1949.0857547704 860.4974086197 -2000.0000000000
-1239.4504104408 423.2454491720 -876.8287019561
-1239.4504104408 423.2454491720 -2000.0000000000
-1239.4504104408 423.2454491720 -2000.0000000000
-1239.4504104408 423.2454491720 -2000.0000000000
-1239.4504104408 423.2454491720 -2000.0000000000
-1239.4504104408 423.2454491720 -2000.0000000000
-1239.4504104408 423.2454491720 -2000.0000000000
-1239.4504104408 423.2454491720 -2000.0000000000
-1239.4504104408 423.2454491720 -2000.0000000000
-1239.4504104408 423.2454491720 -2000.0000000000
1444.4075727618 -1165.3669504101 -525.0649475772
1444.4075727618 -1165.3669504101 -2000.0000000000
1444.4075727618 -1165.3669504101 -2000.0000000000
1444.4075727618 -1165.3669504101 -2000.0000000000
1444.4075727618 -1165.3669504101 -2000.0000000000
1444.4075727618 -1165.3669504101 -2000.0000000000
1444.4075727618 -1165.3669504101 -2000.0000000000
1444.4075727618 -1165.3669504101 -2000.0000000000
280.2245643011 268.2282386651 -1795.6855198370
280.2245643011 268.2282386651 -2000.0000000000
280.2245643011 268.2282386651 -2000.0000000000
280.2245643011 268.2282386651 -2000.0000000000
280.2245643011 268.2282386651 -2000.0000000000
1072.7010605185 103.2525438879 155.7099784958
1587.6609412964 -1122.1729292268 -600.1983192468
1587.6609412964 -1122.1729292268 -2000.0000000000
1587.6609412964 -1122.1729292268 -2000.0000000000
1587.6609412964 -1122.1729292268 -2000.0000000000
1587.6609412964 -1122.1729292268 -2000.0000000000
577.0188668591 -1139.5922994662 -749.7154445780
577.0188668591 -1139.5922994662 -2000.0000000000
577.0188668591 -1139.5922994662 -2000.0000000000
577.0188668591 -1139.5922994662 -2000.0000000000
577.0188668591 -1139.5922994662 -2000.0000000000
1494.4275106287 -1274.7192918749 963.4376699153
-590.1380012699 -1352.5472075372 1204.3145587366
-590.1380012699 -1352.5472075372 -2000.0000000000
-590.1380012699 -1352.5472075372 -2000.0000000000
-268.2945490300 97.6787874880 1189.3987590632
-268.2945490300 97.6787874880 -2000.0000000000
-268.2945490300 97.6787874880 -2000.0000000000
-268.2945490300 97.6787874880 -2000.0000000000
1021.5916557761 1225.4139894280 133.6035794756
1277.9791604992 -913.4447778250 820.8879873664
1277.9791604992 -913.4447778250 -2000.0000000000
1277.9791604992 -913.4447778250 -2000.0000000000
1277.9791604992 -913.4447778250 -2000.0000000000
1277.9791604992 -913.4447778250 -2000.0000000000
789.5676970862 1668.5818524811 -535.8834625316
789.5676970862 1668.5818524811 -2000.0000000000
789.5676970862 1668.5818524811 -2000.0000000000
789.5676970862 1668.5818524811 -2000.0000000000
789.5676970862 1668.5818524811 -2000.0000000000
1544.0924030456 662.6128102523 -185.9257138931
1544.0924030456 662.6128102523 -2000.0000000000
1544.0924030456 662.6128102523 -2000.0000000000
1544.0924030456 662.6128102523 -2000.0000000000
-423.1657038853 -978.4276801101 1857.4804014517
-423.1657038853 -978.4276801101 -2000.0000000000
-423.1657038853 -978.4276801101 -2000.0000000000
1468.4514096009 -392.4044136192 1154.6521256126
1468.4514096009 -392.4044136192 -2000.0000000000
1468.4514096009 -392.4044136192 -2000.0000000000
-1089.8133703596 1354.2110592403 -1709.1951146365
-1089.8133703596 1354.2110592403 -2000.0000000000
-1089.8133703596 1354.2110592403 -2000.0000000000
-1089.8133703596 1354.2110592403 -2000.0000000000
-1089.8133703596 1354.2110592403 -2000.0000000000
1798.9771813839 -1028.9604408170 543.1583836102
-36.6690050313 992.4064399045 -53.3533990896
-36.6690050313 992.4064399045 -2000.0000000000
-36.6690050313 992.4064399045 -2000.0000000000
-997.9711469274 -91.8232513084 -1639.1847002215
-997.9711469274 -91.8232513084 -2000.0000000000
-84.5316416451 1405.2095826948 594.2490151696
-84.5316416451 1405.2095826948 -2000.0000000000
-133.2973897656 -1080.5379953910 852.3351504658
-133.2973897656 -1080.5379953910 -2000.0000000000
1377.8172276822 -748.7712171058 -350.3690044525
1377.8172276822 -748.7712171058 -2000.0000000000
1377.8172276822 -748.7712171058 -2000.0000000000
1377.8172276822 -748.7712171058 -2000.0000000000
-1644.9885085096 -247.4294359075 -884.6501537987
-1644.9885085096 -247.4294359075 -2000.0000000000
-800.7825070953 -1243.1102837527 -980.9262841412
-486.7098471496 979.9834859823 1194.8637933267
-486.7098471496 979.9834859823 -2000.0000000000
-486.7098471496 979.9834859823 -2000.0000000000
-486.7098471496 979.9834859823 -2000.0000000000
1468.9131197207 766.6370652787 42.9939577448
1468.9131197207 766.6370652787 -2000.0000000000
1935.3058287956 -1293.3624588307 1931.6281353130
1935.3058287956 -1293.3624588307 -2000.0000000000
1935.3058287956 -1293.3624588307 -2000.0000000000
1935.3058287956 -1293.3624588307 -2000.0000000000
1935.3058287956 -1293.3624588307 -2000.0000000000
1935.3058287956 -1293.3624588307 -2000.0000000000
-485.9203128247 220.7175482084 1942.5789640215
-71.1575918947 1157.3989578272 947.8927704292
-914.8796979175 259.0748696925 -1882.8200495952
-489.1781527863 -201.6129157700 172.7268900466
-489.1781527863 -201.6129157700 -2000.0000000000
1054.3112923918 1657.7316010472 883.6649260122
1054.3112923918 1657.7316010472 -2000.0000000000
1054.3112923918 1657.7316010472 -2000.0000000000
766.5374485198 374.4399771164 -832.3779260921
766.5374485198 374.4399771164 -2000.0000000000
766.5374485198 374.4399771164 -2000.0000000000
-94.6774191672 1758.2270221729 -1044.1716792474
-94.6774191672 1758.2270221729 -2000.0000000000
-94.6774191672 1758.2270221729 -2000.0000000000
-651.0120044802 -1005.4385028736 297.2147530644
-651.0120044802 -1005.4385028736 -2000.0000000000
1214.2291268840 222.7498865283 -1548.1653236829
1214.2291268840 222.7498865283 -2000.0000000000
1214.2291268840 222.7498865283 -2000.0000000000
-389.5229323175 671.3521622115 32.0557664422
-389.5229323175 671.3521622115 -2000.0000000000
513.2849988131 1049.6838694473 -1958.8818578828
-616.6078004475 -91.3793488510 1758.9395337206
-616.6078004475 -91.3793488510 -2000.0000000000
-616.6078004475 -91.3793488510 -2000.0000000000
-145.1795479353 1145.1210316114 1408.2566287704
-145.1795479353 1145.1210316114 -2000.0000000000
-145.1795479353 1145.1210316114 -2000.0000000000
-145.1795479353 1145.1210316114 -2000.0000000000
-145.1795479353 1145.1210316114 -2000.0000000000
-930.8000342062 -167.7874981674 -1643.5786277690
242.1074881955 1067.0519146995 241.9454669814
242.1074881955 1067.0519146995 -2000.0000000000
242.1074881955 1067.0519146995 -2000.0000000000
242.1074881955 1067.0519146995 -2000.0000000000
242.1074881955 1067.0519146995 -2000.0000000000
242.1074881955 1067.0519146995 -2000.0000000000
-884.6041873936 1180.7112048390 -960.5669653311
-515.2736100546 1229.7003636952 -1474.4225201166
-1062.3041148191 1158.5822791848 123.5208799391
-1062.3041148191 1158.5822791848 -2000.0000000000
-1062.3041148191 1158.5822791848 -2000.0000000000
-547.8991080540 -1221.3940500740 1061.4645574939
-547.8991080540 -1221.3940500740 -2000.0000000000
-547.8991080540 -1221.3940500740 -2000.0000000000
-547.8991080540 -1221.3940500740 -2000.0000000000
-547.8991080540 -1221.3940500740 -2000.0000000000
973.9055429249 1185.6951565371 1200.1939678599
973.9055429249 1185.6951565371 -2000.0000000000
973.9055429249 1185.6951565371 -2000.0000000000
973.9055429249 1185.6951565371 -2000.0000000000
973.9055429249 1185.6951565371 -2000.0000000000
973.9055429249 1185.6951565371 -2000.0000000000
1119.7234475865 -53.3199535176 -754.7420221468
1119.7234475865 -53.3199535176 -2000.0000000000
66.4922752632 -1497.1289506532 -532.0329790150
66.4922752632 -1497.1289506532 -2000.0000000000
66.4922752632 -1497.1289506532 -2000.0000000000
66.4922752632 -1497.1289506532 -2000.0000000000
66.4922752632 -1497.1289506532 -2000.0000000000
66.4922752632 -1497.1289506532 -2000.0000000000
66.4922752632 -1497.1289506532 -2000.0000000000
66.4922752632 -1497.1289506532 -2000.0000000000
66.4922752632 -1497.1289506532 -2000.0000000000
66.4922752632 -1497.1289506532 -2000.0000000000
66.4922752632 -1497.1289506532 -2000.0000000000
66.4922752632 -1497.1289506532 -2000.0000000000
399.4618599330 1217.6665314289 117.6374080816
399.4618599330 1217.6665314289 -2000.0000000000
399.4618599330 1217.6665314289 -2000.0000000000
399.4618599330 1217.6665314289 -2000.0000000000
399.4618599330 1217.6665314289 -2000.0000000000
399.4618599330 1217.6665314289 -2000.0000000000
399.4618599330 1217.6665314289 -2000.0000000000
450.2910860387 -970.4979753731 204.5958551760
450.2910860387 -970.4979753731 -2000.0000000000
450.2910860387 -970.4979753731 -2000.0000000000
450.2910860387 -970.4979753731 -2000.0000000000
450.2910860387 -970.4979753731 -2000.0000000000
450.2910860387 -970.4979753731 -2000.0000000000
450.2910860387 -970.4979753731 -2000.0000000000
450.2910860387 -970.4979753731 -2000.0000000000
450.2910860387 -970.4979753731 -2000.0000000000
633.1584563959 603.3150855526 904.4914105462
633.1584563959 603.3150855526 -2000.0000000000
633.1584563959 603.3150855526 -2000.0000000000
633.1584563959 603.3150855526 -2000.0000000000
633.1584563959 603.3150855526 -2000.0000000000
-422.4075738029 -595.3140791264 -536.3020758145
-422.4075738029 -595.3140791264 -2000.0000000000
-422.4075738029 -595.3140791264 -2000.0000000000
-422.4075738029 -595.3140791264 -2000.0000000000
927.1043298818 1755.8609741920 332.4947657653
574.6598189470 1500.6149965673 520.3938507679
574.6598189470 1500.6149965673 -2000.0000000000
574.6598189470 1500.6149965673 -2000.0000000000
574.6598189470 1500.6149965673 -2000.0000000000
602.6447057384 567.1557786783 370.7215037731
602.6447057384 567.1557786783 -2000.0000000000
250.8376579995 -1281.4846881967 -1806.0926310891
-1414.0266399477 1162.2763821268 1811.0268718989
1953.8038677145 1678.6040631681 1604.8562192221
1953.8038677145 1678.6040631681 -2000.0000000000
1953.8038677145 1678.6040631681 -2000.0000000000
1953.8038677145 1678.6040631681 -2000.0000000000
1953.8038677145 1678.6040631681 -2000.0000000000
-1456.4718329292 1724.0070061508 -785.6366443886
638.1004399565 1227.2574128481 1392.9838094226
1846.8533921234 644.2648822089 973.8350116744
1846.8533921234 644.2648822089 -2000.0000000000
1846.8533921234 644.2648822089 -2000.0000000000
1846.8533921234 644.2648822089 -2000.0000000000
1846.8533921234 644.2648822089 -2000.0000000000
1137.3430234133 1381.4442729616 -1825.8757200777
-1337.9859986287 -8.6779281207 60.2104025651
-1337.9859986287 -8.6779281207 -2000.0000000000
-1337.9859986287 -8.6779281207 -2000.0000000000
-1337.9859986287 -8.6779281207 -2000.0000000000
1344.3796474095 -1332.5184352583 256.4112053523
1344.3796474095 -1332.5184352583 -2000.0000000000
1344.3796474095 -1332.5184352583 -2000.0000000000
1344.3796474095 -1332.5184352583 -2000.0000000000
827.7757940205 -614.2430292677 -705.5730915950
827.7757940205 -614.2430292677 -2000.0000000000
827.7757940205 -614.2430292677 -2000.0000000000
827.7757940205 -614.2430292677 -2000.0000000000
827.7757940205 -614.2430292677 -2000.0000000000
827.7757940205 -614.2430292677 -2000.0000000000
827.7757940205 -614.2430292677 -2000.0000000000
-1564.2388441635 -1380.9060504458 -1619.2815870182
-1119.5162785806 670.5481477371 231.7791261961
1737.0420788895 -331.0185283794 780.9625876074
1737.0420788895 -331.0185283794 -2000.0000000000
1737.0420788895 -331.0185283794 -2000.0000000000
1737.0420788895 -331.0185283794 -2000.0000000000
1737.0420788895 -331.0185283794 -2000.0000000000
1737.0420788895 -331.0185283794 -2000.0000000000
1737.0420788895 -331.0185283794 -2000.0000000000
1737.0420788895 -331.0185283794 -2000.0000000000
1737.0420788895 -331.0185283794 -2000.0000000000
1737.0420788895 -331.0185283794 -2000.0000000000
-1049.7645635780 -97.1013951967 -162.6660840039
-1049.7645635780 -97.1013951967 -2000.0000000000
-228.5829544042 1522.6292677654 1626.9879855560
-228.5829544042 1522.6292677654 -2000.0000000000
-228.5829544042 1522.6292677654 -2000.0000000000
-228.5829544042 1522.6292677654 -2000.0000000000
-228.5829544042 1522.6292677654 -2000.0000000000
-228.5829544042 1522.6292677654 -2000.0000000000
-228.5829544042 1522.6292677654 -2000.0000000000
-1686.0035092254 -1635.0914955384 922.9811462946
-1686.0035092254 -1635.0914955384 -2000.0000000000
-1686.0035092254 -1635.0914955384 -2000.0000000000
-1686.0035092254 -1635.0914955384 -2000.0000000000
-1686.0035092254 -1635.0914955384 -2000.0000000000
-1686.0035092254 -1635.0914955384 -2000.0000000000
-1686.0035092254 -1635.0914955384 -2000.0000000000
-1429.6334419510 -1574.9943743518 -1742.5235797478
-1429.6334419510 -1574.9943743518 -2000.0000000000
-1429.6334419510 -1574.9943743518 -2000.0000000000
-1429.6334419510 -1574.9943743518 -2000.0000000000
-1429.6334419510 -1574.9943743518 -2000.0000000000
-392.9887198895 1878.9334055565 1643.7496959450
1599.4320592569 -354.5019410511 -1327.5724289556
1599.4320592569 -354.5019410511 -2000.0000000000
1599.4320592569 -354.5019410511 -2000.0000000000
1599.4320592569 -354.5019410511 -2000.0000000000
1599.4320592569 -354.5019410511 -2000.0000000000
1599.4320592569 -354.5019410511 -2000.0000000000
1599.4320592569 -354.5019410511 -2000.0000000000
1599.4320592569 -354.5019410511 -2000.0000000000
1599.4320592569 -354.5019410511 -2000.0000000000
1599.4320592569 -354.5019410511 -2000.0000000000
1599.4320592569 -354.5019410511 -2000.0000000000
1599.4320592569 -354.5019410511 -2000.0000000000
1599.4320592569 -354.5019410511 -2000.0000000000
1599.4320592569 -354.5019410511 -2000.0000000000
1599.4320592569 -354.5019410511 -2000.0000000000
1599.4320592569 -354.5019410511 -2000.0000000000
1599.4320592569 -354.5019410511 -2000.0000000000
1599.4320592569 -354.5019410511 -2000.0000000000
1599.4320592569 -354.5019410511 -2000.0000000000
1599.4320592569 -354.5019410511 -2000.0000000000
1599.4320592569 -354.5019410511 -2000.0000000000
1813.0097171638 1210.6212791294 -1177.6261985450
1813.0097171638 1210.6212791294 -2000.0000000000
-545.6192847638 -1882.1250229242 -121.1098074999
1625.9666749213 -333.8477438904 581.3451943090
-114.1908545774 -1244.2197170554 -1077.5361722961
-114.1908545774 -1244.2197170554 -2000.0000000000
-114.1908545774 -1244.2197170554 -2000.0000000000
-114.1908545774 -1244.2197170554 -2000.0000000000
-114.1908545774 -1244.2197170554 -2000.0000000000
-114.1908545774 -1244.2197170554 -2000.0000000000
-114.1908545774 -1244.2197170554 -2000.0000000000
1061.2867342294 1176.2639661075 910.0288950993
-148.0629980583 -302.7181371313 -591.2554325978
-1607.1220487791 806.4884066184 705.0152525239
-1607.1220487791 806.4884066184 -2000.0000000000
-1607.1220487791 806.4884066184 -2000.0000000000
-1607.1220487791 806.4884066184 -2000.0000000000
-490.7442906764 368.1633531776 -1797.7574883421
1347.0493244593 1642.9033821366 -243.6868723619
1347.0493244593 1642.9033821366 -2000.0000000000
1347.0493244593 1642.9033821366 -2000.0000000000
1141.2325350413 1831.9075606783 844.4213547641
-1571.6203888122 -1023.4615608910 -1467.4908491048
-1571.6203888122 -1023.4615608910 -2000.0000000000
-1555.4526922625 1773.8754866933 384.0986025485
-1555.4526922625 1773.8754866933 -2000.0000000000
-1555.4526922625 1773.8754866933 -2000.0000000000
-1555.4526922625 1773.8754866933 -2000.0000000000
-1555.4526922625 1773.8754866933 -2000.0000000000
-1555.4526922625 1773.8754866933 -2000.0000000000
-1555.4526922625 1773.8754866933 -2000.0000000000
-1555.4526922625 1773.8754866933 -2000.0000000000
-1555.4526922625 1773.8754866933 -2000.0000000000
-1035.3314124636 -1540.7696560452 -223.0081277497
-1035.3314124636 -1540.7696560452 -2000.0000000000
-1035.3314124636 -1540.7696560452 -2000.0000000000
-1035.3314124636 -1540.7696560452 -2000.0000000000
-1035.3314124636 -1540.7696560452 -2000.0000000000
-1035.3314124636 -1540.7696560452 -2000.0000000000
-1035.3314124636 -1540.7696560452 -2000.0000000000
-1035.3314124636 -1540.7696560452 -2000.0000000000
1901.5634969342 -1972.3423555821 -1990.1723468982
1901.5634969342 -1972.3423555821 -2000.0000000000
-1310.7295666350 -1510.0734501888 -1579.1764338182
-1310.7295666350 -1510.0734501888 -2000.0000000000
-1310.7295666350 -1510.0734501888 -2000.0000000000
-1722.6332781302 1285.5353857533 -872.4524307361
-1722.6332781302 1285.5353857533 -2000.0000000000
-1722.6332781302 1285.5353857533 -2000.0000000000
-1722.6332781302 1285.5353857533 -2000.0000000000
-1722.6332781302 1285.5353857533 -2000.0000000000
-1722.6332781302 1285.5353857533 -2000.0000000000
-1722.6332781302 1285.5353857533 -2000.0000000000
-1722.6332781302 1285.5353857533 -2000.0000000000
-194.7576589599 937.0118022822 1919.3508537291
-194.7576589599 937.0118022822 -2000.0000000000
-194.7576589599 937.0118022822 -2000.0000000000
-194.7576589599 937.0118022822 -2000.0000000000
-194.7576589599 937.0118022822 -2000.0000000000
1748.4667405232 1496.4781305986 689.9777730926
1273.5247725892 -459.7424270825 -1185.2420523252
1273.5247725892 -459.7424270825 -2000.0000000000
1273.5247725892 -459.7424270825 -2000.0000000000
1947.1495649576 238.9404215057 -863.5741505141
1947.1495649576 238.9404215057 -2000.0000000000
-1136.4521633058 -1610.5181274151 1060.6002453988
-1136.4521633058 -1610.5181274151 -2000.0000000000
-1605.6561215397 -479.5857449854 1175.5890822573
285.8621875944 1794.6781099880 -1915.8477585655
285.8621875944 1794.6781099880 -2000.0000000000
-1639.9319376723 -983.0914598405 -65.9394604059
-1639.9319376723 -983.0914598405 -2000.0000000000
-1639.9319376723 -983.0914598405 -2000.0000000000
-1639.9319376723 -983.0914598405 -2000.0000000000
1996.3807170847 825.8054264102 805.3255439830
1996.3807170847 825.8054264102 -2000.0000000000
-1563.0627484456 -817.7247780404 1540.0381620920
-1563.0627484456 -817.7247780404 -2000.0000000000
-1563.0627484456 -817.7247780404 -2000.0000000000
-1563.0627484456 -817.7247780404 -2000.0000000000
-218.4488782725 899.7308571458 1985.2114441171
-218.4488782725 899.7308571458 -2000.0000000000
-218.4488782725 899.7308571458 -2000.0000000000
-218.4488782725 899.7308571458 -2000.0000000000
1146.7296360582 -163.7857796937 336.9822597276
1146.7296360582 -163.7857796937 -2000.0000000000
1146.7296360582 -163.7857796937 -2000.0000000000
1146.7296360582 -163.7857796937 -2000.0000000000
1146.7296360582 -163.7857796937 -2000.0000000000
1146.7296360582 -163.7857796937 -2000.0000000000
1146.7296360582 -163.7857796937 -2000.0000000000
1146.7296360582 -163.7857796937 -2000.0000000000
1146.7296360582 -163.7857796937 -2000.0000000000
1146.7296360582 -163.7857796937 -2000.0000000000
353.6637854489 -1230.6616932966 -777.8247139322
353.6637854489 -1230.6616932966 -2000.0000000000
353.6637854489 -1230.6616932966 -2000.0000000000
353.6637854489 -1230.6616932966 -2000.0000000000
353.6637854489 -1230.6616932966 -2000.0000000000
353.6637854489 -1230.6616932966 -2000.0000000000
353.6637854489 -1230.6616932966 -2000.0000000000
353.6637854489 -1230.6616932966 -2000.0000000000
353.6637854489 -1230.6616932966 -2000.0000000000
353.6637854489 -1230.6616932966 -2000.0000000000
353.6637854489 -1230.6616932966 -2000.0000000000
353.6637854489 -1230.6616932966 -2000.0000000000
353.6637854489 -1230.6616932966 -2000.0000000000
-147.2328074965 607.8954012149 -651.1810744372
-147.2328074965 607.8954012149 -2000.0000000000
-147.2328074965 607.8954012149 -2000.0000000000
-147.2328074965 607.8954012149 -2000.0000000000
-147.2328074965 607.8954012149 -2000.0000000000
-147.2328074965 607.8954012149 -2000.0000000000
-147.2328074965 607.8954012149 -2000.0000000000
-147.2328074965 607.8954012149 -2000.0000000000
-147.2328074965 607.8954012149 -2000.0000000000
-147.2328074965 607.8954012149 -2000.0000000000
-147.2328074965 607.8954012149 -2000.0000000000
-147.2328074965 607.8954012149 -2000.0000000000
-147.2328074965 607.8954012149 -2000.0000000000
-147.2328074965 607.8954012149 -2000.0000000000
-147.2328074965 607.8954012149 -2000.0000000000
-147.2328074965 607.8954012149 -2000.0000000000
-147.2328074965 607.8954012149 -2000.0000000000
-147.2328074965 607.8954012149 -2000.0000000000
-1837.5598531848 -427.5050372575 1375.2668335201
1047.4637266524 884.0233148888 -1460.4966013607
1047.4637266524 884.0233148888 -2000.0000000000
1047.4637266524 884.0233148888 -2000.0000000000
224.4430769943 -584.6352104377 -18.5087474350
224.4430769943 -584.6352104377 -2000.0000000000
224.4430769943 -584.6352104377 -2000.0000000000
224.4430769943 -584.6352104377 -2000.0000000000
1819.5560990128 -1110.4868551356 -755.6429689111
1819.5560990128 -1110.4868551356 -2000.0000000000
997.7149683540 -785.3027265752 1642.7218114190
1499.9942798011 1114.1153908530 1500.9429276725
1499.9942798011 1114.1153908530 -2000.0000000000
310.2412983142 -1865.3198744538 -1925.7337178727
48.3755571627 664.0368892405 1199.8241168356
1476.6901905274 -1220.2942305507 -404.3201799214
1476.6901905274 -1220.2942305507 -2000.0000000000
1476.6901905274 -1220.2942305507 -2000.0000000000
1476.6901905274 -1220.2942305507 -2000.0000000000
1476.6901905274 -1220.2942305507 -2000.0000000000
1476.6901905274 -1220.2942305507 -2000.0000000000
-31.6556679008 -148.3416457998 -1517.0741394780
1602.4332001504 858.6504082606 -318.3206075467
1602.4332001504 858.6504082606 -2000.0000000000
1602.4332001504 858.6504082606 -2000.0000000000
-1934.7602663203 -848.1757437467 -417.4602132736
-1934.7602663203 -848.1757437467 -2000.0000000000
-1885.1993859376 1875.0052310102 -274.8890605209
-1885.1993859376 1875.0052310102 -2000.0000000000
985.9205127202 -1580.5205946011 643.1805670818
985.9205127202 -1580.5205946011 -2000.0000000000
985.9205127202 -1580.5205946011 -2000.0000000000
985.9205127202 -1580.5205946011 -2000.0000000000
985.9205127202 -1580.5205946011 -2000.0000000000
985.9205127202 -1580.5205946011 -2000.0000000000
985.9205127202 -1580.5205946011 -2000.0000000000
985.9205127202 -1580.5205946011 -2000.0000000000
985.9205127202 -1580.5205946011 -2000.0000000000
985.9205127202 -1580.5205946011 -2000.0000000000
985.9205127202 -1580.5205946011 -2000.0000000000
-258.5565524113 462.3999862758 -1459.6337777825
-861.7399794912 52.8058189883 -1483.0591891449
-861.7399794912 52.8058189883 -2000.0000000000
-861.7399794912 52.8058189883 -2000.0000000000
652.4342249863 1877.3736364688 1239.8895783836
652.4342249863 1877.3736364688 -2000.0000000000
652.4342249863 1877.3736364688 -2000.0000000000
652.4342249863 1877.3736364688 -2000.0000000000
652.4342249863 1877.3736364688 -2000.0000000000
893.2335684843 411.3611397159 -1129.9274671699
730.2100467154 904.6220563453 39.8525147693
347.9688035350 -1503.3360872591 -374.7855967194
347.9688035350 -1503.3360872591 -2000.0000000000
347.9688035350 -1503.3360872591 -2000.0000000000
347.9688035350 -1503.3360872591 -2000.0000000000
-836.0747026166 -542.9576921978 801.4780578412
-864.7423728159 1160.7747834951 -258.5269768221
-1145.4397086914 -1910.1925530944 1906.2088670792
321.2404523567 -1970.1411186382 628.4582183481
-340.6407002357 342.3035585817 1075.6365810829
-340.6407002357 342.3035585817 -2000.0000000000
-340.6407002357 342.3035585817 -2000.0000000000
-340.6407002357 342.3035585817 -2000.0000000000
-340.6407002357 342.3035585817 -2000.0000000000
442.9024231101 927.9942606747 -1981.4453828174
442.9024231101 927.9942606747 -2000.0000000000
1570.2054253935 -1054.8468329415 500.8693419466
1570.2054253935 -1054.8468329415 -2000.0000000000
1570.2054253935 -1054.8468329415 -2000.0000000000
1864.1890193816 933.5512149441 807.4601686781
739.5340071064 -785.2469260910 -1441.4153167269
739.5340071064 -785.2469260910 -2000.0000000000
739.5340071064 -785.2469260910 -2000.0000000000
739.5340071064 -785.2469260910 -2000.0000000000
1858.6156011177 103.0781168776 929.2188539153
-1488.4996276747 74.0968791334 -474.7693289603
-1488.4996276747 74.0968791334 -2000.0000000000
-748.9044627655 -1106.0266238569 833.1950024254
-367.0119568952 1842.2969838042 -1861.2159521045
-367.0119568952 1842.2969838042 -2000.0000000000
-367.0119568952 1842.2969838042 -2000.0000000000
-85.8283139266 -1175.8791206348 -1479.5846720385
1390.1363297631 -812.2140081244 -678.0833056550
-164.7739428187 399.8564720280 1604.1611585518
-301.0851878817 1689.5921555793 -1593.2906215899
-301.0851878817 1689.5921555793 -2000.0000000000
1090.4553350726 -1219.2635151711 1011.4933209600
1090.4553350726 -1219.2635151711 -2000.0000000000
1090.4553350726 -1219.2635151711 -2000.0000000000
1090.4553350726 -1219.2635151711 -2000.0000000000
1090.4553350726 -1219.2635151711 -2000.0000000000
1090.4553350726 -1219.2635151711 -2000.0000000000
817.8363463406 -448.3976684543 -538.0190015422
817.8363463406 -448.3976684543 -2000.0000000000
1579.6216308700 363.8603330316 1527.0673780316
1579.6216308700 363.8603330316 -2000.0000000000
1579.6216308700 363.8603330316 -2000.0000000000
190.2807579181 -1870.9120970805 441.6303354946
1848.7257718531 1418.9193765318 -989.6735734338
358.6128606061 1000.4948848258 1598.0271051378
358.6128606061 1000.4948848258 -2000.0000000000
358.6128606061 1000.4948848258 -2000.0000000000
358.6128606061 1000.4948848258 -2000.0000000000
358.6128606061 1000.4948848258 -2000.0000000000
358.6128606061 1000.4948848258 -2000.0000000000
358.6128606061 1000.4948848258 -2000.0000000000
358.6128606061 1000.4948848258 -2000.0000000000
-972.1516243759 -427.9698359914 997.1517701053
-433.9902635411 -1750.0360131683 -28.1497006122
-433.9902635411 -1750.0360131683 -2000.0000000000
-433.9902635411 -1750.0360131683 -2000.0000000000
-433.9902635411 -1750.0360131683 -2000.0000000000
-433.9902635411 -1750.0360131683 -2000.0000000000
-433.9902635411 -1750.0360131683 -2000.0000000000
-951.5550525927 -1932.3156022531 -239.4901894476
-951.5550525927 -1932.3156022531 -2000.0000000000
-951.5550525927 -1932.3156022531 -2000.0000000000
-951.5550525927 -1932.3156022531 -2000.0000000000
-951.5550525927 -1932.3156022531 -2000.0000000000
-951.5550525927 -1932.3156022531 -2000.0000000000
-1692.3653219003 -1548.0794732589 1687.4491653481
-1692.3653219003 -1548.0794732589 -2000.0000000000
-1117.5474928319 1617.6080766321 1624.8806136065
-1117.5474928319 1617.6080766321 -2000.0000000000
-1117.5474928319 1617.6080766321 -2000.0000000000
-1117.5474928319 1617.6080766321 -2000.0000000000
-1117.5474928319 1617.6080766321 -2000.0000000000
-1117.5474928319 1617.6080766321 -2000.0000000000
-1117.5474928319 1617.6080766321 -2000.0000000000
-1117.5474928319 1617.6080766321 -2000.0000000000
-1117.5474928319 1617.6080766321 -2000.0000000000
-1117.5474928319 1617.6080766321 -2000.0000000000
-1117.5474928319 1617.6080766321 -2000.0000000000
-1117.5474928319 1617.6080766321 -2000.0000000000
-1117.5474928319 1617.6080766321 -2000.0000000000
-1589.5516315271 941.2502108175 -1595.2203620496
-1589.5516315271 941.2502108175 -2000.0000000000
-787.1397564932 -1070.2531421383 1451.7803217202
-787.1397564932 -1070.2531421383 -2000.0000000000
-787.1397564932 -1070.2531421383 -2000.0000000000
-787.1397564932 -1070.2531421383 -2000.0000000000
-787.1397564932 -1070.2531421383 -2000.0000000000
846.2289473100 -253.2269835566 -1725.1702287706
-845.7501924038 10.0859786492 -298.7867867368
-845.7501924038 10.0859786492 -2000.0000000000
-845.7501924038 10.0859786492 -2000.0000000000
1689.5491136410 -1732.9332759635 -1965.3667207518
1689.5491136410 -1732.9332759635 -2000.0000000000
1689.5491136410 -1732.9332759635 -2000.0000000000
1689.5491136410 -1732.9332759635 -2000.0000000000
687.1329837787 413.0024912141 -1951.5979218756
687.1329837787 413.0024912141 -2000.0000000000
687.1329837787 413.0024912141 -2000.0000000000
728.6911170759 -1850.4567652757 -898.2545529075
728.6911170759 -1850.4567652757 -2000.0000000000
728.6911170759 -1850.4567652757 -2000.0000000000
728.6911170759 -1850.4567652757 -2000.0000000000
602.8550606032 -1745.5973956651 1437.3614820247
602.8550606032 -1745.5973956651 -2000.0000000000
602.8550606032 -1745.5973956651 -2000.0000000000
602.8550606032 -1745.5973956651 -2000.0000000000
602.8550606032 -1745.5973956651 -2000.0000000000
602.8550606032 -1745.5973956651 -2000.0000000000
-895.1915544992 110.6788775786 -265.3194213151
-895.1915544992 110.6788775786 -2000.0000000000
-895.1915544992 110.6788775786 -2000.0000000000
1839.8345406517 -390.0345206503 -973.8508082067
211.8800757488 -884.8555668902 -1416.9708176096
211.8800757488 -884.8555668902 -2000.0000000000
1786.0521012414 1472.0967766446 -457.3657745480
1786.0521012414 1472.0967766446 -2000.0000000000
1786.0521012414 1472.0967766446 -2000.0000000000
-1397.1498216616 1269.8246579399 1469.3025574023
-1397.1498216616 1269.8246579399 -2000.0000000000
-1397.1498216616 1269.8246579399 -2000.0000000000
-1397.1498216616 1269.8246579399 -2000.0000000000
1932.2063672575 1663.6250224465 782.1509530156
1932.2063672575 1663.6250224465 -2000.0000000000
1932.2063672575 1663.6250224465 -2000.0000000000
1932.2063672575 1663.6250224465 -2000.0000000000
737.6981906945 -107.9383737180 231.0284967123
737.6981906945 -107.9383737180 -2000.0000000000
-1679.0810428596 363.1686783935 -1025.8468463001
-1679.0810428596 363.1686783935 -2000.0000000000
-1901.4280861842 1512.2435830808 70.1583679014
-1901.4280861842 1512.2435830808 -2000.0000000000
87.5415454487 -1154.5063986608 -158.5024137969
-1260.7372774711 -1756.2326150873 1511.9668188984
-959.1948499259 -410.3568606414 585.3905768757
-959.1948499259 -410.3568606414 -2000.0000000000
-369.1758540406 -1029.0239317968 1840.9208744994
-369.1758540406 -1029.0239317968 -2000.0000000000
-369.1758540406 -1029.0239317968 -2000.0000000000
-369.1758540406 -1029.0239317968 -2000.0000000000
-369.1758540406 -1029.0239317968 -2000.0000000000
-369.1758540406 -1029.0239317968 -2000.0000000000
1350.3148166394 -727.6052787319 -704.8578825695
1350.3148166394 -727.6052787319 -2000.0000000000
1350.3148166394 -727.6052787319 -2000.0000000000
1350.3148166394 -727.6052787319 -2000.0000000000
1350.3148166394 -727.6052787319 -2000.0000000000
1350.3148166394 -727.6052787319 -2000.0000000000
662.0832075229 1861.0871533582 -699.4263506887
662.0832075229 1861.0871533582 -2000.0000000000
662.0832075229 1861.0871533582 -2000.0000000000
662.0832075229 1861.0871533582 -2000.0000000000
-620.5659569159 -795.7353636423 1474.4544847070
-620.5659569159 -795.7353636423 -2000.0000000000
-321.6411900285 -1258.9223260335 1357.1105805026
-1687.0565486603 -192.3693793543 158.2461643445
-1687.0565486603 -192.3693793543 -2000.0000000000
-1687.0565486603 -192.3693793543 -2000.0000000000
-1687.0565486603 -192.3693793543 -2000.0000000000
-1687.0565486603 -192.3693793543 -2000.0000000000
-1687.0565486603 -192.3693793543 -2000.0000000000
-1050.0794332709 -424.7254109025 -1905.6594475717
-1050.0794332709 -424.7254109025 -2000.0000000000
-1050.0794332709 -424.7254109025 -2000.0000000000
-1050.0794332709 -424.7254109025 -2000.0000000000
-1589.0808266144 -426.0040971160 -1212.4216259875
-1589.0808266144 -426.0040971160 -2000.0000000000
-1589.0808266144 -426.0040971160 -2000.0000000000
-1589.0808266144 -426.0040971160 -2000.0000000000
-1589.0808266144 -426.0040971160 -2000.0000000000
1206.5348741571 -89.7715355147 816.1396806360
1206.5348741571 -89.7715355147 -2000.0000000000
1206.5348741571 -89.7715355147 -2000.0000000000
1206.5348741571 -89.7715355147 -2000.0000000000
-937.0706046714 880.8252950857 1397.2757616797
-937.0706046714 880.8252950857 -2000.0000000000
-937.0706046714 880.8252950857 -2000.0000000000
-937.0706046714 880.8252950857 -2000.0000000000
624.9387690749 -329.3545162390 1098.2033269090
624.9387690749 -329.3545162390 -2000.0000000000
624.9387690749 -329.3545162390 -2000.0000000000
624.9387690749 -329.3545162390 -2000.0000000000
624.9387690749 -329.3545162390 -2000.0000000000
624.9387690749 -329.3545162390 -2000.0000000000
624.9387690749 -329.3545162390 -2000.0000000000
624.9387690749 -329.3545162390 -2000.0000000000
624.9387690749 -329.3545162390 -2000.0000000000
1857.7315560212 -520.0266164641 1541.8309788092
1857.7315560212 -520.0266164641 -2000.0000000000
1857.7315560212 -520.0266164641 -2000.0000000000
1857.7315560212 -520.0266164641 -2000.0000000000
1857.7315560212 -520.0266164641 -2000.0000000000
-152.0284201214 -433.8627096478 -731.1947692654
-1640.2513108735 -1642.1056690692 1673.1889019752
-471.2047146800 1304.1068667492 -1172.7470588451
1675.1250432418 -1040.0023937574 -771.2549843446
-453.3768064014 -1643.6222468624 819.6781267647
1172.0913263531 -1172.1528645206 466.4286685972
1172.0913263531 -1172.1528645206 -2000.0000000000
1172.0913263531 -1172.1528645206 -2000.0000000000
1172.0913263531 -1172.1528645206 -2000.0000000000
1172.0913263531 -1172.1528645206 -2000.0000000000
-927.0015891890 -1433.3904043767 932.8635078170
-927.0015891890 -1433.3904043767 -2000.0000000000
-927.0015891890 -1433.3904043767 -2000.0000000000
-927.0015891890 -1433.3904043767 -2000.0000000000
-927.0015891890 -1433.3904043767 -2000.0000000000
-927.0015891890 -1433.3904043767 -2000.0000000000
-927.0015891890 -1433.3904043767 -2000.0000000000
-927.0015891890 -1433.3904043767 -2000.0000000000
-927.0015891890 -1433.3904043767 -2000.0000000000
-927.0015891890 -1433.3904043767 -2000.0000000000
165.5261800128 -742.2305511420 -1058.3930014831
165.5261800128 -742.2305511420 -2000.0000000000
32.7151282148 1152.3879482320 1167.8386394946
342.9338793678 585.8231347318 -874.0702305008
342.9338793678 585.8231347318 -2000.0000000000
342.9338793678 585.8231347318 -2000.0000000000
342.9338793678 585.8231347318 -2000.0000000000
342.9338793678 585.8231347318 -2000.0000000000
-324.7515310205 -1757.8375195335 48.3678767478
421.9508233523 1978.3995468756 921.9524447878
1859.5326267999 -1699.6620610844 367.0379452057
1859.5326267999 -1699.6620610844 -2000.0000000000
1859.5326267999 -1699.6620610844 -2000.0000000000
491.3244911739 1585.9204915878 -1616.2253359845
491.3244911739 1585.9204915878 -2000.0000000000
1786.4641097111 803.6454247258 232.0066226175
-1990.0904885636 -1993.6529561324 1273.6876114944
-1990.0904885636 -1993.6529561324 -2000.0000000000
-1990.0904885636 -1993.6529561324 -2000.0000000000
-1990.0904885636 -1993.6529561324 -2000.0000000000
-1990.0904885636 -1993.6529561324 -2000.0000000000
-1990.0904885636 -1993.6529561324 -2000.0000000000
-1990.0904885636 -1993.6529561324 -2000.0000000000
-1990.0904885636 -1993.6529561324 -2000.0000000000
-1990.0904885636 -1993.6529561324 -2000.0000000000
-1990.0904885636 -1993.6529561324 -2000.0000000000
-1990.0904885636 -1993.6529561324 -2000.0000000000
-1990.0904885636 -1993.6529561324 -2000.0000000000
-1990.0904885636 -1993.6529561324 -2000.0000000000
-1810.8091614620 -1506.2480784115 1848.2808689544
49.9533888158 297.0316965521 -664.9156322768
49.9533888158 297.0316965521 -2000.0000000000
49.9533888158 297.0316965521 -2000.0000000000
49.9533888158 297.0316965521 -2000.0000000000
49.9533888158 297.0316965521 -2000.0000000000
49.9533888158 297.0316965521 -2000.0000000000
49.9533888158 297.0316965521 -2000.0000000000
49.9533888158 297.0316965521 -2000.0000000000
49.9533888158 297.0316965521 -2000.0000000000
49.9533888158 297.0316965521 -2000.0000000000
-1686.1682889391 -1293.1988654188 -1354.3641577559
-1686.1682889391 -1293.1988654188 -2000.0000000000
-1686.1682889391 -1293.1988654188 -2000.0000000000
-1990.4004796376 -497.0401309727 -917.8976371065
-1990.4004796376 -497.0401309727 -2000.0000000000
-1990.4004796376 -497.0401309727 -2000.0000000000
-1990.4004796376 -497.0401309727 -2000.0000000000
-1990.4004796376 -497.0401309727 -2000.0000000000
-1990.4004796376 -497.0401309727 -2000.0000000000
-1836.0038252852 1709.1350118914 1385.5687376437
782.1324706532 -1191.4759705685 1253.6216920105
1963.7873459154 -1155.0155618106 -1018.3361278469
1963.7873459154 -1155.0155618106 -2000.0000000000
1963.7873459154 -1155.0155618106 -2000.0000000000
-222.2786546327 -389.3978325343 122.0973669222
-1155.7350455657 -1663.4355717943 1021.2206728838
1942.5155912171 1424.9525024838 -442.6711731714
600.4342932845 968.6520004354 -67.9239671673
600.4342932845 968.6520004354 -2000.0000000000
600.4342932845 968.6520004354 -2000.0000000000
600.4342932845 968.6520004354 -2000.0000000000
600.4342932845 968.6520004354 -2000.0000000000
600.4342932845 968.6520004354 -2000.0000000000
600.4342932845 968.6520004354 -2000.0000000000
600.4342932845 968.6520004354 -2000.0000000000
1434.6208783209 630.1840147984 -1358.4212913788
-472.7318339292 851.2490698261 932.1884619122
-472.7318339292 851.2490698261 -2000.0000000000
-1386.2163156244 598.6927497642 -1067.2925712095
-1386.2163156244 598.6927497642 -2000.0000000000
-1386.2163156244 598.6927497642 -2000.0000000000
-1386.2163156244 598.6927497642 -2000.0000000000
-1386.2163156244 598.6927497642 -2000.0000000000
675.3059552992 -1661.7824539616 1893.9671542443
675.3059552992 -1661.7824539616 -2000.0000000000
675.3059552992 -1661.7824539616 -2000.0000000000
675.3059552992 -1661.7824539616 -2000.0000000000
675.3059552992 -1661.7824539616 -2000.0000000000
1274.8216094144 37.0752230044 1532.2835812775
-29.0380135861 1376.6859895591 1120.3336027478
1141.8530523304 -245.4404868770 -1418.4544372881
763.8214752023 1197.5718974714 229.3019289115
763.8214752023 1197.5718974714 -2000.0000000000
763.8214752023 1197.5718974714 -2000.0000000000
763.8214752023 1197.5718974714 -2000.0000000000
763.8214752023 1197.5718974714 -2000.0000000000
752.1576900831 -294.3212335622 823.6771119531
752.1576900831 -294.3212335622 -2000.0000000000
752.1576900831 -294.3212335622 -2000.0000000000
752.1576900831 -294.3212335622 -2000.0000000000
752.1576900831 -294.3212335622 -2000.0000000000
-30.3325912103 250.7293066697 235.2662648550
-30.3325912103 250.7293066697 -2000.0000000000
-30.3325912103 250.7293066697 -2000.0000000000
-30.3325912103 250.7293066697 -2000.0000000000
-30.3325912103 250.7293066697 -2000.0000000000
68.1364361010 -761.8650435853 -1694.8473396671
-752.2540218406 890.8880450674 -1131.4280411121
1836.0914876904 401.8696866261 92.7699496239
1836.0914876904 401.8696866261 -2000.0000000000
1340.3314497914 -858.2654175965 1056.1700583694
1340.3314497914 -858.2654175965 -2000.0000000000
1340.3314497914 -858.2654175965 -2000.0000000000
1340.3314497914 -858.2654175965 -2000.0000000000
1340.3314497914 -858.2654175965 -2000.0000000000
1340.3314497914 -858.2654175965 -2000.0000000000
-762.7292280140 -1945.8184777439 -1252.6302292312
-762.7292280140 -1945.8184777439 -2000.0000000000
-762.7292280140 -1945.8184777439 -2000.0000000000
-762.7292280140 -1945.8184777439 -2000.0000000000
-762.7292280140 -1945.8184777439 -2000.0000000000
-762.7292280140 -1945.8184777439 -2000.0000000000
-762.7292280140 -1945.8184777439 -2000.0000000000
1327.4674766802 -91.5401753508 -147.8095532969
-281.2650374232 79.1858027980 -1300.5068749533
-216.5585870548 -568.2395139148 136.9410427314
-239.9592958339 -393.5229577679 -1560.7295528312
-239.9592958339 -393.5229577679 -2000.0000000000
-239.9592958339 -393.5229577679 -2000.0000000000
-239.9592958339 -393.5229577679 -2000.0000000000
-239.9592958339 -393.5229577679 -2000.0000000000
215.6323454525 1341.9805342793 1810.7537565884
215.6323454525 1341.9805342793 -2000.0000000000
-1494.9288348547 -1463.0401798854 -800.1695980332
-1494.9288348547 -1463.0401798854 -2000.0000000000
-1494.9288348547 -1463.0401798854 -2000.0000000000
-1494.9288348547 -1463.0401798854 -2000.0000000000
-1494.9288348547 -1463.0401798854 -2000.0000000000
-1494.9288348547 -1463.0401798854 -2000.0000000000
-1494.9288348547 -1463.0401798854 -2000.0000000000
-1494.9288348547 -1463.0401798854 -2000.0000000000
-1494.9288348547 -1463.0401798854 -2000.0000000000
-1494.9288348547 -1463.0401798854 -2000.0000000000
-1494.9288348547 -1463.0401798854 -2000.0000000000
-1494.9288348547 -1463.0401798854 -2000.0000000000
1694.8844809829 1869.9015028156 104.6345389730
1694.8844809829 1869.9015028156 -2000.0000000000
350.1736252880 1050.5592372353 1779.5633526829
943.8632017008 115.1169847964 1579.1203229387
877.4211434775 1113.0232900230 369.5636709448
877.4211434775 1113.0232900230 -2000.0000000000
-1511.8425798910 1663.1181798515 1886.3189122040
-383.4239164776 1157.0490945615 -1805.4911165835
-383.4239164776 1157.0490945615 -2000.0000000000
-508.7380470366 -1978.1437922421 1509.3047356940
-508.7380470366 -1978.1437922421 -2000.0000000000
-508.7380470366 -1978.1437922421 -2000.0000000000
-508.7380470366 -1978.1437922421 -2000.0000000000
-508.7380470366 -1978.1437922421 -2000.0000000000
-508.7380470366 -1978.1437922421 -2000.0000000000
-508.7380470366 -1978.1437922421 -2000.0000000000
-508.7380470366 -1978.1437922421 -2000.0000000000
-508.7380470366 -1978.1437922421 -2000.0000000000
-508.7380470366 -1978.1437922421 -2000.0000000000
-508.7380470366 -1978.1437922421 -2000.0000000000
-1706.5198692669 -1141.3891209499 -711.7045314149
-1706.5198692669 -1141.3891209499 -2000.0000000000
795.6107571939 621.7787364018 -1951.6461961613
795.6107571939 621.7787364018 -2000.0000000000
-1085.9579625528 -204.5436029827 -509.8389165006
-1555.5194109935 -405.7905671445 -462.0744453915
-1555.5194109935 -405.7905671445 -2000.0000000000
-1555.5194109935 -405.7905671445 -2000.0000000000
1871.3338876407 330.5482096812 870.6756031414
1871.3338876407 330.5482096812 -2000.0000000000
-851.3058994450 1645.2316768225 1186.1977340585
-851.3058994450 1645.2316768225 -2000.0000000000
-851.3058994450 1645.2316768225 -2000.0000000000
-46.1339287033 -411.8282125782 1375.5584604007
-46.1339287033 -411.8282125782 -2000.0000000000
-392.8069239485 -92.6251541237 -1315.3042011050
206.7724659948 -1591.2696377991 -1201.5456605222
206.7724659948 -1591.2696377991 -2000.0000000000
206.7724659948 -1591.2696377991 -2000.0000000000
206.7724659948 -1591.2696377991 -2000.0000000000
1610.4620500394 -103.8737775781 1952.7726146078
1610.4620500394 -103.8737775781 -2000.0000000000
1610.4620500394 -103.8737775781 -2000.0000000000
1610.4620500394 -103.8737775781 -2000.0000000000
-1374.3966739867 -387.6209179506 -1252.4428248810
-1374.3966739867 -387.6209179506 -2000.0000000000
-1374.3966739867 -387.6209179506 -2000.0000000000
-1374.3966739867 -387.6209179506 -2000.0000000000
32.9178457396 -654.9894358271 -374.7728954740
-1528.3406349553 1813.2922085785 671.4810721500
-1528.3406349553 1813.2922085785 -2000.0000000000
380.9112567896 -570.8961511375 1779.2493605103
380.9112567896 -570.8961511375 -2000.0000000000
380.9112567896 -570.8961511375 -2000.0000000000
380.9112567896 -570.8961511375 -2000.0000000000
380.9112567896 -570.8961511375 -2000.0000000000
380.9112567896 -570.8961511375 -2000.0000000000
-1150.9997110943 413.0528066999 -467.0213952238
-1150.9997110943 413.0528066999 -2000.0000000000
-1150.9997110943 413.0528066999 -2000.0000000000
-1150.9997110943 413.0528066999 -2000.0000000000
-1150.9997110943 413.0528066999 -2000.0000000000
-1150.9997110943 413.0528066999 -2000.0000000000
-447.9523787024 -1994.4206261543 -1581.1429909229
-1672.2479840870 161.2336088361 1618.0477911765
-1672.2479840870 161.2336088361 -2000.0000000000
-1672.2479840870 161.2336088361 -2000.0000000000
-1223.5328241490 1082.3270512887 211.2443635625
157.2427978114 -36.5116008704 -930.3588885067
157.2427978114 -36.5116008704 -2000.0000000000
157.2427978114 -36.5116008704 -2000.0000000000
157.2427978114 -36.5116008704 -2000.0000000000
-261.8606970865 1109.3360335621 454.1915876892
-842.6627941592 -900.7040582764 550.2534661608
-842.6627941592 -900.7040582764 -2000.0000000000
771.2864582999 -277.5642158566 -385.6708192378
771.2864582999 -277.5642158566 -2000.0000000000
771.2864582999 -277.5642158566 -2000.0000000000
771.2864582999 -277.5642158566 -2000.0000000000
771.2864582999 -277.5642158566 -2000.0000000000
771.2864582999 -277.5642158566 -2000.0000000000
771.2864582999 -277.5642158566 -2000.0000000000
771.2864582999 -277.5642158566 -2000.0000000000
771.2864582999 -277.5642158566 -2000.0000000000
771.2864582999 -277.5642158566 -2000.0000000000
771.2864582999 -277.5642158566 -2000.0000000000
831.7589906125 1258.3532954603 276.6599818472
831.7589906125 1258.3532954603 -2000.0000000000
831.7589906125 1258.3532954603 -2000.0000000000
831.7589906125 1258.3532954603 -2000.0000000000
32.3907131331 1232.4455989273 -823.5842735705
32.3907131331 1232.4455989273 -2000.0000000000
32.3907131331 1232.4455989273 -2000.0000000000
32.3907131331 1232.4455989273 -2000.0000000000
32.3907131331 1232.4455989273 -2000.0000000000
32.3907131331 1232.4455989273 -2000.0000000000
32.3907131331 1232.4455989273 -2000.0000000000
-1657.9261312529 1293.6931149505 1627.4189904142
-1657.9261312529 1293.6931149505 -2000.0000000000
-1657.9261312529 1293.6931149505 -2000.0000000000
-1657.9261312529 1293.6931149505 -2000.0000000000
-1657.9261312529 1293.6931149505 -2000.0000000000
-1785.6323736391 -1695.3914758108 1867.2824998008
-1785.6323736391 -1695.3914758108 -2000.0000000000
-1785.6323736391 -1695.3914758108 -2000.0000000000
-1785.6323736391 -1695.3914758108 -2000.0000000000
-1785.6323736391 -1695.3914758108 -2000.0000000000
-1785.6323736391 -1695.3914758108 -2000.0000000000
-1785.6323736391 -1695.3914758108 -2000.0000000000
-1785.6323736391 -1695.3914758108 -2000.0000000000
-1785.6323736391 -1695.3914758108 -2000.0000000000
1378.3505974491 125.8196424631 -1968.9042899727
-1273.4349256170 -1260.8458343052 1979.3288024251
1832.2495065764 -369.8421067942 746.4382060416
914.3089892582 137.7232310485 -272.0724114779
-838.1583362346 -49.4112852809 -1759.6459771703
-838.1583362346 -49.4112852809 -2000.0000000000
-838.1583362346 -49.4112852809 -2000.0000000000
-838.1583362346 -49.4112852809 -2000.0000000000
-838.1583362346 -49.4112852809 -2000.0000000000
-838.1583362346 -49.4112852809 -2000.0000000000
-838.1583362346 -49.4112852809 -2000.0000000000
-143.2404269806 -623.4445356210 1101.5802745975
-1103.7603548535 -79.4506689868 -5.9542201446
-1103.7603548535 -79.4506689868 -2000.0000000000
-121.9059560623 1473.8807932594 -311.7693270869
-121.9059560623 1473.8807932594 -2000.0000000000
-121.9059560623 1473.8807932594 -2000.0000000000
-1412.2699285208 -1948.0874164104 878.8159600456
-797.3284980541 382.0639124021 -1707.8668382394
-506.1731628638 1670.0098222295 1637.6519860405
-891.0587744188 -933.4921977775 1332.3196872858
-891.0587744188 -933.4921977775 -2000.0000000000
-1580.2111139710 -1880.1903296695 471.0711677712
-1580.2111139710 -1880.1903296695 -2000.0000000000
-1601.4239250628 1898.6139744033 -1460.4502713927
-1601.4239250628 1898.6139744033 -2000.0000000000
-1601.4239250628 1898.6139744033 -2000.0000000000
-701.0113765821 -1378.9585303964 -477.1527079368
-701.0113765821 -1378.9585303964 -2000.0000000000
-701.0113765821 -1378.9585303964 -2000.0000000000
-701.0113765821 -1378.9585303964 -2000.0000000000
1229.6724308281 907.8627732467 1015.9519097991
1229.6724308281 907.8627732467 -2000.0000000000
1229.6724308281 907.8627732467 -2000.0000000000
-703.4812772380 -1927.6571253497 1688.1854518331
-703.4812772380 -1927.6571253497 -2000.0000000000
-703.4812772380 -1927.6571253497 -2000.0000000000
-703.4812772380 -1927.6571253497 -2000.0000000000
-703.4812772380 -1927.6571253497 -2000.0000000000
599.4450004326 840.0504083422 1242.9808285361
599.4450004326 840.0504083422 -2000.0000000000
773.0513332859 809.0218071231 1785.1790909140
773.0513332859 809.0218071231 -2000.0000000000
773.0513332859 809.0218071231 -2000.0000000000
-761.6011353367 560.4852119643 298.6165284445
-1711.6407578209 -1799.9003730278 -1271.8411915070
-1711.6407578209 -1799.9003730278 -2000.0000000000
-1711.6407578209 -1799.9003730278 -2000.0000000000
-1711.6407578209 -1799.9003730278 -2000.0000000000
-1711.6407578209 -1799.9003730278 -2000.0000000000
-1711.6407578209 -1799.9003730278 -2000.0000000000
-1711.6407578209 -1799.9003730278 -2000.0000000000
-1711.6407578209 -1799.9003730278 -2000.0000000000
-588.8329589579 -1142.5457136997 -941.8950029565
-588.8329589579 -1142.5457136997 -2000.0000000000
-588.8329589579 -1142.5457136997 -2000.0000000000
-1546.0038023506 -924.2115808468 -1606.9805432453
-1546.0038023506 -924.2115808468 -2000.0000000000
-1546.0038023506 -924.2115808468 -2000.0000000000
-1546.0038023506 -924.2115808468 -2000.0000000000
-1546.0038023506 -924.2115808468 -2000.0000000000
-629.9663028943 -831.4715388609 -613.8399337006
346.1145470985 -173.9558893630 -1864.6180565619
346.1145470985 -173.9558893630 -2000.0000000000
-1287.3267904896 242.5612267610 -691.8479533821
-1287.3267904896 242.5612267610 -2000.0000000000
-1287.3267904896 242.5612267610 -2000.0000000000
1485.4059829895 665.9996858396 1409.2049291772
-603.7110501478 1926.9466690635 1852.8710804662
-603.7110501478 1926.9466690635 -2000.0000000000
-791.5834531524 730.3497474265 1406.2854343201
-791.5834531524 730.3497474265 -2000.0000000000
-791.5834531524 730.3497474265 -2000.0000000000
-791.5834531524 730.3497474265 -2000.0000000000
-791.5834531524 730.3497474265 -2000.0000000000
-791.5834531524 730.3497474265 -2000.0000000000
-883.6078203769 803.1113137141 -1753.8767144022
-883.6078203769 803.1113137141 -2000.0000000000
-883.6078203769 803.1113137141 -2000.0000000000
1081.3226077029 399.0573904331 -1711.4660634881
