-396.4320805257 -1195.7393423661 -929.2031568338
-1928.5189760279 843.0828262130 -1626.3290514932
-1509.4504779324 -1246.3591994004 988.0374952259
-1509.4504779324 -1246.3591994004 -2000.0000000000
1891.6096144566 -1285.3964131431 -1682.6727551760
1891.6096144566 -1285.3964131431 -2000.0000000000
-1111.2224882437 -1640.9832449791 -464.2737296250
434.5025364558 1913.5937293713 1228.2370967048
434.5025364558 1913.5937293713 -2000.0000000000
434.5025364558 1913.5937293713 -2000.0000000000
434.5025364558 1913.5937293713 -2000.0000000000
434.5025364558 1913.5937293713 -2000.0000000000
1629.4900623056 -1055.5757285118 457.7234692174
-1159.1257557023 -61.0348577378 1855.4571686726
-1159.1257557023 -61.0348577378 -2000.0000000000
-1159.1257557023 -61.0348577378 -2000.0000000000
-1524.6223456953 691.5286202938 1547.9191471648
-1973.6135609976 1022.3763394379 -1917.5061105413
-1973.6135609976 1022.3763394379 -2000.0000000000
-1973.6135609976 1022.3763394379 -2000.0000000000
-1973.6135609976 1022.3763394379 -2000.0000000000
-160.2182924564 -1911.5945067678 -1593.0227621350
-160.2182924564 -1911.5945067678 -2000.0000000000
-1368.2769471063 -675.7426724098 1480.0447883566
-1368.2769471063 -675.7426724098 -2000.0000000000
-1368.2769471063 -675.7426724098 -2000.0000000000
-1679.8111592743 -1115.0686511394 997.8446303830
-1949.9416687979 1790.8847444251 -1524.9140964789
-1949.9416687979 1790.8847444251 -2000.0000000000
-31.6475931323 -963.5663925487 1625.6905726172
-31.6475931323 -963.5663925487 -2000.0000000000
1204.8961362832 678.3987504510 1127.8741864634
1204.8961362832 678.3987504510 -2000.0000000000
1204.8961362832 678.3987504510 -2000.0000000000
1204.8961362832 678.3987504510 -2000.0000000000
1204.8961362832 678.3987504510 -2000.0000000000
1204.8961362832 678.3987504510 -2000.0000000000
1204.8961362832 678.3987504510 -2000.0000000000
1204.8961362832 678.3987504510 -2000.0000000000
714.5732835648 -105.3217047545 -1896.4193554710
714.5732835648 -105.3217047545 -2000.0000000000
714.5732835648 -105.3217047545 -2000.0000000000
-97.5448688155 706.7951699344 1078.1080705628
-97.5448688155 706.7951699344 -2000.0000000000
680.1681485613 1029.7368174226 445.6478738325
680.1681485613 1029.7368174226 -2000.0000000000
680.1681485613 1029.7368174226 -2000.0000000000
680.1681485613 1029.7368174226 -2000.0000000000
680.1681485613 1029.7368174226 -2000.0000000000
680.1681485613 1029.7368174226 -2000.0000000000
680.1681485613 1029.7368174226 -2000.0000000000
680.1681485613 1029.7368174226 -2000.0000000000
1567.6825873874 -841.3718373024 -233.7870579725
1567.6825873874 -841.3718373024 -2000.0000000000
1567.6825873874 -841.3718373024 -2000.0000000000
1567.6825873874 -841.3718373024 -2000.0000000000
1567.6825873874 -841.3718373024 -2000.0000000000
1567.6825873874 -841.3718373024 -2000.0000000000
1567.6825873874 -841.3718373024 -2000.0000000000
1567.6825873874 -841.3718373024 -2000.0000000000
1567.6825873874 -841.3718373024 -2000.0000000000
677.7592472121 -861.4431641312 1767.0081454092
1035.7821317651 -1156.5194325766 271.4261659446
1035.7821317651 -1156.5194325766 -2000.0000000000
1704.1135574342 -301.8647958121 372.2961098469
1704.1135574342 -301.8647958121 -2000.0000000000
1704.1135574342 -301.8647958121 -2000.0000000000
1704.1135574342 -301.8647958121 -2000.0000000000
347.7705960739 -884.0690091938 -1093.2839240667
347.7705960739 -884.0690091938 -2000.0000000000
347.7705960739 -884.0690091938 -2000.0000000000
347.7705960739 -884.0690091938 -2000.0000000000
347.7705960739 -884.0690091938 -2000.0000000000
347.7705960739 -884.0690091938 -2000.0000000000
-682.9919917694 216.8189112662 -1607.1608840466
-682.9919917694 216.8189112662 -2000.0000000000
-682.9919917694 216.8189112662 -2000.0000000000
307.7150094927 -1409.7926014254 -1361.8208929294
307.7150094927 -1409.7926014254 -2000.0000000000
307.7150094927 -1409.7926014254 -2000.0000000000
1606.5157514438 694.5961585185 923.4304528164
1606.5157514438 694.5961585185 -2000.0000000000
1606.5157514438 694.5961585185 -2000.0000000000
1606.5157514438 694.5961585185 -2000.0000000000
1606.5157514438 694.5961585185 -2000.0000000000
941.4783986596 -1652.6169706366 1738.5866410343
-1589.4100728752 1403.5964234643 665.7469282967
-1589.4100728752 1403.5964234643 -2000.0000000000
-1589.4100728752 1403.5964234643 -2000.0000000000
-1589.4100728752 1403.5964234643 -2000.0000000000
-1589.4100728752 1403.5964234643 -2000.0000000000
-1589.4100728752 1403.5964234643 -2000.0000000000
-1589.4100728752 1403.5964234643 -2000.0000000000
-1589.4100728752 1403.5964234643 -2000.0000000000
-1589.4100728752 1403.5964234643 -2000.0000000000
-1589.4100728752 1403.5964234643 -2000.0000000000
-1589.4100728752 1403.5964234643 -2000.0000000000
-1200.6937246092 -1983.7663887524 1339.0964507944
527.1002567365 912.4393825712 -514.7870153281
527.1002567365 912.4393825712 -2000.0000000000
527.1002567365 912.4393825712 -2000.0000000000
-858.9375292496 304.2789783922 557.1792441327
-858.9375292496 304.2789783922 -2000.0000000000
-858.9375292496 304.2789783922 -2000.0000000000
-858.9375292496 304.2789783922 -2000.0000000000
-858.9375292496 304.2789783922 -2000.0000000000
-858.9375292496 304.2789783922 -2000.0000000000
1806.5942557494 -1514.4628067777 804.5498799705
1806.5942557494 -1514.4628067777 -2000.0000000000
1806.5942557494 -1514.4628067777 -2000.0000000000
1806.5942557494 -1514.4628067777 -2000.0000000000
-941.1771176839 1328.0902649307 -1424.9421463969
-941.1771176839 1328.0902649307 -2000.0000000000
-941.1771176839 1328.0902649307 -2000.0000000000
-941.1771176839 1328.0902649307 -2000.0000000000
-941.1771176839 1328.0902649307 -2000.0000000000
-941.1771176839 1328.0902649307 -2000.0000000000
-1610.2498022840 -1783.1690188962 55.9348200701
-1610.2498022840 -1783.1690188962 -2000.0000000000
-1610.2498022840 -1783.1690188962 -2000.0000000000
-1354.0009724552 1239.5595477852 738.8682988523
-544.4080108605 -630.1564851027 734.4637653521
-544.4080108605 -630.1564851027 -2000.0000000000
1.2145156132 -224.7314232082 1013.6680878022
1.2145156132 -224.7314232082 -2000.0000000000
1.2145156132 -224.7314232082 -2000.0000000000
1.2145156132 -224.7314232082 -2000.0000000000
1.2145156132 -224.7314232082 -2000.0000000000
1.2145156132 -224.7314232082 -2000.0000000000
1.2145156132 -224.7314232082 -2000.0000000000
1427.4708124744 1695.4502887111 781.1801836856
1427.4708124744 1695.4502887111 -2000.0000000000
1427.4708124744 1695.4502887111 -2000.0000000000
1948.1680283569 1419.0485841797 -1338.8358944964
1948.1680283569 1419.0485841797 -2000.0000000000
619.4922714724 1037.2440527415 640.0155005177
619.4922714724 1037.2440527415 -2000.0000000000
619.4922714724 1037.2440527415 -2000.0000000000
619.4922714724 1037.2440527415 -2000.0000000000
619.4922714724 1037.2440527415 -2000.0000000000
619.4922714724 1037.2440527415 -2000.0000000000
1495.7373137904 -721.0744408109 -1040.9878787234
1495.7373137904 -721.0744408109 -2000.0000000000
1495.7373137904 -721.0744408109 -2000.0000000000
1445.7924736823 668.1630178666 1173.6185293117
1445.7924736823 668.1630178666 -2000.0000000000
1445.7924736823 668.1630178666 -2000.0000000000
1445.7924736823 668.1630178666 -2000.0000000000
1445.7924736823 668.1630178666 -2000.0000000000
1445.7924736823 668.1630178666 -2000.0000000000
-1558.9541724984 -1881.7451481621 -1703.9978465099
-218.3858275009 756.4130375748 1849.1370739188
-218.3858275009 756.4130375748 -2000.0000000000
-218.3858275009 756.4130375748 -2000.0000000000
1131.0781774317 -66.0797984896 -792.1044464618
1131.0781774317 -66.0797984896 -2000.0000000000
1131.0781774317 -66.0797984896 -2000.0000000000
645.7233617868 -236.9032483261 810.2607825113
645.7233617868 -236.9032483261 -2000.0000000000
645.7233617868 -236.9032483261 -2000.0000000000
1738.2355734121 -1390.1627234575 319.1202857621
1738.2355734121 -1390.1627234575 -2000.0000000000
1738.2355734121 -1390.1627234575 -2000.0000000000
1738.2355734121 -1390.1627234575 -2000.0000000000
1625.1478862043 1170.8394771254 335.0941774169
1767.6080909223 1046.7679598998 1719.4797330689
1767.6080909223 1046.7679598998 -2000.0000000000
1767.6080909223 1046.7679598998 -2000.0000000000
1767.6080909223 1046.7679598998 -2000.0000000000
1767.6080909223 1046.7679598998 -2000.0000000000
1767.6080909223 1046.7679598998 -2000.0000000000
1767.6080909223 1046.7679598998 -2000.0000000000
1767.6080909223 1046.7679598998 -2000.0000000000
1767.6080909223 1046.7679598998 -2000.0000000000
1767.6080909223 1046.7679598998 -2000.0000000000
1688.6027988953 1127.1289514705 364.8151154002
1688.6027988953 1127.1289514705 -2000.0000000000
-1937.1714482192 -1876.8387152783 -1329.0983279079
-1937.1714482192 -1876.8387152783 -2000.0000000000
-1937.1714482192 -1876.8387152783 -2000.0000000000
-1937.1714482192 -1876.8387152783 -2000.0000000000
-1937.1714482192 -1876.8387152783 -2000.0000000000
-1937.1714482192 -1876.8387152783 -2000.0000000000
-1937.1714482192 -1876.8387152783 -2000.0000000000
-1937.1714482192 -1876.8387152783 -2000.0000000000
-1878.2758786103 -1875.9723719539 1204.7713049461
-1878.2758786103 -1875.9723719539 -2000.0000000000
273.4336918842 1480.3498763503 981.8186493774
273.4336918842 1480.3498763503 -2000.0000000000
39.7731227376 -1526.1524961054 937.8613952736
39.7731227376 -1526.1524961054 -2000.0000000000
39.7731227376 -1526.1524961054 -2000.0000000000
39.7731227376 -1526.1524961054 -2000.0000000000
-969.2986671667 -1149.3515984192 407.9840742898
-969.2986671667 -1149.3515984192 -2000.0000000000
-969.2986671667 -1149.3515984192 -2000.0000000000
458.7062248172 -52.2457498740 516.0591848153
458.7062248172 -52.2457498740 -2000.0000000000
378.4854585117 -81.0323243360 -1007.2028698337
378.4854585117 -81.0323243360 -2000.0000000000
-662.8350435160 83.8474199489 1611.2172851184
-662.8350435160 83.8474199489 -2000.0000000000
-1775.2967829979 469.7061892653 1608.2731964403
181.2282999858 -711.0554192874 -1051.3155031765
181.2282999858 -711.0554192874 -2000.0000000000
181.2282999858 -711.0554192874 -2000.0000000000
-1267.7370535222 10.3163928900 81.8673653312
-1267.1482938751 809.4699963068 -622.8001242342
-1267.1482938751 809.4699963068 -2000.0000000000
-1267.1482938751 809.4699963068 -2000.0000000000
-1267.1482938751 809.4699963068 -2000.0000000000
-1267.1482938751 809.4699963068 -2000.0000000000
-1267.1482938751 809.4699963068 -2000.0000000000
-1267.1482938751 809.4699963068 -2000.0000000000
56.5108105974 1144.5110843750 491.8618511584
-899.1317937001 261.6084795322 -1407.4927240580
-899.1317937001 261.6084795322 -2000.0000000000
-899.1317937001 261.6084795322 -2000.0000000000
-899.1317937001 261.6084795322 -2000.0000000000
1294.7936658817 -1732.6608592749 1595.3105374747
1294.7936658817 -1732.6608592749 -2000.0000000000
1007.6485865549 679.6559184359 -1362.5944203887
1007.6485865549 679.6559184359 -2000.0000000000
1007.6485865549 679.6559184359 -2000.0000000000
1007.6485865549 679.6559184359 -2000.0000000000
1487.5292311100 1461.1958939977 559.6347746729
1487.5292311100 1461.1958939977 -2000.0000000000
1487.5292311100 1461.1958939977 -2000.0000000000
1487.5292311100 1461.1958939977 -2000.0000000000
1487.5292311100 1461.1958939977 -2000.0000000000
-806.0751119864 -165.4101310331 -1511.7846218328
-806.0751119864 -165.4101310331 -2000.0000000000
-806.0751119864 -165.4101310331 -2000.0000000000
-806.0751119864 -165.4101310331 -2000.0000000000
189.2909864482 -1712.0773034109 1907.2076077238
189.2909864482 -1712.0773034109 -2000.0000000000
483.4868057267 -1554.5137346289 -63.9040356971
-692.9026598224 974.9059698112 697.2145069334
-692.9026598224 974.9059698112 -2000.0000000000
153.6862042652 1858.3565040134 -146.6058894875
153.6862042652 1858.3565040134 -2000.0000000000
153.6862042652 1858.3565040134 -2000.0000000000
153.6862042652 1858.3565040134 -2000.0000000000
153.6862042652 1858.3565040134 -2000.0000000000
153.6862042652 1858.3565040134 -2000.0000000000
153.6862042652 1858.3565040134 -2000.0000000000
153.6862042652 1858.3565040134 -2000.0000000000
153.6862042652 1858.3565040134 -2000.0000000000
-1869.9969073325 -917.8540147618 274.9213831568
-1869.9969073325 -917.8540147618 -2000.0000000000
-1869.9969073325 -917.8540147618 -2000.0000000000
-1869.9969073325 -917.8540147618 -2000.0000000000
250.0995003512 1299.2709755192 573.1938332196
250.0995003512 1299.2709755192 -2000.0000000000
250.0995003512 1299.2709755192 -2000.0000000000
250.0995003512 1299.2709755192 -2000.0000000000
250.0995003512 1299.2709755192 -2000.0000000000
250.0995003512 1299.2709755192 -2000.0000000000
250.0995003512 1299.2709755192 -2000.0000000000
-864.4973240245 425.0518490313 477.5881847610
-864.4973240245 425.0518490313 -2000.0000000000
-864.4973240245 425.0518490313 -2000.0000000000
366.3004988997 582.6470607611 1289.9490178753
883.3081735615 1550.4198239173 534.4828802173
883.3081735615 1550.4198239173 -2000.0000000000
883.3081735615 1550.4198239173 -2000.0000000000
838.4552075005 1456.9465436736 -315.2644539774
838.4552075005 1456.9465436736 -2000.0000000000
838.4552075005 1456.9465436736 -2000.0000000000
838.4552075005 1456.9465436736 -2000.0000000000
29.5530328124 1053.1012699600 300.6914268644
29.5530328124 1053.1012699600 -2000.0000000000
-1842.5964299900 210.7441730177 1921.8330507906
-1842.5964299900 210.7441730177 -2000.0000000000
-1842.5964299900 210.7441730177 -2000.0000000000
-1842.5964299900 210.7441730177 -2000.0000000000
-1842.5964299900 210.7441730177 -2000.0000000000
-1842.5964299900 210.7441730177 -2000.0000000000
19.7890532856 -410.4984663710 -704.1899611315
19.7890532856 -410.4984663710 -2000.0000000000
19.7890532856 -410.4984663710 -2000.0000000000
19.7890532856 -410.4984663710 -2000.0000000000
19.7890532856 -410.4984663710 -2000.0000000000
19.7890532856 -410.4984663710 -2000.0000000000
19.7890532856 -410.4984663710 -2000.0000000000
912.1967442731 -1809.0411197063 1377.3845695367
912.1967442731 -1809.0411197063 -2000.0000000000
181.4146707665 -1296.9904820263 -1390.8932941035
181.4146707665 -1296.9904820263 -2000.0000000000
181.4146707665 -1296.9904820263 -2000.0000000000
181.4146707665 -1296.9904820263 -2000.0000000000
181.4146707665 -1296.9904820263 -2000.0000000000
-1187.0237550884 1157.4257522519 619.4701092722
-1187.0237550884 1157.4257522519 -2000.0000000000
869.0413807956 377.3922503489 -1430.1624384123
-352.0252536440 -1687.5365061275 -554.3564674875
-352.0252536440 -1687.5365061275 -2000.0000000000
-352.0252536440 -1687.5365061275 -2000.0000000000
-352.0252536440 -1687.5365061275 -2000.0000000000
-352.0252536440 -1687.5365061275 -2000.0000000000
-352.0252536440 -1687.5365061275 -2000.0000000000
-352.0252536440 -1687.5365061275 -2000.0000000000
-352.0252536440 -1687.5365061275 -2000.0000000000
-352.0252536440 -1687.5365061275 -2000.0000000000
-352.0252536440 -1687.5365061275 -2000.0000000000
-352.0252536440 -1687.5365061275 -2000.0000000000
-930.9869024990 1893.4995149092 -546.4998934644
-930.9869024990 1893.4995149092 -2000.0000000000
-930.9869024990 1893.4995149092 -2000.0000000000
-58.4375125494 -1853.6658443013 -1653.8266553559
-58.4375125494 -1853.6658443013 -2000.0000000000
935.8894179542 604.0467154481 -1734.8328920496
935.8894179542 604.0467154481 -2000.0000000000
935.8894179542 604.0467154481 -2000.0000000000
935.8894179542 604.0467154481 -2000.0000000000
935.8894179542 604.0467154481 -2000.0000000000
935.8894179542 604.0467154481 -2000.0000000000
935.8894179542 604.0467154481 -2000.0000000000
935.8894179542 604.0467154481 -2000.0000000000
935.8894179542 604.0467154481 -2000.0000000000
935.8894179542 604.0467154481 -2000.0000000000
935.8894179542 604.0467154481 -2000.0000000000
935.8894179542 604.0467154481 -2000.0000000000
935.8894179542 604.0467154481 -2000.0000000000
935.8894179542 604.0467154481 -2000.0000000000
1251.7078613292 -1983.9762237047 1829.4268662182
1251.7078613292 -1983.9762237047 -2000.0000000000
1251.7078613292 -1983.9762237047 -2000.0000000000
1251.7078613292 -1983.9762237047 -2000.0000000000
1251.7078613292 -1983.9762237047 -2000.0000000000
1251.7078613292 -1983.9762237047 -2000.0000000000
1251.7078613292 -1983.9762237047 -2000.0000000000
1251.7078613292 -1983.9762237047 -2000.0000000000
1376.3416410788 618.3534138709 -665.2236335311
1376.3416410788 618.3534138709 -2000.0000000000
972.0286530060 1384.4961913173 -1191.1338865039
972.0286530060 1384.4961913173 -2000.0000000000
972.0286530060 1384.4961913173 -2000.0000000000
972.0286530060 1384.4961913173 -2000.0000000000
972.0286530060 1384.4961913173 -2000.0000000000
972.0286530060 1384.4961913173 -2000.0000000000
972.0286530060 1384.4961913173 -2000.0000000000
972.0286530060 1384.4961913173 -2000.0000000000
972.0286530060 1384.4961913173 -2000.0000000000
-249.5165981033 1664.1010881591 1482.0070173881
-249.5165981033 1664.1010881591 -2000.0000000000
-249.5165981033 1664.1010881591 -2000.0000000000
-249.5165981033 1664.1010881591 -2000.0000000000
-249.5165981033 1664.1010881591 -2000.0000000000
-249.5165981033 1664.1010881591 -2000.0000000000
-249.5165981033 1664.1010881591 -2000.0000000000
434.4661019428 927.8447155708 -636.1083904557
434.4661019428 927.8447155708 -2000.0000000000
434.4661019428 927.8447155708 -2000.0000000000
434.4661019428 927.8447155708 -2000.0000000000
434.4661019428 927.8447155708 -2000.0000000000
434.4661019428 927.8447155708 -2000.0000000000
434.4661019428 927.8447155708 -2000.0000000000
434.4661019428 927.8447155708 -2000.0000000000
654.1706044471 1987.1341065855 -411.3328282137
654.1706044471 1987.1341065855 -2000.0000000000
654.1706044471 1987.1341065855 -2000.0000000000
654.1706044471 1987.1341065855 -2000.0000000000
654.1706044471 1987.1341065855 -2000.0000000000
654.1706044471 1987.1341065855 -2000.0000000000
234.6360913431 643.9293441184 -1649.4039723126
1243.0468739275 557.7087613885 -324.4875540988
-750.9577053951 -1141.4590913389 1059.1999670857
1268.6707310568 -1261.1709206023 -504.1744613856
-1499.6974105352 182.7801467969 -1304.7398435924
1615.1768185415 726.1235600869 -1449.2854369446
-1711.2347150796 -206.1216158057 1605.2956140465
-1711.2347150796 -206.1216158057 -2000.0000000000
-1711.2347150796 -206.1216158057 -2000.0000000000
-1711.2347150796 -206.1216158057 -2000.0000000000
-1711.2347150796 -206.1216158057 -2000.0000000000
-1711.2347150796 -206.1216158057 -2000.0000000000
-1711.2347150796 -206.1216158057 -2000.0000000000
-1711.2347150796 -206.1216158057 -2000.0000000000
-1711.2347150796 -206.1216158057 -2000.0000000000
-1711.2347150796 -206.1216158057 -2000.0000000000
-1711.2347150796 -206.1216158057 -2000.0000000000
-1711.2347150796 -206.1216158057 -2000.0000000000
-1711.2347150796 -206.1216158057 -2000.0000000000
1518.6831294360 599.4578670003 -88.7118688172
1518.6831294360 599.4578670003 -2000.0000000000
1518.6831294360 599.4578670003 -2000.0000000000
1518.6831294360 599.4578670003 -2000.0000000000
1518.6831294360 599.4578670003 -2000.0000000000
1518.6831294360 599.4578670003 -2000.0000000000
-259.2755678837 -1266.8524291091 -1093.8582756649
-259.2755678837 -1266.8524291091 -2000.0000000000
-259.2755678837 -1266.8524291091 -2000.0000000000
-1296.6122946538 670.6324665791 -283.7130324868
-1296.6122946538 670.6324665791 -2000.0000000000
435.0287883582 1695.5927643931 838.8598486337
435.0287883582 1695.5927643931 -2000.0000000000
435.0287883582 1695.5927643931 -2000.0000000000
-565.3812439670 -163.3557890991 1398.4328430415
211.4055545314 -595.2513035778 -968.1812773063
211.4055545314 -595.2513035778 -2000.0000000000
211.4055545314 -595.2513035778 -2000.0000000000
211.4055545314 -595.2513035778 -2000.0000000000
211.4055545314 -595.2513035778 -2000.0000000000
211.4055545314 -595.2513035778 -2000.0000000000
211.4055545314 -595.2513035778 -2000.0000000000
211.4055545314 -595.2513035778 -2000.0000000000
211.4055545314 -595.2513035778 -2000.0000000000
211.4055545314 -595.2513035778 -2000.0000000000
572.1824745738 -484.5800774485 -672.5341262731
572.1824745738 -484.5800774485 -2000.0000000000
572.1824745738 -484.5800774485 -2000.0000000000
572.1824745738 -484.5800774485 -2000.0000000000
1467.1635362901 288.8936575947 1947.3357675525
1467.1635362901 288.8936575947 -2000.0000000000
1467.1635362901 288.8936575947 -2000.0000000000
1467.1635362901 288.8936575947 -2000.0000000000
1467.1635362901 288.8936575947 -2000.0000000000
-239.0116403168 922.4604323645 1400.9777646786
-239.0116403168 922.4604323645 -2000.0000000000
-239.0116403168 922.4604323645 -2000.0000000000
-239.0116403168 922.4604323645 -2000.0000000000
1452.6431158159 1255.0238763012 -511.2849438395
-1837.1942302986 93.3647507494 1357.6569125340
-1837.1942302986 93.3647507494 -2000.0000000000
-294.9383753071 1936.0892899616 -611.9970263131
-294.9383753071 1936.0892899616 -2000.0000000000
-294.9383753071 1936.0892899616 -2000.0000000000
-294.9383753071 1936.0892899616 -2000.0000000000
-294.9383753071 1936.0892899616 -2000.0000000000
-294.9383753071 1936.0892899616 -2000.0000000000
-294.9383753071 1936.0892899616 -2000.0000000000
-294.9383753071 1936.0892899616 -2000.0000000000
-294.9383753071 1936.0892899616 -2000.0000000000
1147.9889508677 -1033.2550032093 -1390.1281916181
1147.9889508677 -1033.2550032093 -2000.0000000000
1147.9889508677 -1033.2550032093 -2000.0000000000
1252.3416229144 -1411.6525906771 1872.0001952600
136.6649986772 -62.8368152533 1802.2100354135
136.6649986772 -62.8368152533 -2000.0000000000
-35.5955658091 -1142.5151320517 -1084.6417172595
1474.9907282685 -654.0829505691 -1708.4397802724
1474.9907282685 -654.0829505691 -2000.0000000000
1474.9907282685 -654.0829505691 -2000.0000000000
1474.9907282685 -654.0829505691 -2000.0000000000
1474.9907282685 -654.0829505691 -2000.0000000000
1474.9907282685 -654.0829505691 -2000.0000000000
1474.9907282685 -654.0829505691 -2000.0000000000
1474.9907282685 -654.0829505691 -2000.0000000000
1474.9907282685 -654.0829505691 -2000.0000000000
1143.4593461389 831.9498509352 -519.9634679663
1143.4593461389 831.9498509352 -2000.0000000000
1143.4593461389 831.9498509352 -2000.0000000000
1143.4593461389 831.9498509352 -2000.0000000000
1143.4593461389 831.9498509352 -2000.0000000000
1143.4593461389 831.9498509352 -2000.0000000000
56.9590535430 -154.2729844302 1013.8283518001
56.9590535430 -154.2729844302 -2000.0000000000
102.2593437851 -839.4494904507 -956.7777435163
-524.9687514823 -1260.2965869509 1368.9510045341
-524.9687514823 -1260.2965869509 -2000.0000000000
605.9181723332 891.2395442949 1668.3633538857
605.9181723332 891.2395442949 -2000.0000000000
605.9181723332 891.2395442949 -2000.0000000000
605.9181723332 891.2395442949 -2000.0000000000
-1534.9495422683 -1408.2606699400 1893.5185929720
-1534.9495422683 -1408.2606699400 -2000.0000000000
-1534.9495422683 -1408.2606699400 -2000.0000000000
-1534.9495422683 -1408.2606699400 -2000.0000000000
-1534.9495422683 -1408.2606699400 -2000.0000000000
-1534.9495422683 -1408.2606699400 -2000.0000000000
-1534.9495422683 -1408.2606699400 -2000.0000000000
-1534.9495422683 -1408.2606699400 -2000.0000000000
-1534.9495422683 -1408.2606699400 -2000.0000000000
-1534.9495422683 -1408.2606699400 -2000.0000000000
-1534.9495422683 -1408.2606699400 -2000.0000000000
-1534.9495422683 -1408.2606699400 -2000.0000000000
-343.2100461912 -1265.5815820800 1708.7329898656
-343.2100461912 -1265.5815820800 -2000.0000000000
-343.2100461912 -1265.5815820800 -2000.0000000000
-343.2100461912 -1265.5815820800 -2000.0000000000
-1895.8004560190 -1871.7947645459 -429.5497568085
-1895.8004560190 -1871.7947645459 -2000.0000000000
-1895.8004560190 -1871.7947645459 -2000.0000000000
-1895.8004560190 -1871.7947645459 -2000.0000000000
-1895.8004560190 -1871.7947645459 -2000.0000000000
-1895.8004560190 -1871.7947645459 -2000.0000000000
-1895.8004560190 -1871.7947645459 -2000.0000000000
-1895.8004560190 -1871.7947645459 -2000.0000000000
-1895.8004560190 -1871.7947645459 -2000.0000000000
-1895.8004560190 -1871.7947645459 -2000.0000000000
-1895.8004560190 -1871.7947645459 -2000.0000000000
-1895.8004560190 -1871.7947645459 -2000.0000000000
-1895.8004560190 -1871.7947645459 -2000.0000000000
-1895.8004560190 -1871.7947645459 -2000.0000000000
-1895.8004560190 -1871.7947645459 -2000.0000000000
-1895.8004560190 -1871.7947645459 -2000.0000000000
-1895.8004560190 -1871.7947645459 -2000.0000000000
11.1024094747 -337.6199245135 -1430.3289349097
11.1024094747 -337.6199245135 -2000.0000000000
11.1024094747 -337.6199245135 -2000.0000000000
11.1024094747 -337.6199245135 -2000.0000000000
11.1024094747 -337.6199245135 -2000.0000000000
11.1024094747 -337.6199245135 -2000.0000000000
11.1024094747 -337.6199245135 -2000.0000000000
573.7871485876 -1399.0448195484 1690.1676195553
-251.9852816878 478.5392745198 1108.0891586213
-251.9852816878 478.5392745198 -2000.0000000000
-251.9852816878 478.5392745198 -2000.0000000000
-251.9852816878 478.5392745198 -2000.0000000000
-1955.1364426456 -583.1710993591 -1078.5780133846
-1955.1364426456 -583.1710993591 -2000.0000000000
-1955.1364426456 -583.1710993591 -2000.0000000000
-1955.1364426456 -583.1710993591 -2000.0000000000
-1955.1364426456 -583.1710993591 -2000.0000000000
-1955.1364426456 -583.1710993591 -2000.0000000000
-1955.1364426456 -583.1710993591 -2000.0000000000
700.5064451434 201.6338621312 360.5450972948
700.5064451434 201.6338621312 -2000.0000000000
700.5064451434 201.6338621312 -2000.0000000000
700.5064451434 201.6338621312 -2000.0000000000
700.5064451434 201.6338621312 -2000.0000000000
700.5064451434 201.6338621312 -2000.0000000000
700.5064451434 201.6338621312 -2000.0000000000
-1597.8835022106 1785.9875769280 1684.8713063432
-1597.8835022106 1785.9875769280 -2000.0000000000
-1597.8835022106 1785.9875769280 -2000.0000000000
-1597.8835022106 1785.9875769280 -2000.0000000000
-1597.8835022106 1785.9875769280 -2000.0000000000
-1561.9250107315 -1839.9932237083 1108.5242386931
648.1009794261 1108.6678421312 1626.9975540939
648.1009794261 1108.6678421312 -2000.0000000000
1412.1447768665 129.4129914968 61.2011022090
1412.1447768665 129.4129914968 -2000.0000000000
1412.1447768665 129.4129914968 -2000.0000000000
576.8387345674 1378.5586753039 -423.9765502102
-1337.6608045868 -1642.2676078776 850.5867933533
-1337.6608045868 -1642.2676078776 -2000.0000000000
-1337.6608045868 -1642.2676078776 -2000.0000000000
-1337.6608045868 -1642.2676078776 -2000.0000000000
1114.1220532928 855.7225315861 -434.4972760149
1114.1220532928 855.7225315861 -2000.0000000000
1114.1220532928 855.7225315861 -2000.0000000000
1114.1220532928 855.7225315861 -2000.0000000000
1114.1220532928 855.7225315861 -2000.0000000000
1114.1220532928 855.7225315861 -2000.0000000000
-833.1655376215 1624.9543184479 1230.5612627418
-833.1655376215 1624.9543184479 -2000.0000000000
-833.1655376215 1624.9543184479 -2000.0000000000
-1257.7596547739 1565.2069795386 1691.7605429649
-1257.7596547739 1565.2069795386 -2000.0000000000
-1257.7596547739 1565.2069795386 -2000.0000000000
-1257.7596547739 1565.2069795386 -2000.0000000000
1304.2205356491 -1786.3816422055 488.6760536621
1304.2205356491 -1786.3816422055 -2000.0000000000
1304.2205356491 -1786.3816422055 -2000.0000000000
1304.2205356491 -1786.3816422055 -2000.0000000000
1304.2205356491 -1786.3816422055 -2000.0000000000
1125.8484035597 1496.4390451434 -1353.7514268976
1125.8484035597 1496.4390451434 -2000.0000000000
1125.8484035597 1496.4390451434 -2000.0000000000
1125.8484035597 1496.4390451434 -2000.0000000000
1125.8484035597 1496.4390451434 -2000.0000000000
1125.8484035597 1496.4390451434 -2000.0000000000
1125.8484035597 1496.4390451434 -2000.0000000000
1125.8484035597 1496.4390451434 -2000.0000000000
1125.8484035597 1496.4390451434 -2000.0000000000
1125.8484035597 1496.4390451434 -2000.0000000000
1125.8484035597 1496.4390451434 -2000.0000000000
1125.8484035597 1496.4390451434 -2000.0000000000
1125.8484035597 1496.4390451434 -2000.0000000000
1125.8484035597 1496.4390451434 -2000.0000000000
1125.8484035597 1496.4390451434 -2000.0000000000
1125.8484035597 1496.4390451434 -2000.0000000000
1125.8484035597 1496.4390451434 -2000.0000000000
1125.8484035597 1496.4390451434 -2000.0000000000
-17.1734359220 135.1749008529 -264.7003427996
-17.1734359220 135.1749008529 -2000.0000000000
-17.1734359220 135.1749008529 -2000.0000000000
-17.1734359220 135.1749008529 -2000.0000000000
-17.1734359220 135.1749008529 -2000.0000000000
-17.1734359220 135.1749008529 -2000.0000000000
-17.1734359220 135.1749008529 -2000.0000000000
1874.0773852810 -1048.4347903422 -1170.9403047843
-1269.6695684957 1174.5409354905 -1936.3112151242
-1269.6695684957 1174.5409354905 -2000.0000000000
1049.1478744452 763.1292626102 1430.8039732129
1049.1478744452 763.1292626102 -2000.0000000000
1049.1478744452 763.1292626102 -2000.0000000000
-286.8829751884 388.3352391880 -924.5325979229
431.7207468148 -1829.1711964054 118.9198605953
431.7207468148 -1829.1711964054 -2000.0000000000
431.7207468148 -1829.1711964054 -2000.0000000000
431.7207468148 -1829.1711964054 -2000.0000000000
431.7207468148 -1829.1711964054 -2000.0000000000
-1428.5162899522 229.2807954640 226.4924017790
-1428.5162899522 229.2807954640 -2000.0000000000
-1428.5162899522 229.2807954640 -2000.0000000000
1109.3139606559 464.2342832507 628.6495380075
1109.3139606559 464.2342832507 -2000.0000000000
1109.3139606559 464.2342832507 -2000.0000000000
1109.3139606559 464.2342832507 -2000.0000000000
1109.3139606559 464.2342832507 -2000.0000000000
1109.3139606559 464.2342832507 -2000.0000000000
-1478.6040736377 1291.7709131142 -1564.4958587355
-1478.6040736377 1291.7709131142 -2000.0000000000
-1478.6040736377 1291.7709131142 -2000.0000000000
-1478.6040736377 1291.7709131142 -2000.0000000000
-1484.1113319610 1869.4984624820 -322.0005321925
1763.4759844102 1244.9518450319 -1955.4192496591
1763.4759844102 1244.9518450319 -2000.0000000000
1763.4759844102 1244.9518450319 -2000.0000000000
1763.4759844102 1244.9518450319 -2000.0000000000
1763.4759844102 1244.9518450319 -2000.0000000000
1763.4759844102 1244.9518450319 -2000.0000000000
1763.4759844102 1244.9518450319 -2000.0000000000
1763.4759844102 1244.9518450319 -2000.0000000000
1763.4759844102 1244.9518450319 -2000.0000000000
1742.7376803792 -1675.6057990587 1154.8273299046
1742.7376803792 -1675.6057990587 -2000.0000000000
1742.7376803792 -1675.6057990587 -2000.0000000000
1742.7376803792 -1675.6057990587 -2000.0000000000
1742.7376803792 -1675.6057990587 -2000.0000000000
1742.7376803792 -1675.6057990587 -2000.0000000000
1742.7376803792 -1675.6057990587 -2000.0000000000
1742.7376803792 -1675.6057990587 -2000.0000000000
203.7582410884 -860.6717109480 -403.3866228567
203.7582410884 -860.6717109480 -2000.0000000000
203.7582410884 -860.6717109480 -2000.0000000000
203.7582410884 -860.6717109480 -2000.0000000000
203.7582410884 -860.6717109480 -2000.0000000000
203.7582410884 -860.6717109480 -2000.0000000000
203.7582410884 -860.6717109480 -2000.0000000000
203.7582410884 -860.6717109480 -2000.0000000000
328.6968860046 -143.4106098187 -1816.7341622137
-1099.3681291781 1455.1447828971 264.5900039278
488.6065643234 -552.1317171740 18.0793807360
488.6065643234 -552.1317171740 -2000.0000000000
488.6065643234 -552.1317171740 -2000.0000000000
488.6065643234 -552.1317171740 -2000.0000000000
-745.0953383537 -106.5710115788 1566.4238831949
1618.9326339123 -1683.6457365763 1695.4756302153
-1422.6470484148 -112.1203733466 1428.2061162805
-1422.6470484148 -112.1203733466 -2000.0000000000
-1422.6470484148 -112.1203733466 -2000.0000000000
-1833.7156232920 1275.2207841797 1177.6854104577
-1833.7156232920 1275.2207841797 -2000.0000000000
-1833.7156232920 1275.2207841797 -2000.0000000000
-1833.7156232920 1275.2207841797 -2000.0000000000
-1833.7156232920 1275.2207841797 -2000.0000000000
-1833.7156232920 1275.2207841797 -2000.0000000000
-1833.7156232920 1275.2207841797 -2000.0000000000
-1833.7156232920 1275.2207841797 -2000.0000000000
-1833.7156232920 1275.2207841797 -2000.0000000000
-1833.7156232920 1275.2207841797 -2000.0000000000
1854.8934558734 -1153.1677599012 541.7952267956
1854.8934558734 -1153.1677599012 -2000.0000000000
1854.8934558734 -1153.1677599012 -2000.0000000000
1854.8934558734 -1153.1677599012 -2000.0000000000
1854.8934558734 -1153.1677599012 -2000.0000000000
1854.8934558734 -1153.1677599012 -2000.0000000000
1854.8934558734 -1153.1677599012 -2000.0000000000
1854.8934558734 -1153.1677599012 -2000.0000000000
1854.8934558734 -1153.1677599012 -2000.0000000000
1809.0769852741 70.5140336781 86.6005406653
1809.0769852741 70.5140336781 -2000.0000000000
1809.0769852741 70.5140336781 -2000.0000000000
1809.0769852741 70.5140336781 -2000.0000000000
1809.0769852741 70.5140336781 -2000.0000000000
-1828.1987830840 -1998.6757682891 922.1646375168
-1828.1987830840 -1998.6757682891 -2000.0000000000
-1828.1987830840 -1998.6757682891 -2000.0000000000
-1828.1987830840 -1998.6757682891 -2000.0000000000
-1828.1987830840 -1998.6757682891 -2000.0000000000
-1828.1987830840 -1998.6757682891 -2000.0000000000
-1828.1987830840 -1998.6757682891 -2000.0000000000
-1828.1987830840 -1998.6757682891 -2000.0000000000
-1828.1987830840 -1998.6757682891 -2000.0000000000
1908.6548072638 1262.1089568709 33.8910011369
1284.7044466763 -465.0698298529 874.6424141122
1284.7044466763 -465.0698298529 -2000.0000000000
1284.7044466763 -465.0698298529 -2000.0000000000
1284.7044466763 -465.0698298529 -2000.0000000000
1284.7044466763 -465.0698298529 -2000.0000000000
1284.7044466763 -465.0698298529 -2000.0000000000
-555.7631930833 -1693.5652282264 358.1726333620
-1316.5638304374 -763.5176883258 822.5321911070
-1316.5638304374 -763.5176883258 -2000.0000000000
-1316.5638304374 -763.5176883258 -2000.0000000000
-1316.5638304374 -763.5176883258 -2000.0000000000
-1316.5638304374 -763.5176883258 -2000.0000000000
399.3824405693 125.1135808939 -1234.8564471440
399.3824405693 125.1135808939 -2000.0000000000
399.3824405693 125.1135808939 -2000.0000000000
399.3824405693 125.1135808939 -2000.0000000000
1135.4095193895 -1261.9467336138 -1852.1888722837
1135.4095193895 -1261.9467336138 -2000.0000000000
1135.4095193895 -1261.9467336138 -2000.0000000000
1135.4095193895 -1261.9467336138 -2000.0000000000
1135.4095193895 -1261.9467336138 -2000.0000000000
-434.2889162988 1566.4674633987 1235.1365488883
955.6050979551 1173.0303661870 1164.0702917072
955.6050979551 1173.0303661870 -2000.0000000000
955.6050979551 1173.0303661870 -2000.0000000000
-687.5064119732 -131.5830305961 127.9003614004
28.1900579039 -1950.0989156022 -305.7094720286
28.1900579039 -1950.0989156022 -2000.0000000000
28.1900579039 -1950.0989156022 -2000.0000000000
-5.9674640450 906.9859884730 -648.6179125986
-5.9674640450 906.9859884730 -2000.0000000000
-5.9674640450 906.9859884730 -2000.0000000000
-413.0774434141 -785.8995587009 -1986.6834474925
-413.0774434141 -785.8995587009 -2000.0000000000
-413.0774434141 -785.8995587009 -2000.0000000000
-413.0774434141 -785.8995587009 -2000.0000000000
419.3631292259 225.9047763890 -248.4027735613
419.3631292259 225.9047763890 -2000.0000000000
419.3631292259 225.9047763890 -2000.0000000000
1177.9216706733 132.3070940985 201.8741058677
-823.4300306476 -1670.3050507332 -378.2588821210
-1054.8673405142 1783.2846377496 -71.9970369615
-1598.1399827358 1289.4616866765 1492.2959223864
508.9008531411 -353.9244171233 -1243.0549836486
-1226.8180741756 1306.3089129013 -689.1488058094
-1226.8180741756 1306.3089129013 -2000.0000000000
-1226.8180741756 1306.3089129013 -2000.0000000000
-1226.8180741756 1306.3089129013 -2000.0000000000
1238.2843491691 219.7857988450 -1967.4044376699
1238.2843491691 219.7857988450 -2000.0000000000
1238.2843491691 219.7857988450 -2000.0000000000
1238.2843491691 219.7857988450 -2000.0000000000
943.7911715670 488.3595684763 670.8651202820
943.7911715670 488.3595684763 -2000.0000000000
-1468.8512894275 -1531.5685959017 -459.5641107303
-1468.8512894275 -1531.5685959017 -2000.0000000000
490.6669943109 1071.2297462042 512.2227013556
490.6669943109 1071.2297462042 -2000.0000000000
490.6669943109 1071.2297462042 -2000.0000000000
490.6669943109 1071.2297462042 -2000.0000000000
745.0419946084 -1392.3112510858 -366.1112204690
745.0419946084 -1392.3112510858 -2000.0000000000
1829.9792483879 -784.0462811354 -928.7901337236
1829.9792483879 -784.0462811354 -2000.0000000000
1829.9792483879 -784.0462811354 -2000.0000000000
1529.2544163568 -1498.3297411999 156.1623200446
1529.2544163568 -1498.3297411999 -2000.0000000000
601.0210661326 -1419.2668698838 190.2809504031
601.0210661326 -1419.2668698838 -2000.0000000000
601.0210661326 -1419.2668698838 -2000.0000000000
601.0210661326 -1419.2668698838 -2000.0000000000
-1081.2480797679 37.2057472645 673.5696950267
-1081.2480797679 37.2057472645 -2000.0000000000
-1081.2480797679 37.2057472645 -2000.0000000000
-1081.2480797679 37.2057472645 -2000.0000000000
-1081.2480797679 37.2057472645 -2000.0000000000
-1081.2480797679 37.2057472645 -2000.0000000000
-1081.2480797679 37.2057472645 -2000.0000000000
-1081.2480797679 37.2057472645 -2000.0000000000
-1081.2480797679 37.2057472645 -2000.0000000000
943.7427320425 33.4728529236 1867.9032076524
-1314.2317718812 -1162.5687186601 -1423.8656767907
-1041.0697087261 1410.5766631519 -193.8614802743
1870.6718495534 -1012.4629891691 607.1426239889
1870.6718495534 -1012.4629891691 -2000.0000000000
1870.6718495534 -1012.4629891691 -2000.0000000000
422.6077440329 1527.3142067942 -1092.1370781421
-486.2782898873 1456.3162930836 1781.8359427165
-486.2782898873 1456.3162930836 -2000.0000000000
-486.2782898873 1456.3162930836 -2000.0000000000
-486.2782898873 1456.3162930836 -2000.0000000000
-989.6658652183 1172.9922653523 1686.6418258089
234.3855831981 -248.2619414672 688.3869095289
234.3855831981 -248.2619414672 -2000.0000000000
234.3855831981 -248.2619414672 -2000.0000000000
234.3855831981 -248.2619414672 -2000.0000000000
234.3855831981 -248.2619414672 -2000.0000000000
234.3855831981 -248.2619414672 -2000.0000000000
234.3855831981 -248.2619414672 -2000.0000000000
-1938.7752792156 -1888.2572719600 1602.1766750988
-1938.7752792156 -1888.2572719600 -2000.0000000000
-1938.7752792156 -1888.2572719600 -2000.0000000000
-1938.7752792156 -1888.2572719600 -2000.0000000000
-1938.7752792156 -1888.2572719600 -2000.0000000000
-1938.7752792156 -1888.2572719600 -2000.0000000000
-1938.7752792156 -1888.2572719600 -2000.0000000000
-366.2000787567 50.8370480038 -1283.0290858224
-366.2000787567 50.8370480038 -2000.0000000000
-944.6586520947 -632.8246911593 -544.9624088076
-944.6586520947 -632.8246911593 -2000.0000000000
-944.6586520947 -632.8246911593 -2000.0000000000
-944.6586520947 -632.8246911593 -2000.0000000000
-944.6586520947 -632.8246911593 -2000.0000000000
-944.6586520947 -632.8246911593 -2000.0000000000
-944.6586520947 -632.8246911593 -2000.0000000000
-944.6586520947 -632.8246911593 -2000.0000000000
-944.6586520947 -632.8246911593 -2000.0000000000
-944.6586520947 -632.8246911593 -2000.0000000000
1435.7979419126 728.1811433067 1935.9510509826
1410.0403690287 -949.3847905456 1297.7490650496
1410.0403690287 -949.3847905456 -2000.0000000000
658.0665005157 1761.2803995623 813.3292158761
658.0665005157 1761.2803995623 -2000.0000000000
63.6749091876 1809.6048497721 -991.1556404118
63.6749091876 1809.6048497721 -2000.0000000000
1443.3726889908 503.8364909711 -957.1361287085
-237.6167958633 1517.5416445941 -18.2411226794
-237.6167958633 1517.5416445941 -2000.0000000000
-237.6167958633 1517.5416445941 -2000.0000000000
-787.4157848182 -203.0199563390 -804.3384751625
-9.0115983413 213.4635090302 1795.1092130439
-11.7325925028 875.7560242136 -1040.6746961826
-1836.4910434470 -423.3899298775 -1636.5712405664
-1836.4910434470 -423.3899298775 -2000.0000000000
-1836.4910434470 -423.3899298775 -2000.0000000000
-1836.4910434470 -423.3899298775 -2000.0000000000
700.5435892987 -1073.0621888821 1984.4883539746
505.2515516999 1884.3936293983 1051.7040649385
505.2515516999 1884.3936293983 -2000.0000000000
505.2515516999 1884.3936293983 -2000.0000000000
505.2515516999 1884.3936293983 -2000.0000000000
505.2515516999 1884.3936293983 -2000.0000000000
505.2515516999 1884.3936293983 -2000.0000000000
505.2515516999 1884.3936293983 -2000.0000000000
505.2515516999 1884.3936293983 -2000.0000000000
-1402.7231240571 953.2259054276 448.1062812365
-1165.1437598489 -1597.3168846253 883.6768998819
-1165.1437598489 -1597.3168846253 -2000.0000000000
-1165.1437598489 -1597.3168846253 -2000.0000000000
1118.1598263700 -1336.9488043704 122.8940719135
1118.1598263700 -1336.9488043704 -2000.0000000000
1118.1598263700 -1336.9488043704 -2000.0000000000
-543.5697860904 1640.5483513339 1391.1049775106
-543.5697860904 1640.5483513339 -2000.0000000000
-543.5697860904 1640.5483513339 -2000.0000000000
-543.5697860904 1640.5483513339 -2000.0000000000
-543.5697860904 1640.5483513339 -2000.0000000000
-543.5697860904 1640.5483513339 -2000.0000000000
-543.5697860904 1640.5483513339 -2000.0000000000
-533.6376835673 -424.5923817753 1119.6512007850
-533.6376835673 -424.5923817753 -2000.0000000000
-533.6376835673 -424.5923817753 -2000.0000000000
-533.6376835673 -424.5923817753 -2000.0000000000
-533.6376835673 -424.5923817753 -2000.0000000000
-533.6376835673 -424.5923817753 -2000.0000000000
-533.6376835673 -424.5923817753 -2000.0000000000
-533.6376835673 -424.5923817753 -2000.0000000000
-482.8352780880 -584.3366094833 -1353.9721366981
-482.8352780880 -584.3366094833 -2000.0000000000
-482.8352780880 -584.3366094833 -2000.0000000000
-482.8352780880 -584.3366094833 -2000.0000000000
1410.3082963540 -949.9044681320 -775.6861436583
1410.3082963540 -949.9044681320 -2000.0000000000
1410.3082963540 -949.9044681320 -2000.0000000000
1410.3082963540 -949.9044681320 -2000.0000000000
1410.3082963540 -949.9044681320 -2000.0000000000
1410.3082963540 -949.9044681320 -2000.0000000000
-1039.5585045404 1076.5312411670 -336.1494267014
-1039.5585045404 1076.5312411670 -2000.0000000000
-1039.5585045404 1076.5312411670 -2000.0000000000
-1039.5585045404 1076.5312411670 -2000.0000000000
-1039.5585045404 1076.5312411670 -2000.0000000000
-1039.5585045404 1076.5312411670 -2000.0000000000
-1878.6337931230 559.0657545768 -1750.4353949894
-1878.6337931230 559.0657545768 -2000.0000000000
-1878.6337931230 559.0657545768 -2000.0000000000
-1740.6375675850 992.1051622905 396.1859128085
-1953.1599459509 -797.8348413821 1626.4228149963
-1953.1599459509 -797.8348413821 -2000.0000000000
1259.3229772293 -1242.8414615882 1489.9905583258
1259.3229772293 -1242.8414615882 -2000.0000000000
1259.3229772293 -1242.8414615882 -2000.0000000000
806.6966695252 -443.2364773811 -1189.8858424564
-1375.6106896345 -484.5494036653 -1995.5326271072
-1375.6106896345 -484.5494036653 -2000.0000000000
-1375.6106896345 -484.5494036653 -2000.0000000000
167.9638248485 1434.2508309628 -1760.8256911123
167.9638248485 1434.2508309628 -2000.0000000000
167.9638248485 1434.2508309628 -2000.0000000000
167.9638248485 1434.2508309628 -2000.0000000000
167.9638248485 1434.2508309628 -2000.0000000000
898.1667184155 -905.2136563785 431.5181925198
419.9064367545 -869.2602582794 1264.6975492687
419.9064367545 -869.2602582794 -2000.0000000000
419.9064367545 -869.2602582794 -2000.0000000000
1672.3380561194 580.7964535529 -968.0289277665
-929.7411980982 21.4295191557 1387.3132442546
-929.7411980982 21.4295191557 -2000.0000000000
-302.6192326060 1985.3271199124 -1226.3863877158
-302.6192326060 1985.3271199124 -2000.0000000000
-1838.5474535593 -1531.1104559421 1626.7143808511
-1838.5474535593 -1531.1104559421 -2000.0000000000
-1338.3991395990 -1416.4594321943 1753.0873993868
-1338.3991395990 -1416.4594321943 -2000.0000000000
-1338.3991395990 -1416.4594321943 -2000.0000000000
-1338.3991395990 -1416.4594321943 -2000.0000000000
-1338.3991395990 -1416.4594321943 -2000.0000000000
-1338.3991395990 -1416.4594321943 -2000.0000000000
1646.8990896287 -1287.8472330690 1349.2536446374
-1455.5506158696 708.1358830441 -145.4427279288
-1455.5506158696 708.1358830441 -2000.0000000000
-1455.5506158696 708.1358830441 -2000.0000000000
-1455.5506158696 708.1358830441 -2000.0000000000
-1455.5506158696 708.1358830441 -2000.0000000000
-1822.8609907793 -426.0541481515 1463.7174809570
-1822.8609907793 -426.0541481515 -2000.0000000000
-1822.8609907793 -426.0541481515 -2000.0000000000
-1822.8609907793 -426.0541481515 -2000.0000000000
-902.3626318177 -1537.5004390738 820.7962001401
1657.0463706382 1434.8283107787 -1090.3648302422
-1340.5623939353 226.4833281956 -344.5241717753
-1340.5623939353 226.4833281956 -2000.0000000000
775.5832196155 -1264.2931037502 -1452.1344091733
775.5832196155 -1264.2931037502 -2000.0000000000
476.9488491077 -965.9341799861 131.8876433503
158.8629234331 351.2882127417 -58.1447263341
1341.3761436996 597.7283798610 -905.5899491516
1341.3761436996 597.7283798610 -2000.0000000000
1341.3761436996 597.7283798610 -2000.0000000000
1341.3761436996 597.7283798610 -2000.0000000000
1341.3761436996 597.7283798610 -2000.0000000000
1341.3761436996 597.7283798610 -2000.0000000000
1341.3761436996 597.7283798610 -2000.0000000000
1341.3761436996 597.7283798610 -2000.0000000000
1667.4422094623 -1004.2843971974 -1449.5012109575
145.8250775073 766.4739809865 -78.9667230721
145.8250775073 766.4739809865 -2000.0000000000
145.8250775073 766.4739809865 -2000.0000000000
145.8250775073 766.4739809865 -2000.0000000000
145.8250775073 766.4739809865 -2000.0000000000
145.8250775073 766.4739809865 -2000.0000000000
145.8250775073 766.4739809865 -2000.0000000000
145.8250775073 766.4739809865 -2000.0000000000
145.8250775073 766.4739809865 -2000.0000000000
145.8250775073 766.4739809865 -2000.0000000000
145.8250775073 766.4739809865 -2000.0000000000
145.8250775073 766.4739809865 -2000.0000000000
1605.6675477930 420.2041563180 653.9907156298
563.4532043397 518.8843949493 1471.0496441843
563.4532043397 518.8843949493 -2000.0000000000
-1184.5722303116 -1002.9530775879 1381.8469227297
-1184.5722303116 -1002.9530775879 -2000.0000000000
-1184.5722303116 -1002.9530775879 -2000.0000000000
-1184.5722303116 -1002.9530775879 -2000.0000000000
520.1921288568 -1068.6213114082 -797.5697359823
520.1921288568 -1068.6213114082 -2000.0000000000
520.1921288568 -1068.6213114082 -2000.0000000000
520.1921288568 -1068.6213114082 -2000.0000000000
995.5108280146 483.1415220855 1274.4830994064
995.5108280146 483.1415220855 -2000.0000000000
995.5108280146 483.1415220855 -2000.0000000000
-188.4785455924 -1083.0716972847 -893.9630567569
-188.4785455924 -1083.0716972847 -2000.0000000000
-188.4785455924 -1083.0716972847 -2000.0000000000
-623.2089303083 -57.4116395039 -1358.2646653931
1991.7989011878 -645.6123521597 896.1813876601
542.4494242416 1930.4366859441 1043.3701107658
858.9309463965 321.6339336425 -279.1249481124
858.9309463965 321.6339336425 -2000.0000000000
858.9309463965 321.6339336425 -2000.0000000000
858.9309463965 321.6339336425 -2000.0000000000
858.9309463965 321.6339336425 -2000.0000000000
858.9309463965 321.6339336425 -2000.0000000000
858.9309463965 321.6339336425 -2000.0000000000
-1157.3955392167 -1508.5587548711 829.3310173361
-1157.3955392167 -1508.5587548711 -2000.0000000000
-1157.3955392167 -1508.5587548711 -2000.0000000000
-1157.3955392167 -1508.5587548711 -2000.0000000000
-1157.3955392167 -1508.5587548711 -2000.0000000000
-1786.6795034825 121.8988883378 902.3225082788
-1786.6795034825 121.8988883378 -2000.0000000000
-1786.6795034825 121.8988883378 -2000.0000000000
-1786.6795034825 121.8988883378 -2000.0000000000
-1786.6795034825 121.8988883378 -2000.0000000000
-1786.6795034825 121.8988883378 -2000.0000000000
-1786.6795034825 121.8988883378 -2000.0000000000
-1786.6795034825 121.8988883378 -2000.0000000000
-1786.6795034825 121.8988883378 -2000.0000000000
-1786.6795034825 121.8988883378 -2000.0000000000
-1786.6795034825 121.8988883378 -2000.0000000000
-1786.6795034825 121.8988883378 -2000.0000000000
-1786.6795034825 121.8988883378 -2000.0000000000
-1790.7076827322 -1491.1500280895 -1331.2657479830
897.5225743329 1975.6853350683 150.6094825091
897.5225743329 1975.6853350683 -2000.0000000000
897.5225743329 1975.6853350683 -2000.0000000000
897.5225743329 1975.6853350683 -2000.0000000000
897.5225743329 1975.6853350683 -2000.0000000000
897.5225743329 1975.6853350683 -2000.0000000000
-476.3084218153 398.8408233561 895.0185144771
-476.3084218153 398.8408233561 -2000.0000000000
552.8449339650 -1041.1210263447 1081.3128938688
552.8449339650 -1041.1210263447 -2000.0000000000
552.8449339650 -1041.1210263447 -2000.0000000000
552.8449339650 -1041.1210263447 -2000.0000000000
552.8449339650 -1041.1210263447 -2000.0000000000
-1944.2798890323 -800.2537813707 -1184.7211905899
81.4228987981 1749.9210889031 -1585.5097685906
81.4228987981 1749.9210889031 -2000.0000000000
81.4228987981 1749.9210889031 -2000.0000000000
81.4228987981 1749.9210889031 -2000.0000000000
81.4228987981 1749.9210889031 -2000.0000000000
81.4228987981 1749.9210889031 -2000.0000000000
81.4228987981 1749.9210889031 -2000.0000000000
-1380.0823773926 487.6220056072 1655.5818589118
-1380.0823773926 487.6220056072 -2000.0000000000
514.1386076012 541.3548517051 -1651.3261715877
514.1386076012 541.3548517051 -2000.0000000000
1066.5358928605 1845.4134716257 -1249.6500289759
1066.5358928605 1845.4134716257 -2000.0000000000
1066.5358928605 1845.4134716257 -2000.0000000000
-189.8610044034 -1316.4025521592 -22.4628047892
-189.8610044034 -1316.4025521592 -2000.0000000000
-189.8610044034 -1316.4025521592 -2000.0000000000
-189.8610044034 -1316.4025521592 -2000.0000000000
-1276.9259705949 -456.5181387538 -1395.5769310092
-1276.9259705949 -456.5181387538 -2000.0000000000
-1276.9259705949 -456.5181387538 -2000.0000000000
-1855.7681643970 -1708.7399935916 -1546.4355098632
-1855.7681643970 -1708.7399935916 -2000.0000000000
-1855.7681643970 -1708.7399935916 -2000.0000000000
-988.5332170231 1956.8611582332 962.2336394630
-988.5332170231 1956.8611582332 -2000.0000000000
-988.5332170231 1956.8611582332 -2000.0000000000
-988.5332170231 1956.8611582332 -2000.0000000000
-988.5332170231 1956.8611582332 -2000.0000000000
-988.5332170231 1956.8611582332 -2000.0000000000
-988.5332170231 1956.8611582332 -2000.0000000000
-1884.6151898401 -1075.3407605583 904.8099931033
-1884.6151898401 -1075.3407605583 -2000.0000000000
-1884.6151898401 -1075.3407605583 -2000.0000000000
758.4361009961 -1367.0542634546 1558.3217269723
758.4361009961 -1367.0542634546 -2000.0000000000
758.4361009961 -1367.0542634546 -2000.0000000000
758.8569311567 1426.4019904240 41.0263183583
758.8569311567 1426.4019904240 -2000.0000000000
758.8569311567 1426.4019904240 -2000.0000000000
758.8569311567 1426.4019904240 -2000.0000000000
994.7621520628 -1622.8300847780 -1879.4338363198
994.7621520628 -1622.8300847780 -2000.0000000000
994.7621520628 -1622.8300847780 -2000.0000000000
994.7621520628 -1622.8300847780 -2000.0000000000
994.7621520628 -1622.8300847780 -2000.0000000000
1852.7151014962 1400.8779763754 -1025.7477772117
1903.7044559302 741.0384351279 -766.9520856145
-1540.3779316683 -1240.7272559723 -1227.4661196151
1147.7310127020 1914.8809192616 -1848.4856952659
1147.7310127020 1914.8809192616 -2000.0000000000
1147.7310127020 1914.8809192616 -2000.0000000000
1766.5862280953 -1301.4679451900 -813.5824745003
1766.5862280953 -1301.4679451900 -2000.0000000000
1766.5862280953 -1301.4679451900 -2000.0000000000
1766.5862280953 -1301.4679451900 -2000.0000000000
1766.5862280953 -1301.4679451900 -2000.0000000000
1766.5862280953 -1301.4679451900 -2000.0000000000
1766.5862280953 -1301.4679451900 -2000.0000000000
1766.5862280953 -1301.4679451900 -2000.0000000000
1919.9962359451 914.8959851348 1646.5480300008
821.4497755496 -1432.0410417919 -51.4712996428
821.4497755496 -1432.0410417919 -2000.0000000000
821.4497755496 -1432.0410417919 -2000.0000000000
444.2509399198 -585.0335049934 -226.3924497234
444.2509399198 -585.0335049934 -2000.0000000000
-285.2188994458 81.2970212371 -1550.4336063562
-833.4802787707 1423.4833713355 -277.5555147411
-833.4802787707 1423.4833713355 -2000.0000000000
-833.4802787707 1423.4833713355 -2000.0000000000
-833.4802787707 1423.4833713355 -2000.0000000000
1566.8992798095 -1250.9820337800 -902.2228497230
1566.8992798095 -1250.9820337800 -2000.0000000000
1566.8992798095 -1250.9820337800 -2000.0000000000
1566.8992798095 -1250.9820337800 -2000.0000000000
-718.2035079076 900.4130069129 -1884.2871309529
-718.2035079076 900.4130069129 -2000.0000000000
-718.2035079076 900.4130069129 -2000.0000000000
576.8305538469 -1129.3638453678 -911.0601982231
576.8305538469 -1129.3638453678 -2000.0000000000
889.9631329974 671.7560175884 -437.2124638630
889.9631329974 671.7560175884 -2000.0000000000
889.9631329974 671.7560175884 -2000.0000000000
889.9631329974 671.7560175884 -2000.0000000000
889.9631329974 671.7560175884 -2000.0000000000
889.9631329974 671.7560175884 -2000.0000000000
889.9631329974 671.7560175884 -2000.0000000000
889.9631329974 671.7560175884 -2000.0000000000
889.9631329974 671.7560175884 -2000.0000000000
889.9631329974 671.7560175884 -2000.0000000000
-1502.8485422908 -1545.5323789218 -682.9941066057
-1502.8485422908 -1545.5323789218 -2000.0000000000
-1904.2451296343 -1201.4034213376 567.6351127334
-1904.2451296343 -1201.4034213376 -2000.0000000000
-1904.2451296343 -1201.4034213376 -2000.0000000000
-1904.2451296343 -1201.4034213376 -2000.0000000000
-1904.2451296343 -1201.4034213376 -2000.0000000000
-1904.2451296343 -1201.4034213376 -2000.0000000000
-1904.2451296343 -1201.4034213376 -2000.0000000000
1560.4111087933 41.4017564956 -1904.9026455740
-1547.0335858274 -1883.7276947699 -1678.0171938307
-1547.0335858274 -1883.7276947699 -2000.0000000000
-1547.0335858274 -1883.7276947699 -2000.0000000000
-743.4723612346 1362.9436549306 1476.8820082109
-743.4723612346 1362.9436549306 -2000.0000000000
-743.4723612346 1362.9436549306 -2000.0000000000
-743.4723612346 1362.9436549306 -2000.0000000000
-743.4723612346 1362.9436549306 -2000.0000000000
-743.4723612346 1362.9436549306 -2000.0000000000
-743.4723612346 1362.9436549306 -2000.0000000000
-743.4723612346 1362.9436549306 -2000.0000000000
-743.4723612346 1362.9436549306 -2000.0000000000
-743.4723612346 1362.9436549306 -2000.0000000000
-743.4723612346 1362.9436549306 -2000.0000000000
-743.4723612346 1362.9436549306 -2000.0000000000
-743.4723612346 1362.9436549306 -2000.0000000000
152.8729849544 -237.6715716752 1663.2462991034
152.8729849544 -237.6715716752 -2000.0000000000
152.8729849544 -237.6715716752 -2000.0000000000
152.8729849544 -237.6715716752 -2000.0000000000
152.8729849544 -237.6715716752 -2000.0000000000
152.8729849544 -237.6715716752 -2000.0000000000
152.8729849544 -237.6715716752 -2000.0000000000
1996.9796525763 -962.3990334575 -1685.5972233941
-1058.0552267333 -751.2282575428 1994.8805468632
-1058.0552267333 -751.2282575428 -2000.0000000000
-1058.0552267333 -751.2282575428 -2000.0000000000
-1058.0552267333 -751.2282575428 -2000.0000000000
-1058.0552267333 -751.2282575428 -2000.0000000000
1843.2716461738 313.2989401790 1333.3145583164
1843.2716461738 313.2989401790 -2000.0000000000
1843.2716461738 313.2989401790 -2000.0000000000
1843.2716461738 313.2989401790 -2000.0000000000
1843.2716461738 313.2989401790 -2000.0000000000
1843.2716461738 313.2989401790 -2000.0000000000
755.3681650479 1185.0171298417 -1731.0899668886
755.3681650479 1185.0171298417 -2000.0000000000
755.3681650479 1185.0171298417 -2000.0000000000
755.3681650479 1185.0171298417 -2000.0000000000
144.0995745636 -1781.1327646485 1913.4551968547
144.0995745636 -1781.1327646485 -2000.0000000000
-79.0686328353 1345.3507951260 -603.3149183807
-79.0686328353 1345.3507951260 -2000.0000000000
-79.0686328353 1345.3507951260 -2000.0000000000
1580.8834049320 -258.2906006648 1103.6507242817
1580.8834049320 -258.2906006648 -2000.0000000000
1580.8834049320 -258.2906006648 -2000.0000000000
1580.8834049320 -258.2906006648 -2000.0000000000
1580.8834049320 -258.2906006648 -2000.0000000000
1580.8834049320 -258.2906006648 -2000.0000000000
1580.8834049320 -258.2906006648 -2000.0000000000
1580.8834049320 -258.2906006648 -2000.0000000000
-916.3314041219 -140.7231243547 516.4307671833
-916.3314041219 -140.7231243547 -2000.0000000000
-916.3314041219 -140.7231243547 -2000.0000000000
-334.2186151543 -1838.7890011040 -617.0189393228
-334.2186151543 -1838.7890011040 -2000.0000000000
-334.2186151543 -1838.7890011040 -2000.0000000000
-334.2186151543 -1838.7890011040 -2000.0000000000
166.8261286258 -1384.5732388362 -131.9179056235
166.8261286258 -1384.5732388362 -2000.0000000000
166.8261286258 -1384.5732388362 -2000.0000000000
-1185.8997321563 841.0093361018 355.2466828151
-1185.8997321563 841.0093361018 -2000.0000000000
-1644.1658436996 -203.1420529805 -10.4305777268
759.3485625819 -1360.7904438405 1100.6485924931
759.3485625819 -1360.7904438405 -2000.0000000000
759.3485625819 -1360.7904438405 -2000.0000000000
759.3485625819 -1360.7904438405 -2000.0000000000
1468.4705713237 -1114.5915440479 301.7776098883
1468.4705713237 -1114.5915440479 -2000.0000000000
1468.4705713237 -1114.5915440479 -2000.0000000000
-337.7820361885 1761.9064468913 1022.6890938101
-337.7820361885 1761.9064468913 -2000.0000000000
-337.7820361885 1761.9064468913 -2000.0000000000
139.4466542640 769.0256544059 1060.9021251838
139.4466542640 769.0256544059 -2000.0000000000
139.4466542640 769.0256544059 -2000.0000000000
-253.3449189362 -1128.1047275938 -972.7945537460
-253.3449189362 -1128.1047275938 -2000.0000000000
-773.6434370096 780.1159837328 -935.4807265413
-1775.0968233717 194.9013379540 -622.6625192610
-934.9859320022 -1952.0268912702 -398.8917084093
-934.9859320022 -1952.0268912702 -2000.0000000000
-934.9859320022 -1952.0268912702 -2000.0000000000
-1.1060995223 930.1094639767 796.6847173306
-1.1060995223 930.1094639767 -2000.0000000000
-1739.5519201136 -917.7635272768 50.8625589880
594.0038857450 1697.2523323251 1778.9845255879
1662.5451943467 -148.8663522477 350.5058116732
118.0816596506 -1721.2784594475 -767.4976736793
118.0816596506 -1721.2784594475 -2000.0000000000
267.3868076454 -1433.9947643692 831.8714680912
1993.0347460409 -253.9926053498 444.3193500208
1993.0347460409 -253.9926053498 -2000.0000000000
1894.3065627289 -250.5369259437 -1858.4727511228
1894.3065627289 -250.5369259437 -2000.0000000000
-242.1320078549 1492.2992547390 1602.4529004689
-242.1320078549 1492.2992547390 -2000.0000000000
806.1326165480 -218.8872429114 -124.2679222982
806.1326165480 -218.8872429114 -2000.0000000000
806.1326165480 -218.8872429114 -2000.0000000000
806.1326165480 -218.8872429114 -2000.0000000000
806.1326165480 -218.8872429114 -2000.0000000000
-1605.6447279521 -1110.1717259370 1375.1266064341
-1605.6447279521 -1110.1717259370 -2000.0000000000
-1605.6447279521 -1110.1717259370 -2000.0000000000
-1605.6447279521 -1110.1717259370 -2000.0000000000
-588.6345112071 173.4070285087 607.3429409650
-1930.3126946612 -1470.0670123253 -1824.3961289524
-1930.3126946612 -1470.0670123253 -2000.0000000000
-1930.3126946612 -1470.0670123253 -2000.0000000000
-1930.3126946612 -1470.0670123253 -2000.0000000000
-1930.3126946612 -1470.0670123253 -2000.0000000000
-1930.3126946612 -1470.0670123253 -2000.0000000000
-1930.3126946612 -1470.0670123253 -2000.0000000000
-1930.3126946612 -1470.0670123253 -2000.0000000000
-1930.3126946612 -1470.0670123253 -2000.0000000000
-1224.0248885609 -272.2669177047 -798.0090240878
-1224.0248885609 -272.2669177047 -2000.0000000000
-1224.0248885609 -272.2669177047 -2000.0000000000
-1658.4389362231 279.0665958309 -1117.5903365695
-1658.4389362231 279.0665958309 -2000.0000000000
-1658.4389362231 279.0665958309 -2000.0000000000
-1658.4389362231 279.0665958309 -2000.0000000000
-1658.4389362231 279.0665958309 -2000.0000000000
-1658.4389362231 279.0665958309 -2000.0000000000
-1658.4389362231 279.0665958309 -2000.0000000000
-1658.4389362231 279.0665958309 -2000.0000000000
-1658.4389362231 279.0665958309 -2000.0000000000
-1498.3190022884 -359.1567404926 141.0254297124
-1498.3190022884 -359.1567404926 -2000.0000000000
-1498.3190022884 -359.1567404926 -2000.0000000000
-1055.6928693696 949.9214153013 1918.2682823377
-1055.6928693696 949.9214153013 -2000.0000000000
-1055.6928693696 949.9214153013 -2000.0000000000
456.2709920030 1149.9044894414 -1213.6299447108
456.2709920030 1149.9044894414 -2000.0000000000
456.2709920030 1149.9044894414 -2000.0000000000
1213.6002711936 -438.9051979517 -1635.2043474262
1213.6002711936 -438.9051979517 -2000.0000000000
1213.6002711936 -438.9051979517 -2000.0000000000
-255.7904005442 564.2658621494 914.5513341543
-255.7904005442 564.2658621494 -2000.0000000000
-405.4114745525 132.0817526377 1074.7810042158
-405.4114745525 132.0817526377 -2000.0000000000
1979.7853887817 -1918.4441419886 -1141.0590832475
267.9541744329 -467.9771911149 1525.0238423046
1272.6184514604 -1458.2607002678 1287.0524414578
-972.2044049997 366.1811456369 432.9738327283
-972.2044049997 366.1811456369 -2000.0000000000
-972.2044049997 366.1811456369 -2000.0000000000
-972.2044049997 366.1811456369 -2000.0000000000
-972.2044049997 366.1811456369 -2000.0000000000
-972.2044049997 366.1811456369 -2000.0000000000
-972.2044049997 366.1811456369 -2000.0000000000
-972.2044049997 366.1811456369 -2000.0000000000
-931.7893238555 -305.3658871590 -1625.0624492003
-1484.4799699586 -829.9633790097 1801.5951640317
471.4644729179 372.6716213536 -279.2722702381
471.4644729179 372.6716213536 -2000.0000000000
471.4644729179 372.6716213536 -2000.0000000000
471.4644729179 372.6716213536 -2000.0000000000
471.4644729179 372.6716213536 -2000.0000000000
471.4644729179 372.6716213536 -2000.0000000000
471.4644729179 372.6716213536 -2000.0000000000
-1901.8395999458 -162.5085846502 590.9230746072
-1675.8179271184 1237.8704765835 193.9680243934
-1675.8179271184 1237.8704765835 -2000.0000000000
-874.0154676512 1557.5063362291 -743.2159678155
796.8523438328 32.3487565713 468.2275231677
-156.2241714495 -831.4750584410 1859.0864556428
-156.2241714495 -831.4750584410 -2000.0000000000
-156.2241714495 -831.4750584410 -2000.0000000000
-156.2241714495 -831.4750584410 -2000.0000000000
-156.2241714495 -831.4750584410 -2000.0000000000
-156.2241714495 -831.4750584410 -2000.0000000000
-156.2241714495 -831.4750584410 -2000.0000000000
-156.2241714495 -831.4750584410 -2000.0000000000
-156.2241714495 -831.4750584410 -2000.0000000000
-156.2241714495 -831.4750584410 -2000.0000000000
-156.2241714495 -831.4750584410 -2000.0000000000
-728.5578378816 -429.8415411575 1766.9765518540
-728.5578378816 -429.8415411575 -2000.0000000000
272.8985929766 -199.9786944118 -1343.4836468316
272.8985929766 -199.9786944118 -2000.0000000000
-1034.1239092351 -975.3116402570 -791.1699665797
-1034.1239092351 -975.3116402570 -2000.0000000000
1576.8617150955 1072.3639442051 1587.5207624922
1576.8617150955 1072.3639442051 -2000.0000000000
1576.8617150955 1072.3639442051 -2000.0000000000
1576.8617150955 1072.3639442051 -2000.0000000000
170.2414072008 -337.2813213102 378.6454924663
170.2414072008 -337.2813213102 -2000.0000000000
170.2414072008 -337.2813213102 -2000.0000000000
170.2414072008 -337.2813213102 -2000.0000000000
-226.0635897662 1081.5749042855 -24.6952858739
-226.0635897662 1081.5749042855 -2000.0000000000
-226.0635897662 1081.5749042855 -2000.0000000000
-226.0635897662 1081.5749042855 -2000.0000000000
-226.0635897662 1081.5749042855 -2000.0000000000
774.3790624661 1280.4254548179 -278.6574331527
774.3790624661 1280.4254548179 -2000.0000000000
-277.7455682132 39.5621299765 -1733.0709158684
74.3160900685 -1451.3884910309 -968.3238829463
74.3160900685 -1451.3884910309 -2000.0000000000
74.3160900685 -1451.3884910309 -2000.0000000000
-1283.3885092128 1707.3543006689 1187.4488915182
-1283.3885092128 1707.3543006689 -2000.0000000000
-1283.3885092128 1707.3543006689 -2000.0000000000
-1283.3885092128 1707.3543006689 -2000.0000000000
-1283.3885092128 1707.3543006689 -2000.0000000000
1566.0116086263 -30.3467480093 -384.3836561017
1084.9173952911 110.7098831511 1904.4568515415
-906.2257598758 -311.6042158716 -1327.6537618321
-906.2257598758 -311.6042158716 -2000.0000000000
-906.2257598758 -311.6042158716 -2000.0000000000
-906.2257598758 -311.6042158716 -2000.0000000000
-906.2257598758 -311.6042158716 -2000.0000000000
-906.2257598758 -311.6042158716 -2000.0000000000
-906.2257598758 -311.6042158716 -2000.0000000000
-906.2257598758 -311.6042158716 -2000.0000000000
-906.2257598758 -311.6042158716 -2000.0000000000
774.8717921627 -1363.0669261205 -1097.3186902093
774.8717921627 -1363.0669261205 -2000.0000000000
774.8717921627 -1363.0669261205 -2000.0000000000
774.8717921627 -1363.0669261205 -2000.0000000000
774.8717921627 -1363.0669261205 -2000.0000000000
1824.9981714968 -1963.8003108067 -273.1910390550
1824.9981714968 -1963.8003108067 -2000.0000000000
1885.5986028836 338.7921571952 -451.6810954631
-1864.0149351741 -531.0905573041 -824.6888474448
-1864.0149351741 -531.0905573041 -2000.0000000000
-1248.2859801502 1345.9992209638 851.1607033351
-1248.2859801502 1345.9992209638 -2000.0000000000
-1248.2859801502 1345.9992209638 -2000.0000000000
103.1728340023 1873.2852878563 451.1783921445
103.1728340023 1873.2852878563 -2000.0000000000
103.1728340023 1873.2852878563 -2000.0000000000
103.1728340023 1873.2852878563 -2000.0000000000
103.1728340023 1873.2852878563 -2000.0000000000
1521.0493490661 -1413.3301962435 -1329.4169739365
1191.9480380379 1669.4707035021 1157.3022207013
1191.9480380379 1669.4707035021 -2000.0000000000
1191.9480380379 1669.4707035021 -2000.0000000000
-1431.6488327215 -490.6438996852 -75.3064853695
-1431.6488327215 -490.6438996852 -2000.0000000000
-1431.6488327215 -490.6438996852 -2000.0000000000
-1431.6488327215 -490.6438996852 -2000.0000000000
-1431.6488327215 -490.6438996852 -2000.0000000000
-1431.6488327215 -490.6438996852 -2000.0000000000
-1431.6488327215 -490.6438996852 -2000.0000000000
-1431.6488327215 -490.6438996852 -2000.0000000000
-1431.6488327215 -490.6438996852 -2000.0000000000
-1431.6488327215 -490.6438996852 -2000.0000000000
-1431.6488327215 -490.6438996852 -2000.0000000000
-1431.6488327215 -490.6438996852 -2000.0000000000
-1431.6488327215 -490.6438996852 -2000.0000000000
-1431.6488327215 -490.6438996852 -2000.0000000000
-1431.6488327215 -490.6438996852 -2000.0000000000
-1431.6488327215 -490.6438996852 -2000.0000000000
-1431.6488327215 -490.6438996852 -2000.0000000000
983.2576164622 22.1111264129 -790.7310507636
983.2576164622 22.1111264129 -2000.0000000000
983.2576164622 22.1111264129 -2000.0000000000
325.1962054778 -1469.7900920807 -1929.2985704522
325.1962054778 -1469.7900920807 -2000.0000000000
325.1962054778 -1469.7900920807 -2000.0000000000
325.1962054778 -1469.7900920807 -2000.0000000000
1452.5973689699 152.8825391881 1104.6632448393
-736.2841502933 -108.0633536995 -407.4401242172
-736.2841502933 -108.0633536995 -2000.0000000000
-1754.9732874169 149.8546600967 -1007.1667444814
-1264.9005241601 1644.3299118247 -369.2262648334
-1264.9005241601 1644.3299118247 -2000.0000000000
-1264.9005241601 1644.3299118247 -2000.0000000000
-1264.9005241601 1644.3299118247 -2000.0000000000
-1264.9005241601 1644.3299118247 -2000.0000000000
1116.2931075089 -94.9502706698 -11.2294751258
1116.2931075089 -94.9502706698 -2000.0000000000
1159.9753043015 -1764.1816062864 1791.0266550059
1159.9753043015 -1764.1816062864 -2000.0000000000
-198.4752523428 -502.1853025190 -383.2926742015
-198.4752523428 -502.1853025190 -2000.0000000000
-198.4752523428 -502.1853025190 -2000.0000000000
-918.9304910782 58.6897192369 -15.8098482695
-918.9304910782 58.6897192369 -2000.0000000000
-918.9304910782 58.6897192369 -2000.0000000000
-1638.6565320277 338.4592117415 -1809.9451896354
-1638.6565320277 338.4592117415 -2000.0000000000
-1638.6565320277 338.4592117415 -2000.0000000000
1454.6675772981 -82.6474057890 1724.9621929000
1454.6675772981 -82.6474057890 -2000.0000000000
315.1839754569 1719.5487294225 1759.3149931504
315.1839754569 1719.5487294225 -2000.0000000000
1219.6537174383 -108.5037717336 509.0473878907
1219.6537174383 -108.5037717336 -2000.0000000000
1219.6537174383 -108.5037717336 -2000.0000000000
1219.6537174383 -108.5037717336 -2000.0000000000
1336.8056791627 -223.6170287860 620.6923325695
-1578.9396922115 1760.3073220038 -542.8633797465
-1578.9396922115 1760.3073220038 -2000.0000000000
-1578.9396922115 1760.3073220038 -2000.0000000000
837.4222754431 -1572.8911998205 -620.7409749482
1238.0425423874 -1485.3871320634 -278.3907416980
1238.0425423874 -1485.3871320634 -2000.0000000000
1238.0425423874 -1485.3871320634 -2000.0000000000
1238.0425423874 -1485.3871320634 -2000.0000000000
287.6403629214 1447.8752542199 917.2836604117
287.6403629214 1447.8752542199 -2000.0000000000
287.6403629214 1447.8752542199 -2000.0000000000
62.4517937600 -1752.3942336112 270.7724474318
62.4517937600 -1752.3942336112 -2000.0000000000
-127.1286762825 -1576.9566346892 1134.7565088086
-1136.3523051032 823.6703004345 1345.3109137894
-1136.3523051032 823.6703004345 -2000.0000000000
1804.2335132960 839.9785114138 -473.1938384357
1039.5589587233 1081.1697767376 -635.9459570952
-473.5789405069 623.9377387872 -1452.9889341514
-473.5789405069 623.9377387872 -2000.0000000000
1362.2889360376 -1118.8217370653 -839.8879335382
1362.2889360376 -1118.8217370653 -2000.0000000000
929.6432378001 -370.1625080233 -909.7109463051
929.6432378001 -370.1625080233 -2000.0000000000
929.6432378001 -370.1625080233 -2000.0000000000
929.6432378001 -370.1625080233 -2000.0000000000
929.6432378001 -370.1625080233 -2000.0000000000
929.6432378001 -370.1625080233 -2000.0000000000
929.6432378001 -370.1625080233 -2000.0000000000
929.6432378001 -370.1625080233 -2000.0000000000
-757.9474016579 1706.7239561700 1777.5108782834
-757.9474016579 1706.7239561700 -2000.0000000000
-757.9474016579 1706.7239561700 -2000.0000000000
-757.9474016579 1706.7239561700 -2000.0000000000
-757.9474016579 1706.7239561700 -2000.0000000000
-757.9474016579 1706.7239561700 -2000.0000000000
1515.6862993989 -991.8842543214 55.4923355352
1515.6862993989 -991.8842543214 -2000.0000000000
1515.6862993989 -991.8842543214 -2000.0000000000
1515.6862993989 -991.8842543214 -2000.0000000000
-106.8406468633 1683.9620702748 952.2317945706
-106.8406468633 1683.9620702748 -2000.0000000000
-771.6582724858 -1997.0807650102 867.5069341813
-771.6582724858 -1997.0807650102 -2000.0000000000
-904.2805994445 -571.3124118930 -717.8748250348
-904.2805994445 -571.3124118930 -2000.0000000000
-904.2805994445 -571.3124118930 -2000.0000000000
-904.2805994445 -571.3124118930 -2000.0000000000
-904.2805994445 -571.3124118930 -2000.0000000000
-904.2805994445 -571.3124118930 -2000.0000000000
-904.2805994445 -571.3124118930 -2000.0000000000
-904.2805994445 -571.3124118930 -2000.0000000000
-904.2805994445 -571.3124118930 -2000.0000000000
-904.2805994445 -571.3124118930 -2000.0000000000
-904.2805994445 -571.3124118930 -2000.0000000000
-904.2805994445 -571.3124118930 -2000.0000000000
-904.2805994445 -571.3124118930 -2000.0000000000
-904.2805994445 -571.3124118930 -2000.0000000000
-904.2805994445 -571.3124118930 -2000.0000000000
-904.2805994445 -571.3124118930 -2000.0000000000
-904.2805994445 -571.3124118930 -2000.0000000000
757.0269948894 1088.8202809134 -1750.6932453134
757.0269948894 1088.8202809134 -2000.0000000000
294.6743025141 -882.2641129331 1276.0112460886
294.6743025141 -882.2641129331 -2000.0000000000
294.6743025141 -882.2641129331 -2000.0000000000
294.6743025141 -882.2641129331 -2000.0000000000
294.6743025141 -882.2641129331 -2000.0000000000
294.6743025141 -882.2641129331 -2000.0000000000
294.6743025141 -882.2641129331 -2000.0000000000
294.6743025141 -882.2641129331 -2000.0000000000
1103.7283180514 36.7688704074 -1144.7180979710
1738.9190164364 178.9558993073 -527.7749974606
1738.9190164364 178.9558993073 -2000.0000000000
1738.9190164364 178.9558993073 -2000.0000000000
-290.7296786883 -567.7435830629 1176.1206353315
-290.7296786883 -567.7435830629 -2000.0000000000
-290.7296786883 -567.7435830629 -2000.0000000000
-1074.1722262876 1980.6574519918 -1047.1219764042
-1074.1722262876 1980.6574519918 -2000.0000000000
-1074.1722262876 1980.6574519918 -2000.0000000000
651.1048617998 -1992.3699931035 984.8109573441
362.0726378015 1322.0198953104 -1679.2613375392
362.0726378015 1322.0198953104 -2000.0000000000
362.0726378015 1322.0198953104 -2000.0000000000
362.0726378015 1322.0198953104 -2000.0000000000
362.0726378015 1322.0198953104 -2000.0000000000
362.0726378015 1322.0198953104 -2000.0000000000
362.0726378015 1322.0198953104 -2000.0000000000
1692.2232358808 1379.2778818067 1574.2404537823
1692.2232358808 1379.2778818067 -2000.0000000000
386.6632882748 1934.0810542468 1506.6778841022
386.6632882748 1934.0810542468 -2000.0000000000
1751.8721277838 996.4313036878 -1788.9079887698
-39.2623769298 -1468.3205789912 1328.2287094688
-39.2623769298 -1468.3205789912 -2000.0000000000
927.8442186976 7.9585519481 471.2363079755
1902.9595371511 773.8003621732 -367.4500771512
1902.9595371511 773.8003621732 -2000.0000000000
1902.9595371511 773.8003621732 -2000.0000000000
1902.9595371511 773.8003621732 -2000.0000000000
1902.9595371511 773.8003621732 -2000.0000000000
1902.9595371511 773.8003621732 -2000.0000000000
1902.9595371511 773.8003621732 -2000.0000000000
1902.9595371511 773.8003621732 -2000.0000000000
1902.9595371511 773.8003621732 -2000.0000000000
1902.9595371511 773.8003621732 -2000.0000000000
1902.9595371511 773.8003621732 -2000.0000000000
1902.9595371511 773.8003621732 -2000.0000000000
1902.9595371511 773.8003621732 -2000.0000000000
-1334.0242488452 -377.2202244098 -1991.9701666301
-1334.0242488452 -377.2202244098 -2000.0000000000
-1334.0242488452 -377.2202244098 -2000.0000000000
-1334.0242488452 -377.2202244098 -2000.0000000000
460.9734643678 -797.9819032979 1012.3230331230
1458.6915862030 -64.9400631401 1197.6419601443
1458.6915862030 -64.9400631401 -2000.0000000000
1458.6915862030 -64.9400631401 -2000.0000000000
1458.6915862030 -64.9400631401 -2000.0000000000
1458.6915862030 -64.9400631401 -2000.0000000000
-920.4299482522 1039.8497925013 1832.9379968414
-920.4299482522 1039.8497925013 -2000.0000000000
-920.4299482522 1039.8497925013 -2000.0000000000
-920.4299482522 1039.8497925013 -2000.0000000000
-920.4299482522 1039.8497925013 -2000.0000000000
-920.4299482522 1039.8497925013 -2000.0000000000
-920.4299482522 1039.8497925013 -2000.0000000000
1286.7059501159 1683.4251926239 -1762.8650153374
-655.9743892177 1550.6443562021 877.0545988400
1954.5221207490 987.9647311669 -475.3488897706
-869.7195994320 1101.3776384462 1402.2425552108
-869.7195994320 1101.3776384462 -2000.0000000000
974.2658156914 -1969.5569063555 86.2979023654
974.2658156914 -1969.5569063555 -2000.0000000000
996.0211909492 948.1003334455 1288.8331182273
996.0211909492 948.1003334455 -2000.0000000000
996.0211909492 948.1003334455 -2000.0000000000
996.0211909492 948.1003334455 -2000.0000000000
996.0211909492 948.1003334455 -2000.0000000000
996.0211909492 948.1003334455 -2000.0000000000
540.5581843393 1130.7398651796 -480.0275661153
-558.5356588953 -86.8968773168 -1503.7814067359
-558.5356588953 -86.8968773168 -2000.0000000000
-558.5356588953 -86.8968773168 -2000.0000000000
-558.5356588953 -86.8968773168 -2000.0000000000
-558.5356588953 -86.8968773168 -2000.0000000000
-558.5356588953 -86.8968773168 -2000.0000000000
-558.5356588953 -86.8968773168 -2000.0000000000
-558.5356588953 -86.8968773168 -2000.0000000000
1452.4541903249 1939.3979552693 1326.8652939001
-1250.1213470483 1096.8603818645 -1190.9219833560
-1157.1646690742 -1485.4802899800 -263.9198540791
-229.0853845872 115.9322782205 -266.0896303938
-229.0853845872 115.9322782205 -2000.0000000000
-229.0853845872 115.9322782205 -2000.0000000000
1019.0113795538 -1749.8861087304 1138.3817984187
1019.0113795538 -1749.8861087304 -2000.0000000000
1019.0113795538 -1749.8861087304 -2000.0000000000
1019.0113795538 -1749.8861087304 -2000.0000000000
-597.0449651687 1832.1346148846 955.6842492504
-597.0449651687 1832.1346148846 -2000.0000000000
-597.0449651687 1832.1346148846 -2000.0000000000
-1309.4514153646 1202.3597026365 1736.1791677357
-1309.4514153646 1202.3597026365 -2000.0000000000
-1309.4514153646 1202.3597026365 -2000.0000000000
1306.9896972659 -1277.7071670584 -891.4538999972
1306.9896972659 -1277.7071670584 -2000.0000000000
1306.9896972659 -1277.7071670584 -2000.0000000000
1306.9896972659 -1277.7071670584 -2000.0000000000
1306.9896972659 -1277.7071670584 -2000.0000000000
1306.9896972659 -1277.7071670584 -2000.0000000000
1306.9896972659 -1277.7071670584 -2000.0000000000
66.6395194911 -736.7795802992 779.8668648498
66.6395194911 -736.7795802992 -2000.0000000000
66.6395194911 -736.7795802992 -2000.0000000000
594.6068900150 1873.2040031038 -611.1288117961
208.8353631626 -1433.3248343585 -685.2659505737
208.8353631626 -1433.3248343585 -2000.0000000000
208.8353631626 -1433.3248343585 -2000.0000000000
208.8353631626 -1433.3248343585 -2000.0000000000
427.8712901503 1948.6189732620 210.4404095803
-1792.6098179740 -561.0729717987 -1888.3385142604
-1792.6098179740 -561.0729717987 -2000.0000000000
-1900.2238242755 1686.9447786254 -191.6178333797
-1900.2238242755 1686.9447786254 -2000.0000000000
-1900.2238242755 1686.9447786254 -2000.0000000000
-1900.2238242755 1686.9447786254 -2000.0000000000
-1900.2238242755 1686.9447786254 -2000.0000000000
-1900.2238242755 1686.9447786254 -2000.0000000000
919.7958416774 1642.9500182795 1480.1721291572
-89.4575869205 1728.0251534036 -761.8687968622
518.3981515843 -937.4285912933 -1207.0008939099
518.3981515843 -937.4285912933 -2000.0000000000
518.3981515843 -937.4285912933 -2000.0000000000
518.3981515843 -937.4285912933 -2000.0000000000
518.3981515843 -937.4285912933 -2000.0000000000
518.3981515843 -937.4285912933 -2000.0000000000
313.9332058456 1482.9822241730 -426.9982964225
313.9332058456 1482.9822241730 -2000.0000000000
313.9332058456 1482.9822241730 -2000.0000000000
313.9332058456 1482.9822241730 -2000.0000000000
1919.9115595979 -746.5322118930 1647.7390672557
-1931.3803163471 -506.4741366493 -1228.8963974490
-495.0367469056 -1971.5656669655 516.8786544397
-495.0367469056 -1971.5656669655 -2000.0000000000
-495.0367469056 -1971.5656669655 -2000.0000000000
794.3781558881 -1456.2458948517 1600.4483553009
794.3781558881 -1456.2458948517 -2000.0000000000
794.3781558881 -1456.2458948517 -2000.0000000000
794.3781558881 -1456.2458948517 -2000.0000000000
794.3781558881 -1456.2458948517 -2000.0000000000
-1056.6553964905 830.0122610116 1372.5170880345
483.2740789280 463.3192961431 -1068.8763813131
483.2740789280 463.3192961431 -2000.0000000000
483.2740789280 463.3192961431 -2000.0000000000
483.2740789280 463.3192961431 -2000.0000000000
483.2740789280 463.3192961431 -2000.0000000000
483.2740789280 463.3192961431 -2000.0000000000
483.2740789280 463.3192961431 -2000.0000000000
483.2740789280 463.3192961431 -2000.0000000000
483.2740789280 463.3192961431 -2000.0000000000
337.6645507079 -697.8801366633 -1023.0820042075
337.6645507079 -697.8801366633 -2000.0000000000
337.6645507079 -697.8801366633 -2000.0000000000
337.6645507079 -697.8801366633 -2000.0000000000
337.6645507079 -697.8801366633 -2000.0000000000
-1729.1227869314 1768.0356572164 -1200.9706577794
-1729.1227869314 1768.0356572164 -2000.0000000000
-1729.1227869314 1768.0356572164 -2000.0000000000
-1729.1227869314 1768.0356572164 -2000.0000000000
-1729.1227869314 1768.0356572164 -2000.0000000000
-1729.1227869314 1768.0356572164 -2000.0000000000
-1729.1227869314 1768.0356572164 -2000.0000000000
-1729.1227869314 1768.0356572164 -2000.0000000000
1343.4742486061 -49.7016883494 302.3591013820
1343.4742486061 -49.7016883494 -2000.0000000000
1343.4742486061 -49.7016883494 -2000.0000000000
1343.4742486061 -49.7016883494 -2000.0000000000
598.4109706022 1490.6429414450 -1883.1709997664
598.4109706022 1490.6429414450 -2000.0000000000
598.4109706022 1490.6429414450 -2000.0000000000
598.4109706022 1490.6429414450 -2000.0000000000
598.4109706022 1490.6429414450 -2000.0000000000
598.4109706022 1490.6429414450 -2000.0000000000
598.4109706022 1490.6429414450 -2000.0000000000
200.8949883914 -279.2364295887 -1746.8907686102
200.8949883914 -279.2364295887 -2000.0000000000
-877.8840785150 -621.7590899092 -1040.9568341100
-877.8840785150 -621.7590899092 -2000.0000000000
-877.8840785150 -621.7590899092 -2000.0000000000
-877.8840785150 -621.7590899092 -2000.0000000000
-877.8840785150 -621.7590899092 -2000.0000000000
-877.8840785150 -621.7590899092 -2000.0000000000
-877.8840785150 -621.7590899092 -2000.0000000000
-80.5465410294 1074.8991252359 1862.8301290306
-80.5465410294 1074.8991252359 -2000.0000000000
-80.5465410294 1074.8991252359 -2000.0000000000
-80.5465410294 1074.8991252359 -2000.0000000000
-80.5465410294 1074.8991252359 -2000.0000000000
-1216.4393442872 212.5013675505 615.1547170436
-1216.4393442872 212.5013675505 -2000.0000000000
-359.9300438763 -417.6273264267 -1445.7487899389
-359.9300438763 -417.6273264267 -2000.0000000000
1026.0420146413 -356.2589200517 1362.6098628288
-820.3871903938 -591.8383218258 -457.1702763514
652.0502068980 -1801.8956402509 -793.5995072924
652.0502068980 -1801.8956402509 -2000.0000000000
652.0502068980 -1801.8956402509 -2000.0000000000
652.0502068980 -1801.8956402509 -2000.0000000000
652.0502068980 -1801.8956402509 -2000.0000000000
652.0502068980 -1801.8956402509 -2000.0000000000
652.0502068980 -1801.8956402509 -2000.0000000000
652.0502068980 -1801.8956402509 -2000.0000000000
652.0502068980 -1801.8956402509 -2000.0000000000
652.0502068980 -1801.8956402509 -2000.0000000000
652.0502068980 -1801.8956402509 -2000.0000000000
652.0502068980 -1801.8956402509 -2000.0000000000
652.0502068980 -1801.8956402509 -2000.0000000000
652.0502068980 -1801.8956402509 -2000.0000000000
652.0502068980 -1801.8956402509 -2000.0000000000
-974.1070844964 -1290.3685705663 -1129.5434170559
-974.1070844964 -1290.3685705663 -2000.0000000000
440.5823528419 1030.4049752304 -491.1036733774
440.5823528419 1030.4049752304 -2000.0000000000
1313.2790918853 -513.9698963805 75.6243671994
1313.2790918853 -513.9698963805 -2000.0000000000
1313.2790918853 -513.9698963805 -2000.0000000000
1313.2790918853 -513.9698963805 -2000.0000000000
1313.2790918853 -513.9698963805 -2000.0000000000
-1573.7889761668 -344.8795772907 1770.6854049791
-1573.7889761668 -344.8795772907 -2000.0000000000
-1573.7889761668 -344.8795772907 -2000.0000000000
-1573.7889761668 -344.8795772907 -2000.0000000000
-1573.7889761668 -344.8795772907 -2000.0000000000
-1854.3961992837 740.3094614695 -1930.9082846672
-1854.3961992837 740.3094614695 -2000.0000000000
-1854.3961992837 740.3094614695 -2000.0000000000
-1854.3961992837 740.3094614695 -2000.0000000000
-1854.3961992837 740.3094614695 -2000.0000000000
-1854.3961992837 740.3094614695 -2000.0000000000
-1854.3961992837 740.3094614695 -2000.0000000000
-1854.3961992837 740.3094614695 -2000.0000000000
-1854.3961992837 740.3094614695 -2000.0000000000
-1854.3961992837 740.3094614695 -2000.0000000000
-209.1839962700 -1056.4370718398 -1222.8713836967
-209.1839962700 -1056.4370718398 -2000.0000000000
-209.1839962700 -1056.4370718398 -2000.0000000000
-209.1839962700 -1056.4370718398 -2000.0000000000
-209.1839962700 -1056.4370718398 -2000.0000000000
467.2457215631 -104.8845759792 710.7043545730
467.2457215631 -104.8845759792 -2000.0000000000
467.2457215631 -104.8845759792 -2000.0000000000
467.2457215631 -104.8845759792 -2000.0000000000
467.2457215631 -104.8845759792 -2000.0000000000
467.2457215631 -104.8845759792 -2000.0000000000
467.2457215631 -104.8845759792 -2000.0000000000
-844.5616333963 -542.7599781891 -604.1170854092
-844.5616333963 -542.7599781891 -2000.0000000000
-844.5616333963 -542.7599781891 -2000.0000000000
-1992.4675309118 1101.6254592028 559.9940193673
-1992.4675309118 1101.6254592028 -2000.0000000000
-808.7958255602 1955.6922688006 745.6024566300
987.3613309944 -1028.1735484934 1804.5519722800
987.3613309944 -1028.1735484934 -2000.0000000000
720.7790109741 -1696.6995256138 1120.0595954759
-1806.5532837872 -733.5931813228 -1671.1954418948
-1806.5532837872 -733.5931813228 -2000.0000000000
-1806.5532837872 -733.5931813228 -2000.0000000000
-1806.5532837872 -733.5931813228 -2000.0000000000
-1806.5532837872 -733.5931813228 -2000.0000000000
-1523.6521784575 765.5888794341 -419.9349024604
-1523.6521784575 765.5888794341 -2000.0000000000
-1523.6521784575 765.5888794341 -2000.0000000000
682.0546715123 350.8313670648 -856.3506379837
682.0546715123 350.8313670648 -2000.0000000000
682.0546715123 350.8313670648 -2000.0000000000
682.0546715123 350.8313670648 -2000.0000000000
-1909.0223514688 -1729.8733744607 -1398.1696800475
-1909.0223514688 -1729.8733744607 -2000.0000000000
1991.9213760681 -1761.2688481930 1629.6862007348
1991.9213760681 -1761.2688481930 -2000.0000000000
1991.9213760681 -1761.2688481930 -2000.0000000000
1991.9213760681 -1761.2688481930 -2000.0000000000
356.0694548221 -1160.8036392736 -1121.5950611123
356.0694548221 -1160.8036392736 -2000.0000000000
356.0694548221 -1160.8036392736 -2000.0000000000
-101.4422570164 1981.0520537622 -1275.1864118917
-101.4422570164 1981.0520537622 -2000.0000000000
-101.4422570164 1981.0520537622 -2000.0000000000
926.2709769294 -235.4677830239 323.7559416559
926.2709769294 -235.4677830239 -2000.0000000000
926.2709769294 -235.4677830239 -2000.0000000000
926.2709769294 -235.4677830239 -2000.0000000000
926.2709769294 -235.4677830239 -2000.0000000000
926.2709769294 -235.4677830239 -2000.0000000000
-207.3988570807 156.9094782892 -639.9924624834
379.5598145750 -383.2159081789 -486.5114986321
379.5598145750 -383.2159081789 -2000.0000000000
379.5598145750 -383.2159081789 -2000.0000000000
379.5598145750 -383.2159081789 -2000.0000000000
379.5598145750 -383.2159081789 -2000.0000000000
379.5598145750 -383.2159081789 -2000.0000000000
379.5598145750 -383.2159081789 -2000.0000000000
1112.2334037293 668.3935943570 1348.6250018666
1112.2334037293 668.3935943570 -2000.0000000000
1112.2334037293 668.3935943570 -2000.0000000000
1112.2334037293 668.3935943570 -2000.0000000000
1112.2334037293 668.3935943570 -2000.0000000000
1112.2334037293 668.3935943570 -2000.0000000000
1112.2334037293 668.3935943570 -2000.0000000000
613.7956714419 689.7556286203 1443.2602337539
613.7956714419 689.7556286203 -2000.0000000000
-123.2498887305 -524.4232460742 -1925.0144698318
-123.2498887305 -524.4232460742 -2000.0000000000
-123.2498887305 -524.4232460742 -2000.0000000000
-123.2498887305 -524.4232460742 -2000.0000000000
-123.2498887305 -524.4232460742 -2000.0000000000
-123.2498887305 -524.4232460742 -2000.0000000000
-123.2498887305 -524.4232460742 -2000.0000000000
-123.2498887305 -524.4232460742 -2000.0000000000
603.0113913895 -1926.1015836161 614.6748400841
-459.1449945979 -668.1110317279 1587.8536774396
-459.1449945979 -668.1110317279 -2000.0000000000
-459.1449945979 -668.1110317279 -2000.0000000000
-459.1449945979 -668.1110317279 -2000.0000000000
423.9582001188 868.0490994462 1226.1637700837
423.9582001188 868.0490994462 -2000.0000000000
423.9582001188 868.0490994462 -2000.0000000000
423.9582001188 868.0490994462 -2000.0000000000
-1847.3299702343 -1221.7443287499 -250.6520784846
-1847.3299702343 -1221.7443287499 -2000.0000000000
176.1413307506 -1809.5939499372 -821.6640142511
176.1413307506 -1809.5939499372 -2000.0000000000
176.1413307506 -1809.5939499372 -2000.0000000000
176.1413307506 -1809.5939499372 -2000.0000000000
176.1413307506 -1809.5939499372 -2000.0000000000
176.1413307506 -1809.5939499372 -2000.0000000000
386.1785556146 785.2250274343 -1207.3743111090
386.1785556146 785.2250274343 -2000.0000000000
-1349.7593371578 -1151.2624503228 -4.1454601331
271.3285414415 -25.8987752815 -1895.4490763118
-1592.1617367084 1615.1456404239 428.0255070874
-1592.1617367084 1615.1456404239 -2000.0000000000
-1592.1617367084 1615.1456404239 -2000.0000000000
-1059.2696020358 1916.9143116728 -694.3164420824
-1059.2696020358 1916.9143116728 -2000.0000000000
-1059.2696020358 1916.9143116728 -2000.0000000000
-179.7929895679 1405.1516285572 945.6632995536
-179.7929895679 1405.1516285572 -2000.0000000000
-179.7929895679 1405.1516285572 -2000.0000000000
-179.7929895679 1405.1516285572 -2000.0000000000
-179.7929895679 1405.1516285572 -2000.0000000000
-810.5360594045 844.0951812002 1175.9986400587
-810.5360594045 844.0951812002 -2000.0000000000
-810.5360594045 844.0951812002 -2000.0000000000
569.6535928031 316.3324587497 899.4489286397
569.6535928031 316.3324587497 -2000.0000000000
798.9809394263 -1080.0710748874 -1965.3199030350
798.9809394263 -1080.0710748874 -2000.0000000000
-480.6260670043 -1865.9020077560 761.6059963012
-480.6260670043 -1865.9020077560 -2000.0000000000
-480.6260670043 -1865.9020077560 -2000.0000000000
-480.6260670043 -1865.9020077560 -2000.0000000000
-480.6260670043 -1865.9020077560 -2000.0000000000
-480.6260670043 -1865.9020077560 -2000.0000000000
774.5498946488 -1394.9069017754 1054.4930610102
774.5498946488 -1394.9069017754 -2000.0000000000
774.5498946488 -1394.9069017754 -2000.0000000000
-842.3727018961 -1982.5839800313 1052.6051528853
-1441.6738684325 -757.4978206719 -407.0635067665
-1441.6738684325 -757.4978206719 -2000.0000000000
-1441.6738684325 -757.4978206719 -2000.0000000000
-1441.6738684325 -757.4978206719 -2000.0000000000
-1441.6738684325 -757.4978206719 -2000.0000000000
698.4510866848 1490.9001611203 -1138.1078045008
698.4510866848 1490.9001611203 -2000.0000000000
698.4510866848 1490.9001611203 -2000.0000000000
-1343.6760055559 -550.5260764150 198.6998282044
-1343.6760055559 -550.5260764150 -2000.0000000000
-1343.6760055559 -550.5260764150 -2000.0000000000
-1071.6685928416 -96.2365909829 -1380.0032930745
-1071.6685928416 -96.2365909829 -2000.0000000000
-1071.6685928416 -96.2365909829 -2000.0000000000
-1071.6685928416 -96.2365909829 -2000.0000000000
879.5754038340 1747.4421677134 546.0215020110
1937.3614216132 1096.0951182394 -545.0751294432
1937.3614216132 1096.0951182394 -2000.0000000000
621.6427249788 -1770.0492336553 1518.8960468886
621.6427249788 -1770.0492336553 -2000.0000000000
621.6427249788 -1770.0492336553 -2000.0000000000
621.6427249788 -1770.0492336553 -2000.0000000000
-815.7420027756 766.8920764173 1660.3179003936
-815.7420027756 766.8920764173 -2000.0000000000
-815.7420027756 766.8920764173 -2000.0000000000
1608.3698862038 416.0391386337 -378.1280300149
1608.3698862038 416.0391386337 -2000.0000000000
1608.3698862038 416.0391386337 -2000.0000000000
1608.3698862038 416.0391386337 -2000.0000000000
1608.3698862038 416.0391386337 -2000.0000000000
1608.3698862038 416.0391386337 -2000.0000000000
1608.3698862038 416.0391386337 -2000.0000000000
1608.3698862038 416.0391386337 -2000.0000000000
1608.3698862038 416.0391386337 -2000.0000000000
1608.3698862038 416.0391386337 -2000.0000000000
1608.3698862038 416.0391386337 -2000.0000000000
1608.3698862038 416.0391386337 -2000.0000000000
1608.3698862038 416.0391386337 -2000.0000000000
1608.3698862038 416.0391386337 -2000.0000000000
1608.3698862038 416.0391386337 -2000.0000000000
1608.3698862038 416.0391386337 -2000.0000000000
1608.3698862038 416.0391386337 -2000.0000000000
727.3309572594 77.0751884460 166.8523455004
727.3309572594 77.0751884460 -2000.0000000000
431.2452370306 -1099.3920543404 -1046.1646061729
976.0348836932 458.0074412008 -123.6367074719
976.0348836932 458.0074412008 -2000.0000000000
-252.0408515808 1465.5421969037 -746.6346317586
-252.0408515808 1465.5421969037 -2000.0000000000
1397.4677325979 -160.5778722576 255.2332156180
1397.4677325979 -160.5778722576 -2000.0000000000
42.0865749562 -67.9447471448 -508.8493107552
42.0865749562 -67.9447471448 -2000.0000000000
42.0865749562 -67.9447471448 -2000.0000000000
42.0865749562 -67.9447471448 -2000.0000000000
42.0865749562 -67.9447471448 -2000.0000000000
42.0865749562 -67.9447471448 -2000.0000000000
42.0865749562 -67.9447471448 -2000.0000000000
42.0865749562 -67.9447471448 -2000.0000000000
42.0865749562 -67.9447471448 -2000.0000000000
1674.4211494871 -1895.1989047690 266.4524298125
1674.4211494871 -1895.1989047690 -2000.0000000000
1674.4211494871 -1895.1989047690 -2000.0000000000
1674.4211494871 -1895.1989047690 -2000.0000000000
1674.4211494871 -1895.1989047690 -2000.0000000000
1674.4211494871 -1895.1989047690 -2000.0000000000
1674.4211494871 -1895.1989047690 -2000.0000000000
1674.4211494871 -1895.1989047690 -2000.0000000000
1674.4211494871 -1895.1989047690 -2000.0000000000
1674.4211494871 -1895.1989047690 -2000.0000000000
1674.4211494871 -1895.1989047690 -2000.0000000000
1674.4211494871 -1895.1989047690 -2000.0000000000
1674.4211494871 -1895.1989047690 -2000.0000000000
-1680.4401886976 -497.5594989753 1499.6129100876
1097.2764614097 444.3033896859 1786.8765650442
1097.2764614097 444.3033896859 -2000.0000000000
1097.2764614097 444.3033896859 -2000.0000000000
1097.2764614097 444.3033896859 -2000.0000000000
-1149.1767995046 -1278.8865625290 1206.4898129823
-764.8464535068 -1751.6529798274 945.8646074309
-764.8464535068 -1751.6529798274 -2000.0000000000
-996.5078435625 -1943.1783008995 1569.3804342093
-996.5078435625 -1943.1783008995 -2000.0000000000
-996.5078435625 -1943.1783008995 -2000.0000000000
38.4015056831 1646.8039750103 1074.6447028831
147.2054090480 866.3094727129 626.4117618461
147.2054090480 866.3094727129 -2000.0000000000
147.2054090480 866.3094727129 -2000.0000000000
147.2054090480 866.3094727129 -2000.0000000000
147.2054090480 866.3094727129 -2000.0000000000
147.2054090480 866.3094727129 -2000.0000000000
147.2054090480 866.3094727129 -2000.0000000000
147.2054090480 866.3094727129 -2000.0000000000
147.2054090480 866.3094727129 -2000.0000000000
-1246.3749463597 -1014.4798540021 1124.4614805383
-1246.3749463597 -1014.4798540021 -2000.0000000000
-1988.4669835999 1362.4031102215 1586.5988021929
-308.6990067808 -1971.3620173272 -1378.2529424437
1314.5654481365 -575.4311998299 795.2189434303
1530.4850743651 1638.2482646491 106.0158469478
-1315.2033258069 -566.1920008284 379.6292987607
-1315.2033258069 -566.1920008284 -2000.0000000000
-1315.2033258069 -566.1920008284 -2000.0000000000
-1315.2033258069 -566.1920008284 -2000.0000000000
-1315.2033258069 -566.1920008284 -2000.0000000000
-1315.2033258069 -566.1920008284 -2000.0000000000
-1315.2033258069 -566.1920008284 -2000.0000000000
-1315.2033258069 -566.1920008284 -2000.0000000000
-1315.2033258069 -566.1920008284 -2000.0000000000
-1315.2033258069 -566.1920008284 -2000.0000000000
-1315.2033258069 -566.1920008284 -2000.0000000000
894.3730325827 1367.8297664196 1982.2847500114
894.3730325827 1367.8297664196 -2000.0000000000
-1273.4618391011 1933.3320944858 -1737.2595948447
-317.2812048089 -438.4379608778 496.0587340491
-317.2812048089 -438.4379608778 -2000.0000000000
-317.2812048089 -438.4379608778 -2000.0000000000
-317.2812048089 -438.4379608778 -2000.0000000000
-1285.5213158613 -876.0725267175 -432.7999261496
-1285.5213158613 -876.0725267175 -2000.0000000000
-1285.5213158613 -876.0725267175 -2000.0000000000
-1285.5213158613 -876.0725267175 -2000.0000000000
-1285.5213158613 -876.0725267175 -2000.0000000000
-1285.5213158613 -876.0725267175 -2000.0000000000
630.9442029633 -673.8477491984 -954.3522671910
630.9442029633 -673.8477491984 -2000.0000000000
-884.0789850641 761.7814932794 -933.1086874197
-884.0789850641 761.7814932794 -2000.0000000000
1090.7963858461 -560.8313153987 -1302.4030139907
1090.7963858461 -560.8313153987 -2000.0000000000
1090.7963858461 -560.8313153987 -2000.0000000000
915.6063217274 130.3780968188 -943.6746204850
915.6063217274 130.3780968188 -2000.0000000000
915.6063217274 130.3780968188 -2000.0000000000
915.6063217274 130.3780968188 -2000.0000000000
915.6063217274 130.3780968188 -2000.0000000000
915.6063217274 130.3780968188 -2000.0000000000
915.6063217274 130.3780968188 -2000.0000000000
-1642.3752362452 -1375.5262298608 453.5633061856
-1642.3752362452 -1375.5262298608 -2000.0000000000
-1642.3752362452 -1375.5262298608 -2000.0000000000
-1642.3752362452 -1375.5262298608 -2000.0000000000
-1642.3752362452 -1375.5262298608 -2000.0000000000
-1642.3752362452 -1375.5262298608 -2000.0000000000
-1642.3752362452 -1375.5262298608 -2000.0000000000
-1642.3752362452 -1375.5262298608 -2000.0000000000
-1642.3752362452 -1375.5262298608 -2000.0000000000
-1705.8365775235 -1181.1924191835 90.9239071767
-1705.8365775235 -1181.1924191835 -2000.0000000000
-1705.8365775235 -1181.1924191835 -2000.0000000000
-1681.8583164495 -1115.6358179963 631.1576261586
-1681.8583164495 -1115.6358179963 -2000.0000000000
-1681.8583164495 -1115.6358179963 -2000.0000000000
-1681.8583164495 -1115.6358179963 -2000.0000000000
1709.6687370110 1067.7878885891 -338.6175360122
1709.6687370110 1067.7878885891 -2000.0000000000
1709.6687370110 1067.7878885891 -2000.0000000000
-1282.0078087595 -244.9554903230 -275.1738273334
178.7366994092 1014.5601548399 -1147.3295107333
178.7366994092 1014.5601548399 -2000.0000000000
178.7366994092 1014.5601548399 -2000.0000000000
178.7366994092 1014.5601548399 -2000.0000000000
178.7366994092 1014.5601548399 -2000.0000000000
178.7366994092 1014.5601548399 -2000.0000000000
-873.5406275022 -939.4857534705 36.5454230405
-873.5406275022 -939.4857534705 -2000.0000000000
-298.1260514520 388.6089054770 162.4642745779
-1653.4457720843 115.4399295799 958.0520993244
-1653.4457720843 115.4399295799 -2000.0000000000
965.3979727966 1776.5070198419 533.6298351597
-241.7148641540 1096.1853198000 -1300.1976389845
-594.7730288149 1001.9050301241 -1878.7726594600
-594.7730288149 1001.9050301241 -2000.0000000000
-594.7730288149 1001.9050301241 -2000.0000000000
717.2405661126 -727.5289527203 697.5873095161
