1514.7835800849 -705.1392105154 1933.1505155937
1123.9314817993 -1534.5856544356 -332.6370903128
-1.7702356079 1698.7905426914 -487.9494458228
-1.7702356079 1698.7905426914 -2000.0000000000
-294.7241735578 -142.5572869050 -741.7001619152
-35.4202936113 1771.1644503610 -1951.3788150555
-35.4202936113 1771.1644503610 -2000.0000000000
1476.4813904197 -1598.6173553890 1105.3067352894
1476.4813904197 -1598.6173553890 -2000.0000000000
1476.4813904197 -1598.6173553890 -2000.0000000000
1476.4813904197 -1598.6173553890 -2000.0000000000
1476.4813904197 -1598.6173553890 -2000.0000000000
1476.4813904197 -1598.6173553890 -2000.0000000000
-1776.3052552372 213.7981467426 -194.0136526119
-1776.3052552372 213.7981467426 -2000.0000000000
-1776.3052552372 213.7981467426 -2000.0000000000
-1776.3052552372 213.7981467426 -2000.0000000000
-623.3263568935 1225.2595938825 -381.1148327221
-363.2778724522 -711.9518276707 1749.6592990316
-363.2778724522 -711.9518276707 -2000.0000000000
-363.2778724522 -711.9518276707 -2000.0000000000
-363.2778724522 -711.9518276707 -2000.0000000000
311.7752939622 217.1637596619 -976.2044725573
311.7752939622 217.1637596619 -2000.0000000000
-1910.8129057884 1677.8854079707 1181.1990840670
-584.4583491001 -444.9866964853 -1522.5813104552
162.9997521311 520.7956326761 1530.1100961360
162.9997521311 520.7956326761 -2000.0000000000
162.9997521311 520.7956326761 -2000.0000000000
162.9997521311 520.7956326761 -2000.0000000000
162.9997521311 520.7956326761 -2000.0000000000
-1112.1752983943 -1440.1313289991 1737.7158098789
612.4284565715 70.4395352245 1113.7744840112
612.4284565715 70.4395352245 -2000.0000000000
612.4284565715 70.4395352245 -2000.0000000000
-1097.6203216493 -1706.6640005994 -1841.5503173784
-1097.6203216493 -1706.6640005994 -2000.0000000000
-1097.6203216493 -1706.6640005994 -2000.0000000000
-1097.6203216493 -1706.6640005994 -2000.0000000000
-1097.6203216493 -1706.6640005994 -2000.0000000000
-117.0939037268 -448.3444285893 612.6626738306
-117.0939037268 -448.3444285893 -2000.0000000000
-117.0939037268 -448.3444285893 -2000.0000000000
-144.8832296254 688.5034101550 -160.3593466804
1173.5095907620 -96.2664938707 1463.1473124749
1173.5095907620 -96.2664938707 -2000.0000000000
1046.9878968056 -876.1454927603 -910.7381209644
-1760.5837268877 800.8262472996 1439.8216280555
-1760.5837268877 800.8262472996 -2000.0000000000
-1760.5837268877 800.8262472996 -2000.0000000000
-1760.5837268877 800.8262472996 -2000.0000000000
-1760.5837268877 800.8262472996 -2000.0000000000
423.5246045809 -822.4064804068 1698.8184163755
-246.0991619042 1993.2737683664 629.5353944540
-246.0991619042 1993.2737683664 -2000.0000000000
-246.0991619042 1993.2737683664 -2000.0000000000
-246.0991619042 1993.2737683664 -2000.0000000000
1255.5730670924 1875.6692376122 1127.5529671194
1255.5730670924 1875.6692376122 -2000.0000000000
1255.5730670924 1875.6692376122 -2000.0000000000
1255.5730670924 1875.6692376122 -2000.0000000000
1255.5730670924 1875.6692376122 -2000.0000000000
1255.5730670924 1875.6692376122 -2000.0000000000
1255.5730670924 1875.6692376122 -2000.0000000000
1255.5730670924 1875.6692376122 -2000.0000000000
1255.5730670924 1875.6692376122 -2000.0000000000
1255.5730670924 1875.6692376122 -2000.0000000000
1255.5730670924 1875.6692376122 -2000.0000000000
1255.5730670924 1875.6692376122 -2000.0000000000
1255.5730670924 1875.6692376122 -2000.0000000000
1255.5730670924 1875.6692376122 -2000.0000000000
1253.3943981126 -1041.8732296524 -530.1800754735
1253.3943981126 -1041.8732296524 -2000.0000000000
-1745.6323194436 1828.1577033684 637.2378197936
404.2041398052 -102.3809023737 -908.0433457295
404.2041398052 -102.3809023737 -2000.0000000000
404.2041398052 -102.3809023737 -2000.0000000000
404.2041398052 -102.3809023737 -2000.0000000000
-589.9101920348 -1119.7365308556 -835.0401366337
-589.9101920348 -1119.7365308556 -2000.0000000000
-589.9101920348 -1119.7365308556 -2000.0000000000
-589.9101920348 -1119.7365308556 -2000.0000000000
-589.9101920348 -1119.7365308556 -2000.0000000000
1185.6295256525 1956.6023159825 -98.9114844619
1185.6295256525 1956.6023159825 -2000.0000000000
1065.3746378159 -1320.2315633858 935.6179673053
-80.6613357763 61.0186104065 54.9988905212
-80.6613357763 61.0186104065 -2000.0000000000
1982.9522775176 745.9747923845 845.5314215448
1982.9522775176 745.9747923845 -2000.0000000000
1230.3207388003 -1883.8895338837 -711.7879725868
1230.3207388003 -1883.8895338837 -2000.0000000000
1230.3207388003 -1883.8895338837 -2000.0000000000
-1126.7366076598 1041.5363613990 -878.6700008969
-1126.7366076598 1041.5363613990 -2000.0000000000
-1126.7366076598 1041.5363613990 -2000.0000000000
-1126.7366076598 1041.5363613990 -2000.0000000000
-1126.7366076598 1041.5363613990 -2000.0000000000
-1126.7366076598 1041.5363613990 -2000.0000000000
-1126.7366076598 1041.5363613990 -2000.0000000000
-1126.7366076598 1041.5363613990 -2000.0000000000
-1126.7366076598 1041.5363613990 -2000.0000000000
79.5996823579 -1116.9148515056 -57.3160129904
79.5996823579 -1116.9148515056 -2000.0000000000
79.5996823579 -1116.9148515056 -2000.0000000000
79.5996823579 -1116.9148515056 -2000.0000000000
79.5996823579 -1116.9148515056 -2000.0000000000
-1931.0426994770 438.0304457832 382.6706485173
-1931.0426994770 438.0304457832 -2000.0000000000
-1931.0426994770 438.0304457832 -2000.0000000000
-1931.0426994770 438.0304457832 -2000.0000000000
-1760.4609054860 1742.3127794461 1592.6162767549
-1760.4609054860 1742.3127794461 -2000.0000000000
494.9481942937 -853.6231770838 655.6357508061
-963.3806509769 880.1952588135 1122.3069300977
-963.3806509769 880.1952588135 -2000.0000000000
-963.3806509769 880.1952588135 -2000.0000000000
-963.3806509769 880.1952588135 -2000.0000000000
-963.3806509769 880.1952588135 -2000.0000000000
-963.3806509769 880.1952588135 -2000.0000000000
-963.3806509769 880.1952588135 -2000.0000000000
-963.3806509769 880.1952588135 -2000.0000000000
-963.3806509769 880.1952588135 -2000.0000000000
-963.3806509769 880.1952588135 -2000.0000000000
961.5645065520 1828.4599620486 -1810.8081034760
961.5645065520 1828.4599620486 -2000.0000000000
961.5645065520 1828.4599620486 -2000.0000000000
961.5645065520 1828.4599620486 -2000.0000000000
961.5645065520 1828.4599620486 -2000.0000000000
392.8283439972 -79.6382973802 935.3733988666
392.8283439972 -79.6382973802 -2000.0000000000
392.8283439972 -79.6382973802 -2000.0000000000
392.8283439972 -79.6382973802 -2000.0000000000
617.2345384633 -530.8960662232 1526.7193249265
-985.6733203204 -1380.3462589620 1111.3214127976
708.8121126064 1520.6909116548 1173.8506424526
708.8121126064 1520.6909116548 -2000.0000000000
-1831.9633924763 -1990.8045141347 138.3230224006
-1831.9633924763 -1990.8045141347 -2000.0000000000
1062.4333879253 629.0021905103 -1159.3575502812
1062.4333879253 629.0021905103 -2000.0000000000
1062.4333879253 629.0021905103 -2000.0000000000
1062.4333879253 629.0021905103 -2000.0000000000
1062.4333879253 629.0021905103 -2000.0000000000
1062.4333879253 629.0021905103 -2000.0000000000
1062.4333879253 629.0021905103 -2000.0000000000
1062.4333879253 629.0021905103 -2000.0000000000
1062.4333879253 629.0021905103 -2000.0000000000
1062.4333879253 629.0021905103 -2000.0000000000
1062.4333879253 629.0021905103 -2000.0000000000
1062.4333879253 629.0021905103 -2000.0000000000
1062.4333879253 629.0021905103 -2000.0000000000
1062.4333879253 629.0021905103 -2000.0000000000
1062.4333879253 629.0021905103 -2000.0000000000
-319.9979725074 510.1679805278 393.2258926369
-281.0915671013 -987.7642192729 1380.2662902198
-281.0915671013 -987.7642192729 -2000.0000000000
-281.0915671013 -987.7642192729 -2000.0000000000
-281.0915671013 -987.7642192729 -2000.0000000000
-281.0915671013 -987.7642192729 -2000.0000000000
-281.0915671013 -987.7642192729 -2000.0000000000
-281.0915671013 -987.7642192729 -2000.0000000000
-281.0915671013 -987.7642192729 -2000.0000000000
-281.0915671013 -987.7642192729 -2000.0000000000
-210.0436498699 -1954.5822642086 934.2186638505
-1364.0941999269 -593.5863712825 -813.1783650521
-1874.9846786754 -132.3383075510 -1743.8690290458
-1874.9846786754 -132.3383075510 -2000.0000000000
-1874.9846786754 -132.3383075510 -2000.0000000000
-351.4905537783 234.4784145991 -363.2686814383
-351.4905537783 234.4784145991 -2000.0000000000
-454.1099085283 -224.5448115829 -218.0717460714
-1836.3555348251 1674.0133564316 845.2869475120
-1836.3555348251 1674.0133564316 -2000.0000000000
-1836.3555348251 1674.0133564316 -2000.0000000000
-1836.3555348251 1674.0133564316 -2000.0000000000
-1371.4208071235 1705.0159067948 1711.3707817063
708.7515777559 1957.1015909186 949.2987385414
708.7515777559 1957.1015909186 -2000.0000000000
1492.2984567352 -1092.4051557444 415.8588653485
1321.9778843060 1514.4127450331 99.3677374182
289.0858840220 704.2164831327 -1357.8504299149
289.0858840220 704.2164831327 -2000.0000000000
289.0858840220 704.2164831327 -2000.0000000000
289.0858840220 704.2164831327 -2000.0000000000
289.0858840220 704.2164831327 -2000.0000000000
289.0858840220 704.2164831327 -2000.0000000000
289.0858840220 704.2164831327 -2000.0000000000
289.0858840220 704.2164831327 -2000.0000000000
289.0858840220 704.2164831327 -2000.0000000000
-1936.8188576453 -1006.1389495906 571.4643650536
-1936.8188576453 -1006.1389495906 -2000.0000000000
-1936.8188576453 -1006.1389495906 -2000.0000000000
-1936.8188576453 -1006.1389495906 -2000.0000000000
-1936.8188576453 -1006.1389495906 -2000.0000000000
-1936.8188576453 -1006.1389495906 -2000.0000000000
-1936.8188576453 -1006.1389495906 -2000.0000000000
-1936.8188576453 -1006.1389495906 -2000.0000000000
-514.3363388442 -1585.0754580225 -1053.8204384959
-514.3363388442 -1585.0754580225 -2000.0000000000
986.1329198469 -1918.1712266580 -1210.9966294204
986.1329198469 -1918.1712266580 -2000.0000000000
986.1329198469 -1918.1712266580 -2000.0000000000
455.2505173214 504.9667160415 1562.3046239777
455.2505173214 504.9667160415 -2000.0000000000
455.2505173214 504.9667160415 -2000.0000000000
455.2505173214 504.9667160415 -2000.0000000000
1234.0608656897 943.1303401944 -1814.7313592687
1900.3614501961 958.2808900723 974.4873686455
1900.3614501961 958.2808900723 -2000.0000000000
1900.3614501961 958.2808900723 -2000.0000000000
1900.3614501961 958.2808900723 -2000.0000000000
758.4128381976 -1882.9824623779 -653.9458173841
758.4128381976 -1882.9824623779 -2000.0000000000
758.4128381976 -1882.9824623779 -2000.0000000000
758.4128381976 -1882.9824623779 -2000.0000000000
758.4128381976 -1882.9824623779 -2000.0000000000
-1212.8721636044 234.8251139834 -728.3044087220
-1212.8721636044 234.8251139834 -2000.0000000000
-1212.8721636044 234.8251139834 -2000.0000000000
-1740.9215776907 368.1674945189 -1060.0828368801
-1740.9215776907 368.1674945189 -2000.0000000000
-1740.9215776907 368.1674945189 -2000.0000000000
-1740.9215776907 368.1674945189 -2000.0000000000
-1740.9215776907 368.1674945189 -2000.0000000000
-544.2762713648 -1678.5321911551 -1419.0260010105
-544.2762713648 -1678.5321911551 -2000.0000000000
-544.2762713648 -1678.5321911551 -2000.0000000000
-544.2762713648 -1678.5321911551 -2000.0000000000
1859.2526783024 -438.5689224292 -631.9794956865
1859.2526783024 -438.5689224292 -2000.0000000000
-1929.4476046644 -1754.2939284908 563.7848637150
-1929.4476046644 -1754.2939284908 -2000.0000000000
-1929.4476046644 -1754.2939284908 -2000.0000000000
-1929.4476046644 -1754.2939284908 -2000.0000000000
-1929.4476046644 -1754.2939284908 -2000.0000000000
-1929.4476046644 -1754.2939284908 -2000.0000000000
-1929.4476046644 -1754.2939284908 -2000.0000000000
-1929.4476046644 -1754.2939284908 -2000.0000000000
-1929.4476046644 -1754.2939284908 -2000.0000000000
-422.2838685382 468.3803516507 1598.8522637270
-422.2838685382 468.3803516507 -2000.0000000000
-422.2838685382 468.3803516507 -2000.0000000000
-1069.0099149660 1751.3219824392 -283.0586684163
-517.7108436109 536.2076864714 -1365.5922113462
-517.7108436109 536.2076864714 -2000.0000000000
-517.7108436109 536.2076864714 -2000.0000000000
1986.6988686786 -1660.7094212041 197.9232898786
1986.6988686786 -1660.7094212041 -2000.0000000000
1986.6988686786 -1660.7094212041 -2000.0000000000
1986.6988686786 -1660.7094212041 -2000.0000000000
1986.6988686786 -1660.7094212041 -2000.0000000000
1986.6988686786 -1660.7094212041 -2000.0000000000
1986.6988686786 -1660.7094212041 -2000.0000000000
-1310.5701753627 1921.2733050523 1589.4070163302
-1310.5701753627 1921.2733050523 -2000.0000000000
-1310.5701753627 1921.2733050523 -2000.0000000000
361.0629611371 24.0905398874 -1436.3887941143
361.0629611371 24.0905398874 -2000.0000000000
784.4426554867 1977.5886374757 1501.4005994399
784.4426554867 1977.5886374757 -2000.0000000000
784.4426554867 1977.5886374757 -2000.0000000000
784.4426554867 1977.5886374757 -2000.0000000000
784.4426554867 1977.5886374757 -2000.0000000000
784.4426554867 1977.5886374757 -2000.0000000000
1730.0259727154 -618.6806616231 -1359.4835061839
1730.0259727154 -618.6806616231 -2000.0000000000
1730.0259727154 -618.6806616231 -2000.0000000000
1730.0259727154 -618.6806616231 -2000.0000000000
1730.0259727154 -618.6806616231 -2000.0000000000
1126.6084855502 837.2046960907 119.7160019135
1126.6084855502 837.2046960907 -2000.0000000000
1126.6084855502 837.2046960907 -2000.0000000000
1685.3944460387 -1006.5502383134 -1823.9871926731
1685.3944460387 -1006.5502383134 -2000.0000000000
90.5941234095 -732.7645595299 208.0173879508
90.5941234095 -732.7645595299 -2000.0000000000
90.5941234095 -732.7645595299 -2000.0000000000
90.5941234095 -732.7645595299 -2000.0000000000
90.5941234095 -732.7645595299 -2000.0000000000
90.5941234095 -732.7645595299 -2000.0000000000
227.3580022790 -532.8300037433 -97.1057954415
1305.6817735471 -1272.1218023031 -1772.4272730913
1305.6817735471 -1272.1218023031 -2000.0000000000
1305.6817735471 -1272.1218023031 -2000.0000000000
1305.6817735471 -1272.1218023031 -2000.0000000000
1305.6817735471 -1272.1218023031 -2000.0000000000
772.2390380644 892.9131209780 -657.9048164958
-472.5198334302 857.6752483621 -1202.2421457500
-402.3803515585 -1700.5658086975 235.9366170451
-386.7894519485 1235.0667247842 -786.5639620051
-386.7894519485 1235.0667247842 -2000.0000000000
-386.7894519485 1235.0667247842 -2000.0000000000
-386.7894519485 1235.0667247842 -2000.0000000000
-386.7894519485 1235.0667247842 -2000.0000000000
-386.7894519485 1235.0667247842 -2000.0000000000
1905.2591105553 -658.8586588527 -1719.5574989395
1905.2591105553 -658.8586588527 -2000.0000000000
1905.2591105553 -658.8586588527 -2000.0000000000
-927.4065634804 1738.1930201902 -1676.3857085907
-927.4065634804 1738.1930201902 -2000.0000000000
926.6811414058 -1086.2611223437 265.1560976999
926.6811414058 -1086.2611223437 -2000.0000000000
1940.0206249530 1647.7723582571 1275.6417831816
1940.0206249530 1647.7723582571 -2000.0000000000
1940.0206249530 1647.7723582571 -2000.0000000000
158.7852116476 -293.1458300812 -1632.1222224910
158.7852116476 -293.1458300812 -2000.0000000000
158.7852116476 -293.1458300812 -2000.0000000000
158.7852116476 -293.1458300812 -2000.0000000000
158.7852116476 -293.1458300812 -2000.0000000000
158.7852116476 -293.1458300812 -2000.0000000000
91.4820130606 300.3148471493 1124.1109984373
91.4820130606 300.3148471493 -2000.0000000000
-502.8968755276 1997.1676657436 1206.5074000562
-502.8968755276 1997.1676657436 -2000.0000000000
-502.8968755276 1997.1676657436 -2000.0000000000
-502.8968755276 1997.1676657436 -2000.0000000000
-502.8968755276 1997.1676657436 -2000.0000000000
-502.8968755276 1997.1676657436 -2000.0000000000
-502.8968755276 1997.1676657436 -2000.0000000000
-502.8968755276 1997.1676657436 -2000.0000000000
-502.8968755276 1997.1676657436 -2000.0000000000
275.6119955620 -60.3456031867 -42.5107422922
275.6119955620 -60.3456031867 -2000.0000000000
275.6119955620 -60.3456031867 -2000.0000000000
-141.7125717515 919.5916988337 -615.0860756366
-141.7125717515 919.5916988337 -2000.0000000000
-1933.4879191917 -496.3490679638 453.6790776518
-1933.4879191917 -496.3490679638 -2000.0000000000
-1933.4879191917 -496.3490679638 -2000.0000000000
-1933.4879191917 -496.3490679638 -2000.0000000000
-1933.4879191917 -496.3490679638 -2000.0000000000
-1933.4879191917 -496.3490679638 -2000.0000000000
1440.5505955081 -1784.4922423354 1216.5114618065
1440.5505955081 -1784.4922423354 -2000.0000000000
1440.5505955081 -1784.4922423354 -2000.0000000000
1440.5505955081 -1784.4922423354 -2000.0000000000
1440.5505955081 -1784.4922423354 -2000.0000000000
1713.0279016505 -1932.8292309910 1487.6696822264
1713.0279016505 -1932.8292309910 -2000.0000000000
1713.0279016505 -1932.8292309910 -2000.0000000000
1713.0279016505 -1932.8292309910 -2000.0000000000
1713.0279016505 -1932.8292309910 -2000.0000000000
1713.0279016505 -1932.8292309910 -2000.0000000000
-732.3958985340 1112.3705243502 433.0418202353
-1877.1333179290 1388.3170992380 1169.5275969696
1642.3437704150 -1926.1058956603 705.1355956878
600.5848710853 0.2727982154 133.2318194945
-341.7004481300 1901.9177188261 557.5764800878
-1180.1464469038 1636.2112614852 1739.3762318982
697.9620067677 1317.0430205148 124.0208075109
697.9620067677 1317.0430205148 -2000.0000000000
697.9620067677 1317.0430205148 -2000.0000000000
51.9576626097 1768.7506062202 1357.3470429634
51.9576626097 1768.7506062202 -2000.0000000000
51.9576626097 1768.7506062202 -2000.0000000000
51.9576626097 1768.7506062202 -2000.0000000000
-1776.0961592263 -927.1530867050 -1445.9601689724
-1776.0961592263 -927.1530867050 -2000.0000000000
-1776.0961592263 -927.1530867050 -2000.0000000000
214.9401583517 1733.5641029754 -331.8510509381
214.9401583517 1733.5641029754 -2000.0000000000
214.9401583517 1733.5641029754 -2000.0000000000
214.9401583517 1733.5641029754 -2000.0000000000
214.9401583517 1733.5641029754 -2000.0000000000
214.9401583517 1733.5641029754 -2000.0000000000
214.9401583517 1733.5641029754 -2000.0000000000
214.9401583517 1733.5641029754 -2000.0000000000
908.0943032488 -292.6323342555 -1841.8628447002
908.0943032488 -292.6323342555 -2000.0000000000
908.0943032488 -292.6323342555 -2000.0000000000
640.1004784826 -285.2315013720 1512.1706637526
-1574.5863122154 1617.8323416811 655.7307991206
-1574.5863122154 1617.8323416811 -2000.0000000000
-1574.5863122154 1617.8323416811 -2000.0000000000
-934.3756743194 770.7049786754 1390.4280752032
-934.3756743194 770.7049786754 -2000.0000000000
-934.3756743194 770.7049786754 -2000.0000000000
-1534.9940127349 1710.6189409369 -1565.5671824032
-1534.9940127349 1710.6189409369 -2000.0000000000
-1534.9940127349 1710.6189409369 -2000.0000000000
-1534.9940127349 1710.6189409369 -2000.0000000000
-1534.9940127349 1710.6189409369 -2000.0000000000
-1534.9940127349 1710.6189409369 -2000.0000000000
-1979.1090769497 1925.6927649694 1540.4332189758
-540.8943247768 -1750.3932131562 1040.4540580832
-540.8943247768 -1750.3932131562 -2000.0000000000
-540.8943247768 -1750.3932131562 -2000.0000000000
-540.8943247768 -1750.3932131562 -2000.0000000000
-540.8943247768 -1750.3932131562 -2000.0000000000
1739.7525819681 436.3253717103 42.6865510863
-105.2459177105 -365.8628717791 1728.3548927102
-105.2459177105 -365.8628717791 -2000.0000000000
-822.3731461599 -1943.4746698122 242.2783703125
-822.3731461599 -1943.4746698122 -2000.0000000000
1275.5041275823 322.9123661911 -960.6844866290
1568.8820468587 791.2180685388 -1379.7254653308
1568.8820468587 791.2180685388 -2000.0000000000
27.9250265682 -376.2656449770 322.8626783538
27.9250265682 -376.2656449770 -2000.0000000000
27.9250265682 -376.2656449770 -2000.0000000000
27.9250265682 -376.2656449770 -2000.0000000000
27.9250265682 -376.2656449770 -2000.0000000000
27.9250265682 -376.2656449770 -2000.0000000000
27.9250265682 -376.2656449770 -2000.0000000000
-29.7103350284 565.4857640898 -755.2993783040
-29.7103350284 565.4857640898 -2000.0000000000
-29.7103350284 565.4857640898 -2000.0000000000
-29.7103350284 565.4857640898 -2000.0000000000
-29.7103350284 565.4857640898 -2000.0000000000
-291.9954391985 -529.4437564406 -635.4613383535
-291.9954391985 -529.4437564406 -2000.0000000000
-291.9954391985 -529.4437564406 -2000.0000000000
-1018.2286758232 -315.3820316390 -582.4041816154
-108.4998070466 390.4258288062 1995.0346541304
-108.4998070466 390.4258288062 -2000.0000000000
-108.4998070466 390.4258288062 -2000.0000000000
-108.4998070466 390.4258288062 -2000.0000000000
-108.4998070466 390.4258288062 -2000.0000000000
-108.4998070466 390.4258288062 -2000.0000000000
-108.4998070466 390.4258288062 -2000.0000000000
-108.4998070466 390.4258288062 -2000.0000000000
-108.4998070466 390.4258288062 -2000.0000000000
-108.4998070466 390.4258288062 -2000.0000000000
-396.0425347984 -1062.5635150523 -489.7532383193
-396.0425347984 -1062.5635150523 -2000.0000000000
-396.0425347984 -1062.5635150523 -2000.0000000000
-396.0425347984 -1062.5635150523 -2000.0000000000
-396.0425347984 -1062.5635150523 -2000.0000000000
-396.0425347984 -1062.5635150523 -2000.0000000000
1672.3818516229 -1330.0202604086 656.5159427948
1672.3818516229 -1330.0202604086 -2000.0000000000
1672.3818516229 -1330.0202604086 -2000.0000000000
1672.3818516229 -1330.0202604086 -2000.0000000000
1672.3818516229 -1330.0202604086 -2000.0000000000
1672.3818516229 -1330.0202604086 -2000.0000000000
1672.3818516229 -1330.0202604086 -2000.0000000000
1672.3818516229 -1330.0202604086 -2000.0000000000
1672.3818516229 -1330.0202604086 -2000.0000000000
-961.5562641005 297.0515783711 358.0865942808
-961.5562641005 297.0515783711 -2000.0000000000
-478.0058279521 1300.9817956874 1909.0623753204
1207.0965583415 1765.5550060070 1699.5864890226
1207.0965583415 1765.5550060070 -2000.0000000000
1276.2953760570 399.8672202083 -482.0479278483
489.5046914323 -1564.4652880045 410.9464741643
1929.6265657571 946.2104699324 -951.0445359409
1929.6265657571 946.2104699324 -2000.0000000000
-1842.2338043519 1707.1178178229 -1698.7862764590
-1842.2338043519 1707.1178178229 -2000.0000000000
-1142.1584104743 -22.4282847228 1304.5999924714
-1142.1584104743 -22.4282847228 -2000.0000000000
-1142.1584104743 -22.4282847228 -2000.0000000000
-1142.1584104743 -22.4282847228 -2000.0000000000
-1142.1584104743 -22.4282847228 -2000.0000000000
1892.9538827431 1843.6850908422 993.2838517839
1892.9538827431 1843.6850908422 -2000.0000000000
1892.9538827431 1843.6850908422 -2000.0000000000
1892.9538827431 1843.6850908422 -2000.0000000000
-1032.3466290066 1224.0864424432 535.0722228523
-1032.3466290066 1224.0864424432 -2000.0000000000
-1032.3466290066 1224.0864424432 -2000.0000000000
-471.7913692810 -642.0426512158 -1053.1862222115
-471.7913692810 -642.0426512158 -2000.0000000000
-541.5822489331 819.0280426162 -70.2782586877
-541.5822489331 819.0280426162 -2000.0000000000
-541.5822489331 819.0280426162 -2000.0000000000
-541.5822489331 819.0280426162 -2000.0000000000
-541.5822489331 819.0280426162 -2000.0000000000
-541.5822489331 819.0280426162 -2000.0000000000
-541.5822489331 819.0280426162 -2000.0000000000
-541.5822489331 819.0280426162 -2000.0000000000
-541.5822489331 819.0280426162 -2000.0000000000
-169.3172879266 -341.3126234731 1450.0852303549
-169.3172879266 -341.3126234731 -2000.0000000000
-169.3172879266 -341.3126234731 -2000.0000000000
-169.3172879266 -341.3126234731 -2000.0000000000
-5.5749439405 1680.6925720871 -1139.1927391659
-5.5749439405 1680.6925720871 -2000.0000000000
-5.5749439405 1680.6925720871 -2000.0000000000
88.3034104256 670.2946303487 48.3520094302
-1455.6989120301 -1502.2946751237 -507.5572327339
-1455.6989120301 -1502.2946751237 -2000.0000000000
-1455.6989120301 -1502.2946751237 -2000.0000000000
-1455.6989120301 -1502.2946751237 -2000.0000000000
-824.4342129136 1680.9771449290 1003.5608186271
-824.4342129136 1680.9771449290 -2000.0000000000
-1150.4181352489 1944.3744031179 -1140.6341786042
-1150.4181352489 1944.3744031179 -2000.0000000000
-1150.4181352489 1944.3744031179 -2000.0000000000
-1150.4181352489 1944.3744031179 -2000.0000000000
-1150.4181352489 1944.3744031179 -2000.0000000000
-1317.2056815370 678.6789448184 -685.4542176342
-1317.2056815370 678.6789448184 -2000.0000000000
-1317.2056815370 678.6789448184 -2000.0000000000
-1317.2056815370 678.6789448184 -2000.0000000000
-1317.2056815370 678.6789448184 -2000.0000000000
-1317.2056815370 678.6789448184 -2000.0000000000
-1317.2056815370 678.6789448184 -2000.0000000000
-1317.2056815370 678.6789448184 -2000.0000000000
-1317.2056815370 678.6789448184 -2000.0000000000
-1317.2056815370 678.6789448184 -2000.0000000000
-1317.2056815370 678.6789448184 -2000.0000000000
-1317.2056815370 678.6789448184 -2000.0000000000
-1317.2056815370 678.6789448184 -2000.0000000000
1167.0610747496 -918.8330138641 1679.0723144561
1167.0610747496 -918.8330138641 -2000.0000000000
1167.0610747496 -918.8330138641 -2000.0000000000
1167.0610747496 -918.8330138641 -2000.0000000000
1167.0610747496 -918.8330138641 -2000.0000000000
1167.0610747496 -918.8330138641 -2000.0000000000
1167.0610747496 -918.8330138641 -2000.0000000000
1167.0610747496 -918.8330138641 -2000.0000000000
1167.0610747496 -918.8330138641 -2000.0000000000
1167.0610747496 -918.8330138641 -2000.0000000000
1167.0610747496 -918.8330138641 -2000.0000000000
1167.0610747496 -918.8330138641 -2000.0000000000
1876.1017198695 960.3821671766 281.9582465157
1876.1017198695 960.3821671766 -2000.0000000000
1935.9110841549 1224.4213047375 -1925.8850482401
-1821.2173182339 -1519.1709972674 1181.2854315061
-1821.2173182339 -1519.1709972674 -2000.0000000000
669.8771373852 1508.3801070324 1319.8316441165
669.8771373852 1508.3801070324 -2000.0000000000
669.8771373852 1508.3801070324 -2000.0000000000
669.8771373852 1508.3801070324 -2000.0000000000
669.8771373852 1508.3801070324 -2000.0000000000
669.8771373852 1508.3801070324 -2000.0000000000
669.8771373852 1508.3801070324 -2000.0000000000
669.8771373852 1508.3801070324 -2000.0000000000
669.8771373852 1508.3801070324 -2000.0000000000
669.8771373852 1508.3801070324 -2000.0000000000
669.8771373852 1508.3801070324 -2000.0000000000
669.8771373852 1508.3801070324 -2000.0000000000
669.8771373852 1508.3801070324 -2000.0000000000
-1782.5333944495 -1028.4338151330 1905.8442537896
-1782.5333944495 -1028.4338151330 -2000.0000000000
-1782.5333944495 -1028.4338151330 -2000.0000000000
-1782.5333944495 -1028.4338151330 -2000.0000000000
-1543.8085248296 1877.9384032735 -1826.3479515895
-1897.0204262795 899.3697606261 -474.8822510313
990.3283134320 398.5165288769 76.1149145033
990.3283134320 398.5165288769 -2000.0000000000
990.3283134320 398.5165288769 -2000.0000000000
990.3283134320 398.5165288769 -2000.0000000000
990.3283134320 398.5165288769 -2000.0000000000
-786.8824313420 -727.0953188057 1545.6677844956
-786.8824313420 -727.0953188057 -2000.0000000000
-786.8824313420 -727.0953188057 -2000.0000000000
223.3091909811 649.1030230568 -144.0929819707
223.3091909811 649.1030230568 -2000.0000000000
223.3091909811 649.1030230568 -2000.0000000000
223.3091909811 649.1030230568 -2000.0000000000
223.3091909811 649.1030230568 -2000.0000000000
223.3091909811 649.1030230568 -2000.0000000000
223.3091909811 649.1030230568 -2000.0000000000
1237.8587546490 700.2700348580 1495.9137494764
-180.0065958759 1590.6783258213 454.8663324879
-180.0065958759 1590.6783258213 -2000.0000000000
596.0059430767 1255.0457731787 977.1833364264
596.0059430767 1255.0457731787 -2000.0000000000
596.0059430767 1255.0457731787 -2000.0000000000
596.0059430767 1255.0457731787 -2000.0000000000
596.0059430767 1255.0457731787 -2000.0000000000
596.0059430767 1255.0457731787 -2000.0000000000
596.0059430767 1255.0457731787 -2000.0000000000
-1554.7932208216 -1850.0261618427 52.8677853117
1895.7680184339 871.5187904551 -1961.0493628544
268.9476909217 165.4276530158 1868.8680566576
-640.7890471419 -1765.5561853726 -225.8065734663
1911.9270816239 -1183.3454585301 -1376.6589460558
1911.9270816239 -1183.3454585301 -2000.0000000000
1911.9270816239 -1183.3454585301 -2000.0000000000
-374.2014429977 441.9606446091 -1105.1245927248
-374.2014429977 441.9606446091 -2000.0000000000
1129.6346443243 477.5523445854 696.8667186793
1129.6346443243 477.5523445854 -2000.0000000000
768.0331222961 1039.0754940589 -316.1755590015
768.0331222961 1039.0754940589 -2000.0000000000
768.0331222961 1039.0754940589 -2000.0000000000
768.0331222961 1039.0754940589 -2000.0000000000
-708.8573611184 1870.3237598439 -770.6609382393
-708.8573611184 1870.3237598439 -2000.0000000000
-1253.3353454424 175.3664579264 -620.6886055785
-1291.6418402752 54.5657708182 -818.8091547960
-1291.6418402752 54.5657708182 -2000.0000000000
-1291.6418402752 54.5657708182 -2000.0000000000
-1291.6418402752 54.5657708182 -2000.0000000000
-1291.6418402752 54.5657708182 -2000.0000000000
-1291.6418402752 54.5657708182 -2000.0000000000
-1291.6418402752 54.5657708182 -2000.0000000000
-1291.6418402752 54.5657708182 -2000.0000000000
-1174.8084825059 -89.3079466730 -1545.7673822022
-1262.3093006698 -968.1640981979 1070.6464356143
-850.1153021714 1345.3860493033 -475.9196856430
-850.1153021714 1345.3860493033 -2000.0000000000
-850.1153021714 1345.3860493033 -2000.0000000000
-850.1153021714 1345.3860493033 -2000.0000000000
-850.1153021714 1345.3860493033 -2000.0000000000
-694.1076033057 -162.5985076460 35.4338271714
-694.1076033057 -162.5985076460 -2000.0000000000
-327.7364554340 -1614.5745107306 1515.8587325217
-327.7364554340 -1614.5745107306 -2000.0000000000
372.3394859448 -179.4780464621 -94.8560749028
372.3394859448 -179.4780464621 -2000.0000000000
372.3394859448 -179.4780464621 -2000.0000000000
-1811.3270017422 1025.2787775271 -289.1451671157
370.1863680086 -567.8224237265 1046.1899434994
1587.6374018867 1448.5290393585 -1150.1263028255
1587.6374018867 1448.5290393585 -2000.0000000000
1587.6374018867 1448.5290393585 -2000.0000000000
1587.6374018867 1448.5290393585 -2000.0000000000
1587.6374018867 1448.5290393585 -2000.0000000000
1587.6374018867 1448.5290393585 -2000.0000000000
1587.6374018867 1448.5290393585 -2000.0000000000
92.1102973052 664.9911511395 1621.4032568305
92.1102973052 664.9911511395 -2000.0000000000
92.1102973052 664.9911511395 -2000.0000000000
92.1102973052 664.9911511395 -2000.0000000000
-1315.9698707851 254.1559515178 -694.1313565330
-1315.9698707851 254.1559515178 -2000.0000000000
-1315.9698707851 254.1559515178 -2000.0000000000
-1315.9698707851 254.1559515178 -2000.0000000000
-1315.9698707851 254.1559515178 -2000.0000000000
-1315.9698707851 254.1559515178 -2000.0000000000
-1315.9698707851 254.1559515178 -2000.0000000000
1010.6283991419 515.9025629442 -989.7377578791
1010.6283991419 515.9025629442 -2000.0000000000
1010.6283991419 515.9025629442 -2000.0000000000
1010.6283991419 515.9025629442 -2000.0000000000
1010.6283991419 515.9025629442 -2000.0000000000
1010.6283991419 515.9025629442 -2000.0000000000
1010.6283991419 515.9025629442 -2000.0000000000
589.6173245859 1906.5217900308 -719.2911893863
1726.9760272533 806.4500301177 1807.8378762101
1726.9760272533 806.4500301177 -2000.0000000000
1726.9760272533 806.4500301177 -2000.0000000000
1726.9760272533 806.4500301177 -2000.0000000000
1726.9760272533 806.4500301177 -2000.0000000000
1726.9760272533 806.4500301177 -2000.0000000000
1726.9760272533 806.4500301177 -2000.0000000000
1726.9760272533 806.4500301177 -2000.0000000000
-122.3451524464 -35.3673082547 1802.1112415758
-122.3451524464 -35.3673082547 -2000.0000000000
-122.3451524464 -35.3673082547 -2000.0000000000
-122.3451524464 -35.3673082547 -2000.0000000000
-336.8240714929 41.1296591994 -1542.6743246677
-336.8240714929 41.1296591994 -2000.0000000000
-361.2013086299 -604.4965940953 -670.7540550561
-361.2013086299 -604.4965940953 -2000.0000000000
-167.2574841329 -1189.7519945901 479.1290851046
705.8624792247 -155.7727134190 -528.3633152088
705.8624792247 -155.7727134190 -2000.0000000000
705.8624792247 -155.7727134190 -2000.0000000000
705.8624792247 -155.7727134190 -2000.0000000000
705.8624792247 -155.7727134190 -2000.0000000000
705.8624792247 -155.7727134190 -2000.0000000000
-1704.0240254585 1066.8186601910 -1955.1943134878
-1704.0240254585 1066.8186601910 -2000.0000000000
-1704.0240254585 1066.8186601910 -2000.0000000000
-111.2495898057 1109.0814658320 -1997.2247747955
-111.2495898057 1109.0814658320 -2000.0000000000
-113.6242679459 1385.3828268151 19.3829458683
-113.6242679459 1385.3828268151 -2000.0000000000
-113.6242679459 1385.3828268151 -2000.0000000000
-113.6242679459 1385.3828268151 -2000.0000000000
-113.6242679459 1385.3828268151 -2000.0000000000
898.0753327802 1895.2511510883 -866.7147589745
898.0753327802 1895.2511510883 -2000.0000000000
898.0753327802 1895.2511510883 -2000.0000000000
898.0753327802 1895.2511510883 -2000.0000000000
898.0753327802 1895.2511510883 -2000.0000000000
516.4922544125 -644.7239182884 -336.9784990612
-10.3435240860 150.7149619163 1184.9279630893
-10.3435240860 150.7149619163 -2000.0000000000
-10.3435240860 150.7149619163 -2000.0000000000
-746.6128509222 540.5962865130 1880.6103584029
-746.6128509222 540.5962865130 -2000.0000000000
577.7497061812 1124.5790585986 -369.0850759142
577.7497061812 1124.5790585986 -2000.0000000000
577.7497061812 1124.5790585986 -2000.0000000000
577.7497061812 1124.5790585986 -2000.0000000000
577.7497061812 1124.5790585986 -2000.0000000000
577.7497061812 1124.5790585986 -2000.0000000000
577.7497061812 1124.5790585986 -2000.0000000000
577.7497061812 1124.5790585986 -2000.0000000000
577.7497061812 1124.5790585986 -2000.0000000000
577.7497061812 1124.5790585986 -2000.0000000000
577.7497061812 1124.5790585986 -2000.0000000000
577.7497061812 1124.5790585986 -2000.0000000000
1878.6737642504 -1227.7607826600 -1766.9698937165
1878.6737642504 -1227.7607826600 -2000.0000000000
1878.6737642504 -1227.7607826600 -2000.0000000000
1878.6737642504 -1227.7607826600 -2000.0000000000
1878.6737642504 -1227.7607826600 -2000.0000000000
1878.6737642504 -1227.7607826600 -2000.0000000000
1878.6737642504 -1227.7607826600 -2000.0000000000
-1700.6394956866 1.3265042694 1067.8163845478
1473.1034210225 1270.6905107786 218.3635811220
-1526.9590863452 -492.3187795934 517.9707442420
-1526.9590863452 -492.3187795934 -2000.0000000000
528.4154431830 214.2842829514 822.5554772119
-119.7876026568 -1482.0148163815 -1332.4297922688
-119.7876026568 -1482.0148163815 -2000.0000000000
-119.7876026568 -1482.0148163815 -2000.0000000000
-119.7876026568 -1482.0148163815 -2000.0000000000
-119.7876026568 -1482.0148163815 -2000.0000000000
1003.6233516842 37.1776848868 424.7798764796
-17.3201678008 -61.4958240518 -972.2762492202
-17.3201678008 -61.4958240518 -2000.0000000000
-17.3201678008 -61.4958240518 -2000.0000000000
-17.3201678008 -61.4958240518 -2000.0000000000
1384.3201921269 1817.1013638840 1912.7366748229
1384.3201921269 1817.1013638840 -2000.0000000000
1612.2613885114 -215.2194384434 615.8462561121
-52.2940848827 -1969.2173506073 -991.0404098010
-52.2940848827 -1969.2173506073 -2000.0000000000
-52.2940848827 -1969.2173506073 -2000.0000000000
-52.2940848827 -1969.2173506073 -2000.0000000000
-52.2940848827 -1969.2173506073 -2000.0000000000
-52.2940848827 -1969.2173506073 -2000.0000000000
19.9648123279 -288.6158295795 -279.7022477892
19.9648123279 -288.6158295795 -2000.0000000000
-362.8271747060 1851.2392685641 67.7534400405
-362.8271747060 1851.2392685641 -2000.0000000000
-322.8383214552 -597.6975854658 -1449.8809811562
327.4918706022 1390.4825019627 408.9063306596
-1583.6770307544 -97.7765563714 -1358.7926303526
-1583.6770307544 -97.7765563714 -2000.0000000000
-1583.6770307544 -97.7765563714 -2000.0000000000
1225.4122981506 -928.9776062541 -657.7397935810
1225.4122981506 -928.9776062541 -2000.0000000000
1225.4122981506 -928.9776062541 -2000.0000000000
1225.4122981506 -928.9776062541 -2000.0000000000
1225.4122981506 -928.9776062541 -2000.0000000000
1225.4122981506 -928.9776062541 -2000.0000000000
1225.4122981506 -928.9776062541 -2000.0000000000
468.8109076717 -978.8069544147 -1458.8822849980
468.8109076717 -978.8069544147 -2000.0000000000
468.8109076717 -978.8069544147 -2000.0000000000
406.7189348436 610.9829829011 -1320.2630659578
300.0380390176 -82.3222406039 -1756.5835248471
1678.6613884107 -1210.8550414505 -848.1779190538
1678.6613884107 -1210.8550414505 -2000.0000000000
1678.6613884107 -1210.8550414505 -2000.0000000000
1212.5230287944 -485.3591382077 -1910.5430802264
1212.5230287944 -485.3591382077 -2000.0000000000
588.1970514485 -1363.3221642444 -1810.8223445368
-1739.3435480870 -1259.6915264224 1285.2572616915
-1739.3435480870 -1259.6915264224 -2000.0000000000
-1739.3435480870 -1259.6915264224 -2000.0000000000
651.8745532515 -1741.4433565256 1982.2071131704
651.8745532515 -1741.4433565256 -2000.0000000000
1706.1723781552 -360.0683231885 -1925.6271308846
1706.1723781552 -360.0683231885 -2000.0000000000
1706.1723781552 -360.0683231885 -2000.0000000000
1706.1723781552 -360.0683231885 -2000.0000000000
1706.1723781552 -360.0683231885 -2000.0000000000
-899.9423786291 1073.6901454757 -77.5126383200
-899.9423786291 1073.6901454757 -2000.0000000000
-899.9423786291 1073.6901454757 -2000.0000000000
-899.9423786291 1073.6901454757 -2000.0000000000
-1879.7780556447 -673.9510942862 365.7646035868
-1879.7780556447 -673.9510942862 -2000.0000000000
-1879.7780556447 -673.9510942862 -2000.0000000000
-1879.7780556447 -673.9510942862 -2000.0000000000
413.9934679426 -1377.8828237720 1664.2646094887
413.9934679426 -1377.8828237720 -2000.0000000000
413.9934679426 -1377.8828237720 -2000.0000000000
413.9934679426 -1377.8828237720 -2000.0000000000
413.9934679426 -1377.8828237720 -2000.0000000000
413.9934679426 -1377.8828237720 -2000.0000000000
413.9934679426 -1377.8828237720 -2000.0000000000
413.9934679426 -1377.8828237720 -2000.0000000000
1424.5960799365 776.3715817945 -518.4767118543
-426.9453831460 -1865.7731893754 55.9354467117
-426.9453831460 -1865.7731893754 -2000.0000000000
-426.9453831460 -1865.7731893754 -2000.0000000000
-426.9453831460 -1865.7731893754 -2000.0000000000
-426.9453831460 -1865.7731893754 -2000.0000000000
-426.9453831460 -1865.7731893754 -2000.0000000000
-426.9453831460 -1865.7731893754 -2000.0000000000
-1885.0829839318 -1111.3212286677 1387.7108165214
-1885.0829839318 -1111.3212286677 -2000.0000000000
-1885.0829839318 -1111.3212286677 -2000.0000000000
1274.3460701739 -690.3876048255 1278.2890378702
1274.3460701739 -690.3876048255 -2000.0000000000
1274.3460701739 -690.3876048255 -2000.0000000000
-1121.6846978597 -1236.4645645759 274.3263372139
-1121.6846978597 -1236.4645645759 -2000.0000000000
-1121.6846978597 -1236.4645645759 -2000.0000000000
-1121.6846978597 -1236.4645645759 -2000.0000000000
-1121.6846978597 -1236.4645645759 -2000.0000000000
-1121.6846978597 -1236.4645645759 -2000.0000000000
-900.4083383417 455.9544773041 1650.1018838733
-900.4083383417 455.9544773041 -2000.0000000000
-1455.8161537108 884.4327521356 -572.0628113871
-1455.8161537108 884.4327521356 -2000.0000000000
-482.1727379542 1492.1834376347 581.4164588877
-482.1727379542 1492.1834376347 -2000.0000000000
-1097.3715823321 1389.7124515712 585.2038575866
-1097.3715823321 1389.7124515712 -2000.0000000000
-224.1707942269 -1214.9288882272 -1593.4702118446
-424.7506951943 -603.4101630781 533.5799039398
-424.7506951943 -603.4101630781 -2000.0000000000
-424.7506951943 -603.4101630781 -2000.0000000000
-424.7506951943 -603.4101630781 -2000.0000000000
-424.7506951943 -603.4101630781 -2000.0000000000
-1053.4959388618 -1529.5890934672 1261.4130944839
-1053.4959388618 -1529.5890934672 -2000.0000000000
-1053.4959388618 -1529.5890934672 -2000.0000000000
-1053.4959388618 -1529.5890934672 -2000.0000000000
-1053.4959388618 -1529.5890934672 -2000.0000000000
-1053.4959388618 -1529.5890934672 -2000.0000000000
-1053.4959388618 -1529.5890934672 -2000.0000000000
-1603.4605407391 -1069.8999114854 -901.8139996625
-1603.4605407391 -1069.8999114854 -2000.0000000000
-1311.4374573431 1125.3710590610 -1601.7491631850
1430.9073368945 497.4163116663 -203.0254678327
1430.9073368945 497.4163116663 -2000.0000000000
1430.9073368945 497.4163116663 -2000.0000000000
1430.9073368945 497.4163116663 -2000.0000000000
1430.9073368945 497.4163116663 -2000.0000000000
1430.9073368945 497.4163116663 -2000.0000000000
1430.9073368945 497.4163116663 -2000.0000000000
1430.9073368945 497.4163116663 -2000.0000000000
964.6590396547 228.8835246881 1087.2032815114
964.6590396547 228.8835246881 -2000.0000000000
964.6590396547 228.8835246881 -2000.0000000000
964.6590396547 228.8835246881 -2000.0000000000
1132.4887155036 1435.3220871906 -1594.8315715601
1132.4887155036 1435.3220871906 -2000.0000000000
497.1855455662 -1366.0191568694 -1441.5925410330
497.1855455662 -1366.0191568694 -2000.0000000000
497.1855455662 -1366.0191568694 -2000.0000000000
-759.8909505910 1278.4350636851 -1869.3233019675
-1356.1101698879 509.1352920467 96.3913731215
1687.3509742784 13.7044124976 528.7879815054
1861.8565308718 157.3844020443 -948.1718491750
-429.8324356030 1059.9183037262 -1612.1389927338
-429.8324356030 1059.9183037262 -2000.0000000000
-429.8324356030 1059.9183037262 -2000.0000000000
1199.5983876654 -653.7661934016 -1406.7289767262
-1495.6203250365 -1979.1691547472 1071.5548093552
-1495.6203250365 -1979.1691547472 -2000.0000000000
-1495.6203250365 -1979.1691547472 -2000.0000000000
535.7996603400 -1158.5169596463 -1466.4269882928
-1217.9946020882 -1476.3145654834 792.3926124527
-1217.9946020882 -1476.3145654834 -2000.0000000000
-785.2743340292 823.8472292539 -91.2378143148
-785.2743340292 823.8472292539 -2000.0000000000
-785.2743340292 823.8472292539 -2000.0000000000
691.1875884023 615.2572895620 102.2824415803
691.1875884023 615.2572895620 -2000.0000000000
-139.0578986534 -1771.9350020508 -959.3239679983
-139.0578986534 -1771.9350020508 -2000.0000000000
-139.0578986534 -1771.9350020508 -2000.0000000000
-139.0578986534 -1771.9350020508 -2000.0000000000
-952.1963346840 1322.7453314394 1923.1185230432
-952.1963346840 1322.7453314394 -2000.0000000000
-952.1963346840 1322.7453314394 -2000.0000000000
-952.1963346840 1322.7453314394 -2000.0000000000
-374.0698373752 -554.8641086647 979.2824463872
-1606.0676397945 192.6129219810 1113.9541306851
-353.9326361418 1326.2657360266 -1378.8944670069
645.0295629613 -201.1693431462 547.4885379338
645.0295629613 -201.1693431462 -2000.0000000000
645.0295629613 -201.1693431462 -2000.0000000000
-1158.9957764278 -318.4762179159 1456.9686920419
668.2380522386 72.4230180856 1382.6606097037
668.2380522386 72.4230180856 -2000.0000000000
668.2380522386 72.4230180856 -2000.0000000000
668.2380522386 72.4230180856 -2000.0000000000
-515.7326959579 405.5877294724 788.9797451308
-515.7326959579 405.5877294724 -2000.0000000000
-515.7326959579 405.5877294724 -2000.0000000000
-515.7326959579 405.5877294724 -2000.0000000000
-591.9918458858 -1173.4802175410 -822.7905681759
-591.9918458858 -1173.4802175410 -2000.0000000000
-591.9918458858 -1173.4802175410 -2000.0000000000
-416.2271008728 1841.0739283068 602.0214088034
-416.2271008728 1841.0739283068 -2000.0000000000
-416.2271008728 1841.0739283068 -2000.0000000000
-416.2271008728 1841.0739283068 -2000.0000000000
-416.2271008728 1841.0739283068 -2000.0000000000
-416.2271008728 1841.0739283068 -2000.0000000000
-416.2271008728 1841.0739283068 -2000.0000000000
-416.2271008728 1841.0739283068 -2000.0000000000
-416.2271008728 1841.0739283068 -2000.0000000000
-416.2271008728 1841.0739283068 -2000.0000000000
-416.2271008728 1841.0739283068 -2000.0000000000
-416.2271008728 1841.0739283068 -2000.0000000000
-416.2271008728 1841.0739283068 -2000.0000000000
-416.2271008728 1841.0739283068 -2000.0000000000
-416.2271008728 1841.0739283068 -2000.0000000000
-416.2271008728 1841.0739283068 -2000.0000000000
215.2835482593 1963.6152313184 156.8759571280
215.2835482593 1963.6152313184 -2000.0000000000
215.2835482593 1963.6152313184 -2000.0000000000
215.2835482593 1963.6152313184 -2000.0000000000
215.2835482593 1963.6152313184 -2000.0000000000
215.2835482593 1963.6152313184 -2000.0000000000
588.2789473548 -233.3821617168 1391.9167976871
-1367.7424770772 462.7897525554 -1597.3802032612
1228.4175274028 -1367.5220844101 1028.4533798867
1228.4175274028 -1367.5220844101 -2000.0000000000
1228.4175274028 -1367.5220844101 -2000.0000000000
1228.4175274028 -1367.5220844101 -2000.0000000000
1228.4175274028 -1367.5220844101 -2000.0000000000
1228.4175274028 -1367.5220844101 -2000.0000000000
1228.4175274028 -1367.5220844101 -2000.0000000000
1228.4175274028 -1367.5220844101 -2000.0000000000
1702.5012443376 951.3648609581 810.0616187074
1702.5012443376 951.3648609581 -2000.0000000000
1702.5012443376 951.3648609581 -2000.0000000000
1702.5012443376 951.3648609581 -2000.0000000000
1702.5012443376 951.3648609581 -2000.0000000000
491.4955317655 377.6392982673 -699.1641833432
491.4955317655 377.6392982673 -2000.0000000000
491.4955317655 377.6392982673 -2000.0000000000
491.4955317655 377.6392982673 -2000.0000000000
491.4955317655 377.6392982673 -2000.0000000000
-1474.9606773199 -1649.6442861176 -1453.8426399212
-1474.9606773199 -1649.6442861176 -2000.0000000000
737.9407933911 664.7649458175 -1594.7756202446
737.9407933911 664.7649458175 -2000.0000000000
-1619.9364865316 -1563.9356329980 -100.3026429446
-1619.9364865316 -1563.9356329980 -2000.0000000000
-177.2654004917 1416.1066228470 -625.2893843929
-177.2654004917 1416.1066228470 -2000.0000000000
-177.2654004917 1416.1066228470 -2000.0000000000
-453.3055336227 -1349.4798125123 119.2330168685
-453.3055336227 -1349.4798125123 -2000.0000000000
-453.3055336227 -1349.4798125123 -2000.0000000000
-453.3055336227 -1349.4798125123 -2000.0000000000
1260.1656193713 1538.3497408339 -1001.7101199929
1260.1656193713 1538.3497408339 -2000.0000000000
-53.8412847035 477.0627355232 -1754.1684051327
-53.8412847035 477.0627355232 -2000.0000000000
-53.8412847035 477.0627355232 -2000.0000000000
-53.8412847035 477.0627355232 -2000.0000000000
-53.8412847035 477.0627355232 -2000.0000000000
-53.8412847035 477.0627355232 -2000.0000000000
-1928.5427175026 889.7311265591 858.8189917982
-1928.5427175026 889.7311265591 -2000.0000000000
94.0871764501 1273.0347039102 -1654.9712597136
94.0871764501 1273.0347039102 -2000.0000000000
94.0871764501 1273.0347039102 -2000.0000000000
94.0871764501 1273.0347039102 -2000.0000000000
1947.2074609500 508.2534949125 1448.2759012895
-1426.8389288547 1744.4797513611 -482.4087317080
-1426.8389288547 1744.4797513611 -2000.0000000000
-1426.8389288547 1744.4797513611 -2000.0000000000
-1426.8389288547 1744.4797513611 -2000.0000000000
-1426.8389288547 1744.4797513611 -2000.0000000000
-1426.8389288547 1744.4797513611 -2000.0000000000
-1426.8389288547 1744.4797513611 -2000.0000000000
-1426.8389288547 1744.4797513611 -2000.0000000000
-1426.8389288547 1744.4797513611 -2000.0000000000
1644.0517350044 -901.3547825451 1913.7545873508
1734.5972259774 -375.3353834844 -549.2111107944
-490.2332036089 1945.4259783913 -1076.2606985645
-490.2332036089 1945.4259783913 -2000.0000000000
-490.2332036089 1945.4259783913 -2000.0000000000
-490.2332036089 1945.4259783913 -2000.0000000000
-490.2332036089 1945.4259783913 -2000.0000000000
-490.2332036089 1945.4259783913 -2000.0000000000
-490.2332036089 1945.4259783913 -2000.0000000000
-568.6003709163 1551.0378350133 643.9884015544
-568.6003709163 1551.0378350133 -2000.0000000000
-568.6003709163 1551.0378350133 -2000.0000000000
-568.6003709163 1551.0378350133 -2000.0000000000
-568.6003709163 1551.0378350133 -2000.0000000000
-568.6003709163 1551.0378350133 -2000.0000000000
-568.6003709163 1551.0378350133 -2000.0000000000
-568.6003709163 1551.0378350133 -2000.0000000000
-568.6003709163 1551.0378350133 -2000.0000000000
-568.6003709163 1551.0378350133 -2000.0000000000
-568.6003709163 1551.0378350133 -2000.0000000000
-894.8721754410 -475.0864114194 -852.5581221494
-1314.3674023327 -1085.3648089128 -1161.1037702400
-1314.3674023327 -1085.3648089128 -2000.0000000000
-1314.3674023327 -1085.3648089128 -2000.0000000000
-167.5320933345 45.8351195578 -17.2283081126
-167.5320933345 45.8351195578 -2000.0000000000
-167.5320933345 45.8351195578 -2000.0000000000
1874.1201014134 1997.0586888683 1891.4438448069
-449.5372186577 447.2258457854 1854.7900262760
1972.2747920476 -249.3309883742 1670.8737514533
1972.2747920476 -249.3309883742 -2000.0000000000
1972.2747920476 -249.3309883742 -2000.0000000000
1972.2747920476 -249.3309883742 -2000.0000000000
1972.2747920476 -249.3309883742 -2000.0000000000
1972.2747920476 -249.3309883742 -2000.0000000000
1972.2747920476 -249.3309883742 -2000.0000000000
1972.2747920476 -249.3309883742 -2000.0000000000
1972.2747920476 -249.3309883742 -2000.0000000000
1972.2747920476 -249.3309883742 -2000.0000000000
-1037.6002902654 127.9320666474 946.6549722301
-1037.6002902654 127.9320666474 -2000.0000000000
-1037.6002902654 127.9320666474 -2000.0000000000
-1037.6002902654 127.9320666474 -2000.0000000000
-1037.6002902654 127.9320666474 -2000.0000000000
-1037.6002902654 127.9320666474 -2000.0000000000
-1037.6002902654 127.9320666474 -2000.0000000000
-1037.6002902654 127.9320666474 -2000.0000000000
-1037.6002902654 127.9320666474 -2000.0000000000
-1037.6002902654 127.9320666474 -2000.0000000000
-1037.6002902654 127.9320666474 -2000.0000000000
1035.1738626483 969.1062285059 1793.4739873123
1762.8472549743 1324.7734197490 1412.2108367965
1762.8472549743 1324.7734197490 -2000.0000000000
1762.8472549743 1324.7734197490 -2000.0000000000
1762.8472549743 1324.7734197490 -2000.0000000000
1762.8472549743 1324.7734197490 -2000.0000000000
538.5565339275 1705.7101830216 -666.1324107806
-1096.0509402209 -752.1399002939 -1186.0864499463
-1096.0509402209 -752.1399002939 -2000.0000000000
-1096.0509402209 -752.1399002939 -2000.0000000000
-418.1661890916 283.8538680779 -587.2977893685
-418.1661890916 283.8538680779 -2000.0000000000
-418.1661890916 283.8538680779 -2000.0000000000
-418.1661890916 283.8538680779 -2000.0000000000
-418.1661890916 283.8538680779 -2000.0000000000
-418.1661890916 283.8538680779 -2000.0000000000
-418.1661890916 283.8538680779 -2000.0000000000
-418.1661890916 283.8538680779 -2000.0000000000
-340.5153254628 1667.0387217209 1701.9903716551
-340.5153254628 1667.0387217209 -2000.0000000000
-340.5153254628 1667.0387217209 -2000.0000000000
677.3588979738 -407.3566408305 -681.9776519747
677.3588979738 -407.3566408305 -2000.0000000000
203.3006226684 -978.3261012875 -1480.6067659979
203.3006226684 -978.3261012875 -2000.0000000000
203.3006226684 -978.3261012875 -2000.0000000000
203.3006226684 -978.3261012875 -2000.0000000000
-633.3699947080 120.4052163853 -1861.7924468006
-633.3699947080 120.4052163853 -2000.0000000000
86.4236605874 396.8095025883 1449.5693736110
252.8244402834 -1413.9302899182 -1166.2559840149
252.8244402834 -1413.9302899182 -2000.0000000000
252.8244402834 -1413.9302899182 -2000.0000000000
252.8244402834 -1413.9302899182 -2000.0000000000
203.4460582540 1479.2386477955 1986.3805411450
203.4460582540 1479.2386477955 -2000.0000000000
901.5356032858 1097.7478742091 -26.0449569024
901.5356032858 1097.7478742091 -2000.0000000000
901.5356032858 1097.7478742091 -2000.0000000000
901.5356032858 1097.7478742091 -2000.0000000000
901.5356032858 1097.7478742091 -2000.0000000000
1072.4666530297 -1414.1687846185 1386.1824296334
1072.4666530297 -1414.1687846185 -2000.0000000000
1072.4666530297 -1414.1687846185 -2000.0000000000
1072.4666530297 -1414.1687846185 -2000.0000000000
1072.4666530297 -1414.1687846185 -2000.0000000000
1072.4666530297 -1414.1687846185 -2000.0000000000
1637.1056943105 -891.0627390061 1705.9076262071
1637.1056943105 -891.0627390061 -2000.0000000000
1637.1056943105 -891.0627390061 -2000.0000000000
1637.1056943105 -891.0627390061 -2000.0000000000
1637.1056943105 -891.0627390061 -2000.0000000000
-1327.7058873208 -963.7973909107 -1414.4419872033
-1711.6277157821 -155.4549639978 -571.7857892220
-1711.6277157821 -155.4549639978 -2000.0000000000
-77.7775030901 -1006.8044974291 -1464.4297144394
-77.7775030901 -1006.8044974291 -2000.0000000000
-77.7775030901 -1006.8044974291 -2000.0000000000
-77.7775030901 -1006.8044974291 -2000.0000000000
-77.7775030901 -1006.8044974291 -2000.0000000000
1588.3811285394 -656.9403745078 -410.3797933974
433.4241131942 1441.9469915579 -185.6297229246
433.4241131942 1441.9469915579 -2000.0000000000
433.4241131942 1441.9469915579 -2000.0000000000
433.4241131942 1441.9469915579 -2000.0000000000
-1186.3576253650 -1846.3068573260 -408.7585127271
-1186.3576253650 -1846.3068573260 -2000.0000000000
-1186.3576253650 -1846.3068573260 -2000.0000000000
-1186.3576253650 -1846.3068573260 -2000.0000000000
-1186.3576253650 -1846.3068573260 -2000.0000000000
-1186.3576253650 -1846.3068573260 -2000.0000000000
-1131.1603592602 1857.1130495273 106.5745633809
-1131.1603592602 1857.1130495273 -2000.0000000000
-1131.1603592602 1857.1130495273 -2000.0000000000
-1131.1603592602 1857.1130495273 -2000.0000000000
-289.5477011348 -713.3428955422 996.2776042940
-289.5477011348 -713.3428955422 -2000.0000000000
398.4616995492 -1539.8268348573 1600.1869280317
-1817.3910182209 -1140.4099571433 366.6381996084
-1817.3910182209 -1140.4099571433 -2000.0000000000
-1817.3910182209 -1140.4099571433 -2000.0000000000
685.9244221467 -291.8859768439 -1001.7506177528
1015.4441758127 1480.9123266354 -1436.8679405327
712.0297057450 -388.9668247335 -326.2242384615
-1077.5535390582 -775.7302905797 -1256.4057448909
-1077.5535390582 -775.7302905797 -2000.0000000000
-1077.5535390582 -775.7302905797 -2000.0000000000
-1077.5535390582 -775.7302905797 -2000.0000000000
-1077.5535390582 -775.7302905797 -2000.0000000000
-1077.5535390582 -775.7302905797 -2000.0000000000
-491.4118354693 -707.9053065043 1650.9251286548
755.2717440839 364.5156322769 1091.3888339574
755.2717440839 364.5156322769 -2000.0000000000
755.2717440839 364.5156322769 -2000.0000000000
610.1040795990 -1950.5001285388 1473.0838564817
610.1040795990 -1950.5001285388 -2000.0000000000
998.3921814062 1597.5595419805 928.4248433892
1277.6549783646 719.5218265143 1901.1252823195
-1049.6287798259 1061.9767638433 35.2027789349
-840.1950580184 -420.2887558773 88.0311715201
1251.7665397797 -796.8245229514 -1316.6563054562
1251.7665397797 -796.8245229514 -2000.0000000000
1251.7665397797 -796.8245229514 -2000.0000000000
-490.3357330095 843.6443868121 -1123.2545044361
-490.3357330095 843.6443868121 -2000.0000000000
-317.8465243677 294.9741588286 486.2720922432
-317.8465243677 294.9741588286 -2000.0000000000
-317.8465243677 294.9741588286 -2000.0000000000
-572.4094376342 -1272.0724150756 1440.5250196256
-572.4094376342 -1272.0724150756 -2000.0000000000
-572.4094376342 -1272.0724150756 -2000.0000000000
-572.4094376342 -1272.0724150756 -2000.0000000000
-1173.8611852213 -1579.6369987210 9.5506729810
-1173.8611852213 -1579.6369987210 -2000.0000000000
-1173.8611852213 -1579.6369987210 -2000.0000000000
-1173.8611852213 -1579.6369987210 -2000.0000000000
-1173.8611852213 -1579.6369987210 -2000.0000000000
-291.6216712948 -631.4746056238 -226.3710489899
-291.6216712948 -631.4746056238 -2000.0000000000
-291.6216712948 -631.4746056238 -2000.0000000000
-310.5744247930 692.0621824474 -1869.3382149746
-310.5744247930 692.0621824474 -2000.0000000000
-1921.5969111932 313.7066637208 -573.7033126894
-1921.5969111932 313.7066637208 -2000.0000000000
-1921.5969111932 313.7066637208 -2000.0000000000
-612.8581496928 1464.9723676795 -1169.9028778770
-477.8129072875 1533.8898393477 -1260.7657718806
-1050.6178955126 -484.5887257454 -794.9482758489
-1050.6178955126 -484.5887257454 -2000.0000000000
1998.9258857381 -1368.8998111903 221.1649424930
1998.9258857381 -1368.8998111903 -2000.0000000000
1005.6278684977 -1244.4648470392 -37.0305184657
1005.6278684977 -1244.4648470392 -2000.0000000000
1005.6278684977 -1244.4648470392 -2000.0000000000
1005.6278684977 -1244.4648470392 -2000.0000000000
241.8054353642 -1798.8596021094 -471.7468783410
241.8054353642 -1798.8596021094 -2000.0000000000
241.8054353642 -1798.8596021094 -2000.0000000000
663.7723122063 -1581.3418469610 1170.0059517302
663.7723122063 -1581.3418469610 -2000.0000000000
663.7723122063 -1581.3418469610 -2000.0000000000
663.7723122063 -1581.3418469610 -2000.0000000000
663.7723122063 -1581.3418469610 -2000.0000000000
663.7723122063 -1581.3418469610 -2000.0000000000
663.7723122063 -1581.3418469610 -2000.0000000000
663.7723122063 -1581.3418469610 -2000.0000000000
663.7723122063 -1581.3418469610 -2000.0000000000
-299.0552753537 -826.3835393129 -1393.0047011655
-299.0552753537 -826.3835393129 -2000.0000000000
-299.0552753537 -826.3835393129 -2000.0000000000
-299.0552753537 -826.3835393129 -2000.0000000000
-299.0552753537 -826.3835393129 -2000.0000000000
-299.0552753537 -826.3835393129 -2000.0000000000
-299.0552753537 -826.3835393129 -2000.0000000000
-86.0103723473 -1067.4096496522 1982.5202846586
-86.0103723473 -1067.4096496522 -2000.0000000000
-86.0103723473 -1067.4096496522 -2000.0000000000
-86.0103723473 -1067.4096496522 -2000.0000000000
-86.0103723473 -1067.4096496522 -2000.0000000000
-86.0103723473 -1067.4096496522 -2000.0000000000
-86.0103723473 -1067.4096496522 -2000.0000000000
-86.0103723473 -1067.4096496522 -2000.0000000000
-86.0103723473 -1067.4096496522 -2000.0000000000
-86.0103723473 -1067.4096496522 -2000.0000000000
-86.0103723473 -1067.4096496522 -2000.0000000000
-86.0103723473 -1067.4096496522 -2000.0000000000
-86.0103723473 -1067.4096496522 -2000.0000000000
-86.0103723473 -1067.4096496522 -2000.0000000000
-86.0103723473 -1067.4096496522 -2000.0000000000
-86.0103723473 -1067.4096496522 -2000.0000000000
1284.2719530693 750.5264871293 -423.7916693994
1284.2719530693 750.5264871293 -2000.0000000000
1284.2719530693 750.5264871293 -2000.0000000000
1284.2719530693 750.5264871293 -2000.0000000000
1677.0893588170 1123.5585155148 1194.9088745812
1677.0893588170 1123.5585155148 -2000.0000000000
1122.8587722721 -1823.2015524052 1125.0757647595
1122.8587722721 -1823.2015524052 -2000.0000000000
1289.2154283607 -1640.0826928207 -817.2819172512
1911.1502790189 -1784.7880774387 -1186.2463839954
1911.1502790189 -1784.7880774387 -2000.0000000000
16.5100812855 -1401.0301297927 1614.7133866621
16.5100812855 -1401.0301297927 -2000.0000000000
16.5100812855 -1401.0301297927 -2000.0000000000
16.5100812855 -1401.0301297927 -2000.0000000000
1323.8124296248 643.3943366608 -1773.3246465312
-1927.1461518031 -623.7460772761 -1389.7505501653
-1927.1461518031 -623.7460772761 -2000.0000000000
-1369.7904012316 968.5786385417 -521.8296210434
-1369.7904012316 968.5786385417 -2000.0000000000
-1369.7904012316 968.5786385417 -2000.0000000000
-1696.8958859810 -1745.1098008926 -1531.7901507055
-1696.8958859810 -1745.1098008926 -2000.0000000000
-1696.8958859810 -1745.1098008926 -2000.0000000000
-944.8333683462 -1333.5492782852 -637.2995618608
-1116.1394123161 1824.0614502216 1090.2453682383
-1116.1394123161 1824.0614502216 -2000.0000000000
-1336.6347375937 -248.9697622000 -919.0696676174
-1336.6347375937 -248.9697622000 -2000.0000000000
-370.3525502208 876.0625587499 -505.5207174122
-370.3525502208 876.0625587499 -2000.0000000000
928.1840078978 -1316.6458003707 -462.5358343395
405.5615412778 1950.0864038219 -523.9943654003
1592.1967176539 1440.5031930000 80.4101065332
1592.1967176539 1440.5031930000 -2000.0000000000
-1997.5308050407 14.5892109765 1343.0393578174
-1997.5308050407 14.5892109765 -2000.0000000000
-1997.5308050407 14.5892109765 -2000.0000000000
-502.1493143402 -390.3483642496 -1600.6643020994
693.0750606987 987.3797146589 1034.6519203296
-216.1491284908 1237.4609302379 1052.2734056565
-216.1491284908 1237.4609302379 -2000.0000000000
-216.1491284908 1237.4609302379 -2000.0000000000
-216.1491284908 1237.4609302379 -2000.0000000000
-216.1491284908 1237.4609302379 -2000.0000000000
-216.1491284908 1237.4609302379 -2000.0000000000
-216.1491284908 1237.4609302379 -2000.0000000000
-216.1491284908 1237.4609302379 -2000.0000000000
-216.1491284908 1237.4609302379 -2000.0000000000
-216.1491284908 1237.4609302379 -2000.0000000000
-216.1491284908 1237.4609302379 -2000.0000000000
-216.1491284908 1237.4609302379 -2000.0000000000
-216.1491284908 1237.4609302379 -2000.0000000000
-216.1491284908 1237.4609302379 -2000.0000000000
-216.1491284908 1237.4609302379 -2000.0000000000
-1569.1748306532 -1227.9320418166 -628.3731811983
-1569.1748306532 -1227.9320418166 -2000.0000000000
-1569.1748306532 -1227.9320418166 -2000.0000000000
-1569.1748306532 -1227.9320418166 -2000.0000000000
-1569.1748306532 -1227.9320418166 -2000.0000000000
-1569.1748306532 -1227.9320418166 -2000.0000000000
-171.2059651567 1429.3367895033 722.6886252405
-1220.5982908884 1285.2435471201 -147.9870508976
-1220.5982908884 1285.2435471201 -2000.0000000000
-1220.5982908884 1285.2435471201 -2000.0000000000
-1220.5982908884 1285.2435471201 -2000.0000000000
-1220.5982908884 1285.2435471201 -2000.0000000000
-1220.5982908884 1285.2435471201 -2000.0000000000
-120.7621522640 1211.9962420159 257.8665130328
-120.7621522640 1211.9962420159 -2000.0000000000
-120.7621522640 1211.9962420159 -2000.0000000000
-120.7621522640 1211.9962420159 -2000.0000000000
-120.7621522640 1211.9962420159 -2000.0000000000
-120.7621522640 1211.9962420159 -2000.0000000000
-120.7621522640 1211.9962420159 -2000.0000000000
-1451.2003649215 1572.0931018060 1281.3633903785
-1451.2003649215 1572.0931018060 -2000.0000000000
1085.1041232801 -930.7839146381 -397.9922169043
-985.8674492674 -843.2132893961 -399.8253104559
370.0316874982 914.5467386884 1277.6341547205
370.0316874982 914.5467386884 -2000.0000000000
370.0316874982 914.5467386884 -2000.0000000000
370.0316874982 914.5467386884 -2000.0000000000
-1231.7563778023 10.2665212942 -1739.0300889912
-1231.7563778023 10.2665212942 -2000.0000000000
-1231.7563778023 10.2665212942 -2000.0000000000
-1231.7563778023 10.2665212942 -2000.0000000000
-1231.7563778023 10.2665212942 -2000.0000000000
1145.0136555072 -970.5808436450 796.9914361645
1145.0136555072 -970.5808436450 -2000.0000000000
1145.0136555072 -970.5808436450 -2000.0000000000
1145.0136555072 -970.5808436450 -2000.0000000000
1145.0136555072 -970.5808436450 -2000.0000000000
769.7188733025 643.1219790275 1540.6402880004
1729.8736285605 768.1880350654 -174.6620704160
1729.8736285605 768.1880350654 -2000.0000000000
1729.8736285605 768.1880350654 -2000.0000000000
1729.8736285605 768.1880350654 -2000.0000000000
-1539.1453899759 126.3806582015 -1340.9593129074
-1539.1453899759 126.3806582015 -2000.0000000000
1733.9462523512 -1141.4868595916 -489.8561644791
1733.9462523512 -1141.4868595916 -2000.0000000000
1733.9462523512 -1141.4868595916 -2000.0000000000
-50.7005360126 -1053.7987407180 1017.4250953466
-1401.8814455085 1400.9682551804 -441.0460834306
-1401.8814455085 1400.9682551804 -2000.0000000000
-1401.8814455085 1400.9682551804 -2000.0000000000
1792.6365906636 -710.7996378835 1574.6872314078
1792.6365906636 -710.7996378835 -2000.0000000000
1792.6365906636 -710.7996378835 -2000.0000000000
1792.6365906636 -710.7996378835 -2000.0000000000
1792.6365906636 -710.7996378835 -2000.0000000000
1792.6365906636 -710.7996378835 -2000.0000000000
1792.6365906636 -710.7996378835 -2000.0000000000
146.7064384626 551.3077802842 -478.2601123072
146.7064384626 551.3077802842 -2000.0000000000
146.7064384626 551.3077802842 -2000.0000000000
146.7064384626 551.3077802842 -2000.0000000000
146.7064384626 551.3077802842 -2000.0000000000
931.8435725403 -1471.6557734281 -798.2422525140
931.8435725403 -1471.6557734281 -2000.0000000000
931.8435725403 -1471.6557734281 -2000.0000000000
931.8435725403 -1471.6557734281 -2000.0000000000
931.8435725403 -1471.6557734281 -2000.0000000000
931.8435725403 -1471.6557734281 -2000.0000000000
-1388.5759133021 1172.8242820872 1359.9233995619
-576.8217337814 1730.4565278677 1823.7288315558
-576.8217337814 1730.4565278677 -2000.0000000000
106.9798445699 -1390.4283874306 1892.6595923225
106.9798445699 -1390.4283874306 -2000.0000000000
106.9798445699 -1390.4283874306 -2000.0000000000
106.9798445699 -1390.4283874306 -2000.0000000000
106.9798445699 -1390.4283874306 -2000.0000000000
1910.0370999495 1825.8001904823 -657.6440846838
1910.0370999495 1825.8001904823 -2000.0000000000
1910.0370999495 1825.8001904823 -2000.0000000000
1224.3052840852 1187.8124161823 1867.0383489957
1224.3052840852 1187.8124161823 -2000.0000000000
1588.9220036555 -803.2336924361 1500.8052944653
1588.9220036555 -803.2336924361 -2000.0000000000
1588.9220036555 -803.2336924361 -2000.0000000000
1588.9220036555 -803.2336924361 -2000.0000000000
1588.9220036555 -803.2336924361 -2000.0000000000
-1997.2331855615 527.7333778283 -1309.6525090258
1494.0336929043 -810.7021300348 1866.5636354353
1494.0336929043 -810.7021300348 -2000.0000000000
1494.0336929043 -810.7021300348 -2000.0000000000
-1728.1652613460 638.0584056102 -1370.5721245649
-1728.1652613460 638.0584056102 -2000.0000000000
-1908.6391841885 -496.8623205205 -1559.0020749237
1522.5481201565 1863.7942494169 1612.8436017604
1522.5481201565 1863.7942494169 -2000.0000000000
-1255.9736854946 1535.1556077374 -1757.3925044365
-1255.9736854946 1535.1556077374 -2000.0000000000
-1255.9736854946 1535.1556077374 -2000.0000000000
-1255.9736854946 1535.1556077374 -2000.0000000000
-1255.9736854946 1535.1556077374 -2000.0000000000
-1255.9736854946 1535.1556077374 -2000.0000000000
-1255.9736854946 1535.1556077374 -2000.0000000000
-338.1349275904 88.8872007145 1431.6495434300
-186.5156176651 1704.6785695690 -1036.0577884755
-1300.5288398503 1577.1498181122 -1809.6760728283
-1300.5288398503 1577.1498181122 -2000.0000000000
-1300.5288398503 1577.1498181122 -2000.0000000000
-1010.2807518177 -1158.8965935144 -202.7721052992
-1120.7023075362 1200.1706518737 1328.9257634530
-1120.7023075362 1200.1706518737 -2000.0000000000
-1120.7023075362 1200.1706518737 -2000.0000000000
-1120.7023075362 1200.1706518737 -2000.0000000000
-1120.7023075362 1200.1706518737 -2000.0000000000
-1195.7043849587 -1570.3387069426 865.1299973077
-1195.7043849587 -1570.3387069426 -2000.0000000000
-1195.7043849587 -1570.3387069426 -2000.0000000000
-1260.2757035876 -1059.7479376140 499.8631693390
-1260.2757035876 -1059.7479376140 -2000.0000000000
-1260.2757035876 -1059.7479376140 -2000.0000000000
1931.9765848905 1890.5236883441 1565.8307913520
-1850.1759421587 -1467.4197295393 -1212.6141989740
-1850.1759421587 -1467.4197295393 -2000.0000000000
-1850.1759421587 -1467.4197295393 -2000.0000000000
-1850.1759421587 -1467.4197295393 -2000.0000000000
-1850.1759421587 -1467.4197295393 -2000.0000000000
1801.0845107048 725.2574555274 703.5500770153
1801.0845107048 725.2574555274 -2000.0000000000
1801.0845107048 725.2574555274 -2000.0000000000
-788.8243832131 -1168.9537840629 1769.9274939661
-788.8243832131 -1168.9537840629 -2000.0000000000
-788.8243832131 -1168.9537840629 -2000.0000000000
-788.8243832131 -1168.9537840629 -2000.0000000000
-788.8243832131 -1168.9537840629 -2000.0000000000
-788.8243832131 -1168.9537840629 -2000.0000000000
-788.8243832131 -1168.9537840629 -2000.0000000000
-788.8243832131 -1168.9537840629 -2000.0000000000
-788.8243832131 -1168.9537840629 -2000.0000000000
-788.8243832131 -1168.9537840629 -2000.0000000000
-788.8243832131 -1168.9537840629 -2000.0000000000
-1644.6229134708 781.2715925489 1792.1006831413
-1644.6229134708 781.2715925489 -2000.0000000000
-1644.6229134708 781.2715925489 -2000.0000000000
-1644.6229134708 781.2715925489 -2000.0000000000
-1644.6229134708 781.2715925489 -2000.0000000000
-1644.6229134708 781.2715925489 -2000.0000000000
-1936.3467264176 1537.6356060254 -344.3882539197
-1936.3467264176 1537.6356060254 -2000.0000000000
-1936.3467264176 1537.6356060254 -2000.0000000000
-1936.3467264176 1537.6356060254 -2000.0000000000
1379.3843371106 596.2544035551 489.0324344005
-305.7708750161 533.6076847325 1298.0230459435
-305.7708750161 533.6076847325 -2000.0000000000
-1634.8431426259 -1361.8679296341 1367.5207782710
-1634.8431426259 -1361.8679296341 -2000.0000000000
-1634.8431426259 -1361.8679296341 -2000.0000000000
1273.3027044117 -1945.2828993968 -1059.3270388247
1273.3027044117 -1945.2828993968 -2000.0000000000
1273.3027044117 -1945.2828993968 -2000.0000000000
1273.3027044117 -1945.2828993968 -2000.0000000000
1273.3027044117 -1945.2828993968 -2000.0000000000
1273.3027044117 -1945.2828993968 -2000.0000000000
1273.3027044117 -1945.2828993968 -2000.0000000000
1273.3027044117 -1945.2828993968 -2000.0000000000
1273.3027044117 -1945.2828993968 -2000.0000000000
1442.4946900061 641.5411959012 -725.4982537099
-928.6619172360 508.8031660494 1633.3648351038
-928.6619172360 508.8031660494 -2000.0000000000
-928.6619172360 508.8031660494 -2000.0000000000
-538.6773787571 -1342.2260528190 786.1571647286
-538.6773787571 -1342.2260528190 -2000.0000000000
-19.8206026049 -347.6870787670 812.8459526368
-19.8206026049 -347.6870787670 -2000.0000000000
1949.0863466366 280.0169676857 -1424.5623520086
1949.0863466366 280.0169676857 -2000.0000000000
1949.0863466366 280.0169676857 -2000.0000000000
1949.0863466366 280.0169676857 -2000.0000000000
1949.0863466366 280.0169676857 -2000.0000000000
1949.0863466366 280.0169676857 -2000.0000000000
-1231.3370266201 -995.8615347891 -1232.3110252618
-1231.3370266201 -995.8615347891 -2000.0000000000
1467.0585910157 -1265.3534854209 -1924.8838387096
1467.0585910157 -1265.3534854209 -2000.0000000000
1467.0585910157 -1265.3534854209 -2000.0000000000
1467.0585910157 -1265.3534854209 -2000.0000000000
1467.0585910157 -1265.3534854209 -2000.0000000000
1152.9367782670 584.5720656307 -74.6213073227
970.6324099117 -937.1687060383 543.3176603859
970.6324099117 -937.1687060383 -2000.0000000000
-191.0611571733 -1626.8976688402 -17.8024701531
-1881.3386663888 -827.2952724191 -1625.5183064719
-1881.3386663888 -827.2952724191 -2000.0000000000
1124.8383760049 1177.6589022726 -1349.1461103344
1124.8383760049 1177.6589022726 -2000.0000000000
1124.8383760049 1177.6589022726 -2000.0000000000
1124.8383760049 1177.6589022726 -2000.0000000000
1124.8383760049 1177.6589022726 -2000.0000000000
-849.5316915128 576.5925221201 881.9496633445
-849.5316915128 576.5925221201 -2000.0000000000
808.7373005333 1854.0659637821 460.9054796565
808.7373005333 1854.0659637821 -2000.0000000000
808.7373005333 1854.0659637821 -2000.0000000000
1650.4817516594 444.0417192674 -1649.1802109016
1917.1294738453 1980.5752932934 -1996.5085483685
1917.1294738453 1980.5752932934 -2000.0000000000
1917.1294738453 1980.5752932934 -2000.0000000000
1917.1294738453 1980.5752932934 -2000.0000000000
1917.1294738453 1980.5752932934 -2000.0000000000
1917.1294738453 1980.5752932934 -2000.0000000000
1917.1294738453 1980.5752932934 -2000.0000000000
-966.8940333282 990.3297522347 -879.1045850099
-966.8940333282 990.3297522347 -2000.0000000000
-966.8940333282 990.3297522347 -2000.0000000000
1137.2011459989 1997.2991204994 1506.2467184631
-401.0297686612 122.1930704459 -1028.4276344989
391.8107655222 110.2817760238 983.9137665659
391.8107655222 110.2817760238 -2000.0000000000
391.8107655222 110.2817760238 -2000.0000000000
391.8107655222 110.2817760238 -2000.0000000000
391.8107655222 110.2817760238 -2000.0000000000
391.8107655222 110.2817760238 -2000.0000000000
391.8107655222 110.2817760238 -2000.0000000000
391.8107655222 110.2817760238 -2000.0000000000
391.8107655222 110.2817760238 -2000.0000000000
391.8107655222 110.2817760238 -2000.0000000000
391.8107655222 110.2817760238 -2000.0000000000
391.8107655222 110.2817760238 -2000.0000000000
391.8107655222 110.2817760238 -2000.0000000000
391.8107655222 110.2817760238 -2000.0000000000
115.1842258899 1313.7463772678 -333.7011503621
115.1842258899 1313.7463772678 -2000.0000000000
115.1842258899 1313.7463772678 -2000.0000000000
115.1842258899 1313.7463772678 -2000.0000000000
115.1842258899 1313.7463772678 -2000.0000000000
115.1842258899 1313.7463772678 -2000.0000000000
800.7323088357 -758.2609197694 -1909.0676104884
800.7323088357 -758.2609197694 -2000.0000000000
800.7323088357 -758.2609197694 -2000.0000000000
800.7323088357 -758.2609197694 -2000.0000000000
800.7323088357 -758.2609197694 -2000.0000000000
1692.6854087417 1429.5472498230 -269.8455758179
1692.6854087417 1429.5472498230 -2000.0000000000
1692.6854087417 1429.5472498230 -2000.0000000000
1692.6854087417 1429.5472498230 -2000.0000000000
890.1140215600 473.9391053753 1990.9957652119
1237.8464904420 -566.7113596753 10.1832385433
-440.5840433646 -107.8882848213 782.2451172038
1755.5603624870 -1326.8589029038 1455.3361236703
-1556.4941458429 356.6371511974 1358.1491142921
-1556.4941458429 356.6371511974 -2000.0000000000
-1556.4941458429 356.6371511974 -2000.0000000000
-632.8518700214 -1596.1920556664 1403.8035364455
-632.8518700214 -1596.1920556664 -2000.0000000000
-632.8518700214 -1596.1920556664 -2000.0000000000
-632.8518700214 -1596.1920556664 -2000.0000000000
-632.8518700214 -1596.1920556664 -2000.0000000000
-632.8518700214 -1596.1920556664 -2000.0000000000
1928.4944541580 -773.6361444452 295.1203539228
-986.7128664713 1933.9931484557 -25.6052778099
1336.8481108891 1791.2293947511 1113.2315084580
1063.1841446797 62.7232680425 1061.6292112993
1063.1841446797 62.7232680425 -2000.0000000000
1063.1841446797 62.7232680425 -2000.0000000000
280.8329241147 -1874.4852014822 -837.4176311601
280.8329241147 -1874.4852014822 -2000.0000000000
280.8329241147 -1874.4852014822 -2000.0000000000
280.8329241147 -1874.4852014822 -2000.0000000000
280.8329241147 -1874.4852014822 -2000.0000000000
280.8329241147 -1874.4852014822 -2000.0000000000
280.8329241147 -1874.4852014822 -2000.0000000000
585.6986483510 -228.8806063910 -1965.0907551331
585.6986483510 -228.8806063910 -2000.0000000000
585.6986483510 -228.8806063910 -2000.0000000000
585.6986483510 -228.8806063910 -2000.0000000000
585.6986483510 -228.8806063910 -2000.0000000000
585.6986483510 -228.8806063910 -2000.0000000000
-1157.1519212303 700.8257220986 -1509.5317408736
-1157.1519212303 700.8257220986 -2000.0000000000
-1846.1458477017 -1979.4999689282 -654.4594428201
-1846.1458477017 -1979.4999689282 -2000.0000000000
-1846.1458477017 -1979.4999689282 -2000.0000000000
-664.4815118461 -463.3844991649 -316.9770669855
-664.4815118461 -463.3844991649 -2000.0000000000
-664.4815118461 -463.3844991649 -2000.0000000000
-664.4815118461 -463.3844991649 -2000.0000000000
955.8076254945 -1627.0643752338 749.4601316889
1984.4983066703 -213.2957107876 -1653.4435947202
201.3583286847 413.3049468602 1206.0843223379
201.3583286847 413.3049468602 -2000.0000000000
201.3583286847 413.3049468602 -2000.0000000000
-995.2609269225 1416.1455169552 -398.5033176565
-1023.5896247863 -736.6903978414 1021.7725761488
-1023.5896247863 -736.6903978414 -2000.0000000000
-306.5358344050 -316.0428304787 -507.7971451720
-306.5358344050 -316.0428304787 -2000.0000000000
281.4529385345 -482.9126141948 -1452.2507213421
281.4529385345 -482.9126141948 -2000.0000000000
-446.4609802982 968.3302268578 -1800.9732549739
-446.4609802982 968.3302268578 -2000.0000000000
-446.4609802982 968.3302268578 -2000.0000000000
558.0614251626 -1167.0024403471 352.8545417311
558.0614251626 -1167.0024403471 -2000.0000000000
558.0614251626 -1167.0024403471 -2000.0000000000
558.0614251626 -1167.0024403471 -2000.0000000000
558.0614251626 -1167.0024403471 -2000.0000000000
-525.7433227758 1963.3499541987 -1975.5678741622
-525.7433227758 1963.3499541987 -2000.0000000000
843.7541974389 -356.9618153404 -490.7683669386
-1669.0244985591 1734.4866229257 -1516.9424933403
-1669.0244985591 1734.4866229257 -2000.0000000000
69.2035457977 126.9444358101 115.7382476357
69.2035457977 126.9444358101 -2000.0000000000
69.2035457977 126.9444358101 -2000.0000000000
69.2035457977 126.9444358101 -2000.0000000000
69.2035457977 126.9444358101 -2000.0000000000
69.2035457977 126.9444358101 -2000.0000000000
69.2035457977 126.9444358101 -2000.0000000000
69.2035457977 126.9444358101 -2000.0000000000
69.2035457977 126.9444358101 -2000.0000000000
69.2035457977 126.9444358101 -2000.0000000000
-1773.2578254683 771.7611326593 1252.5844223700
-1862.7777323609 -1800.4375316870 310.9752529574
-820.2893995960 -1150.3917167400 1344.6796621460
374.7747639026 -1424.7270318639 1008.7774728740
-1534.2850592640 -1043.4821262791 737.8557042073
-1534.2850592640 -1043.4821262791 -2000.0000000000
-1534.2850592640 -1043.4821262791 -2000.0000000000
-70.8482248634 1604.1005018277 -1869.0402543373
-70.8482248634 1604.1005018277 -2000.0000000000
-70.8482248634 1604.1005018277 -2000.0000000000
-70.8482248634 1604.1005018277 -2000.0000000000
-70.8482248634 1604.1005018277 -2000.0000000000
-70.8482248634 1604.1005018277 -2000.0000000000
-70.8482248634 1604.1005018277 -2000.0000000000
-70.8482248634 1604.1005018277 -2000.0000000000
-70.8482248634 1604.1005018277 -2000.0000000000
-70.8482248634 1604.1005018277 -2000.0000000000
-70.8482248634 1604.1005018277 -2000.0000000000
-70.8482248634 1604.1005018277 -2000.0000000000
-70.8482248634 1604.1005018277 -2000.0000000000
-70.8482248634 1604.1005018277 -2000.0000000000
-70.8482248634 1604.1005018277 -2000.0000000000
-1923.2463210258 -1570.1454587430 780.8811277977
-1923.2463210258 -1570.1454587430 -2000.0000000000
-1923.2463210258 -1570.1454587430 -2000.0000000000
-1923.2463210258 -1570.1454587430 -2000.0000000000
-1923.2463210258 -1570.1454587430 -2000.0000000000
-1923.2463210258 -1570.1454587430 -2000.0000000000
-1923.2463210258 -1570.1454587430 -2000.0000000000
-1923.2463210258 -1570.1454587430 -2000.0000000000
-1923.2463210258 -1570.1454587430 -2000.0000000000
-1923.2463210258 -1570.1454587430 -2000.0000000000
-1923.2463210258 -1570.1454587430 -2000.0000000000
-1923.2463210258 -1570.1454587430 -2000.0000000000
-1923.2463210258 -1570.1454587430 -2000.0000000000
-1923.2463210258 -1570.1454587430 -2000.0000000000
-1923.2463210258 -1570.1454587430 -2000.0000000000
-164.9852893215 -1256.8933746418 1688.6179880405
-164.9852893215 -1256.8933746418 -2000.0000000000
-164.9852893215 -1256.8933746418 -2000.0000000000
-164.9852893215 -1256.8933746418 -2000.0000000000
-938.5327914959 1657.6197758573 -142.7633692438
1676.4788059962 1457.1440458728 588.0796037629
1308.3351271492 -1929.6978389326 345.1810207975
1308.3351271492 -1929.6978389326 -2000.0000000000
1308.3351271492 -1929.6978389326 -2000.0000000000
1308.3351271492 -1929.6978389326 -2000.0000000000
1308.3351271492 -1929.6978389326 -2000.0000000000
1308.3351271492 -1929.6978389326 -2000.0000000000
-909.8413390190 360.1384838695 63.5696388358
-909.8413390190 360.1384838695 -2000.0000000000
-909.8413390190 360.1384838695 -2000.0000000000
-909.8413390190 360.1384838695 -2000.0000000000
-1380.6348805776 1290.6164054546 242.4145822477
-1635.5719977120 -1807.8110922251 -1999.1515845088
-1635.5719977120 -1807.8110922251 -2000.0000000000
1891.9742029468 -790.9345349070 -54.9977176812
1891.9742029468 -790.9345349070 -2000.0000000000
248.2053110591 325.3927562778 -857.0669687047
248.2053110591 325.3927562778 -2000.0000000000
248.2053110591 325.3927562778 -2000.0000000000
248.2053110591 325.3927562778 -2000.0000000000
248.2053110591 325.3927562778 -2000.0000000000
248.2053110591 325.3927562778 -2000.0000000000
-1064.5427713394 76.5733322547 1025.8881137180
1362.2315678314 974.3353776296 778.9046344602
1362.2315678314 974.3353776296 -2000.0000000000
1091.4920278056 -1521.2153606908 1132.3420927776
1091.4920278056 -1521.2153606908 -2000.0000000000
1012.2129285199 502.8739153273 1796.1616098684
1012.2129285199 502.8739153273 -2000.0000000000
1012.2129285199 502.8739153273 -2000.0000000000
26.9787699274 70.1236097240 1251.4583837552
-243.4730100631 -1360.0975593104 -104.7368560520
-243.4730100631 -1360.0975593104 -2000.0000000000
-243.4730100631 -1360.0975593104 -2000.0000000000
-243.4730100631 -1360.0975593104 -2000.0000000000
-243.4730100631 -1360.0975593104 -2000.0000000000
-243.4730100631 -1360.0975593104 -2000.0000000000
-1806.0591001849 1424.0232092857 -1637.6247281994
-1806.0591001849 1424.0232092857 -2000.0000000000
-1806.0591001849 1424.0232092857 -2000.0000000000
-1732.4880798343 1502.3103948010 1517.8530049886
-1732.4880798343 1502.3103948010 -2000.0000000000
1652.0794218164 -907.5096419564 666.5661979058
1652.0794218164 -907.5096419564 -2000.0000000000
1652.0794218164 -907.5096419564 -2000.0000000000
1983.3252098286 -1957.4563367212 382.3119446594
1983.3252098286 -1957.4563367212 -2000.0000000000
1983.3252098286 -1957.4563367212 -2000.0000000000
1983.3252098286 -1957.4563367212 -2000.0000000000
1983.3252098286 -1957.4563367212 -2000.0000000000
617.9466507949 421.6162055744 -895.4161607353
617.9466507949 421.6162055744 -2000.0000000000
1684.5389722568 -1007.7934495773 -108.6445022068
1684.5389722568 -1007.7934495773 -2000.0000000000
-318.8152280427 742.9232239708 1106.0901864297
-318.8152280427 742.9232239708 -2000.0000000000
-318.8152280427 742.9232239708 -2000.0000000000
-318.8152280427 742.9232239708 -2000.0000000000
-318.8152280427 742.9232239708 -2000.0000000000
59.5787569121 -1591.8809162290 -1970.7804326708
59.5787569121 -1591.8809162290 -2000.0000000000
59.5787569121 -1591.8809162290 -2000.0000000000
168.9210279806 -872.2304307187 -799.2763753151
168.9210279806 -872.2304307187 -2000.0000000000
29.5944955537 -674.1946308612 -1143.4570216868
29.5944955537 -674.1946308612 -2000.0000000000
1053.2520348981 -749.3732094731 778.1771975072
1053.2520348981 -749.3732094731 -2000.0000000000
1053.2520348981 -749.3732094731 -2000.0000000000
1053.2520348981 -749.3732094731 -2000.0000000000
1053.2520348981 -749.3732094731 -2000.0000000000
1053.2520348981 -749.3732094731 -2000.0000000000
-1848.9814906030 -925.3024787149 66.1507998986
-1506.8418297772 1283.6188744036 170.2742815627
-1506.8418297772 1283.6188744036 -2000.0000000000
-1960.9625515101 1796.3278752620 -725.3468549594
-1960.9625515101 1796.3278752620 -2000.0000000000
-1960.9625515101 1796.3278752620 -2000.0000000000
-1960.9625515101 1796.3278752620 -2000.0000000000
-1960.9625515101 1796.3278752620 -2000.0000000000
-1960.9625515101 1796.3278752620 -2000.0000000000
1737.7508119178 -469.1999918208 -816.2566830740
1737.7508119178 -469.1999918208 -2000.0000000000
1737.7508119178 -469.1999918208 -2000.0000000000
1737.7508119178 -469.1999918208 -2000.0000000000
1737.7508119178 -469.1999918208 -2000.0000000000
180.9233564979 -32.2009636238 814.3637445817
180.9233564979 -32.2009636238 -2000.0000000000
180.9233564979 -32.2009636238 -2000.0000000000
180.9233564979 -32.2009636238 -2000.0000000000
180.9233564979 -32.2009636238 -2000.0000000000
180.9233564979 -32.2009636238 -2000.0000000000
180.9233564979 -32.2009636238 -2000.0000000000
180.9233564979 -32.2009636238 -2000.0000000000
180.9233564979 -32.2009636238 -2000.0000000000
180.9233564979 -32.2009636238 -2000.0000000000
180.9233564979 -32.2009636238 -2000.0000000000
180.9233564979 -32.2009636238 -2000.0000000000
180.9233564979 -32.2009636238 -2000.0000000000
180.9233564979 -32.2009636238 -2000.0000000000
180.9233564979 -32.2009636238 -2000.0000000000
-909.2482412104 -189.5294725130 1998.2111113655
-909.2482412104 -189.5294725130 -2000.0000000000
-1858.9431383061 406.2622282497 1736.9425745273
-1858.9431383061 406.2622282497 -2000.0000000000
-1858.9431383061 406.2622282497 -2000.0000000000
-1858.9431383061 406.2622282497 -2000.0000000000
-1129.9693914548 -22.3773663975 1620.3589714431
-1129.9693914548 -22.3773663975 -2000.0000000000
-1129.9693914548 -22.3773663975 -2000.0000000000
-1129.9693914548 -22.3773663975 -2000.0000000000
-1129.9693914548 -22.3773663975 -2000.0000000000
-1129.9693914548 -22.3773663975 -2000.0000000000
-1129.9693914548 -22.3773663975 -2000.0000000000
-419.3663474892 -1717.0988820180 -664.3208434947
-1521.6977099426 818.3439508804 -1497.7536264705
-1521.6977099426 818.3439508804 -2000.0000000000
-1521.6977099426 818.3439508804 -2000.0000000000
-1521.6977099426 818.3439508804 -2000.0000000000
-1521.6977099426 818.3439508804 -2000.0000000000
-1645.3108052773 -957.9904059781 1849.1109460355
-1645.3108052773 -957.9904059781 -2000.0000000000
1337.5128122419 -1292.2047781835 1845.1424475745
1337.5128122419 -1292.2047781835 -2000.0000000000
1337.5128122419 -1292.2047781835 -2000.0000000000
1337.5128122419 -1292.2047781835 -2000.0000000000
1337.5128122419 -1292.2047781835 -2000.0000000000
1337.5128122419 -1292.2047781835 -2000.0000000000
1337.5128122419 -1292.2047781835 -2000.0000000000
-93.4583746892 1959.0865101879 60.1348356688
-615.1114010014 1970.1561978524 -688.6998690849
1615.7254686841 233.0580020521 -1485.1079722450
236.4582197130 408.3496169894 942.7885607750
236.4582197130 408.3496169894 -2000.0000000000
1192.2375461103 679.7341918457 -476.3707127230
1192.2375461103 679.7341918457 -2000.0000000000
1192.2375461103 679.7341918457 -2000.0000000000
1192.2375461103 679.7341918457 -2000.0000000000
1192.2375461103 679.7341918457 -2000.0000000000
1192.2375461103 679.7341918457 -2000.0000000000
-823.1869058962 -1824.8019512220 -1037.5448145807
-823.1869058962 -1824.8019512220 -2000.0000000000
-823.1869058962 -1824.8019512220 -2000.0000000000
-823.1869058962 -1824.8019512220 -2000.0000000000
371.4923940067 1750.1972180789 -1775.3391859279
1656.4209744148 -1009.4894457144 -591.4416401894
1656.4209744148 -1009.4894457144 -2000.0000000000
1656.4209744148 -1009.4894457144 -2000.0000000000
1656.4209744148 -1009.4894457144 -2000.0000000000
1656.4209744148 -1009.4894457144 -2000.0000000000
1656.4209744148 -1009.4894457144 -2000.0000000000
-541.6803797819 477.6025102854 -322.0631318186
-541.6803797819 477.6025102854 -2000.0000000000
1580.5980412196 -1064.9789792814 -1646.0929319419
929.6141917052 1536.2318560557 1187.5748379378
-657.3297068897 -1285.7024413623 1281.6291353852
-657.3297068897 -1285.7024413623 -2000.0000000000
-657.3297068897 -1285.7024413623 -2000.0000000000
-657.3297068897 -1285.7024413623 -2000.0000000000
-657.3297068897 -1285.7024413623 -2000.0000000000
-657.3297068897 -1285.7024413623 -2000.0000000000
-657.3297068897 -1285.7024413623 -2000.0000000000
-657.3297068897 -1285.7024413623 -2000.0000000000
-657.3297068897 -1285.7024413623 -2000.0000000000
-657.3297068897 -1285.7024413623 -2000.0000000000
1732.6158824147 1627.4126455045 -1249.1927389468
1732.6158824147 1627.4126455045 -2000.0000000000
1732.6158824147 1627.4126455045 -2000.0000000000
168.4307409731 -735.7741643145 1012.4126037040
168.4307409731 -735.7741643145 -2000.0000000000
168.4307409731 -735.7741643145 -2000.0000000000
168.4307409731 -735.7741643145 -2000.0000000000
1298.8740834399 -57.3735837386 87.7144083339
1265.4399329297 -384.5515690407 1205.2801366849
1265.4399329297 -384.5515690407 -2000.0000000000
1265.4399329297 -384.5515690407 -2000.0000000000
1265.4399329297 -384.5515690407 -2000.0000000000
1265.4399329297 -384.5515690407 -2000.0000000000
1265.4399329297 -384.5515690407 -2000.0000000000
1265.4399329297 -384.5515690407 -2000.0000000000
1265.4399329297 -384.5515690407 -2000.0000000000
1265.4399329297 -384.5515690407 -2000.0000000000
1265.4399329297 -384.5515690407 -2000.0000000000
1265.4399329297 -384.5515690407 -2000.0000000000
-144.9806308096 1962.1987529938 -1447.9429268535
-144.9806308096 1962.1987529938 -2000.0000000000
-144.9806308096 1962.1987529938 -2000.0000000000
-144.9806308096 1962.1987529938 -2000.0000000000
-144.9806308096 1962.1987529938 -2000.0000000000
-144.9806308096 1962.1987529938 -2000.0000000000
-144.9806308096 1962.1987529938 -2000.0000000000
-144.9806308096 1962.1987529938 -2000.0000000000
289.9679079069 -516.0897746534 396.4855158598
479.2379071294 214.2037057022 360.6750731386
479.2379071294 214.2037057022 -2000.0000000000
479.2379071294 214.2037057022 -2000.0000000000
479.2379071294 214.2037057022 -2000.0000000000
479.2379071294 214.2037057022 -2000.0000000000
479.2379071294 214.2037057022 -2000.0000000000
479.2379071294 214.2037057022 -2000.0000000000
479.2379071294 214.2037057022 -2000.0000000000
-776.3475456556 704.6692828483 -24.6462224968
-776.3475456556 704.6692828483 -2000.0000000000
-1862.5288236996 748.4489579416 -233.5594973944
-1862.5288236996 748.4489579416 -2000.0000000000
-1862.5288236996 748.4489579416 -2000.0000000000
-1862.5288236996 748.4489579416 -2000.0000000000
-1862.5288236996 748.4489579416 -2000.0000000000
-1272.3901288742 1100.9697594917 -1347.4249721320
-1272.3901288742 1100.9697594917 -2000.0000000000
-1272.3901288742 1100.9697594917 -2000.0000000000
1820.1324363376 128.7275662009 88.9620476297
1820.1324363376 128.7275662009 -2000.0000000000
-835.9081037145 1567.7656510762 887.5474875455
226.0161804323 1554.2001313976 -1853.0838324356
226.0161804323 1554.2001313976 -2000.0000000000
-1036.2269522631 -844.3037459600 -1034.3977081752
926.9997833105 595.7535623375 -1371.6345887392
926.9997833105 595.7535623375 -2000.0000000000
926.9997833105 595.7535623375 -2000.0000000000
926.9997833105 595.7535623375 -2000.0000000000
926.9997833105 595.7535623375 -2000.0000000000
926.9997833105 595.7535623375 -2000.0000000000
1024.2223555797 -965.6565982628 -456.2176511803
1024.2223555797 -965.6565982628 -2000.0000000000
1024.2223555797 -965.6565982628 -2000.0000000000
-1659.4375866713 1281.2197733467 122.0009741818
-1659.4375866713 1281.2197733467 -2000.0000000000
-1659.4375866713 1281.2197733467 -2000.0000000000
-1659.4375866713 1281.2197733467 -2000.0000000000
-1659.4375866713 1281.2197733467 -2000.0000000000
-1659.4375866713 1281.2197733467 -2000.0000000000
1885.9504209234 -274.3831481952 1108.6274939419
1885.9504209234 -274.3831481952 -2000.0000000000
1885.9504209234 -274.3831481952 -2000.0000000000
1885.9504209234 -274.3831481952 -2000.0000000000
1770.5730511283 951.8705481750 460.8661995143
-809.7707708816 924.5314319193 918.4254209367
-809.7707708816 924.5314319193 -2000.0000000000
-809.7707708816 924.5314319193 -2000.0000000000
-809.7707708816 924.5314319193 -2000.0000000000
-809.7707708816 924.5314319193 -2000.0000000000
-9.6624607479 630.0587155625 -769.3824203277
-9.6624607479 630.0587155625 -2000.0000000000
-9.6624607479 630.0587155625 -2000.0000000000
-9.6624607479 630.0587155625 -2000.0000000000
-9.6624607479 630.0587155625 -2000.0000000000
-9.6624607479 630.0587155625 -2000.0000000000
-9.6624607479 630.0587155625 -2000.0000000000
-9.6624607479 630.0587155625 -2000.0000000000
-514.8645678089 1961.7106168761 -1362.9203449969
-514.8645678089 1961.7106168761 -2000.0000000000
-514.8645678089 1961.7106168761 -2000.0000000000
-514.8645678089 1961.7106168761 -2000.0000000000
-514.8645678089 1961.7106168761 -2000.0000000000
-514.8645678089 1961.7106168761 -2000.0000000000
809.3660986250 253.8335909075 -1759.5389581118
809.3660986250 253.8335909075 -2000.0000000000
809.3660986250 253.8335909075 -2000.0000000000
809.3660986250 253.8335909075 -2000.0000000000
-1688.2126349023 -1555.0377020998 -921.4947822906
-1688.2126349023 -1555.0377020998 -2000.0000000000
-1688.2126349023 -1555.0377020998 -2000.0000000000
-1688.2126349023 -1555.0377020998 -2000.0000000000
-1688.2126349023 -1555.0377020998 -2000.0000000000
-1688.2126349023 -1555.0377020998 -2000.0000000000
-1688.2126349023 -1555.0377020998 -2000.0000000000
-1688.2126349023 -1555.0377020998 -2000.0000000000
-1688.2126349023 -1555.0377020998 -2000.0000000000
-1688.2126349023 -1555.0377020998 -2000.0000000000
384.9459514912 1449.1627803785 -830.6132767956
384.9459514912 1449.1627803785 -2000.0000000000
384.9459514912 1449.1627803785 -2000.0000000000
384.9459514912 1449.1627803785 -2000.0000000000
384.9459514912 1449.1627803785 -2000.0000000000
384.9459514912 1449.1627803785 -2000.0000000000
384.9459514912 1449.1627803785 -2000.0000000000
384.9459514912 1449.1627803785 -2000.0000000000
384.9459514912 1449.1627803785 -2000.0000000000
-977.1142271772 -1296.2426761523 -317.6198816311
-977.1142271772 -1296.2426761523 -2000.0000000000
-977.1142271772 -1296.2426761523 -2000.0000000000
-977.1142271772 -1296.2426761523 -2000.0000000000
-977.1142271772 -1296.2426761523 -2000.0000000000
-977.1142271772 -1296.2426761523 -2000.0000000000
-977.1142271772 -1296.2426761523 -2000.0000000000
-977.1142271772 -1296.2426761523 -2000.0000000000
-409.4864463593 -162.6569543391 -652.3287193563
-409.4864463593 -162.6569543391 -2000.0000000000
-409.4864463593 -162.6569543391 -2000.0000000000
-409.4864463593 -162.6569543391 -2000.0000000000
555.7879307484 -931.5004257798 1238.9081138641
555.7879307484 -931.5004257798 -2000.0000000000
-1152.4433854093 -1740.4559720009 -354.2900637112
-1152.4433854093 -1740.4559720009 -2000.0000000000
-1152.4433854093 -1740.4559720009 -2000.0000000000
-1152.4433854093 -1740.4559720009 -2000.0000000000
-1152.4433854093 -1740.4559720009 -2000.0000000000
-1152.4433854093 -1740.4559720009 -2000.0000000000
-1152.4433854093 -1740.4559720009 -2000.0000000000
1222.7895118026 -785.5859404469 482.8369099287
1222.7895118026 -785.5859404469 -2000.0000000000
-711.7967548501 1483.5631992439 -1357.6846770763
-711.7967548501 1483.5631992439 -2000.0000000000
787.4483545198 -1115.1240234835 659.5391537275
787.4483545198 -1115.1240234835 -2000.0000000000
787.4483545198 -1115.1240234835 -2000.0000000000
787.4483545198 -1115.1240234835 -2000.0000000000
787.4483545198 -1115.1240234835 -2000.0000000000
787.4483545198 -1115.1240234835 -2000.0000000000
787.4483545198 -1115.1240234835 -2000.0000000000
-1270.9803079448 -1878.1898292832 225.0909283050
-1270.9803079448 -1878.1898292832 -2000.0000000000
-1270.9803079448 -1878.1898292832 -2000.0000000000
-1270.9803079448 -1878.1898292832 -2000.0000000000
-1270.9803079448 -1878.1898292832 -2000.0000000000
-1270.9803079448 -1878.1898292832 -2000.0000000000
-1270.9803079448 -1878.1898292832 -2000.0000000000
-1270.9803079448 -1878.1898292832 -2000.0000000000
-1270.9803079448 -1878.1898292832 -2000.0000000000
-1270.9803079448 -1878.1898292832 -2000.0000000000
-1270.9803079448 -1878.1898292832 -2000.0000000000
-769.5431536588 618.6868442813 789.8747053938
-769.5431536588 618.6868442813 -2000.0000000000
1689.7686704882 1140.3965508685 882.3979174706
1689.7686704882 1140.3965508685 -2000.0000000000
1689.7686704882 1140.3965508685 -2000.0000000000
1689.7686704882 1140.3965508685 -2000.0000000000
-1278.8788442691 926.8629107117 1940.1815685847
-1278.8788442691 926.8629107117 -2000.0000000000
-1278.8788442691 926.8629107117 -2000.0000000000
1453.2355492712 -726.0462254794 1647.7573542412
1453.2355492712 -726.0462254794 -2000.0000000000
1453.2355492712 -726.0462254794 -2000.0000000000
1453.2355492712 -726.0462254794 -2000.0000000000
1453.2355492712 -726.0462254794 -2000.0000000000
1453.2355492712 -726.0462254794 -2000.0000000000
1453.2355492712 -726.0462254794 -2000.0000000000
260.8991641576 -1171.4890732219 1536.9984493083
260.8991641576 -1171.4890732219 -2000.0000000000
260.8991641576 -1171.4890732219 -2000.0000000000
616.3370713352 914.2131016045 954.9931307570
616.3370713352 914.2131016045 -2000.0000000000
616.3370713352 914.2131016045 -2000.0000000000
616.3370713352 914.2131016045 -2000.0000000000
429.2722015245 -1962.5909518716 -902.4249598707
429.2722015245 -1962.5909518716 -2000.0000000000
1380.0546590848 475.8861718645 30.4426322567
-1388.1544986882 941.7032902874 -1022.5167756987
-1388.1544986882 941.7032902874 -2000.0000000000
-1388.1544986882 941.7032902874 -2000.0000000000
-1388.1544986882 941.7032902874 -2000.0000000000
-219.9436929453 1830.3634246835 -45.4681959324
-1330.4669117795 -1880.5017586064 78.0017908955
1282.8744523610 -878.2405276167 159.1439680683
1054.4892570263 29.4802539455 -1728.2465560154
486.7473013855 1386.2650116696 488.2493685631
486.7473013855 1386.2650116696 -2000.0000000000
486.7473013855 1386.2650116696 -2000.0000000000
486.7473013855 1386.2650116696 -2000.0000000000
762.4372205661 1081.1822593821 1119.7625990268
762.4372205661 1081.1822593821 -2000.0000000000
762.4372205661 1081.1822593821 -2000.0000000000
-1459.1985923372 726.7838342274 1938.2321504805
-1459.1985923372 726.7838342274 -2000.0000000000
-1459.1985923372 726.7838342274 -2000.0000000000
-1459.1985923372 726.7838342274 -2000.0000000000
235.8225209387 1640.6504621046 812.7465231954
235.8225209387 1640.6504621046 -2000.0000000000
-481.0671437002 1010.4823689222 1372.8182638877
-978.8881003528 1793.6736389755 -1072.3459740008
-978.8881003528 1793.6736389755 -2000.0000000000
-978.8881003528 1793.6736389755 -2000.0000000000
493.4351935190 1571.5944078376 -432.0245634214
416.7007139513 146.1599601501 -1121.2674151983
416.7007139513 146.1599601501 -2000.0000000000
-539.8021345539 1017.6018598535 25.7200936793
-539.8021345539 1017.6018598535 -2000.0000000000
-539.8021345539 1017.6018598535 -2000.0000000000
-539.8021345539 1017.6018598535 -2000.0000000000
-539.8021345539 1017.6018598535 -2000.0000000000
-539.8021345539 1017.6018598535 -2000.0000000000
-539.8021345539 1017.6018598535 -2000.0000000000
-539.8021345539 1017.6018598535 -2000.0000000000
-539.8021345539 1017.6018598535 -2000.0000000000
424.4399531119 1093.3725438412 -1.9481111336
995.5813004912 -21.8784486495 1864.2879844229
995.5813004912 -21.8784486495 -2000.0000000000
995.5813004912 -21.8784486495 -2000.0000000000
995.5813004912 -21.8784486495 -2000.0000000000
995.5813004912 -21.8784486495 -2000.0000000000
29.1108448645 -45.7260626520 264.0119400863
29.1108448645 -45.7260626520 -2000.0000000000
29.1108448645 -45.7260626520 -2000.0000000000
-1383.0589604671 859.1293337303 1558.8330357017
-1383.0589604671 859.1293337303 -2000.0000000000
-1383.0589604671 859.1293337303 -2000.0000000000
-1383.0589604671 859.1293337303 -2000.0000000000
-1383.0589604671 859.1293337303 -2000.0000000000
-1383.0589604671 859.1293337303 -2000.0000000000
-1383.0589604671 859.1293337303 -2000.0000000000
734.7325251880 -1629.8230461325 1959.8669423992
