-1535.8684947862 827.3149223437 174.9589832410
-1535.8684947862 827.3149223437 -2000.0000000000
-1535.8684947862 827.3149223437 -2000.0000000000
-1535.8684947862 827.3149223437 -2000.0000000000
-1535.8684947862 827.3149223437 -2000.0000000000
-1535.8684947862 827.3149223437 -2000.0000000000
-1535.8684947862 827.3149223437 -2000.0000000000
-1535.8684947862 827.3149223437 -2000.0000000000
-1535.8684947862 827.3149223437 -2000.0000000000
460.7197863766 -1925.0697542472 -353.9181312966
-509.9034805216 -943.4751368420 -710.0799332785
-509.9034805216 -943.4751368420 -2000.0000000000
-509.9034805216 -943.4751368420 -2000.0000000000
-509.9034805216 -943.4751368420 -2000.0000000000
-509.9034805216 -943.4751368420 -2000.0000000000
-1992.6116377062 -1267.5472842697 733.7742536807
-1992.6116377062 -1267.5472842697 -2000.0000000000
862.4873549959 -1790.6544991704 1340.5506497287
862.4873549959 -1790.6544991704 -2000.0000000000
862.4873549959 -1790.6544991704 -2000.0000000000
-1636.0636245631 -150.9625246192 1767.8444671294
-1636.0636245631 -150.9625246192 -2000.0000000000
-1636.0636245631 -150.9625246192 -2000.0000000000
-1636.0636245631 -150.9625246192 -2000.0000000000
1623.1325301940 -1190.0117706101 199.0236940709
1623.1325301940 -1190.0117706101 -2000.0000000000
1623.1325301940 -1190.0117706101 -2000.0000000000
1623.1325301940 -1190.0117706101 -2000.0000000000
1623.1325301940 -1190.0117706101 -2000.0000000000
1623.1325301940 -1190.0117706101 -2000.0000000000
1155.1655939331 1210.1349901287 -678.9573027450
1652.2452229396 -309.7799525379 52.3342810254
476.9112978056 -948.4683886100 -1621.9354271650
476.9112978056 -948.4683886100 -2000.0000000000
-1980.2095082281 -1818.6122137925 995.2430510176
-1980.2095082281 -1818.6122137925 -2000.0000000000
-1980.2095082281 -1818.6122137925 -2000.0000000000
-1980.2095082281 -1818.6122137925 -2000.0000000000
-1980.2095082281 -1818.6122137925 -2000.0000000000
-1980.2095082281 -1818.6122137925 -2000.0000000000
-1980.2095082281 -1818.6122137925 -2000.0000000000
-1980.2095082281 -1818.6122137925 -2000.0000000000
-1980.2095082281 -1818.6122137925 -2000.0000000000
-1980.2095082281 -1818.6122137925 -2000.0000000000
-1980.2095082281 -1818.6122137925 -2000.0000000000
-960.5683844864 1726.7745911264 -556.2905582447
-960.5683844864 1726.7745911264 -2000.0000000000
-960.5683844864 1726.7745911264 -2000.0000000000
1367.5738056651 802.9490778936 1487.9186136008
1367.5738056651 802.9490778936 -2000.0000000000
1367.5738056651 802.9490778936 -2000.0000000000
1367.5738056651 802.9490778936 -2000.0000000000
1367.5738056651 802.9490778936 -2000.0000000000
1367.5738056651 802.9490778936 -2000.0000000000
1367.5738056651 802.9490778936 -2000.0000000000
1367.5738056651 802.9490778936 -2000.0000000000
1367.5738056651 802.9490778936 -2000.0000000000
1367.5738056651 802.9490778936 -2000.0000000000
1367.5738056651 802.9490778936 -2000.0000000000
1367.5738056651 802.9490778936 -2000.0000000000
1367.5738056651 802.9490778936 -2000.0000000000
-112.8022726325 -420.5283405889 330.0681090099
-112.8022726325 -420.5283405889 -2000.0000000000
-112.8022726325 -420.5283405889 -2000.0000000000
1415.6856943389 1067.1862009233 1655.3577247503
1415.6856943389 1067.1862009233 -2000.0000000000
1415.6856943389 1067.1862009233 -2000.0000000000
144.8149978190 1255.6404443062 -319.9090873070
144.8149978190 1255.6404443062 -2000.0000000000
144.8149978190 1255.6404443062 -2000.0000000000
144.8149978190 1255.6404443062 -2000.0000000000
144.8149978190 1255.6404443062 -2000.0000000000
144.8149978190 1255.6404443062 -2000.0000000000
144.8149978190 1255.6404443062 -2000.0000000000
144.8149978190 1255.6404443062 -2000.0000000000
-1195.9072039463 -1873.5110850103 910.7688908141
564.5604540227 203.8720771006 -973.5825077256
-1844.6659595149 38.3505577415 1022.0558675972
-1844.6659595149 38.3505577415 -2000.0000000000
-1844.6659595149 38.3505577415 -2000.0000000000
-1989.6741604995 -66.6327907895 293.8178822022
-1989.6741604995 -66.6327907895 -2000.0000000000
-1989.6741604995 -66.6327907895 -2000.0000000000
882.5626210404 434.3289167705 -1877.4473658810
882.5626210404 434.3289167705 -2000.0000000000
882.5626210404 434.3289167705 -2000.0000000000
882.5626210404 434.3289167705 -2000.0000000000
-468.7390147358 1165.2099324613 175.9619693456
-468.7390147358 1165.2099324613 -2000.0000000000
-468.7390147358 1165.2099324613 -2000.0000000000
-468.7390147358 1165.2099324613 -2000.0000000000
-641.0138994227 1533.0314607327 726.2374690497
-47.4384579894 -638.1460450111 -1305.2543381544
-1793.9896007462 310.8864864066 1717.3451541830
-1793.9896007462 310.8864864066 -2000.0000000000
-1905.7502185406 -1090.6981017831 1953.0034061317
-1905.7502185406 -1090.6981017831 -2000.0000000000
-952.8988464476 162.4621421780 1536.7898599920
1474.7897428354 -1729.4510400141 833.5756156748
1474.7897428354 -1729.4510400141 -2000.0000000000
1474.7897428354 -1729.4510400141 -2000.0000000000
1257.7387710368 1730.0658107831 -1754.3231825963
1257.7387710368 1730.0658107831 -2000.0000000000
-843.4425524667 -312.6412808881 709.9448851758
11.7560642241 -467.9098444008 1496.9577179940
11.7560642241 -467.9098444008 -2000.0000000000
11.7560642241 -467.9098444008 -2000.0000000000
-1686.1514114241 467.2214250252 306.8965952662
-1500.8611757265 1216.5993634578 -1344.2527658541
-1500.8611757265 1216.5993634578 -2000.0000000000
-1500.8611757265 1216.5993634578 -2000.0000000000
-1500.8611757265 1216.5993634578 -2000.0000000000
-1500.8611757265 1216.5993634578 -2000.0000000000
-1500.8611757265 1216.5993634578 -2000.0000000000
-877.4973470775 910.3220220447 -1213.5979246840
-877.4973470775 910.3220220447 -2000.0000000000
-877.4973470775 910.3220220447 -2000.0000000000
-877.4973470775 910.3220220447 -2000.0000000000
-877.4973470775 910.3220220447 -2000.0000000000
1135.2108007166 -710.0613353085 -824.4420563275
1066.3997478562 -762.1115509962 523.9761409255
-527.3484044101 1840.3893532725 -685.7412223157
-527.3484044101 1840.3893532725 -2000.0000000000
-96.8226106766 737.0123658599 538.5252961534
-96.8226106766 737.0123658599 -2000.0000000000
-96.8226106766 737.0123658599 -2000.0000000000
-96.8226106766 737.0123658599 -2000.0000000000
-96.8226106766 737.0123658599 -2000.0000000000
-96.8226106766 737.0123658599 -2000.0000000000
-96.8226106766 737.0123658599 -2000.0000000000
-96.8226106766 737.0123658599 -2000.0000000000
-96.8226106766 737.0123658599 -2000.0000000000
187.2135417845 -308.6904935877 1906.7989328249
187.2135417845 -308.6904935877 -2000.0000000000
187.2135417845 -308.6904935877 -2000.0000000000
-1507.6628913148 -1947.1506618142 -1874.6548948760
-86.6730398663 -240.3825839011 -1330.2716261897
-86.6730398663 -240.3825839011 -2000.0000000000
-86.6730398663 -240.3825839011 -2000.0000000000
-1912.1293383648 719.7756631734 -901.4785675337
-1912.1293383648 719.7756631734 -2000.0000000000
-1912.1293383648 719.7756631734 -2000.0000000000
-1912.1293383648 719.7756631734 -2000.0000000000
179.0303866510 -1132.3336520532 1130.1000512644
-440.3340412583 1164.3583016750 1885.9512338757
-440.3340412583 1164.3583016750 -2000.0000000000
533.3949880105 1798.4030944169 -976.2782928485
533.3949880105 1798.4030944169 -2000.0000000000
1223.8068858790 904.9389868655 -1861.3878541166
1118.2320065465 1651.6462812425 -613.9560452703
1118.2320065465 1651.6462812425 -2000.0000000000
1118.2320065465 1651.6462812425 -2000.0000000000
-1803.7973792832 556.4954394980 -1989.9187417010
-1803.7973792832 556.4954394980 -2000.0000000000
-1803.7973792832 556.4954394980 -2000.0000000000
-1803.7973792832 556.4954394980 -2000.0000000000
-1360.3691700313 -1634.7703737381 -32.5345521141
-1360.3691700313 -1634.7703737381 -2000.0000000000
-1360.3691700313 -1634.7703737381 -2000.0000000000
-1360.3691700313 -1634.7703737381 -2000.0000000000
-1360.3691700313 -1634.7703737381 -2000.0000000000
-1360.3691700313 -1634.7703737381 -2000.0000000000
-790.7471210191 -1856.2153236010 -1438.9980922908
-790.7471210191 -1856.2153236010 -2000.0000000000
-176.9236364617 1041.0455043520 -655.5784508441
-176.9236364617 1041.0455043520 -2000.0000000000
-176.9236364617 1041.0455043520 -2000.0000000000
-176.9236364617 1041.0455043520 -2000.0000000000
476.1054487075 443.2094085626 -1838.7539779742
476.1054487075 443.2094085626 -2000.0000000000
476.1054487075 443.2094085626 -2000.0000000000
476.1054487075 443.2094085626 -2000.0000000000
476.1054487075 443.2094085626 -2000.0000000000
476.1054487075 443.2094085626 -2000.0000000000
476.1054487075 443.2094085626 -2000.0000000000
-839.1575572344 -1289.6762895194 -1995.1785966608
362.2494233680 -671.5482149706 387.6928034728
362.2494233680 -671.5482149706 -2000.0000000000
1935.0513342388 -1120.3997431452 510.0258261411
1935.0513342388 -1120.3997431452 -2000.0000000000
1935.0513342388 -1120.3997431452 -2000.0000000000
1935.0513342388 -1120.3997431452 -2000.0000000000
1935.0513342388 -1120.3997431452 -2000.0000000000
1935.0513342388 -1120.3997431452 -2000.0000000000
1935.0513342388 -1120.3997431452 -2000.0000000000
1935.0513342388 -1120.3997431452 -2000.0000000000
1935.0513342388 -1120.3997431452 -2000.0000000000
1935.0513342388 -1120.3997431452 -2000.0000000000
1935.0513342388 -1120.3997431452 -2000.0000000000
1785.7226359041 1180.9838687009 1132.9349949275
1785.7226359041 1180.9838687009 -2000.0000000000
-765.3860786573 204.3829145268 -127.0608268362
-765.3860786573 204.3829145268 -2000.0000000000
-1505.5512696312 1285.9427102120 -1111.0319947957
592.6905911893 -712.7966306878 -277.5742886020
592.6905911893 -712.7966306878 -2000.0000000000
592.6905911893 -712.7966306878 -2000.0000000000
592.6905911893 -712.7966306878 -2000.0000000000
592.6905911893 -712.7966306878 -2000.0000000000
592.6905911893 -712.7966306878 -2000.0000000000
592.6905911893 -712.7966306878 -2000.0000000000
592.6905911893 -712.7966306878 -2000.0000000000
592.6905911893 -712.7966306878 -2000.0000000000
1673.4436923343 -1202.1110713883 1302.1209656176
1673.4436923343 -1202.1110713883 -2000.0000000000
-1761.9989784996 799.3775131126 -960.3680532257
-222.2564806380 -1742.1435147815 1009.4738685240
-222.2564806380 -1742.1435147815 -2000.0000000000
-222.2564806380 -1742.1435147815 -2000.0000000000
-222.2564806380 -1742.1435147815 -2000.0000000000
-222.2564806380 -1742.1435147815 -2000.0000000000
-222.2564806380 -1742.1435147815 -2000.0000000000
-222.2564806380 -1742.1435147815 -2000.0000000000
-222.2564806380 -1742.1435147815 -2000.0000000000
-222.2564806380 -1742.1435147815 -2000.0000000000
-222.2564806380 -1742.1435147815 -2000.0000000000
-222.2564806380 -1742.1435147815 -2000.0000000000
-222.2564806380 -1742.1435147815 -2000.0000000000
-222.2564806380 -1742.1435147815 -2000.0000000000
-222.2564806380 -1742.1435147815 -2000.0000000000
-222.2564806380 -1742.1435147815 -2000.0000000000
-222.2564806380 -1742.1435147815 -2000.0000000000
-222.2564806380 -1742.1435147815 -2000.0000000000
-222.2564806380 -1742.1435147815 -2000.0000000000
-222.2564806380 -1742.1435147815 -2000.0000000000
-222.2564806380 -1742.1435147815 -2000.0000000000
-1606.8903552231 -241.9221378806 -967.7749935589
-1606.8903552231 -241.9221378806 -2000.0000000000
-1606.8903552231 -241.9221378806 -2000.0000000000
-1606.8903552231 -241.9221378806 -2000.0000000000
-1606.8903552231 -241.9221378806 -2000.0000000000
-1606.8903552231 -241.9221378806 -2000.0000000000
-1606.8903552231 -241.9221378806 -2000.0000000000
-1606.8903552231 -241.9221378806 -2000.0000000000
-1265.5318431873 1326.6434073707 377.1246887603
-1262.4543952745 -39.1088868231 -698.9332902360
-1262.4543952745 -39.1088868231 -2000.0000000000
-1262.4543952745 -39.1088868231 -2000.0000000000
601.4550601290 -1452.3006771501 -1363.3038356604
629.5308317513 -865.3485054968 -933.0113962576
-1722.7007781568 299.8225532860 -1738.3144714571
-1722.7007781568 299.8225532860 -2000.0000000000
-1722.7007781568 299.8225532860 -2000.0000000000
-1722.7007781568 299.8225532860 -2000.0000000000
-1722.7007781568 299.8225532860 -2000.0000000000
-1722.7007781568 299.8225532860 -2000.0000000000
-1420.7384599598 -1013.6562894774 1929.2263379942
891.5010653937 1343.3602186856 -501.2042272735
891.5010653937 1343.3602186856 -2000.0000000000
891.5010653937 1343.3602186856 -2000.0000000000
891.5010653937 1343.3602186856 -2000.0000000000
-729.0828154438 1271.8344734288 1714.7861140455
-729.0828154438 1271.8344734288 -2000.0000000000
-619.7732487628 1028.2359344015 185.4866570931
-1332.6994352120 1220.9439333861 741.6666148238
-1408.1651260589 361.4326367371 -558.2551845863
-1408.1651260589 361.4326367371 -2000.0000000000
-1408.1651260589 361.4326367371 -2000.0000000000
-1408.1651260589 361.4326367371 -2000.0000000000
-1408.1651260589 361.4326367371 -2000.0000000000
-1408.1651260589 361.4326367371 -2000.0000000000
-1408.1651260589 361.4326367371 -2000.0000000000
-1408.1651260589 361.4326367371 -2000.0000000000
-1408.1651260589 361.4326367371 -2000.0000000000
-1408.1651260589 361.4326367371 -2000.0000000000
-1408.1651260589 361.4326367371 -2000.0000000000
646.1670176724 926.2934077585 1033.5653301418
653.4366691429 126.6706384765 1924.0062357703
-1751.9889306814 -678.2630838969 -293.0028640472
-1751.9889306814 -678.2630838969 -2000.0000000000
-1751.9889306814 -678.2630838969 -2000.0000000000
-830.7427817909 -49.9266259216 -647.7222577118
-830.7427817909 -49.9266259216 -2000.0000000000
-830.7427817909 -49.9266259216 -2000.0000000000
-443.7134120818 -1276.1928351846 887.2714367535
-271.7535683464 -280.4786576953 612.7476243200
-271.7535683464 -280.4786576953 -2000.0000000000
-271.7535683464 -280.4786576953 -2000.0000000000
-639.3802739892 1897.1685569162 -1365.3421791486
-639.3802739892 1897.1685569162 -2000.0000000000
1813.2202480191 686.1137681808 351.8787124509
-1629.0663056758 -1801.4146343317 1299.5093430421
-1629.0663056758 -1801.4146343317 -2000.0000000000
-1629.0663056758 -1801.4146343317 -2000.0000000000
-1629.0663056758 -1801.4146343317 -2000.0000000000
-1629.0663056758 -1801.4146343317 -2000.0000000000
-1629.0663056758 -1801.4146343317 -2000.0000000000
-1629.0663056758 -1801.4146343317 -2000.0000000000
-1629.0663056758 -1801.4146343317 -2000.0000000000
-1629.0663056758 -1801.4146343317 -2000.0000000000
-1629.0663056758 -1801.4146343317 -2000.0000000000
-1629.0663056758 -1801.4146343317 -2000.0000000000
-1629.0663056758 -1801.4146343317 -2000.0000000000
-1629.0663056758 -1801.4146343317 -2000.0000000000
-1629.0663056758 -1801.4146343317 -2000.0000000000
-1629.0663056758 -1801.4146343317 -2000.0000000000
-1629.0663056758 -1801.4146343317 -2000.0000000000
-1166.1722371971 -1182.9976197042 -348.5616698874
-1166.1722371971 -1182.9976197042 -2000.0000000000
-1166.1722371971 -1182.9976197042 -2000.0000000000
-1166.1722371971 -1182.9976197042 -2000.0000000000
-1166.1722371971 -1182.9976197042 -2000.0000000000
-1166.1722371971 -1182.9976197042 -2000.0000000000
-1166.1722371971 -1182.9976197042 -2000.0000000000
849.6561201703 -1588.9513616636 1293.6641111376
849.6561201703 -1588.9513616636 -2000.0000000000
849.6561201703 -1588.9513616636 -2000.0000000000
849.6561201703 -1588.9513616636 -2000.0000000000
849.6561201703 -1588.9513616636 -2000.0000000000
849.6561201703 -1588.9513616636 -2000.0000000000
-1853.4356758968 -865.4738183638 1290.1058417093
-1853.4356758968 -865.4738183638 -2000.0000000000
617.7750262326 617.7665535563 417.1239024195
617.7750262326 617.7665535563 -2000.0000000000
1725.0137783712 -1446.8080553766 -1117.7621737300
1725.0137783712 -1446.8080553766 -2000.0000000000
1725.0137783712 -1446.8080553766 -2000.0000000000
123.8885805713 814.7552745324 -1289.1685322530
-1140.0149291066 532.7381555276 413.7981860056
-1140.0149291066 532.7381555276 -2000.0000000000
1666.3768560203 909.0749201315 1598.7034914175
59.8086229329 -603.2528894681 -1972.2375602527
59.8086229329 -603.2528894681 -2000.0000000000
1683.9862067468 -162.5665020782 -713.4239340211
1683.9862067468 -162.5665020782 -2000.0000000000
1683.9862067468 -162.5665020782 -2000.0000000000
315.9094913132 -375.0645374846 -1117.0538254426
315.9094913132 -375.0645374846 -2000.0000000000
315.9094913132 -375.0645374846 -2000.0000000000
315.9094913132 -375.0645374846 -2000.0000000000
315.9094913132 -375.0645374846 -2000.0000000000
315.9094913132 -375.0645374846 -2000.0000000000
315.9094913132 -375.0645374846 -2000.0000000000
315.9094913132 -375.0645374846 -2000.0000000000
315.9094913132 -375.0645374846 -2000.0000000000
315.9094913132 -375.0645374846 -2000.0000000000
315.9094913132 -375.0645374846 -2000.0000000000
315.9094913132 -375.0645374846 -2000.0000000000
51.0413290385 -867.8452123331 1495.3367935621
1373.0976706437 12.1229192961 929.0405392772
1373.0976706437 12.1229192961 -2000.0000000000
1373.0976706437 12.1229192961 -2000.0000000000
1373.0976706437 12.1229192961 -2000.0000000000
-129.1382174070 1023.2067695915 188.4770846184
-1830.0947644156 351.1643884524 -1970.3841844397
667.9934184047 -935.2868086511 -545.7634862949
1803.7957843297 618.2158495471 1422.6995383962
1803.7957843297 618.2158495471 -2000.0000000000
1803.7957843297 618.2158495471 -2000.0000000000
1803.7957843297 618.2158495471 -2000.0000000000
1803.7957843297 618.2158495471 -2000.0000000000
-1258.8936269539 68.8139913411 -371.3327475767
-1258.8936269539 68.8139913411 -2000.0000000000
-1258.8936269539 68.8139913411 -2000.0000000000
-1258.8936269539 68.8139913411 -2000.0000000000
1057.2853367977 -1054.0799864129 1247.3746307159
1057.2853367977 -1054.0799864129 -2000.0000000000
1057.2853367977 -1054.0799864129 -2000.0000000000
1057.2853367977 -1054.0799864129 -2000.0000000000
1057.2853367977 -1054.0799864129 -2000.0000000000
-967.1843182883 1184.7479023276 204.5380590749
-967.1843182883 1184.7479023276 -2000.0000000000
-967.1843182883 1184.7479023276 -2000.0000000000
-967.1843182883 1184.7479023276 -2000.0000000000
-967.1843182883 1184.7479023276 -2000.0000000000
-967.1843182883 1184.7479023276 -2000.0000000000
-1473.6877586258 1506.9001410532 -818.6819321454
-788.3305785158 1156.2196162590 -600.6851226128
525.0227641411 -1974.7127229836 1392.2600478908
525.0227641411 -1974.7127229836 -2000.0000000000
-1918.1767882218 -125.1482185067 -822.9667760065
-1918.1767882218 -125.1482185067 -2000.0000000000
-1918.1767882218 -125.1482185067 -2000.0000000000
-1918.1767882218 -125.1482185067 -2000.0000000000
-1918.1767882218 -125.1482185067 -2000.0000000000
1525.7244454276 635.3255903431 70.7320393647
-1760.2166203096 -212.5086455249 44.2920195392
-1760.2166203096 -212.5086455249 -2000.0000000000
-1760.2166203096 -212.5086455249 -2000.0000000000
1469.7330094925 -1071.0757146547 -1310.7203454478
1469.7330094925 -1071.0757146547 -2000.0000000000
1469.7330094925 -1071.0757146547 -2000.0000000000
1864.6306913304 1316.3096734394 -879.1234129886
-1932.1494406424 -983.0240981080 766.9380030918
-1932.1494406424 -983.0240981080 -2000.0000000000
-1932.1494406424 -983.0240981080 -2000.0000000000
1857.2351429440 1179.7020751589 -1988.0641665567
1857.2351429440 1179.7020751589 -2000.0000000000
1857.2351429440 1179.7020751589 -2000.0000000000
-1052.4752890760 -845.7198533839 -1751.3474516894
-1052.4752890760 -845.7198533839 -2000.0000000000
1666.5801829607 -881.2763634161 -1400.7062844159
-1766.3719185790 345.8252918027 265.0826015270
1849.0893097063 125.0169580715 -486.3701958128
1849.0893097063 125.0169580715 -2000.0000000000
1849.0893097063 125.0169580715 -2000.0000000000
-1004.7054289226 -3.0929968890 1588.1641458251
-1004.7054289226 -3.0929968890 -2000.0000000000
-1004.7054289226 -3.0929968890 -2000.0000000000
1541.4204994424 -914.9304514056 1132.2628825699
1661.8183363181 151.3426410911 -502.2706768960
1661.8183363181 151.3426410911 -2000.0000000000
1661.8183363181 151.3426410911 -2000.0000000000
1661.8183363181 151.3426410911 -2000.0000000000
1661.8183363181 151.3426410911 -2000.0000000000
1661.8183363181 151.3426410911 -2000.0000000000
1661.8183363181 151.3426410911 -2000.0000000000
1661.8183363181 151.3426410911 -2000.0000000000
1661.8183363181 151.3426410911 -2000.0000000000
1661.8183363181 151.3426410911 -2000.0000000000
1661.8183363181 151.3426410911 -2000.0000000000
1661.8183363181 151.3426410911 -2000.0000000000
1661.8183363181 151.3426410911 -2000.0000000000
1661.8183363181 151.3426410911 -2000.0000000000
1661.8183363181 151.3426410911 -2000.0000000000
1661.8183363181 151.3426410911 -2000.0000000000
1334.1470609554 -33.7652791967 1114.3623903808
1334.1470609554 -33.7652791967 -2000.0000000000
1334.1470609554 -33.7652791967 -2000.0000000000
1334.1470609554 -33.7652791967 -2000.0000000000
1334.1470609554 -33.7652791967 -2000.0000000000
1334.1470609554 -33.7652791967 -2000.0000000000
-480.1945401056 -1101.8123562065 -662.6180322032
-480.1945401056 -1101.8123562065 -2000.0000000000
-480.1945401056 -1101.8123562065 -2000.0000000000
-1599.3592210774 557.4951907070 -1340.1601168018
572.8647446543 -355.1224595974 1622.0814778936
572.8647446543 -355.1224595974 -2000.0000000000
572.8647446543 -355.1224595974 -2000.0000000000
-764.5152130408 1255.4693927438 1245.4670346485
-764.5152130408 1255.4693927438 -2000.0000000000
-132.8254456484 -190.9995655550 -1907.8470874919
-132.8254456484 -190.9995655550 -2000.0000000000
-132.8254456484 -190.9995655550 -2000.0000000000
-132.8254456484 -190.9995655550 -2000.0000000000
-132.8254456484 -190.9995655550 -2000.0000000000
-132.8254456484 -190.9995655550 -2000.0000000000
-132.8254456484 -190.9995655550 -2000.0000000000
-132.8254456484 -190.9995655550 -2000.0000000000
-132.8254456484 -190.9995655550 -2000.0000000000
-132.8254456484 -190.9995655550 -2000.0000000000
-1213.0680421326 -113.2445474659 1822.1977847155
-1213.0680421326 -113.2445474659 -2000.0000000000
-1213.0680421326 -113.2445474659 -2000.0000000000
-1213.0680421326 -113.2445474659 -2000.0000000000
-1213.0680421326 -113.2445474659 -2000.0000000000
-1213.0680421326 -113.2445474659 -2000.0000000000
-1213.0680421326 -113.2445474659 -2000.0000000000
-1213.0680421326 -113.2445474659 -2000.0000000000
1942.3726742397 1423.5084304527 -1782.4524221600
1942.3726742397 1423.5084304527 -2000.0000000000
1942.3726742397 1423.5084304527 -2000.0000000000
1942.3726742397 1423.5084304527 -2000.0000000000
1942.3726742397 1423.5084304527 -2000.0000000000
1942.3726742397 1423.5084304527 -2000.0000000000
-1179.2205663065 1415.6929031948 485.7412235682
-1179.2205663065 1415.6929031948 -2000.0000000000
-1179.2205663065 1415.6929031948 -2000.0000000000
-1179.2205663065 1415.6929031948 -2000.0000000000
-1179.2205663065 1415.6929031948 -2000.0000000000
381.5080010757 -344.6156653001 -1964.3651490033
381.5080010757 -344.6156653001 -2000.0000000000
1466.1844974081 -1969.5175104801 -1846.6253559637
1466.1844974081 -1969.5175104801 -2000.0000000000
543.2696578452 388.3243667336 -446.8348260221
1712.5490164077 285.8436359924 227.7652873799
1712.5490164077 285.8436359924 -2000.0000000000
368.2059368471 -1526.1489868148 648.1701098661
368.2059368471 -1526.1489868148 -2000.0000000000
-1491.9557607245 -882.2240979706 -1481.2759944801
-1491.9557607245 -882.2240979706 -2000.0000000000
-1491.9557607245 -882.2240979706 -2000.0000000000
-1491.9557607245 -882.2240979706 -2000.0000000000
-1491.9557607245 -882.2240979706 -2000.0000000000
-1491.9557607245 -882.2240979706 -2000.0000000000
1647.2168488667 398.5480449525 1038.4365723836
1647.2168488667 398.5480449525 -2000.0000000000
1647.2168488667 398.5480449525 -2000.0000000000
1647.2168488667 398.5480449525 -2000.0000000000
-1047.6468274783 -62.4577028039 -1286.4313436318
-1047.6468274783 -62.4577028039 -2000.0000000000
-1047.6468274783 -62.4577028039 -2000.0000000000
-1047.6468274783 -62.4577028039 -2000.0000000000
795.5022087378 1111.8731447845 -1853.0415141129
-1669.6615973269 -536.7826225232 1724.8278755922
-1669.6615973269 -536.7826225232 -2000.0000000000
-1669.6615973269 -536.7826225232 -2000.0000000000
-1669.6615973269 -536.7826225232 -2000.0000000000
-1669.6615973269 -536.7826225232 -2000.0000000000
-1669.6615973269 -536.7826225232 -2000.0000000000
-1669.6615973269 -536.7826225232 -2000.0000000000
-1669.6615973269 -536.7826225232 -2000.0000000000
-1669.6615973269 -536.7826225232 -2000.0000000000
1855.0659734551 252.6559410802 227.6884444141
1855.0659734551 252.6559410802 -2000.0000000000
1855.0659734551 252.6559410802 -2000.0000000000
330.0353156828 1112.8141130854 513.1483205494
330.0353156828 1112.8141130854 -2000.0000000000
-1656.7402349807 839.3264418086 -38.5747636647
-1656.7402349807 839.3264418086 -2000.0000000000
-963.0893414825 -1197.4418512632 1789.4783144138
-963.0893414825 -1197.4418512632 -2000.0000000000
-963.0893414825 -1197.4418512632 -2000.0000000000
-963.0893414825 -1197.4418512632 -2000.0000000000
-963.0893414825 -1197.4418512632 -2000.0000000000
-963.0893414825 -1197.4418512632 -2000.0000000000
-963.0893414825 -1197.4418512632 -2000.0000000000
-963.0893414825 -1197.4418512632 -2000.0000000000
-963.0893414825 -1197.4418512632 -2000.0000000000
292.5594389886 1197.4100485791 -290.6298239784
292.5594389886 1197.4100485791 -2000.0000000000
292.5594389886 1197.4100485791 -2000.0000000000
292.5594389886 1197.4100485791 -2000.0000000000
-1819.8200278669 -514.5013907540 -1837.9043295349
-1819.8200278669 -514.5013907540 -2000.0000000000
-1819.8200278669 -514.5013907540 -2000.0000000000
-1763.3148953140 -1864.0871271710 1125.4623567675
514.1899576636 -1314.4963694844 1349.0888822592
514.1899576636 -1314.4963694844 -2000.0000000000
514.1899576636 -1314.4963694844 -2000.0000000000
514.1899576636 -1314.4963694844 -2000.0000000000
514.1899576636 -1314.4963694844 -2000.0000000000
-792.5185935661 -429.8959986323 -1990.7255877084
-792.5185935661 -429.8959986323 -2000.0000000000
-1418.0619315151 -558.2000090075 1899.9911847838
-1418.0619315151 -558.2000090075 -2000.0000000000
-1418.0619315151 -558.2000090075 -2000.0000000000
1638.1266974009 530.1190509163 -1955.0623405657
1638.1266974009 530.1190509163 -2000.0000000000
1638.1266974009 530.1190509163 -2000.0000000000
-1225.7390717492 1468.2519336346 -1650.2560753573
-1225.7390717492 1468.2519336346 -2000.0000000000
-1225.7390717492 1468.2519336346 -2000.0000000000
-1225.7390717492 1468.2519336346 -2000.0000000000
-1225.7390717492 1468.2519336346 -2000.0000000000
-1225.7390717492 1468.2519336346 -2000.0000000000
-35.1655297720 437.8819448601 752.2070035023
-35.1655297720 437.8819448601 -2000.0000000000
-942.5398571801 -1000.6733250528 262.9152887007
-942.5398571801 -1000.6733250528 -2000.0000000000
-942.5398571801 -1000.6733250528 -2000.0000000000
-942.5398571801 -1000.6733250528 -2000.0000000000
-942.5398571801 -1000.6733250528 -2000.0000000000
-942.5398571801 -1000.6733250528 -2000.0000000000
365.1476436910 961.0012548231 1248.0947811339
558.0100536649 -487.0220199684 -446.4698355975
558.0100536649 -487.0220199684 -2000.0000000000
558.0100536649 -487.0220199684 -2000.0000000000
558.0100536649 -487.0220199684 -2000.0000000000
300.7664269714 335.2777060566 1475.1170956757
1843.9269905341 1999.6424941262 -1680.1076517127
1843.9269905341 1999.6424941262 -2000.0000000000
1843.9269905341 1999.6424941262 -2000.0000000000
1843.9269905341 1999.6424941262 -2000.0000000000
1843.9269905341 1999.6424941262 -2000.0000000000
-163.2179199226 -0.1914439363 1276.5164874701
-50.7137894449 1534.3702505290 476.2396395525
-50.7137894449 1534.3702505290 -2000.0000000000
-50.7137894449 1534.3702505290 -2000.0000000000
2.8065910442 -1353.9023769354 -1442.4277315463
2.8065910442 -1353.9023769354 -2000.0000000000
2.8065910442 -1353.9023769354 -2000.0000000000
57.1059220662 -1925.5900476985 522.8156680495
-1599.9454736074 -292.0077834903 -1525.0008961249
-1599.9454736074 -292.0077834903 -2000.0000000000
-331.7368528207 -1820.7014602656 -995.5589418579
-331.7368528207 -1820.7014602656 -2000.0000000000
-331.7368528207 -1820.7014602656 -2000.0000000000
-331.7368528207 -1820.7014602656 -2000.0000000000
-331.7368528207 -1820.7014602656 -2000.0000000000
-331.7368528207 -1820.7014602656 -2000.0000000000
-331.7368528207 -1820.7014602656 -2000.0000000000
-331.7368528207 -1820.7014602656 -2000.0000000000
-73.3506889166 -384.5212651267 -984.8460648638
-73.3506889166 -384.5212651267 -2000.0000000000
-73.3506889166 -384.5212651267 -2000.0000000000
-1838.9761438601 -1660.9147573525 294.7150087778
-1211.6820418737 618.5119809822 -1428.9962001960
-200.9031651404 -760.7042996210 1195.6794536572
-200.9031651404 -760.7042996210 -2000.0000000000
-200.9031651404 -760.7042996210 -2000.0000000000
-200.9031651404 -760.7042996210 -2000.0000000000
-200.9031651404 -760.7042996210 -2000.0000000000
-200.9031651404 -760.7042996210 -2000.0000000000
228.4327726456 -1990.4904130598 -1945.9761916945
228.4327726456 -1990.4904130598 -2000.0000000000
228.4327726456 -1990.4904130598 -2000.0000000000
228.4327726456 -1990.4904130598 -2000.0000000000
228.4327726456 -1990.4904130598 -2000.0000000000
228.4327726456 -1990.4904130598 -2000.0000000000
983.8268439954 1936.5125457968 1621.8823365298
983.8268439954 1936.5125457968 -2000.0000000000
983.8268439954 1936.5125457968 -2000.0000000000
983.8268439954 1936.5125457968 -2000.0000000000
983.8268439954 1936.5125457968 -2000.0000000000
983.8268439954 1936.5125457968 -2000.0000000000
983.8268439954 1936.5125457968 -2000.0000000000
983.8268439954 1936.5125457968 -2000.0000000000
983.8268439954 1936.5125457968 -2000.0000000000
983.8268439954 1936.5125457968 -2000.0000000000
1801.4008949619 1368.9790511601 1441.8677359070
1801.4008949619 1368.9790511601 -2000.0000000000
-1579.4507439732 1603.6995599564 -584.9978853118
-1579.4507439732 1603.6995599564 -2000.0000000000
-1579.4507439732 1603.6995599564 -2000.0000000000
-1579.4507439732 1603.6995599564 -2000.0000000000
-1579.4507439732 1603.6995599564 -2000.0000000000
-1579.4507439732 1603.6995599564 -2000.0000000000
-1579.4507439732 1603.6995599564 -2000.0000000000
-1579.4507439732 1603.6995599564 -2000.0000000000
-843.0450309601 1356.2967850826 -259.8223135916
-843.0450309601 1356.2967850826 -2000.0000000000
1741.4201480603 -162.9222963513 -1997.8309818145
1741.4201480603 -162.9222963513 -2000.0000000000
1259.9634107556 -622.4242495087 -57.4369382745
1259.9634107556 -622.4242495087 -2000.0000000000
517.3021663290 759.0982552808 -1606.6213932888
517.3021663290 759.0982552808 -2000.0000000000
517.3021663290 759.0982552808 -2000.0000000000
517.3021663290 759.0982552808 -2000.0000000000
517.3021663290 759.0982552808 -2000.0000000000
517.3021663290 759.0982552808 -2000.0000000000
517.3021663290 759.0982552808 -2000.0000000000
-1538.1955656327 -785.5550297881 63.8940505306
-1538.1955656327 -785.5550297881 -2000.0000000000
831.4757717552 1551.4255337565 -1847.4336858768
831.4757717552 1551.4255337565 -2000.0000000000
831.4757717552 1551.4255337565 -2000.0000000000
831.4757717552 1551.4255337565 -2000.0000000000
831.4757717552 1551.4255337565 -2000.0000000000
-1514.6680202235 1716.6057844515 -1819.8833172819
-1514.6680202235 1716.6057844515 -2000.0000000000
-1514.6680202235 1716.6057844515 -2000.0000000000
-406.6598180518 1002.0198727282 58.1723036768
-991.6460980308 530.4815836153 -1411.1029559083
-991.6460980308 530.4815836153 -2000.0000000000
-991.6460980308 530.4815836153 -2000.0000000000
-991.6460980308 530.4815836153 -2000.0000000000
1443.5485571706 1471.3925278598 1312.4638618107
1443.5485571706 1471.3925278598 -2000.0000000000
1443.5485571706 1471.3925278598 -2000.0000000000
1569.6397846773 -72.0968346333 49.8456284712
1569.6397846773 -72.0968346333 -2000.0000000000
1569.6397846773 -72.0968346333 -2000.0000000000
1569.6397846773 -72.0968346333 -2000.0000000000
1569.6397846773 -72.0968346333 -2000.0000000000
1569.6397846773 -72.0968346333 -2000.0000000000
1569.6397846773 -72.0968346333 -2000.0000000000
1446.4050074748 875.0225937851 82.7878364207
1446.4050074748 875.0225937851 -2000.0000000000
1446.4050074748 875.0225937851 -2000.0000000000
1446.4050074748 875.0225937851 -2000.0000000000
1446.4050074748 875.0225937851 -2000.0000000000
1446.4050074748 875.0225937851 -2000.0000000000
1446.4050074748 875.0225937851 -2000.0000000000
1446.4050074748 875.0225937851 -2000.0000000000
1446.4050074748 875.0225937851 -2000.0000000000
865.1468014942 -969.2962289509 666.0238883838
865.1468014942 -969.2962289509 -2000.0000000000
865.1468014942 -969.2962289509 -2000.0000000000
865.1468014942 -969.2962289509 -2000.0000000000
865.1468014942 -969.2962289509 -2000.0000000000
-556.7600081519 1744.2772639573 143.0925403214
200.4176311013 1564.5710060251 -1053.5775823625
200.4176311013 1564.5710060251 -2000.0000000000
200.4176311013 1564.5710060251 -2000.0000000000
200.4176311013 1564.5710060251 -2000.0000000000
200.4176311013 1564.5710060251 -2000.0000000000
200.4176311013 1564.5710060251 -2000.0000000000
200.4176311013 1564.5710060251 -2000.0000000000
200.4176311013 1564.5710060251 -2000.0000000000
200.4176311013 1564.5710060251 -2000.0000000000
200.4176311013 1564.5710060251 -2000.0000000000
200.4176311013 1564.5710060251 -2000.0000000000
200.4176311013 1564.5710060251 -2000.0000000000
200.4176311013 1564.5710060251 -2000.0000000000
-1152.1516018709 645.5377760406 1927.2316431105
-1152.1516018709 645.5377760406 -2000.0000000000
-1152.1516018709 645.5377760406 -2000.0000000000
-1498.5324884486 -1139.5123418972 1836.5403245388
-1498.5324884486 -1139.5123418972 -2000.0000000000
-1498.5324884486 -1139.5123418972 -2000.0000000000
-1498.5324884486 -1139.5123418972 -2000.0000000000
-1498.5324884486 -1139.5123418972 -2000.0000000000
-1498.5324884486 -1139.5123418972 -2000.0000000000
-1498.5324884486 -1139.5123418972 -2000.0000000000
-1498.5324884486 -1139.5123418972 -2000.0000000000
-1498.5324884486 -1139.5123418972 -2000.0000000000
530.7854510924 -1476.3983141287 -1106.5147249399
-192.2140712720 -879.5800337062 -112.9544980600
-192.2140712720 -879.5800337062 -2000.0000000000
-192.2140712720 -879.5800337062 -2000.0000000000
-201.2703030920 -196.7243674107 -1863.4698518012
-201.2703030920 -196.7243674107 -2000.0000000000
-1791.5524473191 450.1860010489 -479.6426666013
-1387.2894442929 -1017.8145364019 963.7213601060
-1387.2894442929 -1017.8145364019 -2000.0000000000
-1387.2894442929 -1017.8145364019 -2000.0000000000
-1387.2894442929 -1017.8145364019 -2000.0000000000
-1387.2894442929 -1017.8145364019 -2000.0000000000
-1387.2894442929 -1017.8145364019 -2000.0000000000
-1387.2894442929 -1017.8145364019 -2000.0000000000
-1387.2894442929 -1017.8145364019 -2000.0000000000
-1387.2894442929 -1017.8145364019 -2000.0000000000
-1387.2894442929 -1017.8145364019 -2000.0000000000
412.7845766400 -547.7244144901 937.7686963452
412.7845766400 -547.7244144901 -2000.0000000000
-40.4610725589 1911.7932730098 1941.8326795690
-40.4610725589 1911.7932730098 -2000.0000000000
207.1979269786 -104.4967003408 -531.2384714565
207.1979269786 -104.4967003408 -2000.0000000000
207.1979269786 -104.4967003408 -2000.0000000000
207.1979269786 -104.4967003408 -2000.0000000000
-1695.8718416803 650.7892237221 390.3136296240
-1695.8718416803 650.7892237221 -2000.0000000000
-1695.8718416803 650.7892237221 -2000.0000000000
-1695.8718416803 650.7892237221 -2000.0000000000
-954.6931807316 440.9402912980 -1840.3786991791
-954.6931807316 440.9402912980 -2000.0000000000
-954.6931807316 440.9402912980 -2000.0000000000
-954.6931807316 440.9402912980 -2000.0000000000
-954.6931807316 440.9402912980 -2000.0000000000
-603.9465774057 -451.5717935937 501.1460919459
-603.9465774057 -451.5717935937 -2000.0000000000
-603.9465774057 -451.5717935937 -2000.0000000000
-603.9465774057 -451.5717935937 -2000.0000000000
-603.9465774057 -451.5717935937 -2000.0000000000
-603.9465774057 -451.5717935937 -2000.0000000000
-603.9465774057 -451.5717935937 -2000.0000000000
-603.9465774057 -451.5717935937 -2000.0000000000
918.7560535074 -1287.2418121602 -366.0396222964
918.7560535074 -1287.2418121602 -2000.0000000000
1911.2204710760 -1168.1508561270 1677.9712095812
634.8004613728 -394.1257069465 -247.4076630753
634.8004613728 -394.1257069465 -2000.0000000000
-315.0889988639 -416.6274749348 635.7282646138
-315.0889988639 -416.6274749348 -2000.0000000000
-315.0889988639 -416.6274749348 -2000.0000000000
-315.0889988639 -416.6274749348 -2000.0000000000
-315.0889988639 -416.6274749348 -2000.0000000000
-315.0889988639 -416.6274749348 -2000.0000000000
-315.0889988639 -416.6274749348 -2000.0000000000
-315.0889988639 -416.6274749348 -2000.0000000000
-315.0889988639 -416.6274749348 -2000.0000000000
-315.0889988639 -416.6274749348 -2000.0000000000
-315.0889988639 -416.6274749348 -2000.0000000000
-315.0889988639 -416.6274749348 -2000.0000000000
-315.0889988639 -416.6274749348 -2000.0000000000
-315.0889988639 -416.6274749348 -2000.0000000000
-315.0889988639 -416.6274749348 -2000.0000000000
-847.2821958257 1732.3180901926 -1079.3349699012
-847.2821958257 1732.3180901926 -2000.0000000000
410.8408313097 1214.9783142485 1184.8602747292
410.8408313097 1214.9783142485 -2000.0000000000
410.8408313097 1214.9783142485 -2000.0000000000
-1515.4389920452 1696.7026711328 -1133.8956793578
-1515.4389920452 1696.7026711328 -2000.0000000000
624.0315605489 -1467.3089043149 -554.3456004368
624.0315605489 -1467.3089043149 -2000.0000000000
624.0315605489 -1467.3089043149 -2000.0000000000
624.0315605489 -1467.3089043149 -2000.0000000000
624.0315605489 -1467.3089043149 -2000.0000000000
624.0315605489 -1467.3089043149 -2000.0000000000
458.7783410563 832.3373518580 1027.0949249352
458.7783410563 832.3373518580 -2000.0000000000
458.7783410563 832.3373518580 -2000.0000000000
1429.5572631061 792.2249817206 1469.6858283098
-164.9646402863 1266.8759520541 -924.0640044793
-1107.3171847399 461.5640217199 -1921.3498394407
-1107.3171847399 461.5640217199 -2000.0000000000
-319.7099102290 -1530.2158766380 -858.2802218582
-319.7099102290 -1530.2158766380 -2000.0000000000
-319.7099102290 -1530.2158766380 -2000.0000000000
-319.7099102290 -1530.2158766380 -2000.0000000000
-319.7099102290 -1530.2158766380 -2000.0000000000
1136.5769286323 1184.6369400355 -427.9281591023
-40.7618381869 -551.9666883437 1364.4915846975
-40.7618381869 -551.9666883437 -2000.0000000000
-40.7618381869 -551.9666883437 -2000.0000000000
-40.7618381869 -551.9666883437 -2000.0000000000
-40.7618381869 -551.9666883437 -2000.0000000000
-40.7618381869 -551.9666883437 -2000.0000000000
-1614.9193436897 -216.6597983708 128.3599449565
-1614.9193436897 -216.6597983708 -2000.0000000000
-1614.9193436897 -216.6597983708 -2000.0000000000
-1614.9193436897 -216.6597983708 -2000.0000000000
-1614.9193436897 -216.6597983708 -2000.0000000000
-1614.9193436897 -216.6597983708 -2000.0000000000
-1614.9193436897 -216.6597983708 -2000.0000000000
-1614.9193436897 -216.6597983708 -2000.0000000000
-1614.9193436897 -216.6597983708 -2000.0000000000
-1614.9193436897 -216.6597983708 -2000.0000000000
-1614.9193436897 -216.6597983708 -2000.0000000000
1833.2863984296 -971.0892299494 535.7767249993
-452.3569386941 382.3314753908 -1051.1044847690
-452.3569386941 382.3314753908 -2000.0000000000
127.8648714783 1585.8443102462 670.1911374513
127.8648714783 1585.8443102462 -2000.0000000000
127.8648714783 1585.8443102462 -2000.0000000000
127.8648714783 1585.8443102462 -2000.0000000000
127.8648714783 1585.8443102462 -2000.0000000000
127.8648714783 1585.8443102462 -2000.0000000000
127.8648714783 1585.8443102462 -2000.0000000000
127.8648714783 1585.8443102462 -2000.0000000000
127.8648714783 1585.8443102462 -2000.0000000000
-998.7723777024 -1479.2979015878 1812.0107858168
-998.7723777024 -1479.2979015878 -2000.0000000000
-998.7723777024 -1479.2979015878 -2000.0000000000
-998.7723777024 -1479.2979015878 -2000.0000000000
-998.7723777024 -1479.2979015878 -2000.0000000000
-998.7723777024 -1479.2979015878 -2000.0000000000
-998.7723777024 -1479.2979015878 -2000.0000000000
-998.7723777024 -1479.2979015878 -2000.0000000000
-998.7723777024 -1479.2979015878 -2000.0000000000
547.5759176788 322.6123394847 1866.0952199063
547.5759176788 322.6123394847 -2000.0000000000
547.5759176788 322.6123394847 -2000.0000000000
-1786.1821354962 -1649.8837235048 358.1672279870
-1786.1821354962 -1649.8837235048 -2000.0000000000
-1786.1821354962 -1649.8837235048 -2000.0000000000
-1786.1821354962 -1649.8837235048 -2000.0000000000
1681.3535293459 -1349.5757536745 -468.0222195427
1821.9050562529 324.2169502106 -1043.6005463039
1821.9050562529 324.2169502106 -2000.0000000000
-1834.0193291705 -904.5958733325 1195.6108631725
-1834.0193291705 -904.5958733325 -2000.0000000000
-1834.0193291705 -904.5958733325 -2000.0000000000
-1834.0193291705 -904.5958733325 -2000.0000000000
405.9833068666 -1187.4852599531 -1606.2538893341
405.9833068666 -1187.4852599531 -2000.0000000000
405.9833068666 -1187.4852599531 -2000.0000000000
405.9833068666 -1187.4852599531 -2000.0000000000
405.9833068666 -1187.4852599531 -2000.0000000000
405.9833068666 -1187.4852599531 -2000.0000000000
-1759.6000227579 1884.4258058981 -318.9059796870
-1759.6000227579 1884.4258058981 -2000.0000000000
-1477.8250886349 -1522.7504232711 1232.8523711517
-1477.8250886349 -1522.7504232711 -2000.0000000000
-1477.8250886349 -1522.7504232711 -2000.0000000000
-1477.8250886349 -1522.7504232711 -2000.0000000000
-1477.8250886349 -1522.7504232711 -2000.0000000000
-1477.8250886349 -1522.7504232711 -2000.0000000000
562.7684854400 859.2696108316 528.4585886052
562.7684854400 859.2696108316 -2000.0000000000
179.0898685856 759.6806621840 -1130.1141856576
179.0898685856 759.6806621840 -2000.0000000000
179.0898685856 759.6806621840 -2000.0000000000
179.0898685856 759.6806621840 -2000.0000000000
-1876.0350683658 815.7708342413 549.2916612519
-1876.0350683658 815.7708342413 -2000.0000000000
188.1114080713 743.3306452100 1597.4260676042
188.1114080713 743.3306452100 -2000.0000000000
-499.9498283970 841.9889292260 -1469.8682027300
-499.9498283970 841.9889292260 -2000.0000000000
1523.0453067054 -798.1357865402 809.3906137069
1523.0453067054 -798.1357865402 -2000.0000000000
-247.2144051684 -352.2442305578 1071.8960495714
533.3815212908 -1844.4312121760 -580.0568329308
-726.5066371333 -542.3286051966 -130.1413101702
1705.8652727275 801.6324877904 -1408.9093973659
1705.8652727275 801.6324877904 -2000.0000000000
1705.8652727275 801.6324877904 -2000.0000000000
1705.8652727275 801.6324877904 -2000.0000000000
-973.7997332924 -1636.7732536203 805.2524821216
-863.9874459680 -79.5632045485 1004.2436235318
-863.9874459680 -79.5632045485 -2000.0000000000
1550.9109046518 -33.9713641214 1420.0426168704
1550.9109046518 -33.9713641214 -2000.0000000000
-21.4201597090 524.9769358265 -139.5250554954
-21.4201597090 524.9769358265 -2000.0000000000
-21.4201597090 524.9769358265 -2000.0000000000
-21.4201597090 524.9769358265 -2000.0000000000
-21.4201597090 524.9769358265 -2000.0000000000
-21.4201597090 524.9769358265 -2000.0000000000
-21.4201597090 524.9769358265 -2000.0000000000
94.7640056003 -96.3841538416 1375.7472419977
94.7640056003 -96.3841538416 -2000.0000000000
50.8241016810 1457.6327302506 1498.5987281251
50.8241016810 1457.6327302506 -2000.0000000000
50.8241016810 1457.6327302506 -2000.0000000000
50.8241016810 1457.6327302506 -2000.0000000000
-421.0741321416 -1667.6941232814 -844.9803402619
-421.0741321416 -1667.6941232814 -2000.0000000000
-421.0741321416 -1667.6941232814 -2000.0000000000
-1083.3450022003 -1386.3227868754 803.4495905424
-909.3918543327 -1659.7027966146 1270.9296740564
172.5085415361 -1666.5658391613 1086.9424837215
172.5085415361 -1666.5658391613 -2000.0000000000
172.5085415361 -1666.5658391613 -2000.0000000000
172.5085415361 -1666.5658391613 -2000.0000000000
172.5085415361 -1666.5658391613 -2000.0000000000
172.5085415361 -1666.5658391613 -2000.0000000000
172.5085415361 -1666.5658391613 -2000.0000000000
-748.6036637359 1219.8119361090 -1119.7710602329
65.1808253487 -1239.3243887136 535.9378077854
65.1808253487 -1239.3243887136 -2000.0000000000
418.1610244308 1413.0696909874 1767.8861109688
1868.4523703727 1634.7323362875 1403.4204052523
1868.4523703727 1634.7323362875 -2000.0000000000
1276.3980503625 -1213.2794209838 -1349.2377127342
1276.3980503625 -1213.2794209838 -2000.0000000000
-1925.5507118357 -2.5297923338 1478.4966387165
-1925.5507118357 -2.5297923338 -2000.0000000000
-451.2434791977 -942.6312396773 1384.0104445169
-231.0671204736 -806.1709763672 -1961.2536921471
-231.0671204736 -806.1709763672 -2000.0000000000
-231.0671204736 -806.1709763672 -2000.0000000000
1024.1711903844 -580.2470162271 -29.9075464591
645.2508116433 360.3436965676 -106.6463232883
645.2508116433 360.3436965676 -2000.0000000000
645.2508116433 360.3436965676 -2000.0000000000
645.2508116433 360.3436965676 -2000.0000000000
645.2508116433 360.3436965676 -2000.0000000000
645.2508116433 360.3436965676 -2000.0000000000
645.2508116433 360.3436965676 -2000.0000000000
645.2508116433 360.3436965676 -2000.0000000000
645.2508116433 360.3436965676 -2000.0000000000
645.2508116433 360.3436965676 -2000.0000000000
645.2508116433 360.3436965676 -2000.0000000000
838.8776624011 1394.5180402357 -411.2392932957
678.2019537451 1884.5941856240 -1769.4010446378
678.2019537451 1884.5941856240 -2000.0000000000
678.2019537451 1884.5941856240 -2000.0000000000
678.2019537451 1884.5941856240 -2000.0000000000
678.2019537451 1884.5941856240 -2000.0000000000
678.2019537451 1884.5941856240 -2000.0000000000
678.2019537451 1884.5941856240 -2000.0000000000
678.2019537451 1884.5941856240 -2000.0000000000
678.2019537451 1884.5941856240 -2000.0000000000
678.2019537451 1884.5941856240 -2000.0000000000
-1287.6807644329 459.2945054700 -1395.9986203868
-1287.6807644329 459.2945054700 -2000.0000000000
-1287.6807644329 459.2945054700 -2000.0000000000
-1287.6807644329 459.2945054700 -2000.0000000000
-1287.6807644329 459.2945054700 -2000.0000000000
-1287.6807644329 459.2945054700 -2000.0000000000
-1287.6807644329 459.2945054700 -2000.0000000000
-1287.6807644329 459.2945054700 -2000.0000000000
-1287.6807644329 459.2945054700 -2000.0000000000
-1287.6807644329 459.2945054700 -2000.0000000000
-1287.6807644329 459.2945054700 -2000.0000000000
-1287.6807644329 459.2945054700 -2000.0000000000
-1287.6807644329 459.2945054700 -2000.0000000000
-1287.6807644329 459.2945054700 -2000.0000000000
-1287.6807644329 459.2945054700 -2000.0000000000
-1287.6807644329 459.2945054700 -2000.0000000000
-1287.6807644329 459.2945054700 -2000.0000000000
-1543.0667630589 1333.4037598293 1873.8969828729
-1543.0667630589 1333.4037598293 -2000.0000000000
-1543.0667630589 1333.4037598293 -2000.0000000000
-1543.0667630589 1333.4037598293 -2000.0000000000
-1543.0667630589 1333.4037598293 -2000.0000000000
-1543.0667630589 1333.4037598293 -2000.0000000000
-1543.0667630589 1333.4037598293 -2000.0000000000
-1543.0667630589 1333.4037598293 -2000.0000000000
-1543.0667630589 1333.4037598293 -2000.0000000000
-1543.0667630589 1333.4037598293 -2000.0000000000
-1543.0667630589 1333.4037598293 -2000.0000000000
1044.4854282297 111.6548726866 -865.1169766140
45.3703395340 831.1709824009 455.5641178908
-1565.6634490795 719.3913731904 1840.3982551517
-1022.7629885348 728.8076670423 1165.1610048003
-1222.1228291340 1114.4218863675 425.8764567068
-1222.1228291340 1114.4218863675 -2000.0000000000
-1222.1228291340 1114.4218863675 -2000.0000000000
-1554.1404449419 -1750.7451700513 1215.0121317458
-1554.1404449419 -1750.7451700513 -2000.0000000000
-1554.1404449419 -1750.7451700513 -2000.0000000000
-782.6118645793 1206.8372066503 -1387.1283129493
-782.6118645793 1206.8372066503 -2000.0000000000
-782.6118645793 1206.8372066503 -2000.0000000000
-1925.2631399518 -1090.7095051791 -308.9220556491
-1925.2631399518 -1090.7095051791 -2000.0000000000
-1781.8000879112 337.3731380541 1409.4387354449
1701.3106546674 383.0938759213 -39.0867386574
1701.3106546674 383.0938759213 -2000.0000000000
1701.3106546674 383.0938759213 -2000.0000000000
1701.3106546674 383.0938759213 -2000.0000000000
1701.3106546674 383.0938759213 -2000.0000000000
1191.0631844081 -962.0252057477 -1172.2272575323
1191.0631844081 -962.0252057477 -2000.0000000000
1191.0631844081 -962.0252057477 -2000.0000000000
1191.0631844081 -962.0252057477 -2000.0000000000
1191.0631844081 -962.0252057477 -2000.0000000000
1191.0631844081 -962.0252057477 -2000.0000000000
1191.0631844081 -962.0252057477 -2000.0000000000
1191.0631844081 -962.0252057477 -2000.0000000000
1191.0631844081 -962.0252057477 -2000.0000000000
1191.0631844081 -962.0252057477 -2000.0000000000
1191.0631844081 -962.0252057477 -2000.0000000000
1191.0631844081 -962.0252057477 -2000.0000000000
1138.8632091384 -332.8494340261 -1631.7575198361
1138.8632091384 -332.8494340261 -2000.0000000000
1138.8632091384 -332.8494340261 -2000.0000000000
1138.8632091384 -332.8494340261 -2000.0000000000
1138.8632091384 -332.8494340261 -2000.0000000000
1138.8632091384 -332.8494340261 -2000.0000000000
1138.8632091384 -332.8494340261 -2000.0000000000
1138.8632091384 -332.8494340261 -2000.0000000000
1138.8632091384 -332.8494340261 -2000.0000000000
-15.4223836203 125.8165573902 -1785.8254576427
-15.4223836203 125.8165573902 -2000.0000000000
-15.4223836203 125.8165573902 -2000.0000000000
-15.4223836203 125.8165573902 -2000.0000000000
-1615.5516638941 1877.6526504670 -1836.8262303807
-1615.5516638941 1877.6526504670 -2000.0000000000
-1615.5516638941 1877.6526504670 -2000.0000000000
-1615.5516638941 1877.6526504670 -2000.0000000000
1593.9428969257 -438.8699238508 -230.7284058659
1593.9428969257 -438.8699238508 -2000.0000000000
363.1205194864 -700.0822851513 -1072.9760749402
363.1205194864 -700.0822851513 -2000.0000000000
363.1205194864 -700.0822851513 -2000.0000000000
363.1205194864 -700.0822851513 -2000.0000000000
363.1205194864 -700.0822851513 -2000.0000000000
363.1205194864 -700.0822851513 -2000.0000000000
-1204.7101318337 764.0324324607 837.4324785017
773.0198358349 -35.7721778734 -393.6905017161
773.0198358349 -35.7721778734 -2000.0000000000
773.0198358349 -35.7721778734 -2000.0000000000
773.0198358349 -35.7721778734 -2000.0000000000
773.0198358349 -35.7721778734 -2000.0000000000
773.0198358349 -35.7721778734 -2000.0000000000
773.0198358349 -35.7721778734 -2000.0000000000
-675.3742717901 -624.8495315592 -106.5718830081
-675.3742717901 -624.8495315592 -2000.0000000000
-675.3742717901 -624.8495315592 -2000.0000000000
-675.3742717901 -624.8495315592 -2000.0000000000
1591.4996295773 1431.9446967868 -1560.3946110619
1591.4996295773 1431.9446967868 -2000.0000000000
1591.4996295773 1431.9446967868 -2000.0000000000
1591.4996295773 1431.9446967868 -2000.0000000000
1591.4996295773 1431.9446967868 -2000.0000000000
1591.4996295773 1431.9446967868 -2000.0000000000
1591.4996295773 1431.9446967868 -2000.0000000000
169.1826225512 -925.7742659388 1069.5435527943
169.1826225512 -925.7742659388 -2000.0000000000
169.1826225512 -925.7742659388 -2000.0000000000
169.1826225512 -925.7742659388 -2000.0000000000
-961.6366447836 707.2168111482 341.9249639408
-961.6366447836 707.2168111482 -2000.0000000000
-489.7004431695 -775.6118444177 306.8732313291
-1238.0630335046 838.7841367742 1874.1178920020
-1535.0511053782 39.7493214722 -831.0157867812
757.4377666467 -333.6185493950 -458.7553172405
757.4377666467 -333.6185493950 -2000.0000000000
757.4377666467 -333.6185493950 -2000.0000000000
757.4377666467 -333.6185493950 -2000.0000000000
757.4377666467 -333.6185493950 -2000.0000000000
757.4377666467 -333.6185493950 -2000.0000000000
757.4377666467 -333.6185493950 -2000.0000000000
757.4377666467 -333.6185493950 -2000.0000000000
757.4377666467 -333.6185493950 -2000.0000000000
757.4377666467 -333.6185493950 -2000.0000000000
-226.8523508735 124.3339723899 1822.0863678189
-226.8523508735 124.3339723899 -2000.0000000000
302.9886796427 617.4780848651 -1166.0563117729
-1930.8044254638 -1521.4632414658 594.8338018585
-1930.8044254638 -1521.4632414658 -2000.0000000000
-1930.8044254638 -1521.4632414658 -2000.0000000000
-1930.8044254638 -1521.4632414658 -2000.0000000000
-1930.8044254638 -1521.4632414658 -2000.0000000000
-366.3126285427 1462.4755612260 -501.5309912481
891.6398988999 68.5406199172 -537.8628845784
901.3647506605 -556.0248429225 -1085.1239279916
901.3647506605 -556.0248429225 -2000.0000000000
901.3647506605 -556.0248429225 -2000.0000000000
901.3647506605 -556.0248429225 -2000.0000000000
655.2236571815 -1599.4124553929 1842.7921709312
1815.0569908979 -1603.6324990801 -203.1529391610
1815.0569908979 -1603.6324990801 -2000.0000000000
1815.0569908979 -1603.6324990801 -2000.0000000000
1815.0569908979 -1603.6324990801 -2000.0000000000
1815.0569908979 -1603.6324990801 -2000.0000000000
-722.1618917491 -461.5652564596 713.9885375455
-1588.0740952570 -1125.5416358338 -769.4849593871
-1588.0740952570 -1125.5416358338 -2000.0000000000
-1588.0740952570 -1125.5416358338 -2000.0000000000
-691.2578982602 -661.8219825587 1049.5187304001
-691.2578982602 -661.8219825587 -2000.0000000000
1413.3475556266 -1714.0391945687 -1698.2864944024
1413.3475556266 -1714.0391945687 -2000.0000000000
390.2269073319 -265.4204000505 -962.8408438930
390.2269073319 -265.4204000505 -2000.0000000000
390.2269073319 -265.4204000505 -2000.0000000000
390.2269073319 -265.4204000505 -2000.0000000000
390.2269073319 -265.4204000505 -2000.0000000000
390.2269073319 -265.4204000505 -2000.0000000000
390.2269073319 -265.4204000505 -2000.0000000000
390.2269073319 -265.4204000505 -2000.0000000000
390.2269073319 -265.4204000505 -2000.0000000000
390.2269073319 -265.4204000505 -2000.0000000000
390.2269073319 -265.4204000505 -2000.0000000000
390.2269073319 -265.4204000505 -2000.0000000000
1284.8320729518 -1388.3601516404 -841.7676474589
1284.8320729518 -1388.3601516404 -2000.0000000000
1284.8320729518 -1388.3601516404 -2000.0000000000
1284.8320729518 -1388.3601516404 -2000.0000000000
1373.5690410800 1344.5370954335 1859.7637487393
1373.5690410800 1344.5370954335 -2000.0000000000
971.3725356116 537.2267780877 -1613.4383021183
971.3725356116 537.2267780877 -2000.0000000000
739.4930833587 1955.3786457555 26.3442375368
739.4930833587 1955.3786457555 -2000.0000000000
739.4930833587 1955.3786457555 -2000.0000000000
739.4930833587 1955.3786457555 -2000.0000000000
739.4930833587 1955.3786457555 -2000.0000000000
739.4930833587 1955.3786457555 -2000.0000000000
674.5240536237 -524.1357639756 -751.4117120247
674.5240536237 -524.1357639756 -2000.0000000000
674.5240536237 -524.1357639756 -2000.0000000000
674.5240536237 -524.1357639756 -2000.0000000000
-67.6699492159 464.4202081917 1303.9075404463
529.0919258077 -615.5595177219 842.0294642348
529.0919258077 -615.5595177219 -2000.0000000000
529.0919258077 -615.5595177219 -2000.0000000000
529.0919258077 -615.5595177219 -2000.0000000000
529.0919258077 -615.5595177219 -2000.0000000000
120.7532348656 1758.8347237024 -1612.8982973674
120.7532348656 1758.8347237024 -2000.0000000000
120.7532348656 1758.8347237024 -2000.0000000000
120.7532348656 1758.8347237024 -2000.0000000000
120.7532348656 1758.8347237024 -2000.0000000000
-1159.0550136108 272.6990029108 1693.3712903502
-1159.0550136108 272.6990029108 -2000.0000000000
-1810.0806719964 1077.3781065154 206.9048338007
-1810.0806719964 1077.3781065154 -2000.0000000000
281.5612247906 1327.5062279993 863.6925638991
281.5612247906 1327.5062279993 -2000.0000000000
281.5612247906 1327.5062279993 -2000.0000000000
281.5612247906 1327.5062279993 -2000.0000000000
281.5612247906 1327.5062279993 -2000.0000000000
-1547.4958870104 1472.6821185850 -1603.2739186652
-1547.4958870104 1472.6821185850 -2000.0000000000
1720.1479349807 -1318.4248473506 441.8318701809
1720.1479349807 -1318.4248473506 -2000.0000000000
1720.1479349807 -1318.4248473506 -2000.0000000000
1720.1479349807 -1318.4248473506 -2000.0000000000
-241.3689816751 -1721.8412789596 444.8307886189
-1247.4490169614 -1981.3764416400 837.6229470053
1129.4027383293 -729.0879887774 -301.3305176535
1129.4027383293 -729.0879887774 -2000.0000000000
1129.4027383293 -729.0879887774 -2000.0000000000
-112.9551617903 1606.4893529927 -903.9715225488
1184.2974998006 1004.0969922168 -1389.3888602777
1719.7123261869 -309.6046343106 -1175.5336674968
1719.7123261869 -309.6046343106 -2000.0000000000
309.2800397256 1299.8639456454 1312.8450233013
309.2800397256 1299.8639456454 -2000.0000000000
309.2800397256 1299.8639456454 -2000.0000000000
309.2800397256 1299.8639456454 -2000.0000000000
309.2800397256 1299.8639456454 -2000.0000000000
309.2800397256 1299.8639456454 -2000.0000000000
309.2800397256 1299.8639456454 -2000.0000000000
309.2800397256 1299.8639456454 -2000.0000000000
309.2800397256 1299.8639456454 -2000.0000000000
204.3027942852 -866.1880414090 -376.6758155387
204.3027942852 -866.1880414090 -2000.0000000000
204.3027942852 -866.1880414090 -2000.0000000000
204.3027942852 -866.1880414090 -2000.0000000000
204.3027942852 -866.1880414090 -2000.0000000000
204.3027942852 -866.1880414090 -2000.0000000000
1748.1443444785 1720.3307353452 -1049.6417196984
-1144.5021121748 -786.0453383044 337.4981022392
-1144.5021121748 -786.0453383044 -2000.0000000000
-1144.5021121748 -786.0453383044 -2000.0000000000
-1105.1226877580 1848.6419395797 1881.1867685114
-753.8805506862 -147.5277672126 1470.6162959217
-753.8805506862 -147.5277672126 -2000.0000000000
-753.8805506862 -147.5277672126 -2000.0000000000
302.4439180988 297.9886877860 -1005.2442348751
-1287.8253638730 -1248.7206251774 1157.5509070964
-1287.8253638730 -1248.7206251774 -2000.0000000000
-1287.8253638730 -1248.7206251774 -2000.0000000000
-1287.8253638730 -1248.7206251774 -2000.0000000000
-1287.8253638730 -1248.7206251774 -2000.0000000000
-1287.8253638730 -1248.7206251774 -2000.0000000000
1943.7134522617 -733.4211597009 -1699.3272556553
1943.7134522617 -733.4211597009 -2000.0000000000
1943.7134522617 -733.4211597009 -2000.0000000000
-606.8319857609 -1300.3102334220 -178.7123482043
-606.8319857609 -1300.3102334220 -2000.0000000000
-606.8319857609 -1300.3102334220 -2000.0000000000
-606.8319857609 -1300.3102334220 -2000.0000000000
-708.9657692738 1316.1287611731 1486.9578447202
487.3058089940 45.7970383891 874.8476512137
-1723.1911044922 -1366.2434695011 -1324.5706462976
-1723.1911044922 -1366.2434695011 -2000.0000000000
-1723.1911044922 -1366.2434695011 -2000.0000000000
-1723.1911044922 -1366.2434695011 -2000.0000000000
472.4432112247 -1427.7499691042 662.3761519367
472.4432112247 -1427.7499691042 -2000.0000000000
472.4432112247 -1427.7499691042 -2000.0000000000
472.4432112247 -1427.7499691042 -2000.0000000000
1007.2857258513 -889.7223605076 913.6724768247
1007.2857258513 -889.7223605076 -2000.0000000000
1007.2857258513 -889.7223605076 -2000.0000000000
-621.6513079618 840.4563465193 1376.7308420309
-621.6513079618 840.4563465193 -2000.0000000000
-621.6513079618 840.4563465193 -2000.0000000000
-621.6513079618 840.4563465193 -2000.0000000000
-621.6513079618 840.4563465193 -2000.0000000000
-621.6513079618 840.4563465193 -2000.0000000000
-621.6513079618 840.4563465193 -2000.0000000000
-621.6513079618 840.4563465193 -2000.0000000000
-621.6513079618 840.4563465193 -2000.0000000000
1611.6051716611 -855.2955055642 -116.9949937085
1611.6051716611 -855.2955055642 -2000.0000000000
-1076.4349397064 -1936.4308123699 1373.5578377962
1728.9358573255 -1651.0694306270 -843.4043783223
1728.9358573255 -1651.0694306270 -2000.0000000000
1728.9358573255 -1651.0694306270 -2000.0000000000
1728.9358573255 -1651.0694306270 -2000.0000000000
369.5877497380 -1702.8107330473 540.8543350839
369.5877497380 -1702.8107330473 -2000.0000000000
369.5877497380 -1702.8107330473 -2000.0000000000
369.5877497380 -1702.8107330473 -2000.0000000000
369.5877497380 -1702.8107330473 -2000.0000000000
369.5877497380 -1702.8107330473 -2000.0000000000
442.5333724686 1618.5938180267 1801.9735048291
442.5333724686 1618.5938180267 -2000.0000000000
442.5333724686 1618.5938180267 -2000.0000000000
442.5333724686 1618.5938180267 -2000.0000000000
442.5333724686 1618.5938180267 -2000.0000000000
442.5333724686 1618.5938180267 -2000.0000000000
-313.7492762436 -0.8243265715 -1816.1901586737
-313.7492762436 -0.8243265715 -2000.0000000000
-313.7492762436 -0.8243265715 -2000.0000000000
-313.7492762436 -0.8243265715 -2000.0000000000
1207.8495084493 -1766.6865765716 1904.5235413287
185.7482737133 -477.4890035702 788.3587634088
185.7482737133 -477.4890035702 -2000.0000000000
1294.8548237095 1083.1938531222 1219.1753423606
1294.8548237095 1083.1938531222 -2000.0000000000
1294.8548237095 1083.1938531222 -2000.0000000000
1294.8548237095 1083.1938531222 -2000.0000000000
1294.8548237095 1083.1938531222 -2000.0000000000
1294.8548237095 1083.1938531222 -2000.0000000000
-1608.8993917823 -1270.9836329776 -153.0587044486
1268.5916160482 -697.6693693231 -548.9513607751
1268.5916160482 -697.6693693231 -2000.0000000000
1268.5916160482 -697.6693693231 -2000.0000000000
1268.5916160482 -697.6693693231 -2000.0000000000
763.2308140366 -1080.0270416405 1549.0353187725
763.2308140366 -1080.0270416405 -2000.0000000000
265.7542962734 -843.8245884028 1117.4323734743
1154.3053073811 -1346.6229213580 -1523.2321691975
1154.3053073811 -1346.6229213580 -2000.0000000000
2.9674706221 1311.0629689025 -1709.0067321282
2.9674706221 1311.0629689025 -2000.0000000000
2.9674706221 1311.0629689025 -2000.0000000000
1540.7282534822 -1118.3882403873 -1749.7100014626
1672.7157267887 -994.5634389286 308.1544857818
1672.7157267887 -994.5634389286 -2000.0000000000
-189.3748034215 -1798.1997479902 -835.4227344616
-189.3748034215 -1798.1997479902 -2000.0000000000
-189.3748034215 -1798.1997479902 -2000.0000000000
-189.3748034215 -1798.1997479902 -2000.0000000000
-189.3748034215 -1798.1997479902 -2000.0000000000
-599.9988660989 -1067.5327698226 1058.4542074323
-599.9988660989 -1067.5327698226 -2000.0000000000
-599.9988660989 -1067.5327698226 -2000.0000000000
-599.9988660989 -1067.5327698226 -2000.0000000000
-723.8938863034 -1603.7802918616 -770.8631908724
1979.3945258464 -614.2175313705 -1082.3617827586
-45.1503445319 1999.0275914054 1564.6432279135
-45.1503445319 1999.0275914054 -2000.0000000000
-45.1503445319 1999.0275914054 -2000.0000000000
1584.8619750125 430.2411572852 981.0544942955
1584.8619750125 430.2411572852 -2000.0000000000
1147.0343172646 309.4580039915 829.9989786014
1147.0343172646 309.4580039915 -2000.0000000000
1147.0343172646 309.4580039915 -2000.0000000000
1147.0343172646 309.4580039915 -2000.0000000000
1147.0343172646 309.4580039915 -2000.0000000000
1147.0343172646 309.4580039915 -2000.0000000000
1147.0343172646 309.4580039915 -2000.0000000000
1147.0343172646 309.4580039915 -2000.0000000000
1147.0343172646 309.4580039915 -2000.0000000000
1147.0343172646 309.4580039915 -2000.0000000000
-341.5141974674 -1112.9718179928 -1355.6121115956
-341.5141974674 -1112.9718179928 -2000.0000000000
-341.5141974674 -1112.9718179928 -2000.0000000000
-341.5141974674 -1112.9718179928 -2000.0000000000
-341.5141974674 -1112.9718179928 -2000.0000000000
-341.5141974674 -1112.9718179928 -2000.0000000000
-341.5141974674 -1112.9718179928 -2000.0000000000
377.2504791381 -57.1479776677 422.3339445671
377.2504791381 -57.1479776677 -2000.0000000000
377.2504791381 -57.1479776677 -2000.0000000000
377.2504791381 -57.1479776677 -2000.0000000000
377.2504791381 -57.1479776677 -2000.0000000000
377.2504791381 -57.1479776677 -2000.0000000000
377.2504791381 -57.1479776677 -2000.0000000000
377.2504791381 -57.1479776677 -2000.0000000000
377.2504791381 -57.1479776677 -2000.0000000000
377.2504791381 -57.1479776677 -2000.0000000000
377.2504791381 -57.1479776677 -2000.0000000000
1845.5474716026 708.2520474686 -1291.6796480010
1845.5474716026 708.2520474686 -2000.0000000000
-1280.1811128383 -1331.9690725214 361.6220700517
-1280.1811128383 -1331.9690725214 -2000.0000000000
-1280.1811128383 -1331.9690725214 -2000.0000000000
-1280.1811128383 -1331.9690725214 -2000.0000000000
-1280.1811128383 -1331.9690725214 -2000.0000000000
-1280.1811128383 -1331.9690725214 -2000.0000000000
-1280.1811128383 -1331.9690725214 -2000.0000000000
-1280.1811128383 -1331.9690725214 -2000.0000000000
-1280.1811128383 -1331.9690725214 -2000.0000000000
-1280.1811128383 -1331.9690725214 -2000.0000000000
1143.9891153234 1323.1044008723 1050.4711400778
1716.5677906300 -957.5042505898 813.6295793121
493.2873401983 -1202.9721985214 268.1394766212
493.2873401983 -1202.9721985214 -2000.0000000000
493.2873401983 -1202.9721985214 -2000.0000000000
493.2873401983 -1202.9721985214 -2000.0000000000
60.8896578473 1026.8110879151 -1048.3058654680
60.8896578473 1026.8110879151 -2000.0000000000
60.8896578473 1026.8110879151 -2000.0000000000
60.8896578473 1026.8110879151 -2000.0000000000
60.8896578473 1026.8110879151 -2000.0000000000
60.8896578473 1026.8110879151 -2000.0000000000
60.8896578473 1026.8110879151 -2000.0000000000
60.8896578473 1026.8110879151 -2000.0000000000
-1297.8155419668 1121.7305441115 -1607.1564131471
-1297.8155419668 1121.7305441115 -2000.0000000000
1793.3046490163 1071.2419848313 1348.7321489914
1793.3046490163 1071.2419848313 -2000.0000000000
1793.3046490163 1071.2419848313 -2000.0000000000
1793.3046490163 1071.2419848313 -2000.0000000000
1793.3046490163 1071.2419848313 -2000.0000000000
562.3754179765 -28.6764322879 -91.0058792295
-1087.4218009538 -677.3851289885 -1342.9195708892
-1087.4218009538 -677.3851289885 -2000.0000000000
1923.0384204963 -1062.4595569852 -79.4029960996
481.5900670600 373.1074468578 732.6955704399
481.5900670600 373.1074468578 -2000.0000000000
481.5900670600 373.1074468578 -2000.0000000000
-1115.6584317988 -747.8049855416 -9.9053187023
-1115.6584317988 -747.8049855416 -2000.0000000000
-1115.6584317988 -747.8049855416 -2000.0000000000
-255.6417653041 1596.0579155828 632.8080669651
-249.3824226859 7.3677822940 -24.9970989384
-249.3824226859 7.3677822940 -2000.0000000000
-936.8553710988 992.2281411818 345.8393289062
-936.8553710988 992.2281411818 -2000.0000000000
-936.8553710988 992.2281411818 -2000.0000000000
-936.8553710988 992.2281411818 -2000.0000000000
-1021.5042387724 1707.3954299236 -1367.1924180316
-921.4489974646 -1408.5870100245 234.3886135872
-921.4489974646 -1408.5870100245 -2000.0000000000
-921.4489974646 -1408.5870100245 -2000.0000000000
-921.4489974646 -1408.5870100245 -2000.0000000000
-921.4489974646 -1408.5870100245 -2000.0000000000
-921.4489974646 -1408.5870100245 -2000.0000000000
-921.4489974646 -1408.5870100245 -2000.0000000000
-921.4489974646 -1408.5870100245 -2000.0000000000
-921.4489974646 -1408.5870100245 -2000.0000000000
-921.4489974646 -1408.5870100245 -2000.0000000000
-921.4489974646 -1408.5870100245 -2000.0000000000
-921.4489974646 -1408.5870100245 -2000.0000000000
-381.6878018702 -1191.6823233876 -1065.9013472044
-381.6878018702 -1191.6823233876 -2000.0000000000
-381.6878018702 -1191.6823233876 -2000.0000000000
-381.6878018702 -1191.6823233876 -2000.0000000000
-381.6878018702 -1191.6823233876 -2000.0000000000
-381.6878018702 -1191.6823233876 -2000.0000000000
-381.6878018702 -1191.6823233876 -2000.0000000000
-381.6878018702 -1191.6823233876 -2000.0000000000
-1311.3094891810 1470.0253712596 -241.5482311360
448.1921547927 189.0513033685 -1309.1227331178
-1602.0411376329 1874.4460215362 1727.7993647414
1456.2880798304 1253.8803566103 809.0267263367
1456.2880798304 1253.8803566103 -2000.0000000000
948.1010996364 1993.4280618992 -1842.2550428823
948.1010996364 1993.4280618992 -2000.0000000000
-1405.7453874855 -1064.9133879840 -1027.3316351230
593.4240244389 -1946.8303126565 1953.1771625014
593.4240244389 -1946.8303126565 -2000.0000000000
-1467.2624527027 331.3890559187 1046.4112672471
-1467.2624527027 331.3890559187 -2000.0000000000
-1467.2624527027 331.3890559187 -2000.0000000000
-1467.2624527027 331.3890559187 -2000.0000000000
-573.5170477819 995.3933592205 406.5691880644
-573.5170477819 995.3933592205 -2000.0000000000
-573.5170477819 995.3933592205 -2000.0000000000
319.6802644094 979.8796404224 1868.0379569772
1809.4266965901 -62.8235629714 532.8446790527
-610.2292674476 1968.2322016969 -619.8471989867
-1506.9391318457 -643.9688612900 595.2922934312
1865.5233699112 883.7042831400 -450.0584309083
1865.5233699112 883.7042831400 -2000.0000000000
1865.5233699112 883.7042831400 -2000.0000000000
1865.5233699112 883.7042831400 -2000.0000000000
1570.6292949335 1237.5458666701 266.3901089337
1570.6292949335 1237.5458666701 -2000.0000000000
1570.6292949335 1237.5458666701 -2000.0000000000
1570.6292949335 1237.5458666701 -2000.0000000000
1570.6292949335 1237.5458666701 -2000.0000000000
525.5074726016 -1466.3864168339 -593.7947013385
525.5074726016 -1466.3864168339 -2000.0000000000
525.5074726016 -1466.3864168339 -2000.0000000000
-121.8420291885 -1382.7137915395 483.4132065326
694.0657854198 31.5671423707 -1547.4803039571
694.0657854198 31.5671423707 -2000.0000000000
-1116.8311868119 -1736.0197070059 1377.0797714624
59.3824147014 -1602.2965329646 -723.0684779850
59.3824147014 -1602.2965329646 -2000.0000000000
-1705.1078955548 -1744.6399925677 -132.1825877615
-1705.1078955548 -1744.6399925677 -2000.0000000000
1716.1538550591 324.7152033351 -20.2975199542
-754.3898877447 1672.7258457685 -207.8638791375
-754.3898877447 1672.7258457685 -2000.0000000000
-754.3898877447 1672.7258457685 -2000.0000000000
-754.3898877447 1672.7258457685 -2000.0000000000
-868.0197814367 558.6915815690 1028.5661183871
-868.0197814367 558.6915815690 -2000.0000000000
-868.0197814367 558.6915815690 -2000.0000000000
-868.0197814367 558.6915815690 -2000.0000000000
-868.0197814367 558.6915815690 -2000.0000000000
-868.0197814367 558.6915815690 -2000.0000000000
-868.0197814367 558.6915815690 -2000.0000000000
-868.0197814367 558.6915815690 -2000.0000000000
-868.0197814367 558.6915815690 -2000.0000000000
-868.0197814367 558.6915815690 -2000.0000000000
-868.0197814367 558.6915815690 -2000.0000000000
-868.0197814367 558.6915815690 -2000.0000000000
-868.0197814367 558.6915815690 -2000.0000000000
-868.0197814367 558.6915815690 -2000.0000000000
-868.0197814367 558.6915815690 -2000.0000000000
-868.0197814367 558.6915815690 -2000.0000000000
-868.0197814367 558.6915815690 -2000.0000000000
-868.0197814367 558.6915815690 -2000.0000000000
-868.0197814367 558.6915815690 -2000.0000000000
-868.0197814367 558.6915815690 -2000.0000000000
-868.0197814367 558.6915815690 -2000.0000000000
-868.0197814367 558.6915815690 -2000.0000000000
-868.0197814367 558.6915815690 -2000.0000000000
1746.8456394297 1824.8970952078 633.9340984337
1746.8456394297 1824.8970952078 -2000.0000000000
1746.8456394297 1824.8970952078 -2000.0000000000
1746.8456394297 1824.8970952078 -2000.0000000000
1746.8456394297 1824.8970952078 -2000.0000000000
1746.8456394297 1824.8970952078 -2000.0000000000
1746.8456394297 1824.8970952078 -2000.0000000000
1746.8456394297 1824.8970952078 -2000.0000000000
1028.4647449018 -1783.2184860566 1049.2201456127
-1836.9321247526 -1483.8634806289 200.7018031046
-1836.9321247526 -1483.8634806289 -2000.0000000000
-1509.2366200109 -889.0534878719 -19.3103085515
-1747.5627932884 674.7828519274 1075.2580772036
-1747.5627932884 674.7828519274 -2000.0000000000
-1747.5627932884 674.7828519274 -2000.0000000000
-1865.1713465231 1088.7943908343 714.6792494762
-1865.1713465231 1088.7943908343 -2000.0000000000
-1865.1713465231 1088.7943908343 -2000.0000000000
-1865.1713465231 1088.7943908343 -2000.0000000000
-450.2768799881 -19.8437523622 15.9174006321
-735.6072919164 1271.4446264006 895.9192892713
-735.6072919164 1271.4446264006 -2000.0000000000
-735.6072919164 1271.4446264006 -2000.0000000000
-735.6072919164 1271.4446264006 -2000.0000000000
-735.6072919164 1271.4446264006 -2000.0000000000
-735.6072919164 1271.4446264006 -2000.0000000000
-735.6072919164 1271.4446264006 -2000.0000000000
-735.6072919164 1271.4446264006 -2000.0000000000
-735.6072919164 1271.4446264006 -2000.0000000000
7.2021542795 -773.0097388491 194.7946509104
7.2021542795 -773.0097388491 -2000.0000000000
7.2021542795 -773.0097388491 -2000.0000000000
7.2021542795 -773.0097388491 -2000.0000000000
-54.0822602753 -998.2517069787 -1450.9046826775
-54.0822602753 -998.2517069787 -2000.0000000000
-57.4970482994 1402.3070393106 1698.9663201606
1627.2416214889 -1186.6107356925 -1517.6583584600
1627.2416214889 -1186.6107356925 -2000.0000000000
-1828.6988442399 -1045.9440389714 -1192.7430063104
1385.6709716848 994.8060242362 -774.1094656908
1385.6709716848 994.8060242362 -2000.0000000000
-1919.4009410750 -1534.9346479610 936.8196448026
-1919.4009410750 -1534.9346479610 -2000.0000000000
1072.7703242547 -1933.4020884959 108.9615001505
1072.7703242547 -1933.4020884959 -2000.0000000000
1072.7703242547 -1933.4020884959 -2000.0000000000
1072.7703242547 -1933.4020884959 -2000.0000000000
-70.8136155973 -895.2428239839 -1976.2194174904
-70.8136155973 -895.2428239839 -2000.0000000000
918.2840970390 -1527.8617814036 -1653.9385084417
1742.0475226860 1853.8390744895 852.4888372488
1742.0475226860 1853.8390744895 -2000.0000000000
1742.0475226860 1853.8390744895 -2000.0000000000
1742.0475226860 1853.8390744895 -2000.0000000000
1742.0475226860 1853.8390744895 -2000.0000000000
327.6953776677 925.7932710635 1038.3874204998
259.6361583576 -1720.3643219026 -266.8302648131
259.6361583576 -1720.3643219026 -2000.0000000000
259.6361583576 -1720.3643219026 -2000.0000000000
259.6361583576 -1720.3643219026 -2000.0000000000
259.6361583576 -1720.3643219026 -2000.0000000000
259.6361583576 -1720.3643219026 -2000.0000000000
259.6361583576 -1720.3643219026 -2000.0000000000
259.6361583576 -1720.3643219026 -2000.0000000000
-1902.7047135904 652.5135120797 -197.8428170386
-1902.7047135904 652.5135120797 -2000.0000000000
-1902.7047135904 652.5135120797 -2000.0000000000
-1902.7047135904 652.5135120797 -2000.0000000000
339.9807038776 -152.9781790544 -212.3919972177
339.9807038776 -152.9781790544 -2000.0000000000
339.9807038776 -152.9781790544 -2000.0000000000
1633.3954548012 -523.2699795342 1034.5336005606
1633.3954548012 -523.2699795342 -2000.0000000000
-1912.9837915099 -1208.3586405086 -891.4165432735
-1912.9837915099 -1208.3586405086 -2000.0000000000
-1912.9837915099 -1208.3586405086 -2000.0000000000
-1912.9837915099 -1208.3586405086 -2000.0000000000
-1912.9837915099 -1208.3586405086 -2000.0000000000
-1912.9837915099 -1208.3586405086 -2000.0000000000
-1912.9837915099 -1208.3586405086 -2000.0000000000
-1912.9837915099 -1208.3586405086 -2000.0000000000
-1912.9837915099 -1208.3586405086 -2000.0000000000
-1912.9837915099 -1208.3586405086 -2000.0000000000
1415.2279648151 1243.9201147375 811.6002718197
1696.7471423415 414.0114215901 1269.0135762906
1696.7471423415 414.0114215901 -2000.0000000000
1696.7471423415 414.0114215901 -2000.0000000000
1696.7471423415 414.0114215901 -2000.0000000000
-1747.0869992759 -0.8109807320 994.2334498321
-1747.0869992759 -0.8109807320 -2000.0000000000
350.7563373521 -1133.4062151435 478.9899334588
350.7563373521 -1133.4062151435 -2000.0000000000
811.1794615167 -1285.3883266512 764.4934564111
1060.7781704385 1921.3386999623 341.0076532121
1733.1375166387 -616.5462419525 249.4655385981
1733.1375166387 -616.5462419525 -2000.0000000000
1733.1375166387 -616.5462419525 -2000.0000000000
1733.1375166387 -616.5462419525 -2000.0000000000
1733.1375166387 -616.5462419525 -2000.0000000000
1733.1375166387 -616.5462419525 -2000.0000000000
1733.1375166387 -616.5462419525 -2000.0000000000
1733.1375166387 -616.5462419525 -2000.0000000000
1733.1375166387 -616.5462419525 -2000.0000000000
1733.1375166387 -616.5462419525 -2000.0000000000
1733.1375166387 -616.5462419525 -2000.0000000000
1515.7768517183 349.4883554886 -1382.6430570317
1515.7768517183 349.4883554886 -2000.0000000000
1035.8534148525 -44.2260706142 -0.9038855601
-164.4482906135 39.9547926563 872.2104475183
-164.4482906135 39.9547926563 -2000.0000000000
-164.4482906135 39.9547926563 -2000.0000000000
-164.4482906135 39.9547926563 -2000.0000000000
-164.4482906135 39.9547926563 -2000.0000000000
1569.9151770310 -1556.7567401024 -245.1368558472
1569.9151770310 -1556.7567401024 -2000.0000000000
-6.5668103189 1509.9811898540 -1653.2861199152
-6.5668103189 1509.9811898540 -2000.0000000000
-6.5668103189 1509.9811898540 -2000.0000000000
-6.5668103189 1509.9811898540 -2000.0000000000
-121.8661365225 333.5145177908 -1072.8438090763
-121.8661365225 333.5145177908 -2000.0000000000
-121.8661365225 333.5145177908 -2000.0000000000
-121.8661365225 333.5145177908 -2000.0000000000
-121.8661365225 333.5145177908 -2000.0000000000
-121.8661365225 333.5145177908 -2000.0000000000
226.7342454685 1282.3118566530 -1871.4821672581
226.7342454685 1282.3118566530 -2000.0000000000
226.7342454685 1282.3118566530 -2000.0000000000
226.7342454685 1282.3118566530 -2000.0000000000
226.7342454685 1282.3118566530 -2000.0000000000
226.7342454685 1282.3118566530 -2000.0000000000
226.7342454685 1282.3118566530 -2000.0000000000
226.7342454685 1282.3118566530 -2000.0000000000
226.7342454685 1282.3118566530 -2000.0000000000
226.7342454685 1282.3118566530 -2000.0000000000
-352.8494311349 1116.3793425888 943.9863987808
-352.8494311349 1116.3793425888 -2000.0000000000
4.9482186634 1473.2014016677 281.9218274591
4.9482186634 1473.2014016677 -2000.0000000000
4.9482186634 1473.2014016677 -2000.0000000000
4.9482186634 1473.2014016677 -2000.0000000000
4.9482186634 1473.2014016677 -2000.0000000000
4.9482186634 1473.2014016677 -2000.0000000000
4.9482186634 1473.2014016677 -2000.0000000000
-1238.0688485105 -1551.2295851543 1939.5907314209
-1933.8430223646 -1086.4261241475 1461.1930965455
-1933.8430223646 -1086.4261241475 -2000.0000000000
-1933.8430223646 -1086.4261241475 -2000.0000000000
-1933.8430223646 -1086.4261241475 -2000.0000000000
-290.6513469775 44.5535933928 -309.7638691568
-1701.7443151844 167.5086066208 631.9125309034
1097.3756004336 941.4699144731 -1595.0339350973
1097.3756004336 941.4699144731 -2000.0000000000
-521.4062043837 1774.4279777324 1256.3828795578
-1809.1133025106 -1252.8816096900 1524.6065978902
-1809.1133025106 -1252.8816096900 -2000.0000000000
-1809.1133025106 -1252.8816096900 -2000.0000000000
-1809.1133025106 -1252.8816096900 -2000.0000000000
-1809.1133025106 -1252.8816096900 -2000.0000000000
-1809.1133025106 -1252.8816096900 -2000.0000000000
-1809.1133025106 -1252.8816096900 -2000.0000000000
-1809.1133025106 -1252.8816096900 -2000.0000000000
-1809.1133025106 -1252.8816096900 -2000.0000000000
-446.2800943569 1729.5098103256 -323.3398495765
-446.2800943569 1729.5098103256 -2000.0000000000
-446.2800943569 1729.5098103256 -2000.0000000000
-446.2800943569 1729.5098103256 -2000.0000000000
-446.2800943569 1729.5098103256 -2000.0000000000
826.0102990724 887.9667503294 1831.7994391470
826.0102990724 887.9667503294 -2000.0000000000
826.0102990724 887.9667503294 -2000.0000000000
826.0102990724 887.9667503294 -2000.0000000000
977.8932959897 -1135.4597968619 -885.6173045062
977.8932959897 -1135.4597968619 -2000.0000000000
977.8932959897 -1135.4597968619 -2000.0000000000
977.8932959897 -1135.4597968619 -2000.0000000000
909.3744379551 1419.2969676522 -74.0198167431
909.3744379551 1419.2969676522 -2000.0000000000
909.3744379551 1419.2969676522 -2000.0000000000
909.3744379551 1419.2969676522 -2000.0000000000
909.3744379551 1419.2969676522 -2000.0000000000
909.3744379551 1419.2969676522 -2000.0000000000
909.3744379551 1419.2969676522 -2000.0000000000
909.3744379551 1419.2969676522 -2000.0000000000
909.3744379551 1419.2969676522 -2000.0000000000
-1782.0134441432 1603.4010749889 -558.1382995905
-1782.0134441432 1603.4010749889 -2000.0000000000
-206.9950413514 139.8906801873 -1000.8023248608
-206.9950413514 139.8906801873 -2000.0000000000
484.3055395328 1378.6833643133 218.6254058496
-1053.4061759479 -1227.8095491351 34.4012330254
-1053.4061759479 -1227.8095491351 -2000.0000000000
1180.8622559152 -724.5976608790 -1730.4577461462
1180.8622559152 -724.5976608790 -2000.0000000000
1180.8622559152 -724.5976608790 -2000.0000000000
1180.8622559152 -724.5976608790 -2000.0000000000
1180.8622559152 -724.5976608790 -2000.0000000000
1180.8622559152 -724.5976608790 -2000.0000000000
1180.8622559152 -724.5976608790 -2000.0000000000
1180.8622559152 -724.5976608790 -2000.0000000000
1180.8622559152 -724.5976608790 -2000.0000000000
265.5944862970 706.6519378397 -1557.9280013202
265.5944862970 706.6519378397 -2000.0000000000
265.5944862970 706.6519378397 -2000.0000000000
-1241.3823400231 1914.4591307379 -1503.1679795066
-1241.3823400231 1914.4591307379 -2000.0000000000
-1241.3823400231 1914.4591307379 -2000.0000000000
-1241.3823400231 1914.4591307379 -2000.0000000000
-1241.3823400231 1914.4591307379 -2000.0000000000
-1241.3823400231 1914.4591307379 -2000.0000000000
1672.3163697662 -1453.3528930087 304.5745119196
1672.3163697662 -1453.3528930087 -2000.0000000000
1672.3163697662 -1453.3528930087 -2000.0000000000
-1629.3098817866 698.9157030467 -471.6745246235
-1629.3098817866 698.9157030467 -2000.0000000000
-1629.3098817866 698.9157030467 -2000.0000000000
-1629.3098817866 698.9157030467 -2000.0000000000
-1629.3098817866 698.9157030467 -2000.0000000000
-1629.3098817866 698.9157030467 -2000.0000000000
778.8076299918 1681.4532174602 111.7557504235
778.8076299918 1681.4532174602 -2000.0000000000
46.8199558441 -1939.6861524832 -1073.9185543564
46.8199558441 -1939.6861524832 -2000.0000000000
46.8199558441 -1939.6861524832 -2000.0000000000
1769.2278672300 735.1032819926 -557.1353125217
1769.2278672300 735.1032819926 -2000.0000000000
1769.2278672300 735.1032819926 -2000.0000000000
1769.2278672300 735.1032819926 -2000.0000000000
1769.2278672300 735.1032819926 -2000.0000000000
-644.6459210317 -1187.4154941251 524.8956572604
1256.5206977687 -406.0299151335 -1592.1962027872
1256.5206977687 -406.0299151335 -2000.0000000000
1256.5206977687 -406.0299151335 -2000.0000000000
1256.5206977687 -406.0299151335 -2000.0000000000
1256.5206977687 -406.0299151335 -2000.0000000000
-364.9764328868 -804.6688393360 461.5670141251
-364.9764328868 -804.6688393360 -2000.0000000000
-364.9764328868 -804.6688393360 -2000.0000000000
-1434.1854776074 740.4918079637 1341.0827168195
-1434.1854776074 740.4918079637 -2000.0000000000
-1434.1854776074 740.4918079637 -2000.0000000000
-1434.1854776074 740.4918079637 -2000.0000000000
1242.5568987724 -1594.1826023297 85.4286583970
1242.5568987724 -1594.1826023297 -2000.0000000000
1991.7459143329 -1262.5309904615 1665.1001990623
1991.7459143329 -1262.5309904615 -2000.0000000000
1991.7459143329 -1262.5309904615 -2000.0000000000
1991.7459143329 -1262.5309904615 -2000.0000000000
1991.7459143329 -1262.5309904615 -2000.0000000000
1991.7459143329 -1262.5309904615 -2000.0000000000
1991.7459143329 -1262.5309904615 -2000.0000000000
1991.7459143329 -1262.5309904615 -2000.0000000000
1991.7459143329 -1262.5309904615 -2000.0000000000
1991.7459143329 -1262.5309904615 -2000.0000000000
-1759.0990979496 716.3614076706 1826.9322697652
-1759.0990979496 716.3614076706 -2000.0000000000
-1759.0990979496 716.3614076706 -2000.0000000000
764.0378900986 1194.7364086664 1190.5745904453
764.0378900986 1194.7364086664 -2000.0000000000
764.0378900986 1194.7364086664 -2000.0000000000
764.0378900986 1194.7364086664 -2000.0000000000
764.0378900986 1194.7364086664 -2000.0000000000
1666.9893083121 328.4181407478 36.7279987054
1666.9893083121 328.4181407478 -2000.0000000000
1666.9893083121 328.4181407478 -2000.0000000000
1666.9893083121 328.4181407478 -2000.0000000000
1200.2092286937 -1836.8406352119 -964.9949100500
1200.2092286937 -1836.8406352119 -2000.0000000000
1127.1529585351 704.8845683936 1704.0133881108
1127.1529585351 704.8845683936 -2000.0000000000
1127.1529585351 704.8845683936 -2000.0000000000
1127.1529585351 704.8845683936 -2000.0000000000
1127.1529585351 704.8845683936 -2000.0000000000
1127.1529585351 704.8845683936 -2000.0000000000
1127.1529585351 704.8845683936 -2000.0000000000
1127.1529585351 704.8845683936 -2000.0000000000
572.1009832694 133.0597893063 -430.9816646624
791.3991341217 -767.6225766945 1260.1095044147
791.3991341217 -767.6225766945 -2000.0000000000
791.3991341217 -767.6225766945 -2000.0000000000
791.3991341217 -767.6225766945 -2000.0000000000
791.3991341217 -767.6225766945 -2000.0000000000
791.3991341217 -767.6225766945 -2000.0000000000
791.3991341217 -767.6225766945 -2000.0000000000
791.3991341217 -767.6225766945 -2000.0000000000
-154.1271020261 553.4605620720 -45.7182134301
699.1735784989 -1449.6520546682 157.2330955808
699.1735784989 -1449.6520546682 -2000.0000000000
-120.1522194633 -439.4410229473 1203.5372084887
1783.4367187981 -742.8058673525 -327.5291470701
1783.4367187981 -742.8058673525 -2000.0000000000
1783.4367187981 -742.8058673525 -2000.0000000000
1783.4367187981 -742.8058673525 -2000.0000000000
-629.4138416018 -732.8207348874 1323.3286787490
-521.1968776397 1459.3301528618 1139.9932234273
123.5443473232 1034.3076092446 1602.2018529013
123.5443473232 1034.3076092446 -2000.0000000000
1746.1552949718 -1368.1938910902 -1040.3951600453
1746.1552949718 -1368.1938910902 -2000.0000000000
1746.1552949718 -1368.1938910902 -2000.0000000000
1746.1552949718 -1368.1938910902 -2000.0000000000
1746.1552949718 -1368.1938910902 -2000.0000000000
1746.1552949718 -1368.1938910902 -2000.0000000000
1746.1552949718 -1368.1938910902 -2000.0000000000
1746.1552949718 -1368.1938910902 -2000.0000000000
-1340.6855925406 571.8593317101 110.7783957571
-1340.6855925406 571.8593317101 -2000.0000000000
1031.2743004108 -1358.9364494566 -638.5585449654
1031.2743004108 -1358.9364494566 -2000.0000000000
1031.2743004108 -1358.9364494566 -2000.0000000000
1031.2743004108 -1358.9364494566 -2000.0000000000
1031.2743004108 -1358.9364494566 -2000.0000000000
1031.2743004108 -1358.9364494566 -2000.0000000000
737.6791186813 629.1194636849 700.7620091507
737.6791186813 629.1194636849 -2000.0000000000
737.6791186813 629.1194636849 -2000.0000000000
-1327.0396873655 462.3294283176 424.8485801829
-1327.0396873655 462.3294283176 -2000.0000000000
-1327.0396873655 462.3294283176 -2000.0000000000
-1327.0396873655 462.3294283176 -2000.0000000000
-1327.0396873655 462.3294283176 -2000.0000000000
-1327.0396873655 462.3294283176 -2000.0000000000
1772.1303430950 498.1643611782 1709.4732947680
-1097.4014316693 -1817.7571276077 556.1175130099
227.6684122673 1530.7722973155 1790.0898788382
124.8320701422 -1369.3247747242 969.2921471903
124.8320701422 -1369.3247747242 -2000.0000000000
124.8320701422 -1369.3247747242 -2000.0000000000
124.8320701422 -1369.3247747242 -2000.0000000000
-1382.0185765789 -1502.1248805483 -221.6018262803
-1382.0185765789 -1502.1248805483 -2000.0000000000
-1382.0185765789 -1502.1248805483 -2000.0000000000
-1382.0185765789 -1502.1248805483 -2000.0000000000
-1382.0185765789 -1502.1248805483 -2000.0000000000
-795.4150965045 388.4175109463 -1782.1792277265
-795.4150965045 388.4175109463 -2000.0000000000
-795.4150965045 388.4175109463 -2000.0000000000
-158.9314929268 -797.7215731007 1049.9859669775
-158.9314929268 -797.7215731007 -2000.0000000000
-158.9314929268 -797.7215731007 -2000.0000000000
-158.9314929268 -797.7215731007 -2000.0000000000
-158.9314929268 -797.7215731007 -2000.0000000000
-158.9314929268 -797.7215731007 -2000.0000000000
-158.9314929268 -797.7215731007 -2000.0000000000
-158.9314929268 -797.7215731007 -2000.0000000000
604.9076732896 234.7296599028 -58.2858926814
604.9076732896 234.7296599028 -2000.0000000000
784.9882262662 1280.7067350684 -1617.1114699338
-819.9502644777 1200.5587609478 -624.3296563134
-819.9502644777 1200.5587609478 -2000.0000000000
-819.9502644777 1200.5587609478 -2000.0000000000
-819.9502644777 1200.5587609478 -2000.0000000000
-819.9502644777 1200.5587609478 -2000.0000000000
-186.8787058664 950.9510355452 799.7734185917
-186.8787058664 950.9510355452 -2000.0000000000
-186.8787058664 950.9510355452 -2000.0000000000
-186.8787058664 950.9510355452 -2000.0000000000
-186.8787058664 950.9510355452 -2000.0000000000
-186.8787058664 950.9510355452 -2000.0000000000
-186.8787058664 950.9510355452 -2000.0000000000
-186.8787058664 950.9510355452 -2000.0000000000
-186.8787058664 950.9510355452 -2000.0000000000
-186.8787058664 950.9510355452 -2000.0000000000
1617.5333555384 -628.8757928774 705.9567246098
1617.5333555384 -628.8757928774 -2000.0000000000
1617.5333555384 -628.8757928774 -2000.0000000000
-1383.2293449874 969.9533087895 -1746.1660361284
-1383.2293449874 969.9533087895 -2000.0000000000
239.0624346471 1645.9353999591 1579.6227960916
239.0624346471 1645.9353999591 -2000.0000000000
1349.0283375300 834.8694201961 -139.7754231916
1349.0283375300 834.8694201961 -2000.0000000000
1349.0283375300 834.8694201961 -2000.0000000000
1297.3485780819 -39.3376167548 99.3996155409
1297.3485780819 -39.3376167548 -2000.0000000000
1297.3485780819 -39.3376167548 -2000.0000000000
1297.3485780819 -39.3376167548 -2000.0000000000
1297.3485780819 -39.3376167548 -2000.0000000000
1994.7521494650 -1135.0902543370 -214.9749931569
1994.7521494650 -1135.0902543370 -2000.0000000000
1994.7521494650 -1135.0902543370 -2000.0000000000
1994.7521494650 -1135.0902543370 -2000.0000000000
1994.7521494650 -1135.0902543370 -2000.0000000000
1994.7521494650 -1135.0902543370 -2000.0000000000
1994.7521494650 -1135.0902543370 -2000.0000000000
1994.7521494650 -1135.0902543370 -2000.0000000000
1994.7521494650 -1135.0902543370 -2000.0000000000
1994.7521494650 -1135.0902543370 -2000.0000000000
1994.7521494650 -1135.0902543370 -2000.0000000000
1994.7521494650 -1135.0902543370 -2000.0000000000
1994.7521494650 -1135.0902543370 -2000.0000000000
1994.7521494650 -1135.0902543370 -2000.0000000000
1994.7521494650 -1135.0902543370 -2000.0000000000
1994.7521494650 -1135.0902543370 -2000.0000000000
216.6889833884 671.1758545993 1399.5401183538
-141.2433292797 -1225.3082508698 -975.5086959982
-141.2433292797 -1225.3082508698 -2000.0000000000
1999.4064818779 1464.5737750474 864.7623628928
1999.4064818779 1464.5737750474 -2000.0000000000
1999.4064818779 1464.5737750474 -2000.0000000000
-203.2343422697 -1947.2549863612 1444.5504563444
-203.2343422697 -1947.2549863612 -2000.0000000000
-203.2343422697 -1947.2549863612 -2000.0000000000
-203.2343422697 -1947.2549863612 -2000.0000000000
-203.2343422697 -1947.2549863612 -2000.0000000000
-95.2271139920 1413.5088123176 -642.6822050711
-95.2271139920 1413.5088123176 -2000.0000000000
365.3913256956 -440.4650808868 -863.8480654798
365.3913256956 -440.4650808868 -2000.0000000000
1473.1457186413 -1614.5838444207 -1658.0602413606
1473.1457186413 -1614.5838444207 -2000.0000000000
1473.1457186413 -1614.5838444207 -2000.0000000000
1616.5969510967 47.3129665104 1303.6159137494
1616.5969510967 47.3129665104 -2000.0000000000
1616.5969510967 47.3129665104 -2000.0000000000
1616.5969510967 47.3129665104 -2000.0000000000
1616.5969510967 47.3129665104 -2000.0000000000
-136.4697853374 264.6631208442 877.6844169436
-1060.6319514610 1150.4337220298 -9.2990959501
-1060.6319514610 1150.4337220298 -2000.0000000000
168.0349989779 331.9381938990 1422.0171155838
168.0349989779 331.9381938990 -2000.0000000000
168.0349989779 331.9381938990 -2000.0000000000
-552.6837151469 1526.5574994488 -1846.6551944266
-552.6837151469 1526.5574994488 -2000.0000000000
-552.6837151469 1526.5574994488 -2000.0000000000
-1765.3986398914 -1493.0511999489 1815.8763509424
59.4514144835 818.3593333592 -1935.6174174177
59.4514144835 818.3593333592 -2000.0000000000
59.4514144835 818.3593333592 -2000.0000000000
-306.2329441502 1547.4633239727 1355.5659603977
-306.2329441502 1547.4633239727 -2000.0000000000
-1121.6207412127 -1597.7849497043 1363.1364606103
-1121.6207412127 -1597.7849497043 -2000.0000000000
-1121.6207412127 -1597.7849497043 -2000.0000000000
-1121.6207412127 -1597.7849497043 -2000.0000000000
-1121.6207412127 -1597.7849497043 -2000.0000000000
-1121.6207412127 -1597.7849497043 -2000.0000000000
1855.7024440850 550.4973287544 1465.1516731095
1855.7024440850 550.4973287544 -2000.0000000000
1855.7024440850 550.4973287544 -2000.0000000000
1855.7024440850 550.4973287544 -2000.0000000000
1855.7024440850 550.4973287544 -2000.0000000000
1855.7024440850 550.4973287544 -2000.0000000000
-607.8528471952 -559.4909151428 -1559.9811452290
-607.8528471952 -559.4909151428 -2000.0000000000
-607.8528471952 -559.4909151428 -2000.0000000000
-716.1488746924 1758.4217507850 1194.5870504336
-716.1488746924 1758.4217507850 -2000.0000000000
-716.1488746924 1758.4217507850 -2000.0000000000
-716.1488746924 1758.4217507850 -2000.0000000000
-716.1488746924 1758.4217507850 -2000.0000000000
1523.0400419506 -1603.1024662559 -893.8306045021
1523.0400419506 -1603.1024662559 -2000.0000000000
1523.0400419506 -1603.1024662559 -2000.0000000000
1523.0400419506 -1603.1024662559 -2000.0000000000
1523.0400419506 -1603.1024662559 -2000.0000000000
1523.0400419506 -1603.1024662559 -2000.0000000000
1629.8862732025 -1561.0626039411 701.4546882934
-171.5958710054 271.5584219764 588.6060366428
-171.5958710054 271.5584219764 -2000.0000000000
-171.5958710054 271.5584219764 -2000.0000000000
-171.5958710054 271.5584219764 -2000.0000000000
-171.5958710054 271.5584219764 -2000.0000000000
-171.5958710054 271.5584219764 -2000.0000000000
-171.5958710054 271.5584219764 -2000.0000000000
1178.4872123332 -1911.4759035623 -1925.1633034894
1178.4872123332 -1911.4759035623 -2000.0000000000
-727.4533794770 -1599.1362536935 -1913.4365208935
-727.4533794770 -1599.1362536935 -2000.0000000000
213.1913668579 1301.7701585434 1405.0033292821
213.1913668579 1301.7701585434 -2000.0000000000
213.1913668579 1301.7701585434 -2000.0000000000
213.1913668579 1301.7701585434 -2000.0000000000
213.1913668579 1301.7701585434 -2000.0000000000
-611.6092313131 651.4208240270 533.7692064113
-611.6092313131 651.4208240270 -2000.0000000000
-611.6092313131 651.4208240270 -2000.0000000000
-611.6092313131 651.4208240270 -2000.0000000000
1042.8155222110 789.8709882920 407.0470274226
1042.8155222110 789.8709882920 -2000.0000000000
1042.8155222110 789.8709882920 -2000.0000000000
-791.0643500640 -480.3201523004 -1901.2645768206
-791.0643500640 -480.3201523004 -2000.0000000000
-791.0643500640 -480.3201523004 -2000.0000000000
-1499.7487583428 -256.3956997184 -1964.9291671052
-1499.7487583428 -256.3956997184 -2000.0000000000
-1499.7487583428 -256.3956997184 -2000.0000000000
-1499.7487583428 -256.3956997184 -2000.0000000000
-1499.7487583428 -256.3956997184 -2000.0000000000
-1499.7487583428 -256.3956997184 -2000.0000000000
-1499.7487583428 -256.3956997184 -2000.0000000000
-1499.7487583428 -256.3956997184 -2000.0000000000
-1499.7487583428 -256.3956997184 -2000.0000000000
-1499.7487583428 -256.3956997184 -2000.0000000000
-1499.7487583428 -256.3956997184 -2000.0000000000
-1524.3817388919 1562.5289280361 -1489.8000040563
-1584.5046152164 -1316.0373372421 -1581.1616165130
-74.0645750674 1821.0861092064 -1015.4133848256
-1234.5474931452 -1521.4429838301 1674.7150969803
-1234.5474931452 -1521.4429838301 -2000.0000000000
1919.6150311536 1049.5349330725 -1854.3396691543
1919.6150311536 1049.5349330725 -2000.0000000000
-41.8793179421 1099.1309369166 -1846.6857467684
-41.8793179421 1099.1309369166 -2000.0000000000
-41.8793179421 1099.1309369166 -2000.0000000000
-41.8793179421 1099.1309369166 -2000.0000000000
-41.8793179421 1099.1309369166 -2000.0000000000
-41.8793179421 1099.1309369166 -2000.0000000000
-41.8793179421 1099.1309369166 -2000.0000000000
-41.8793179421 1099.1309369166 -2000.0000000000
-41.8793179421 1099.1309369166 -2000.0000000000
-41.8793179421 1099.1309369166 -2000.0000000000
-41.8793179421 1099.1309369166 -2000.0000000000
-41.8793179421 1099.1309369166 -2000.0000000000
-41.8793179421 1099.1309369166 -2000.0000000000
-41.8793179421 1099.1309369166 -2000.0000000000
-41.8793179421 1099.1309369166 -2000.0000000000
-41.8793179421 1099.1309369166 -2000.0000000000
-41.8793179421 1099.1309369166 -2000.0000000000
-41.8793179421 1099.1309369166 -2000.0000000000
1884.0115236978 -1787.5110152371 368.1028117725
1884.0115236978 -1787.5110152371 -2000.0000000000
1884.0115236978 -1787.5110152371 -2000.0000000000
-394.3536047375 -461.7525771787 -1543.2058704259
-655.8840080832 892.5724810589 -3.3947381724
-255.8343575369 765.6349888959 -1883.8470004534
351.0655079034 -1061.6108257468 -1455.8229656237
1741.0647543532 874.9393663719 -1761.0363304320
1741.0647543532 874.9393663719 -2000.0000000000
1741.0647543532 874.9393663719 -2000.0000000000
1741.0647543532 874.9393663719 -2000.0000000000
-675.3819018270 -868.0117369857 1397.2249988117
-675.3819018270 -868.0117369857 -2000.0000000000
-675.3819018270 -868.0117369857 -2000.0000000000
-675.3819018270 -868.0117369857 -2000.0000000000
-675.3819018270 -868.0117369857 -2000.0000000000
-675.3819018270 -868.0117369857 -2000.0000000000
-675.3819018270 -868.0117369857 -2000.0000000000
-675.3819018270 -868.0117369857 -2000.0000000000
-675.3819018270 -868.0117369857 -2000.0000000000
-675.3819018270 -868.0117369857 -2000.0000000000
-675.3819018270 -868.0117369857 -2000.0000000000
-23.2671768646 279.8566714930 -454.9959390091
-23.2671768646 279.8566714930 -2000.0000000000
-23.2671768646 279.8566714930 -2000.0000000000
-86.8113911512 -650.1815771696 412.5796208512
-86.8113911512 -650.1815771696 -2000.0000000000
-86.8113911512 -650.1815771696 -2000.0000000000
-86.8113911512 -650.1815771696 -2000.0000000000
-86.8113911512 -650.1815771696 -2000.0000000000
1236.0479097706 1471.8178650670 -1594.5177262875
1236.0479097706 1471.8178650670 -2000.0000000000
1236.0479097706 1471.8178650670 -2000.0000000000
1236.0479097706 1471.8178650670 -2000.0000000000
1753.6774993136 312.0229853799 -679.8136192074
1753.6774993136 312.0229853799 -2000.0000000000
1753.6774993136 312.0229853799 -2000.0000000000
1753.6774993136 312.0229853799 -2000.0000000000
1753.6774993136 312.0229853799 -2000.0000000000
-508.5151766135 1654.1607991426 -1548.3536967823
-508.5151766135 1654.1607991426 -2000.0000000000
