-1360.1822778326 -488.6640918492 531.0939582091
-1360.1822778326 -488.6640918492 -2000.0000000000
-1473.0063358904 -521.9974383108 1274.7494047428
1946.3848875061 -1408.5947214848 1892.6368701652
1946.3848875061 -1408.5947214848 -2000.0000000000
1946.3848875061 -1408.5947214848 -2000.0000000000
1946.3848875061 -1408.5947214848 -2000.0000000000
1946.3848875061 -1408.5947214848 -2000.0000000000
1946.3848875061 -1408.5947214848 -2000.0000000000
1946.3848875061 -1408.5947214848 -2000.0000000000
1946.3848875061 -1408.5947214848 -2000.0000000000
1349.0731908487 -575.2856753788 348.0662603802
1349.0731908487 -575.2856753788 -2000.0000000000
-1368.5415673000 -1711.1833419871 -1866.3338963599
-1368.5415673000 -1711.1833419871 -2000.0000000000
1334.9881085145 610.4413198597 -1842.1212656466
1334.9881085145 610.4413198597 -2000.0000000000
-1619.2688235625 -355.5600157384 283.3087364147
-1619.2688235625 -355.5600157384 -2000.0000000000
-1619.2688235625 -355.5600157384 -2000.0000000000
-1619.2688235625 -355.5600157384 -2000.0000000000
-1619.2688235625 -355.5600157384 -2000.0000000000
1019.7416739683 489.4408794049 1938.7983926326
1019.7416739683 489.4408794049 -2000.0000000000
1019.7416739683 489.4408794049 -2000.0000000000
1955.2534768208 1184.5448152318 1136.1796205058
-1824.9962178847 284.6650082297 1274.3342739327
-1824.9962178847 284.6650082297 -2000.0000000000
477.9949126677 481.0269625050 -600.7677556943
477.9949126677 481.0269625050 -2000.0000000000
477.9949126677 481.0269625050 -2000.0000000000
477.9949126677 481.0269625050 -2000.0000000000
-178.9890298283 -188.1554460017 6.5890315350
-178.9890298283 -188.1554460017 -2000.0000000000
-178.9890298283 -188.1554460017 -2000.0000000000
-178.9890298283 -188.1554460017 -2000.0000000000
-178.9890298283 -188.1554460017 -2000.0000000000
163.4472290314 1612.0035832070 -919.9622135833
163.4472290314 1612.0035832070 -2000.0000000000
163.4472290314 1612.0035832070 -2000.0000000000
163.4472290314 1612.0035832070 -2000.0000000000
163.4472290314 1612.0035832070 -2000.0000000000
163.4472290314 1612.0035832070 -2000.0000000000
163.4472290314 1612.0035832070 -2000.0000000000
163.4472290314 1612.0035832070 -2000.0000000000
-306.1269428029 -51.5065462486 545.3410007788
-306.1269428029 -51.5065462486 -2000.0000000000
-1859.8173613750 1529.5230760425 -863.3250334420
-1331.9746070394 1768.9087712796 -1335.8982718771
-1331.9746070394 1768.9087712796 -2000.0000000000
-1331.9746070394 1768.9087712796 -2000.0000000000
-1331.9746070394 1768.9087712796 -2000.0000000000
-1331.9746070394 1768.9087712796 -2000.0000000000
-1331.9746070394 1768.9087712796 -2000.0000000000
789.1117845227 572.7865430420 1540.7592232348
789.1117845227 572.7865430420 -2000.0000000000
789.1117845227 572.7865430420 -2000.0000000000
789.1117845227 572.7865430420 -2000.0000000000
34.5588465298 -1474.3786715491 -1599.3234607008
34.5588465298 -1474.3786715491 -2000.0000000000
34.5588465298 -1474.3786715491 -2000.0000000000
34.5588465298 -1474.3786715491 -2000.0000000000
603.5297319336 -1525.6895446921 -1640.5614437113
603.5297319336 -1525.6895446921 -2000.0000000000
234.9806415245 -90.6307069598 494.2387849103
-1992.9741881535 -1766.4313283235 606.7250271848
770.0778758211 -584.5731934152 -455.4969050966
770.0778758211 -584.5731934152 -2000.0000000000
770.0778758211 -584.5731934152 -2000.0000000000
-1840.5875271238 679.5392097127 1637.7926098406
-750.2758085549 111.6767085375 545.7031587622
-750.2758085549 111.6767085375 -2000.0000000000
-750.2758085549 111.6767085375 -2000.0000000000
-447.9878221437 1296.8496638106 -937.0637157344
-319.1524878011 1837.5304114048 -238.0859270316
-319.1524878011 1837.5304114048 -2000.0000000000
-319.1524878011 1837.5304114048 -2000.0000000000
-319.1524878011 1837.5304114048 -2000.0000000000
-319.1524878011 1837.5304114048 -2000.0000000000
606.1544050086 676.6870403111 437.9298658975
975.1858223198 -76.0549038049 774.0475845862
975.1858223198 -76.0549038049 -2000.0000000000
975.1858223198 -76.0549038049 -2000.0000000000
975.1858223198 -76.0549038049 -2000.0000000000
975.1858223198 -76.0549038049 -2000.0000000000
975.1858223198 -76.0549038049 -2000.0000000000
975.1858223198 -76.0549038049 -2000.0000000000
975.1858223198 -76.0549038049 -2000.0000000000
-1858.9514535358 1996.8550039610 1686.8217898996
-1858.9514535358 1996.8550039610 -2000.0000000000
-1858.9514535358 1996.8550039610 -2000.0000000000
-1858.9514535358 1996.8550039610 -2000.0000000000
-1858.9514535358 1996.8550039610 -2000.0000000000
-1858.9514535358 1996.8550039610 -2000.0000000000
-1858.9514535358 1996.8550039610 -2000.0000000000
-1858.9514535358 1996.8550039610 -2000.0000000000
-1858.9514535358 1996.8550039610 -2000.0000000000
-1858.9514535358 1996.8550039610 -2000.0000000000
-1858.9514535358 1996.8550039610 -2000.0000000000
-1858.9514535358 1996.8550039610 -2000.0000000000
-1858.9514535358 1996.8550039610 -2000.0000000000
-1858.9514535358 1996.8550039610 -2000.0000000000
-1858.9514535358 1996.8550039610 -2000.0000000000
-1858.9514535358 1996.8550039610 -2000.0000000000
-1858.9514535358 1996.8550039610 -2000.0000000000
-1119.0183131863 15.2862792401 1102.6881281555
-1119.0183131863 15.2862792401 -2000.0000000000
-1119.0183131863 15.2862792401 -2000.0000000000
-1119.0183131863 15.2862792401 -2000.0000000000
-548.8678994290 -715.6621607277 1205.3128746635
-548.8678994290 -715.6621607277 -2000.0000000000
1231.4518734202 387.1654705475 -403.5057502962
1231.4518734202 387.1654705475 -2000.0000000000
1231.4518734202 387.1654705475 -2000.0000000000
1231.4518734202 387.1654705475 -2000.0000000000
1231.4518734202 387.1654705475 -2000.0000000000
1231.4518734202 387.1654705475 -2000.0000000000
1231.4518734202 387.1654705475 -2000.0000000000
1231.4518734202 387.1654705475 -2000.0000000000
111.3859650880 519.2703376070 891.7137012049
111.3859650880 519.2703376070 -2000.0000000000
235.6135629227 -1806.0200252096 333.0406862307
235.6135629227 -1806.0200252096 -2000.0000000000
235.6135629227 -1806.0200252096 -2000.0000000000
235.6135629227 -1806.0200252096 -2000.0000000000
235.6135629227 -1806.0200252096 -2000.0000000000
235.6135629227 -1806.0200252096 -2000.0000000000
-1969.2531727270 -1568.1652744396 -866.3300021684
-1969.2531727270 -1568.1652744396 -2000.0000000000
-1969.2531727270 -1568.1652744396 -2000.0000000000
-1969.2531727270 -1568.1652744396 -2000.0000000000
-1958.9826940213 1359.8687335330 -1106.5589573912
-1958.9826940213 1359.8687335330 -2000.0000000000
-1958.9826940213 1359.8687335330 -2000.0000000000
1469.5718313844 1652.9973854170 -1235.2210446796
1469.5718313844 1652.9973854170 -2000.0000000000
1469.5718313844 1652.9973854170 -2000.0000000000
1469.5718313844 1652.9973854170 -2000.0000000000
1469.5718313844 1652.9973854170 -2000.0000000000
1469.5718313844 1652.9973854170 -2000.0000000000
1469.5718313844 1652.9973854170 -2000.0000000000
-704.1218646852 -620.6211400089 1258.6677762579
284.5652410107 -58.0107007527 -1363.3543920328
284.5652410107 -58.0107007527 -2000.0000000000
284.5652410107 -58.0107007527 -2000.0000000000
284.5652410107 -58.0107007527 -2000.0000000000
872.7622708689 -974.4505016211 1745.7291362872
872.7622708689 -974.4505016211 -2000.0000000000
872.7622708689 -974.4505016211 -2000.0000000000
801.9636324062 -978.0952620057 1922.8812394284
801.9636324062 -978.0952620057 -2000.0000000000
801.9636324062 -978.0952620057 -2000.0000000000
801.9636324062 -978.0952620057 -2000.0000000000
801.9636324062 -978.0952620057 -2000.0000000000
801.9636324062 -978.0952620057 -2000.0000000000
801.9636324062 -978.0952620057 -2000.0000000000
801.9636324062 -978.0952620057 -2000.0000000000
923.4908790629 613.0960492256 -877.8539775834
923.4908790629 613.0960492256 -2000.0000000000
923.4908790629 613.0960492256 -2000.0000000000
923.4908790629 613.0960492256 -2000.0000000000
923.4908790629 613.0960492256 -2000.0000000000
923.4908790629 613.0960492256 -2000.0000000000
923.4908790629 613.0960492256 -2000.0000000000
923.4908790629 613.0960492256 -2000.0000000000
923.4908790629 613.0960492256 -2000.0000000000
923.4908790629 613.0960492256 -2000.0000000000
923.4908790629 613.0960492256 -2000.0000000000
923.4908790629 613.0960492256 -2000.0000000000
923.4908790629 613.0960492256 -2000.0000000000
923.4908790629 613.0960492256 -2000.0000000000
923.4908790629 613.0960492256 -2000.0000000000
-1087.8502409425 1916.2816285281 1560.7649650851
-1087.8502409425 1916.2816285281 -2000.0000000000
-1087.8502409425 1916.2816285281 -2000.0000000000
-1087.8502409425 1916.2816285281 -2000.0000000000
-1087.8502409425 1916.2816285281 -2000.0000000000
-1087.8502409425 1916.2816285281 -2000.0000000000
-803.4236736470 -1143.5693582195 -1046.1096353082
-803.4236736470 -1143.5693582195 -2000.0000000000
-803.4236736470 -1143.5693582195 -2000.0000000000
-803.4236736470 -1143.5693582195 -2000.0000000000
-803.4236736470 -1143.5693582195 -2000.0000000000
-1973.2966907826 -1455.7225275706 -30.0847786377
-1831.1468246160 1243.6497088913 -218.6925146134
-1831.1468246160 1243.6497088913 -2000.0000000000
140.8884775142 -1417.5997434368 -930.9147830733
140.8884775142 -1417.5997434368 -2000.0000000000
140.8884775142 -1417.5997434368 -2000.0000000000
140.8884775142 -1417.5997434368 -2000.0000000000
140.8884775142 -1417.5997434368 -2000.0000000000
140.8884775142 -1417.5997434368 -2000.0000000000
140.8884775142 -1417.5997434368 -2000.0000000000
-761.0938932390 -1957.8447377153 -101.1085413864
-761.0938932390 -1957.8447377153 -2000.0000000000
-761.0938932390 -1957.8447377153 -2000.0000000000
-761.0938932390 -1957.8447377153 -2000.0000000000
-741.0587071439 434.3695852799 172.6454246314
-741.0587071439 434.3695852799 -2000.0000000000
-741.0587071439 434.3695852799 -2000.0000000000
-741.0587071439 434.3695852799 -2000.0000000000
-741.0587071439 434.3695852799 -2000.0000000000
-741.0587071439 434.3695852799 -2000.0000000000
-741.0587071439 434.3695852799 -2000.0000000000
-741.0587071439 434.3695852799 -2000.0000000000
1917.2575128106 546.5657183276 454.6818369573
1917.2575128106 546.5657183276 -2000.0000000000
1917.2575128106 546.5657183276 -2000.0000000000
-790.7666882006 -1059.9953873536 1638.7952867111
-790.7666882006 -1059.9953873536 -2000.0000000000
-499.6011053274 941.9056521865 -1297.4434914346
739.0165856661 1834.0494801982 -848.7575435524
1021.0094794729 -1628.7954884359 -1613.4204866996
-1392.5196062094 1520.0011812239 -271.6761537581
437.3019752687 1581.7131801060 1151.9793486804
437.3019752687 1581.7131801060 -2000.0000000000
437.3019752687 1581.7131801060 -2000.0000000000
437.3019752687 1581.7131801060 -2000.0000000000
394.2674050945 418.8362797783 -1611.9958520257
394.2674050945 418.8362797783 -2000.0000000000
-1043.7942421326 -967.1680578792 495.1125162937
422.5879175976 -310.9317449461 -544.9576383983
-1807.3524464254 57.4344575339 1250.5344549604
-1807.3524464254 57.4344575339 -2000.0000000000
1552.7318003511 -990.4712494626 1026.4262200984
1552.7318003511 -990.4712494626 -2000.0000000000
1552.7318003511 -990.4712494626 -2000.0000000000
-1188.8086078588 1120.4341490536 -544.0885061914
-1188.8086078588 1120.4341490536 -2000.0000000000
-1188.8086078588 1120.4341490536 -2000.0000000000
1898.3019717845 -1526.2570794833 -1303.9250114908
1692.4106081630 26.7082321068 -1127.4254073298
1692.4106081630 26.7082321068 -2000.0000000000
1692.4106081630 26.7082321068 -2000.0000000000
1692.4106081630 26.7082321068 -2000.0000000000
1692.4106081630 26.7082321068 -2000.0000000000
938.4817828246 1018.8324447391 1967.7511327076
-1704.6446016421 -749.2937458547 -1185.7806437033
1851.9605914588 672.1562810627 -722.1428980800
1851.9605914588 672.1562810627 -2000.0000000000
1851.9605914588 672.1562810627 -2000.0000000000
-1261.3643485339 -921.9371089541 -1440.5798008733
1486.3852502900 65.4335207904 555.2428413513
1486.3852502900 65.4335207904 -2000.0000000000
685.9658046991 -1446.4942080232 -1233.9079434839
685.9658046991 -1446.4942080232 -2000.0000000000
685.9658046991 -1446.4942080232 -2000.0000000000
685.9658046991 -1446.4942080232 -2000.0000000000
-1702.5780226639 -111.0962989186 1377.9762957692
-1702.5780226639 -111.0962989186 -2000.0000000000
-1702.5780226639 -111.0962989186 -2000.0000000000
-1702.5780226639 -111.0962989186 -2000.0000000000
-359.3820095667 971.2676566083 -620.7440373968
-652.9858219331 -1008.6760099702 1430.5213450058
1789.0865063887 1617.4336455360 -1230.5919135617
1789.0865063887 1617.4336455360 -2000.0000000000
1789.0865063887 1617.4336455360 -2000.0000000000
1789.0865063887 1617.4336455360 -2000.0000000000
1789.0865063887 1617.4336455360 -2000.0000000000
1928.9516523458 -830.6568855097 -185.8652589603
1928.9516523458 -830.6568855097 -2000.0000000000
-1638.1372816270 262.7539794143 1864.8652440802
-1106.8239301213 349.4432397561 85.3231032528
-1106.8239301213 349.4432397561 -2000.0000000000
-1106.8239301213 349.4432397561 -2000.0000000000
-1106.8239301213 349.4432397561 -2000.0000000000
-1106.8239301213 349.4432397561 -2000.0000000000
-1106.8239301213 349.4432397561 -2000.0000000000
-1106.8239301213 349.4432397561 -2000.0000000000
-1106.8239301213 349.4432397561 -2000.0000000000
-1332.4836949931 692.8785454257 -65.2123949851
-1332.4836949931 692.8785454257 -2000.0000000000
-1332.4836949931 692.8785454257 -2000.0000000000
-1332.4836949931 692.8785454257 -2000.0000000000
-847.3656813642 1788.0378973173 442.3132152187
-847.3656813642 1788.0378973173 -2000.0000000000
-847.3656813642 1788.0378973173 -2000.0000000000
-847.3656813642 1788.0378973173 -2000.0000000000
-847.3656813642 1788.0378973173 -2000.0000000000
-847.3656813642 1788.0378973173 -2000.0000000000
-1469.5548349942 1598.8685140591 1112.1601526682
-1469.5548349942 1598.8685140591 -2000.0000000000
-1469.5548349942 1598.8685140591 -2000.0000000000
-1131.9479705360 1453.2422999486 -1030.4075345525
-1131.9479705360 1453.2422999486 -2000.0000000000
-1131.9479705360 1453.2422999486 -2000.0000000000
1381.4524907491 -481.2579729917 -1705.0521319598
1381.4524907491 -481.2579729917 -2000.0000000000
1381.4524907491 -481.2579729917 -2000.0000000000
1381.4524907491 -481.2579729917 -2000.0000000000
1381.4524907491 -481.2579729917 -2000.0000000000
1381.4524907491 -481.2579729917 -2000.0000000000
1.6018707634 -621.4381123690 942.6658914671
1.6018707634 -621.4381123690 -2000.0000000000
1.6018707634 -621.4381123690 -2000.0000000000
1.6018707634 -621.4381123690 -2000.0000000000
1.6018707634 -621.4381123690 -2000.0000000000
746.5257830770 421.3905268286 -1269.5432948422
746.5257830770 421.3905268286 -2000.0000000000
-684.6556039245 -1857.2075509118 -1632.4621121335
-684.6556039245 -1857.2075509118 -2000.0000000000
-684.6556039245 -1857.2075509118 -2000.0000000000
-684.6556039245 -1857.2075509118 -2000.0000000000
-684.6556039245 -1857.2075509118 -2000.0000000000
-684.6556039245 -1857.2075509118 -2000.0000000000
-684.6556039245 -1857.2075509118 -2000.0000000000
-684.6556039245 -1857.2075509118 -2000.0000000000
-684.6556039245 -1857.2075509118 -2000.0000000000
237.2913837348 1784.3574042953 -551.4279033910
237.2913837348 1784.3574042953 -2000.0000000000
237.2913837348 1784.3574042953 -2000.0000000000
1155.7199485102 130.1542164299 1086.4173347532
1155.7199485102 130.1542164299 -2000.0000000000
-384.5608536878 1284.2291251508 -1545.3797851117
-384.5608536878 1284.2291251508 -2000.0000000000
707.4286704464 457.1000418521 -1414.0739632899
707.4286704464 457.1000418521 -2000.0000000000
707.4286704464 457.1000418521 -2000.0000000000
707.4286704464 457.1000418521 -2000.0000000000
707.4286704464 457.1000418521 -2000.0000000000
707.4286704464 457.1000418521 -2000.0000000000
707.4286704464 457.1000418521 -2000.0000000000
707.4286704464 457.1000418521 -2000.0000000000
707.4286704464 457.1000418521 -2000.0000000000
707.4286704464 457.1000418521 -2000.0000000000
1422.9283299112 1375.1019921398 1545.7060732319
1422.9283299112 1375.1019921398 -2000.0000000000
-1153.2745979048 79.9175083279 1233.8273292433
-1153.2745979048 79.9175083279 -2000.0000000000
-1153.2745979048 79.9175083279 -2000.0000000000
-1153.2745979048 79.9175083279 -2000.0000000000
-1153.2745979048 79.9175083279 -2000.0000000000
-1153.2745979048 79.9175083279 -2000.0000000000
-1153.2745979048 79.9175083279 -2000.0000000000
-1153.2745979048 79.9175083279 -2000.0000000000
-1103.9445299035 -159.3377878649 258.1639291191
-1103.9445299035 -159.3377878649 -2000.0000000000
234.3588648450 -1835.6325391427 372.3371149430
-691.4936060999 1645.2528475221 1159.4494121022
-691.4936060999 1645.2528475221 -2000.0000000000
-691.4936060999 1645.2528475221 -2000.0000000000
-691.4936060999 1645.2528475221 -2000.0000000000
437.8450908667 1589.5735369634 -282.7799492367
1855.1183190852 1137.1648313452 1991.4038836452
1855.1183190852 1137.1648313452 -2000.0000000000
1855.1183190852 1137.1648313452 -2000.0000000000
1855.1183190852 1137.1648313452 -2000.0000000000
571.6216730645 -1612.6613344999 -1342.3645081495
571.6216730645 -1612.6613344999 -2000.0000000000
571.6216730645 -1612.6613344999 -2000.0000000000
-1.0965940831 130.9717398547 -1336.7969642094
-324.0129942678 510.0753494241 -1971.2580830467
-324.0129942678 510.0753494241 -2000.0000000000
-324.0129942678 510.0753494241 -2000.0000000000
-324.0129942678 510.0753494241 -2000.0000000000
-324.0129942678 510.0753494241 -2000.0000000000
-324.0129942678 510.0753494241 -2000.0000000000
-324.0129942678 510.0753494241 -2000.0000000000
1338.8307007182 -287.4312595990 371.1739715922
1338.8307007182 -287.4312595990 -2000.0000000000
1338.8307007182 -287.4312595990 -2000.0000000000
-130.4827623407 1581.1917085759 -48.3565636971
-130.4827623407 1581.1917085759 -2000.0000000000
-130.4827623407 1581.1917085759 -2000.0000000000
568.6650193074 -1023.7380842038 -154.6895231815
568.6650193074 -1023.7380842038 -2000.0000000000
-137.2437520990 -1614.7965786625 -1129.6430767330
-137.2437520990 -1614.7965786625 -2000.0000000000
-474.1877617313 -1271.1412660242 -1927.7436914940
1225.3976962303 -1662.6036105042 1086.5402498534
1225.3976962303 -1662.6036105042 -2000.0000000000
1225.3976962303 -1662.6036105042 -2000.0000000000
1225.3976962303 -1662.6036105042 -2000.0000000000
-605.6275729182 -893.3305169437 1083.7162732976
-605.6275729182 -893.3305169437 -2000.0000000000
-605.6275729182 -893.3305169437 -2000.0000000000
1123.4697353225 1711.8899641299 635.4912075800
1123.4697353225 1711.8899641299 -2000.0000000000
1123.4697353225 1711.8899641299 -2000.0000000000
1123.4697353225 1711.8899641299 -2000.0000000000
30.1538592186 -854.3398464260 -1272.2347797835
30.1538592186 -854.3398464260 -2000.0000000000
30.1538592186 -854.3398464260 -2000.0000000000
30.1538592186 -854.3398464260 -2000.0000000000
30.1538592186 -854.3398464260 -2000.0000000000
-575.9643812231 -1.0783703109 -848.5367773321
-575.9643812231 -1.0783703109 -2000.0000000000
-1264.9173474895 -1503.9241060862 955.6165288329
-1264.9173474895 -1503.9241060862 -2000.0000000000
-1264.9173474895 -1503.9241060862 -2000.0000000000
-1264.9173474895 -1503.9241060862 -2000.0000000000
1742.5931907483 -1046.5256123008 328.5681391939
1742.5931907483 -1046.5256123008 -2000.0000000000
1742.5931907483 -1046.5256123008 -2000.0000000000
1392.3971720390 -1248.7865781835 1272.7998188571
-1180.6884579903 369.4157896104 -1989.9194226224
-645.1650852488 -1074.9678887305 -469.6790069880
-645.1650852488 -1074.9678887305 -2000.0000000000
256.6526901731 890.7115674737 295.2521564682
256.6526901731 890.7115674737 -2000.0000000000
256.6526901731 890.7115674737 -2000.0000000000
-433.1209704574 394.0154731098 593.1364549590
-433.1209704574 394.0154731098 -2000.0000000000
-372.7472864456 -1940.5536810055 52.8949229929
1895.4722399494 1728.3841505539 -835.9126951912
1895.4722399494 1728.3841505539 -2000.0000000000
1895.4722399494 1728.3841505539 -2000.0000000000
1895.4722399494 1728.3841505539 -2000.0000000000
1895.4722399494 1728.3841505539 -2000.0000000000
-1520.0768786051 -1505.4694475384 -461.4607473836
-851.6797627155 1906.7400059093 1368.5979143551
211.1295427280 -921.1539453286 -1421.7440052350
211.1295427280 -921.1539453286 -2000.0000000000
211.1295427280 -921.1539453286 -2000.0000000000
211.1295427280 -921.1539453286 -2000.0000000000
211.1295427280 -921.1539453286 -2000.0000000000
211.1295427280 -921.1539453286 -2000.0000000000
211.1295427280 -921.1539453286 -2000.0000000000
211.1295427280 -921.1539453286 -2000.0000000000
211.1295427280 -921.1539453286 -2000.0000000000
211.1295427280 -921.1539453286 -2000.0000000000
211.1295427280 -921.1539453286 -2000.0000000000
211.1295427280 -921.1539453286 -2000.0000000000
-176.9820673187 -140.0137634228 -658.7914602817
-176.9820673187 -140.0137634228 -2000.0000000000
517.1212087297 1227.0834547041 1247.7508797960
-1652.7905637204 930.3759214947 -1996.3839453928
-1652.7905637204 930.3759214947 -2000.0000000000
-1652.7905637204 930.3759214947 -2000.0000000000
-1652.7905637204 930.3759214947 -2000.0000000000
-1652.7905637204 930.3759214947 -2000.0000000000
-1652.7905637204 930.3759214947 -2000.0000000000
-1652.7905637204 930.3759214947 -2000.0000000000
1625.5809540917 1921.3811247019 650.0817059187
1625.5809540917 1921.3811247019 -2000.0000000000
1625.5809540917 1921.3811247019 -2000.0000000000
1625.5809540917 1921.3811247019 -2000.0000000000
1625.5809540917 1921.3811247019 -2000.0000000000
1625.5809540917 1921.3811247019 -2000.0000000000
1625.5809540917 1921.3811247019 -2000.0000000000
1625.5809540917 1921.3811247019 -2000.0000000000
1963.6477443459 -182.2629284918 1773.8472581202
1963.6477443459 -182.2629284918 -2000.0000000000
1963.6477443459 -182.2629284918 -2000.0000000000
-178.5068456101 -1348.4654580809 -300.6264596707
-178.5068456101 -1348.4654580809 -2000.0000000000
-178.5068456101 -1348.4654580809 -2000.0000000000
-178.5068456101 -1348.4654580809 -2000.0000000000
-178.5068456101 -1348.4654580809 -2000.0000000000
-1876.7833113594 -729.8433396100 -615.5696987241
1709.3912660121 405.4497201625 -871.6158528116
1709.3912660121 405.4497201625 -2000.0000000000
1709.3912660121 405.4497201625 -2000.0000000000
1641.1773692519 -1394.7245983891 -1553.4971316557
-492.2905256346 1490.3830960787 -50.4278767821
-492.2905256346 1490.3830960787 -2000.0000000000
-1430.5064551533 997.8289653425 -688.5653805381
-1430.5064551533 997.8289653425 -2000.0000000000
-1430.5064551533 997.8289653425 -2000.0000000000
-1788.8864247139 902.5128228984 -274.3314236681
-1788.8864247139 902.5128228984 -2000.0000000000
-173.5392686385 -150.9557004184 -1942.0799109136
-173.5392686385 -150.9557004184 -2000.0000000000
769.7569796678 488.2125603082 -1943.0699054002
769.7569796678 488.2125603082 -2000.0000000000
769.7569796678 488.2125603082 -2000.0000000000
175.2147271799 1945.9605909959 -955.1448594866
175.2147271799 1945.9605909959 -2000.0000000000
175.2147271799 1945.9605909959 -2000.0000000000
175.2147271799 1945.9605909959 -2000.0000000000
175.2147271799 1945.9605909959 -2000.0000000000
-908.5105794263 1445.9245290648 385.3688399108
-1097.8813734113 828.2195161011 -1251.7378056974
-1097.8813734113 828.2195161011 -2000.0000000000
-1656.3312836387 -459.3815996857 1782.6976635271
-718.2359937200 -1993.8062729032 1676.6386542754
-718.2359937200 -1993.8062729032 -2000.0000000000
-718.2359937200 -1993.8062729032 -2000.0000000000
-718.2359937200 -1993.8062729032 -2000.0000000000
-718.2359937200 -1993.8062729032 -2000.0000000000
-718.2359937200 -1993.8062729032 -2000.0000000000
-718.2359937200 -1993.8062729032 -2000.0000000000
-718.2359937200 -1993.8062729032 -2000.0000000000
-718.2359937200 -1993.8062729032 -2000.0000000000
-718.2359937200 -1993.8062729032 -2000.0000000000
-718.2359937200 -1993.8062729032 -2000.0000000000
-718.2359937200 -1993.8062729032 -2000.0000000000
-718.2359937200 -1993.8062729032 -2000.0000000000
-718.2359937200 -1993.8062729032 -2000.0000000000
-759.0990812999 -84.2070406539 791.2772031859
-759.0990812999 -84.2070406539 -2000.0000000000
-759.0990812999 -84.2070406539 -2000.0000000000
-759.0990812999 -84.2070406539 -2000.0000000000
-759.0990812999 -84.2070406539 -2000.0000000000
-759.0990812999 -84.2070406539 -2000.0000000000
-759.0990812999 -84.2070406539 -2000.0000000000
-759.0990812999 -84.2070406539 -2000.0000000000
-759.0990812999 -84.2070406539 -2000.0000000000
-649.1585808602 1714.6642524335 -1877.9801004793
-649.1585808602 1714.6642524335 -2000.0000000000
-649.1585808602 1714.6642524335 -2000.0000000000
-649.1585808602 1714.6642524335 -2000.0000000000
264.3815921905 -3.2078295664 1060.5773409963
-645.6785640263 1288.9593937147 -1373.9826499470
-645.6785640263 1288.9593937147 -2000.0000000000
-645.6785640263 1288.9593937147 -2000.0000000000
-287.5404837915 1311.4183836730 -567.3570771618
-287.5404837915 1311.4183836730 -2000.0000000000
-287.5404837915 1311.4183836730 -2000.0000000000
-217.6291927263 -162.6212638616 -56.1725746495
-217.6291927263 -162.6212638616 -2000.0000000000
-217.6291927263 -162.6212638616 -2000.0000000000
826.8326768198 168.2397212960 1515.3697545505
826.8326768198 168.2397212960 -2000.0000000000
826.8326768198 168.2397212960 -2000.0000000000
826.8326768198 168.2397212960 -2000.0000000000
826.8326768198 168.2397212960 -2000.0000000000
826.8326768198 168.2397212960 -2000.0000000000
826.8326768198 168.2397212960 -2000.0000000000
1943.7867717614 -712.3544310252 327.9985759615
1943.7867717614 -712.3544310252 -2000.0000000000
-599.8988334628 539.0177706125 -724.7592250530
259.9474855626 -1788.0454279455 -471.0365793728
1111.0659312498 -1474.1964352495 1145.6718935263
1111.0659312498 -1474.1964352495 -2000.0000000000
1111.0659312498 -1474.1964352495 -2000.0000000000
1111.0659312498 -1474.1964352495 -2000.0000000000
1111.0659312498 -1474.1964352495 -2000.0000000000
1111.0659312498 -1474.1964352495 -2000.0000000000
1111.0659312498 -1474.1964352495 -2000.0000000000
1111.0659312498 -1474.1964352495 -2000.0000000000
1111.0659312498 -1474.1964352495 -2000.0000000000
-450.4832089690 -1524.5166601632 -1649.4260491649
-450.4832089690 -1524.5166601632 -2000.0000000000
-450.4832089690 -1524.5166601632 -2000.0000000000
258.3694404712 -1532.3771945859 -1750.0417610327
258.3694404712 -1532.3771945859 -2000.0000000000
-1225.0509518529 -1647.1210952300 976.1969730315
-1225.0509518529 -1647.1210952300 -2000.0000000000
-1225.0509518529 -1647.1210952300 -2000.0000000000
-1225.0509518529 -1647.1210952300 -2000.0000000000
-1225.0509518529 -1647.1210952300 -2000.0000000000
395.4553981882 -1760.2492040279 1623.8343630558
395.4553981882 -1760.2492040279 -2000.0000000000
395.4553981882 -1760.2492040279 -2000.0000000000
395.4553981882 -1760.2492040279 -2000.0000000000
-745.4867553193 -156.0073342397 -831.2307269006
-314.1961159337 801.9843821763 -1043.9538028644
-314.1961159337 801.9843821763 -2000.0000000000
-314.1961159337 801.9843821763 -2000.0000000000
503.6814524644 1681.9379630273 1514.8808308134
293.8447537773 1782.7666216867 -1377.7424027925
293.8447537773 1782.7666216867 -2000.0000000000
293.8447537773 1782.7666216867 -2000.0000000000
293.8447537773 1782.7666216867 -2000.0000000000
293.8447537773 1782.7666216867 -2000.0000000000
293.8447537773 1782.7666216867 -2000.0000000000
50.8863842456 -386.8499764844 -1041.1580566721
1108.2900740067 1740.5752478885 1916.1319380219
1108.2900740067 1740.5752478885 -2000.0000000000
1108.2900740067 1740.5752478885 -2000.0000000000
-1195.5313069857 -1229.2874819748 -1109.7163777356
-1195.5313069857 -1229.2874819748 -2000.0000000000
-1195.5313069857 -1229.2874819748 -2000.0000000000
-1195.5313069857 -1229.2874819748 -2000.0000000000
-1195.5313069857 -1229.2874819748 -2000.0000000000
1157.8012268261 -1165.1375833951 -614.1372771265
1157.8012268261 -1165.1375833951 -2000.0000000000
1157.8012268261 -1165.1375833951 -2000.0000000000
1157.8012268261 -1165.1375833951 -2000.0000000000
1157.8012268261 -1165.1375833951 -2000.0000000000
1157.8012268261 -1165.1375833951 -2000.0000000000
1157.8012268261 -1165.1375833951 -2000.0000000000
1157.8012268261 -1165.1375833951 -2000.0000000000
1974.1938964182 1367.5080638398 -1747.9939992035
1974.1938964182 1367.5080638398 -2000.0000000000
1974.1938964182 1367.5080638398 -2000.0000000000
1974.1938964182 1367.5080638398 -2000.0000000000
1974.1938964182 1367.5080638398 -2000.0000000000
1974.1938964182 1367.5080638398 -2000.0000000000
1974.1938964182 1367.5080638398 -2000.0000000000
1974.1938964182 1367.5080638398 -2000.0000000000
1974.1938964182 1367.5080638398 -2000.0000000000
1480.7847418493 686.6194875748 1976.7481317199
1480.7847418493 686.6194875748 -2000.0000000000
1480.7847418493 686.6194875748 -2000.0000000000
1649.1428157453 423.5655313748 294.3413664926
1763.9196595243 254.4728620955 1255.9201088188
1763.9196595243 254.4728620955 -2000.0000000000
1763.9196595243 254.4728620955 -2000.0000000000
1763.9196595243 254.4728620955 -2000.0000000000
1763.9196595243 254.4728620955 -2000.0000000000
1763.9196595243 254.4728620955 -2000.0000000000
1763.9196595243 254.4728620955 -2000.0000000000
1763.9196595243 254.4728620955 -2000.0000000000
1763.9196595243 254.4728620955 -2000.0000000000
-763.7275179968 1406.6051962707 1028.6415718519
-100.2105601329 1115.1574633787 386.3575985862
-100.2105601329 1115.1574633787 -2000.0000000000
-1716.1045380544 -1802.3208125851 -1374.1636927857
-1716.1045380544 -1802.3208125851 -2000.0000000000
-1716.1045380544 -1802.3208125851 -2000.0000000000
1265.4720422312 -607.1268117085 -1843.7927643272
1265.4720422312 -607.1268117085 -2000.0000000000
1265.4720422312 -607.1268117085 -2000.0000000000
-1094.7883334946 -830.1275910140 627.8758323705
-1094.7883334946 -830.1275910140 -2000.0000000000
-1094.7883334946 -830.1275910140 -2000.0000000000
-1094.7883334946 -830.1275910140 -2000.0000000000
-1094.7883334946 -830.1275910140 -2000.0000000000
-1094.7883334946 -830.1275910140 -2000.0000000000
-1094.7883334946 -830.1275910140 -2000.0000000000
-1094.7883334946 -830.1275910140 -2000.0000000000
-1094.7883334946 -830.1275910140 -2000.0000000000
-1094.7883334946 -830.1275910140 -2000.0000000000
-1094.7883334946 -830.1275910140 -2000.0000000000
767.8932509899 -1581.8069122672 -1112.5332954495
767.8932509899 -1581.8069122672 -2000.0000000000
1323.6798418625 425.0226075212 651.2473078309
1323.6798418625 425.0226075212 -2000.0000000000
1323.6798418625 425.0226075212 -2000.0000000000
-1986.4159196888 -108.0043463971 -985.7894875672
-1986.4159196888 -108.0043463971 -2000.0000000000
-1986.4159196888 -108.0043463971 -2000.0000000000
-1986.4159196888 -108.0043463971 -2000.0000000000
-1986.4159196888 -108.0043463971 -2000.0000000000
159.2406833423 -1660.1425859312 -1603.8928164488
159.2406833423 -1660.1425859312 -2000.0000000000
367.1286925333 816.2755044699 -559.8992946672
957.6477061202 -1549.5174315453 -175.2911928767
820.1189591834 1350.3535499524 -8.0844781198
-339.9402682768 -412.9681889484 -170.6329213186
-339.9402682768 -412.9681889484 -2000.0000000000
-339.9402682768 -412.9681889484 -2000.0000000000
1089.1096925150 1061.2546139935 89.1947180468
560.0468071505 -42.0412339558 -1673.6332158873
560.0468071505 -42.0412339558 -2000.0000000000
560.0468071505 -42.0412339558 -2000.0000000000
560.0468071505 -42.0412339558 -2000.0000000000
560.0468071505 -42.0412339558 -2000.0000000000
-863.1687039831 -1182.8263415722 -469.9522730003
-863.1687039831 -1182.8263415722 -2000.0000000000
-863.1687039831 -1182.8263415722 -2000.0000000000
-863.1687039831 -1182.8263415722 -2000.0000000000
1222.6606760021 445.9902071598 -1048.8193161792
1222.6606760021 445.9902071598 -2000.0000000000
1222.6606760021 445.9902071598 -2000.0000000000
1222.6606760021 445.9902071598 -2000.0000000000
1222.6606760021 445.9902071598 -2000.0000000000
-1364.2253586676 1888.9015435054 -1973.4366224530
-1364.2253586676 1888.9015435054 -2000.0000000000
1956.8005451370 -319.6376524496 -771.3602611794
1956.8005451370 -319.6376524496 -2000.0000000000
1956.8005451370 -319.6376524496 -2000.0000000000
1956.8005451370 -319.6376524496 -2000.0000000000
1956.8005451370 -319.6376524496 -2000.0000000000
1956.8005451370 -319.6376524496 -2000.0000000000
-1684.8071881921 554.4098578474 -360.1549565792
-1684.8071881921 554.4098578474 -2000.0000000000
1271.0762519712 -76.4592012036 -1474.9530330704
1271.0762519712 -76.4592012036 -2000.0000000000
1271.0762519712 -76.4592012036 -2000.0000000000
1271.0762519712 -76.4592012036 -2000.0000000000
532.6146625149 -402.9101237333 -330.5701914284
944.6760422514 -199.7480905353 390.5694447424
944.6760422514 -199.7480905353 -2000.0000000000
944.6760422514 -199.7480905353 -2000.0000000000
944.6760422514 -199.7480905353 -2000.0000000000
944.6760422514 -199.7480905353 -2000.0000000000
-1433.1071501417 -1300.6810175473 -1060.7034689200
-456.4446029467 1079.2362240508 -1962.6356494549
-456.4446029467 1079.2362240508 -2000.0000000000
-456.4446029467 1079.2362240508 -2000.0000000000
-456.4446029467 1079.2362240508 -2000.0000000000
-456.4446029467 1079.2362240508 -2000.0000000000
-456.4446029467 1079.2362240508 -2000.0000000000
-456.4446029467 1079.2362240508 -2000.0000000000
-456.4446029467 1079.2362240508 -2000.0000000000
-456.4446029467 1079.2362240508 -2000.0000000000
-831.8463440492 342.1545979922 502.1983198629
-831.8463440492 342.1545979922 -2000.0000000000
1115.4908358007 -1621.5599901220 1227.1358081805
1115.4908358007 -1621.5599901220 -2000.0000000000
1115.4908358007 -1621.5599901220 -2000.0000000000
1115.4908358007 -1621.5599901220 -2000.0000000000
1115.4908358007 -1621.5599901220 -2000.0000000000
1115.4908358007 -1621.5599901220 -2000.0000000000
1210.0409718329 -1082.2907492943 -72.6727385779
1210.0409718329 -1082.2907492943 -2000.0000000000
1210.0409718329 -1082.2907492943 -2000.0000000000
-59.8320157625 -609.2957736908 1769.2105529101
-59.8320157625 -609.2957736908 -2000.0000000000
721.8985546799 837.9562811619 600.9228113135
721.8985546799 837.9562811619 -2000.0000000000
721.8985546799 837.9562811619 -2000.0000000000
721.8985546799 837.9562811619 -2000.0000000000
721.8985546799 837.9562811619 -2000.0000000000
241.3790670609 1136.4948829744 201.3360785561
-349.5375825445 1632.8065032022 158.4681458234
369.4806129661 -1392.8220657786 1640.3799360184
369.4806129661 -1392.8220657786 -2000.0000000000
369.4806129661 -1392.8220657786 -2000.0000000000
513.3894646359 -1800.8316601015 -1201.4460212693
1619.1285053791 1166.6799597223 -1711.8924085057
1619.1285053791 1166.6799597223 -2000.0000000000
1619.1285053791 1166.6799597223 -2000.0000000000
1619.1285053791 1166.6799597223 -2000.0000000000
1619.1285053791 1166.6799597223 -2000.0000000000
1619.1285053791 1166.6799597223 -2000.0000000000
1619.1285053791 1166.6799597223 -2000.0000000000
-983.9485915664 -750.2838458944 1760.6378053441
-983.9485915664 -750.2838458944 -2000.0000000000
-983.9485915664 -750.2838458944 -2000.0000000000
1597.6349345323 -1113.2828949154 150.2917286394
1597.6349345323 -1113.2828949154 -2000.0000000000
1597.6349345323 -1113.2828949154 -2000.0000000000
1597.6349345323 -1113.2828949154 -2000.0000000000
1597.6349345323 -1113.2828949154 -2000.0000000000
1597.6349345323 -1113.2828949154 -2000.0000000000
1597.6349345323 -1113.2828949154 -2000.0000000000
-1917.3723177321 -1511.0600515207 -1761.6479419624
-1917.3723177321 -1511.0600515207 -2000.0000000000
-1917.3723177321 -1511.0600515207 -2000.0000000000
-1917.3723177321 -1511.0600515207 -2000.0000000000
-1917.3723177321 -1511.0600515207 -2000.0000000000
-1917.3723177321 -1511.0600515207 -2000.0000000000
-1917.3723177321 -1511.0600515207 -2000.0000000000
-484.0051741178 1503.8334752652 -1019.9820133324
-217.8105323605 914.2836952547 -217.8273597230
-217.8105323605 914.2836952547 -2000.0000000000
-217.8105323605 914.2836952547 -2000.0000000000
-217.8105323605 914.2836952547 -2000.0000000000
-217.8105323605 914.2836952547 -2000.0000000000
-217.8105323605 914.2836952547 -2000.0000000000
-217.8105323605 914.2836952547 -2000.0000000000
-217.8105323605 914.2836952547 -2000.0000000000
-217.8105323605 914.2836952547 -2000.0000000000
-217.8105323605 914.2836952547 -2000.0000000000
-217.8105323605 914.2836952547 -2000.0000000000
-217.8105323605 914.2836952547 -2000.0000000000
-217.8105323605 914.2836952547 -2000.0000000000
-217.8105323605 914.2836952547 -2000.0000000000
-217.8105323605 914.2836952547 -2000.0000000000
-217.8105323605 914.2836952547 -2000.0000000000
70.3775721713 -1592.8285167238 992.8362858957
-1327.9836407551 -1601.1521926302 -1042.0616502750
-833.6578201833 -965.4597243370 181.0057441278
-833.6578201833 -965.4597243370 -2000.0000000000
-833.6578201833 -965.4597243370 -2000.0000000000
-833.6578201833 -965.4597243370 -2000.0000000000
-301.4820933702 1213.0620742527 -1188.3807747287
-301.4820933702 1213.0620742527 -2000.0000000000
1723.9278576801 -393.1417277009 -609.1940160105
1723.9278576801 -393.1417277009 -2000.0000000000
1723.9278576801 -393.1417277009 -2000.0000000000
1723.9278576801 -393.1417277009 -2000.0000000000
1723.9278576801 -393.1417277009 -2000.0000000000
-230.4944297245 -1558.2434031246 -1008.5262812018
-230.4944297245 -1558.2434031246 -2000.0000000000
-230.4944297245 -1558.2434031246 -2000.0000000000
-230.4944297245 -1558.2434031246 -2000.0000000000
1936.8677962525 -51.7612036802 -852.7034010627
1936.8677962525 -51.7612036802 -2000.0000000000
-70.8615459000 1855.7340992281 1566.7287343439
-70.8615459000 1855.7340992281 -2000.0000000000
1765.0103069282 -1395.2507301822 -1018.0202166320
-1709.3102393584 -1921.4371336053 400.8352378012
-1709.3102393584 -1921.4371336053 -2000.0000000000
1064.1889035490 501.5791372980 -1589.5746107038
1064.1889035490 501.5791372980 -2000.0000000000
-1638.4920731779 1444.6004907223 539.2984687057
-1638.4920731779 1444.6004907223 -2000.0000000000
-1638.4920731779 1444.6004907223 -2000.0000000000
-1638.4920731779 1444.6004907223 -2000.0000000000
-1638.4920731779 1444.6004907223 -2000.0000000000
-1638.4920731779 1444.6004907223 -2000.0000000000
-606.9463658519 -1563.9848683630 514.6042505349
-606.9463658519 -1563.9848683630 -2000.0000000000
683.8312071375 -174.0458873414 -1164.9516922256
683.8312071375 -174.0458873414 -2000.0000000000
683.8312071375 -174.0458873414 -2000.0000000000
683.8312071375 -174.0458873414 -2000.0000000000
147.9271200300 -830.8334294882 893.7666094804
147.9271200300 -830.8334294882 -2000.0000000000
147.9271200300 -830.8334294882 -2000.0000000000
147.9271200300 -830.8334294882 -2000.0000000000
-808.9449179165 1794.7760838801 737.1559993459
-808.9449179165 1794.7760838801 -2000.0000000000
683.7880668341 -78.6878982961 -1467.3849287568
-828.9738469988 817.6114431324 1155.9497620837
-828.9738469988 817.6114431324 -2000.0000000000
-1497.7312047224 -1049.5471766408 112.2777903686
-1497.7312047224 -1049.5471766408 -2000.0000000000
-1497.7312047224 -1049.5471766408 -2000.0000000000
-1497.7312047224 -1049.5471766408 -2000.0000000000
-1497.7312047224 -1049.5471766408 -2000.0000000000
-1497.7312047224 -1049.5471766408 -2000.0000000000
-1497.7312047224 -1049.5471766408 -2000.0000000000
-1497.7312047224 -1049.5471766408 -2000.0000000000
-1497.7312047224 -1049.5471766408 -2000.0000000000
-1497.7312047224 -1049.5471766408 -2000.0000000000
471.5875466265 1733.3857568589 733.5572851275
471.5875466265 1733.3857568589 -2000.0000000000
471.5875466265 1733.3857568589 -2000.0000000000
471.5875466265 1733.3857568589 -2000.0000000000
471.5875466265 1733.3857568589 -2000.0000000000
471.5875466265 1733.3857568589 -2000.0000000000
-485.1996611074 -1935.8371546020 -1255.4105342064
-485.1996611074 -1935.8371546020 -2000.0000000000
-485.1996611074 -1935.8371546020 -2000.0000000000
-1867.6927100707 1636.8491640595 -1915.9814769595
499.6221538430 166.3258837826 -1649.0678258233
499.6221538430 166.3258837826 -2000.0000000000
499.6221538430 166.3258837826 -2000.0000000000
499.6221538430 166.3258837826 -2000.0000000000
499.6221538430 166.3258837826 -2000.0000000000
-8.1329727918 1394.9846980485 83.1727440028
-8.1329727918 1394.9846980485 -2000.0000000000
-1107.9769334074 1606.8896023815 1521.3814559051
-1107.9769334074 1606.8896023815 -2000.0000000000
-1107.9769334074 1606.8896023815 -2000.0000000000
-1847.8824815227 -403.5060561758 1833.6140007654
-1847.8824815227 -403.5060561758 -2000.0000000000
-1847.8824815227 -403.5060561758 -2000.0000000000
-1847.8824815227 -403.5060561758 -2000.0000000000
-1888.4704196472 -1152.1498131332 1275.8912526993
1261.6552110479 -1330.2247906657 -420.0448313726
1261.6552110479 -1330.2247906657 -2000.0000000000
1261.6552110479 -1330.2247906657 -2000.0000000000
1261.6552110479 -1330.2247906657 -2000.0000000000
1261.6552110479 -1330.2247906657 -2000.0000000000
1261.6552110479 -1330.2247906657 -2000.0000000000
1261.6552110479 -1330.2247906657 -2000.0000000000
1261.6552110479 -1330.2247906657 -2000.0000000000
1261.6552110479 -1330.2247906657 -2000.0000000000
1261.6552110479 -1330.2247906657 -2000.0000000000
1261.6552110479 -1330.2247906657 -2000.0000000000
1261.6552110479 -1330.2247906657 -2000.0000000000
1261.6552110479 -1330.2247906657 -2000.0000000000
1261.6552110479 -1330.2247906657 -2000.0000000000
1261.6552110479 -1330.2247906657 -2000.0000000000
-1571.8405199075 -790.0878006470 586.9139926461
-1571.8405199075 -790.0878006470 -2000.0000000000
-1571.8405199075 -790.0878006470 -2000.0000000000
-1571.8405199075 -790.0878006470 -2000.0000000000
-1571.8405199075 -790.0878006470 -2000.0000000000
-1571.8405199075 -790.0878006470 -2000.0000000000
-1571.8405199075 -790.0878006470 -2000.0000000000
426.6904250264 -1191.4555852437 -1276.6457811453
426.6904250264 -1191.4555852437 -2000.0000000000
426.6904250264 -1191.4555852437 -2000.0000000000
426.6904250264 -1191.4555852437 -2000.0000000000
426.6904250264 -1191.4555852437 -2000.0000000000
426.6904250264 -1191.4555852437 -2000.0000000000
426.6904250264 -1191.4555852437 -2000.0000000000
-205.8162725982 1835.8612048231 712.3966967938
-205.8162725982 1835.8612048231 -2000.0000000000
-205.8162725982 1835.8612048231 -2000.0000000000
-205.8162725982 1835.8612048231 -2000.0000000000
-1494.3845275029 1013.1409473854 740.9683614757
-1494.3845275029 1013.1409473854 -2000.0000000000
-1494.3845275029 1013.1409473854 -2000.0000000000
-1494.3845275029 1013.1409473854 -2000.0000000000
1805.2677576913 1258.0370995374 -1500.9224730308
1805.2677576913 1258.0370995374 -2000.0000000000
780.8275646728 1544.0125436625 1171.1223952323
1472.4881768580 -1118.2773473414 -297.2306689166
1472.4881768580 -1118.2773473414 -2000.0000000000
1472.4881768580 -1118.2773473414 -2000.0000000000
1472.4881768580 -1118.2773473414 -2000.0000000000
1472.4881768580 -1118.2773473414 -2000.0000000000
1472.4881768580 -1118.2773473414 -2000.0000000000
1472.4881768580 -1118.2773473414 -2000.0000000000
1472.4881768580 -1118.2773473414 -2000.0000000000
1472.4881768580 -1118.2773473414 -2000.0000000000
1157.8958177218 960.4275434530 -1959.3388369291
1157.8958177218 960.4275434530 -2000.0000000000
1157.8958177218 960.4275434530 -2000.0000000000
1157.8958177218 960.4275434530 -2000.0000000000
-1558.6879930426 114.6332827304 -1566.5215159644
1011.8489416379 -1243.4494910905 728.8864449708
-1956.9143099176 -425.7140079330 845.0878384475
-1956.9143099176 -425.7140079330 -2000.0000000000
-1956.9143099176 -425.7140079330 -2000.0000000000
-1956.9143099176 -425.7140079330 -2000.0000000000
-1956.9143099176 -425.7140079330 -2000.0000000000
-1956.9143099176 -425.7140079330 -2000.0000000000
-1956.9143099176 -425.7140079330 -2000.0000000000
-1956.9143099176 -425.7140079330 -2000.0000000000
-1956.9143099176 -425.7140079330 -2000.0000000000
-1323.5212413024 359.6497766248 941.3031394895
1282.8865106786 1442.2768516821 220.4130008437
1282.8865106786 1442.2768516821 -2000.0000000000
1282.8865106786 1442.2768516821 -2000.0000000000
1159.3215356042 501.6997507333 -1252.9631928313
1159.3215356042 501.6997507333 -2000.0000000000
1159.3215356042 501.6997507333 -2000.0000000000
1159.3215356042 501.6997507333 -2000.0000000000
1159.3215356042 501.6997507333 -2000.0000000000
1159.3215356042 501.6997507333 -2000.0000000000
-1850.8410096789 781.0392263259 115.5531864273
-1850.8410096789 781.0392263259 -2000.0000000000
-1850.8410096789 781.0392263259 -2000.0000000000
570.1458817618 -282.0508500131 -556.9959342467
570.1458817618 -282.0508500131 -2000.0000000000
570.1458817618 -282.0508500131 -2000.0000000000
570.1458817618 -282.0508500131 -2000.0000000000
570.1458817618 -282.0508500131 -2000.0000000000
-1065.7412708925 104.6291319673 -10.9510667830
-1065.7412708925 104.6291319673 -2000.0000000000
-1065.7412708925 104.6291319673 -2000.0000000000
1992.1732712539 1306.4254701923 1804.0379985061
1992.1732712539 1306.4254701923 -2000.0000000000
1992.1732712539 1306.4254701923 -2000.0000000000
1992.1732712539 1306.4254701923 -2000.0000000000
1992.1732712539 1306.4254701923 -2000.0000000000
1992.1732712539 1306.4254701923 -2000.0000000000
1992.1732712539 1306.4254701923 -2000.0000000000
1992.1732712539 1306.4254701923 -2000.0000000000
1992.1732712539 1306.4254701923 -2000.0000000000
1992.1732712539 1306.4254701923 -2000.0000000000
1992.1732712539 1306.4254701923 -2000.0000000000
-668.2533690143 -1896.3053291932 121.1485009372
-668.2533690143 -1896.3053291932 -2000.0000000000
-668.2533690143 -1896.3053291932 -2000.0000000000
-668.2533690143 -1896.3053291932 -2000.0000000000
1884.7105666721 -1564.6270320861 522.6306344445
1884.7105666721 -1564.6270320861 -2000.0000000000
1884.7105666721 -1564.6270320861 -2000.0000000000
705.7299217653 -1029.1868440201 -78.5885579296
-1669.0661785215 738.1502196963 909.9670425212
-1669.0661785215 738.1502196963 -2000.0000000000
-1669.0661785215 738.1502196963 -2000.0000000000
-1669.0661785215 738.1502196963 -2000.0000000000
-1669.0661785215 738.1502196963 -2000.0000000000
-1669.0661785215 738.1502196963 -2000.0000000000
-1972.2921102131 1065.4815027588 570.2872745942
1735.4788641140 -163.6556262770 377.7600023408
1735.4788641140 -163.6556262770 -2000.0000000000
1735.4788641140 -163.6556262770 -2000.0000000000
1735.4788641140 -163.6556262770 -2000.0000000000
1735.4788641140 -163.6556262770 -2000.0000000000
1735.4788641140 -163.6556262770 -2000.0000000000
1735.4788641140 -163.6556262770 -2000.0000000000
1735.4788641140 -163.6556262770 -2000.0000000000
1735.4788641140 -163.6556262770 -2000.0000000000
-1763.4308419494 63.4646476816 -1956.1290829042
-255.8061350307 -232.2687091557 1533.1054295307
-1830.2111723830 -1430.7782373351 750.9072546233
-1830.2111723830 -1430.7782373351 -2000.0000000000
-1830.2111723830 -1430.7782373351 -2000.0000000000
-1919.5299004230 -1562.9673544833 -1974.7238865991
-1919.5299004230 -1562.9673544833 -2000.0000000000
-1919.5299004230 -1562.9673544833 -2000.0000000000
-1919.5299004230 -1562.9673544833 -2000.0000000000
-1919.5299004230 -1562.9673544833 -2000.0000000000
385.5299691099 -356.9988208461 329.0801087163
385.5299691099 -356.9988208461 -2000.0000000000
1362.6045379873 -1639.9163606372 1381.9282916045
1362.6045379873 -1639.9163606372 -2000.0000000000
1362.6045379873 -1639.9163606372 -2000.0000000000
29.9993259566 1951.0876491865 371.9086654148
29.9993259566 1951.0876491865 -2000.0000000000
29.9993259566 1951.0876491865 -2000.0000000000
-1833.6040333922 -1064.6020434197 -588.1577982012
-1833.6040333922 -1064.6020434197 -2000.0000000000
-1833.6040333922 -1064.6020434197 -2000.0000000000
851.3420046415 -163.7337438369 702.0534551518
851.3420046415 -163.7337438369 -2000.0000000000
851.3420046415 -163.7337438369 -2000.0000000000
851.3420046415 -163.7337438369 -2000.0000000000
851.3420046415 -163.7337438369 -2000.0000000000
851.3420046415 -163.7337438369 -2000.0000000000
851.3420046415 -163.7337438369 -2000.0000000000
851.3420046415 -163.7337438369 -2000.0000000000
535.6210602805 -211.3063518682 571.1232382762
535.6210602805 -211.3063518682 -2000.0000000000
535.6210602805 -211.3063518682 -2000.0000000000
1241.5813713473 220.6457728981 -728.3670946514
1241.5813713473 220.6457728981 -2000.0000000000
-1122.0355757073 1643.2562239407 1247.4830194665
-1122.0355757073 1643.2562239407 -2000.0000000000
-1122.0355757073 1643.2562239407 -2000.0000000000
-1122.0355757073 1643.2562239407 -2000.0000000000
-1122.0355757073 1643.2562239407 -2000.0000000000
1123.3010626259 821.9589175986 1314.0287740589
1123.3010626259 821.9589175986 -2000.0000000000
1123.3010626259 821.9589175986 -2000.0000000000
1123.3010626259 821.9589175986 -2000.0000000000
1123.3010626259 821.9589175986 -2000.0000000000
1123.3010626259 821.9589175986 -2000.0000000000
1123.3010626259 821.9589175986 -2000.0000000000
1123.3010626259 821.9589175986 -2000.0000000000
-1483.7476721356 8.2572118547 -876.1929262448
-996.0801825327 -1675.3887089033 -1618.2886062116
-996.0801825327 -1675.3887089033 -2000.0000000000
-996.0801825327 -1675.3887089033 -2000.0000000000
-996.0801825327 -1675.3887089033 -2000.0000000000
-996.0801825327 -1675.3887089033 -2000.0000000000
-996.0801825327 -1675.3887089033 -2000.0000000000
-1255.7814214426 836.8254989730 -501.5756215558
-1255.7814214426 836.8254989730 -2000.0000000000
-1255.7814214426 836.8254989730 -2000.0000000000
-1255.7814214426 836.8254989730 -2000.0000000000
-1682.3695733703 -641.6211719925 -457.3358169634
-1682.3695733703 -641.6211719925 -2000.0000000000
-1146.2260960746 953.6270862511 984.9654310362
-1146.2260960746 953.6270862511 -2000.0000000000
-1146.2260960746 953.6270862511 -2000.0000000000
885.6795463315 -845.7084380989 1220.4826063672
885.6795463315 -845.7084380989 -2000.0000000000
885.6795463315 -845.7084380989 -2000.0000000000
885.6795463315 -845.7084380989 -2000.0000000000
885.6795463315 -845.7084380989 -2000.0000000000
885.6795463315 -845.7084380989 -2000.0000000000
885.6795463315 -845.7084380989 -2000.0000000000
885.6795463315 -845.7084380989 -2000.0000000000
885.6795463315 -845.7084380989 -2000.0000000000
885.6795463315 -845.7084380989 -2000.0000000000
885.6795463315 -845.7084380989 -2000.0000000000
-118.9452276816 -481.5396797459 1121.8474974895
1817.5532217875 1358.7079631962 1122.5964931687
-1611.9096746138 -29.7357394164 1383.1926937367
-1611.9096746138 -29.7357394164 -2000.0000000000
-1611.9096746138 -29.7357394164 -2000.0000000000
-1611.9096746138 -29.7357394164 -2000.0000000000
-1611.9096746138 -29.7357394164 -2000.0000000000
-215.5803055757 1696.8378752981 -501.3046706239
-215.5803055757 1696.8378752981 -2000.0000000000
765.6745368896 417.8994267468 -1075.3612825338
765.6745368896 417.8994267468 -2000.0000000000
765.6745368896 417.8994267468 -2000.0000000000
765.6745368896 417.8994267468 -2000.0000000000
765.6745368896 417.8994267468 -2000.0000000000
765.6745368896 417.8994267468 -2000.0000000000
765.6745368896 417.8994267468 -2000.0000000000
-1052.1540197681 1531.1793333965 1137.2978895579
1074.7418121073 1567.9480219521 1959.6230882145
1074.7418121073 1567.9480219521 -2000.0000000000
1383.1809691804 183.1316902928 118.0809925450
1383.1809691804 183.1316902928 -2000.0000000000
1383.1809691804 183.1316902928 -2000.0000000000
1383.1809691804 183.1316902928 -2000.0000000000
1397.3473516919 1720.8866847373 749.8391232997
309.3125171036 486.5474133514 -602.0446693487
1883.5251342442 1632.2469906035 650.3474239298
1883.5251342442 1632.2469906035 -2000.0000000000
1883.5251342442 1632.2469906035 -2000.0000000000
1883.5251342442 1632.2469906035 -2000.0000000000
1883.5251342442 1632.2469906035 -2000.0000000000
1883.5251342442 1632.2469906035 -2000.0000000000
1883.5251342442 1632.2469906035 -2000.0000000000
-598.3580427935 -1223.9784137559 -1903.8007402057
-598.3580427935 -1223.9784137559 -2000.0000000000
-1346.1042341788 -637.3248788973 -553.5602001661
-1346.1042341788 -637.3248788973 -2000.0000000000
88.8785126914 1134.5382920654 -1096.7547813931
88.8785126914 1134.5382920654 -2000.0000000000
-880.6454253642 -165.8291170676 60.6358220680
-880.6454253642 -165.8291170676 -2000.0000000000
-880.6454253642 -165.8291170676 -2000.0000000000
1122.1277094933 -1385.3837889964 1881.7418067323
-872.2496827304 1778.9012094386 878.3978921910
-136.3444918378 930.6231010471 -1280.0103890367
-35.7541672639 1417.3165809871 -78.2351826532
-35.7541672639 1417.3165809871 -2000.0000000000
-35.7541672639 1417.3165809871 -2000.0000000000
1630.9916745063 1542.8533754029 -1406.0775307916
1630.9916745063 1542.8533754029 -2000.0000000000
1527.9062061100 774.4172773829 215.7830633099
1527.9062061100 774.4172773829 -2000.0000000000
1527.9062061100 774.4172773829 -2000.0000000000
1217.0440491641 -757.8724301940 -1682.5905564603
717.3771333436 -1026.5129653211 -866.4343389430
717.3771333436 -1026.5129653211 -2000.0000000000
1831.0761963838 737.9424314406 -181.4354929235
1391.0380066935 1995.1527942275 -708.8582677201
-999.9504791407 1555.1533892535 1576.3720855319
-999.9504791407 1555.1533892535 -2000.0000000000
-999.9504791407 1555.1533892535 -2000.0000000000
-999.9504791407 1555.1533892535 -2000.0000000000
-999.9504791407 1555.1533892535 -2000.0000000000
-999.9504791407 1555.1533892535 -2000.0000000000
678.7131149766 -456.6080428663 -622.2841511609
678.7131149766 -456.6080428663 -2000.0000000000
-698.9045637365 -227.8641098469 140.5103188795
-698.9045637365 -227.8641098469 -2000.0000000000
-698.9045637365 -227.8641098469 -2000.0000000000
-698.9045637365 -227.8641098469 -2000.0000000000
-698.9045637365 -227.8641098469 -2000.0000000000
-698.9045637365 -227.8641098469 -2000.0000000000
1881.1780360227 -1448.4316260773 -1096.4176697895
1881.1780360227 -1448.4316260773 -2000.0000000000
1881.1780360227 -1448.4316260773 -2000.0000000000
1881.1780360227 -1448.4316260773 -2000.0000000000
1881.1780360227 -1448.4316260773 -2000.0000000000
1881.1780360227 -1448.4316260773 -2000.0000000000
1881.1780360227 -1448.4316260773 -2000.0000000000
1881.1780360227 -1448.4316260773 -2000.0000000000
1881.1780360227 -1448.4316260773 -2000.0000000000
-1397.4476425569 -620.8155528732 -627.6701805185
1727.6995516075 1011.9616428361 1763.8882826377
1727.6995516075 1011.9616428361 -2000.0000000000
1727.6995516075 1011.9616428361 -2000.0000000000
1061.8709945183 -478.9517344088 1817.1727479787
-939.1236561233 690.8180514724 1586.2989733090
-939.1236561233 690.8180514724 -2000.0000000000
-939.1236561233 690.8180514724 -2000.0000000000
-939.1236561233 690.8180514724 -2000.0000000000
-939.1236561233 690.8180514724 -2000.0000000000
-939.1236561233 690.8180514724 -2000.0000000000
-939.1236561233 690.8180514724 -2000.0000000000
-968.6175880606 1708.5527832929 -796.6647268137
-968.6175880606 1708.5527832929 -2000.0000000000
-968.6175880606 1708.5527832929 -2000.0000000000
1064.2815321852 -986.1298168142 1958.5446584388
659.5439255717 800.6635773007 -1842.3238068587
659.5439255717 800.6635773007 -2000.0000000000
659.5439255717 800.6635773007 -2000.0000000000
659.5439255717 800.6635773007 -2000.0000000000
659.5439255717 800.6635773007 -2000.0000000000
659.5439255717 800.6635773007 -2000.0000000000
-284.1535826851 1919.3223707938 1661.6202612032
-284.1535826851 1919.3223707938 -2000.0000000000
-284.1535826851 1919.3223707938 -2000.0000000000
-284.1535826851 1919.3223707938 -2000.0000000000
-284.1535826851 1919.3223707938 -2000.0000000000
-1096.3521140345 411.2478594687 222.4069453334
-1096.3521140345 411.2478594687 -2000.0000000000
-212.4537079284 1587.1856012494 1920.3448501075
-212.4537079284 1587.1856012494 -2000.0000000000
-212.4537079284 1587.1856012494 -2000.0000000000
772.2407408313 1970.4903972686 -588.5906551870
772.2407408313 1970.4903972686 -2000.0000000000
772.2407408313 1970.4903972686 -2000.0000000000
841.6293447987 498.5432752288 581.9431527895
841.6293447987 498.5432752288 -2000.0000000000
841.6293447987 498.5432752288 -2000.0000000000
841.6293447987 498.5432752288 -2000.0000000000
66.5213186087 1650.8920718132 1121.6918541184
-239.7823933104 -717.9616633313 -1811.0877494621
-239.7823933104 -717.9616633313 -2000.0000000000
-239.7823933104 -717.9616633313 -2000.0000000000
1608.4097398149 -395.7443118364 806.6009968729
-1355.2004777071 1937.7959729464 1329.9243979187
-1936.1455969733 606.4307541152 677.1515524676
-1936.1455969733 606.4307541152 -2000.0000000000
-1936.1455969733 606.4307541152 -2000.0000000000
123.8759620370 -112.6498221128 -1586.6060783363
123.8759620370 -112.6498221128 -2000.0000000000
123.8759620370 -112.6498221128 -2000.0000000000
281.4012736551 -197.7323323641 -985.5715172658
281.4012736551 -197.7323323641 -2000.0000000000
281.4012736551 -197.7323323641 -2000.0000000000
-1808.3032337872 1867.3075873665 120.9623578583
-1836.8789005190 -209.8967168561 -1454.3984611592
1698.4622971109 -868.0372924897 1943.1600223842
-925.0922486921 -1540.6345182978 824.2021505058
735.0472257070 476.3147045350 1652.3893579362
-1128.8020731413 1559.6424666670 1883.7187953229
431.3894728881 1122.2958637090 1385.7009513881
-85.7689486716 -1377.1959011813 -1634.4805243821
-85.7689486716 -1377.1959011813 -2000.0000000000
-804.3138854036 -779.0444761045 -226.6737369479
-804.3138854036 -779.0444761045 -2000.0000000000
-804.3138854036 -779.0444761045 -2000.0000000000
1140.3410698596 -1345.4719310631 -139.4054001886
1140.3410698596 -1345.4719310631 -2000.0000000000
29.8612516195 214.8699960913 88.7101129636
29.8612516195 214.8699960913 -2000.0000000000
29.8612516195 214.8699960913 -2000.0000000000
29.8612516195 214.8699960913 -2000.0000000000
29.8612516195 214.8699960913 -2000.0000000000
29.8612516195 214.8699960913 -2000.0000000000
29.8612516195 214.8699960913 -2000.0000000000
-1945.6351671788 433.0769872928 446.0080074156
-1945.6351671788 433.0769872928 -2000.0000000000
-1945.6351671788 433.0769872928 -2000.0000000000
-1693.6140031216 462.2228165485 -1750.4310062787
-1440.8919895335 -763.7291780881 -1554.7214195657
-1440.8919895335 -763.7291780881 -2000.0000000000
-1440.8919895335 -763.7291780881 -2000.0000000000
762.8455381924 1991.2486831167 -1737.0289488109
762.8455381924 1991.2486831167 -2000.0000000000
-1525.8096203717 1225.6293170232 -1339.9839642595
-1525.8096203717 1225.6293170232 -2000.0000000000
1570.1365313796 280.5022892913 1703.2764159747
1570.1365313796 280.5022892913 -2000.0000000000
1570.1365313796 280.5022892913 -2000.0000000000
1457.7151759155 -1689.6170442941 236.7700407070
1234.7554659491 44.0717824604 1011.3796563502
1234.7554659491 44.0717824604 -2000.0000000000
1234.7554659491 44.0717824604 -2000.0000000000
1234.7554659491 44.0717824604 -2000.0000000000
1234.7554659491 44.0717824604 -2000.0000000000
1234.7554659491 44.0717824604 -2000.0000000000
-1964.0512048713 -1686.0513090801 -90.0958199618
-1964.0512048713 -1686.0513090801 -2000.0000000000
-1964.0512048713 -1686.0513090801 -2000.0000000000
-1964.0512048713 -1686.0513090801 -2000.0000000000
-1964.0512048713 -1686.0513090801 -2000.0000000000
-1964.0512048713 -1686.0513090801 -2000.0000000000
592.9878601149 -679.9946936964 -1375.5838937632
592.9878601149 -679.9946936964 -2000.0000000000
391.8672567602 1515.0443615161 -1504.9735609932
391.8672567602 1515.0443615161 -2000.0000000000
391.8672567602 1515.0443615161 -2000.0000000000
503.3140679766 -965.8581453606 -1503.2803250246
424.2141793619 -1162.6661619580 -888.3737135812
424.2141793619 -1162.6661619580 -2000.0000000000
424.2141793619 -1162.6661619580 -2000.0000000000
424.2141793619 -1162.6661619580 -2000.0000000000
1864.9273060658 -872.1054207122 411.6004882805
1864.9273060658 -872.1054207122 -2000.0000000000
1864.9273060658 -872.1054207122 -2000.0000000000
1864.9273060658 -872.1054207122 -2000.0000000000
1864.9273060658 -872.1054207122 -2000.0000000000
1864.9273060658 -872.1054207122 -2000.0000000000
1864.9273060658 -872.1054207122 -2000.0000000000
-1944.4034591454 1376.9787822939 1753.1125078039
-1944.4034591454 1376.9787822939 -2000.0000000000
-1944.4034591454 1376.9787822939 -2000.0000000000
1734.4284681172 -1731.9429642819 1732.7511369856
-1766.1223060984 449.8391789836 -673.9233708610
-404.0176384833 81.1457014668 694.1997492051
-404.0176384833 81.1457014668 -2000.0000000000
-404.0176384833 81.1457014668 -2000.0000000000
-404.0176384833 81.1457014668 -2000.0000000000
-350.0250863296 1646.5493349123 1585.2180320654
-350.0250863296 1646.5493349123 -2000.0000000000
-350.0250863296 1646.5493349123 -2000.0000000000
-350.0250863296 1646.5493349123 -2000.0000000000
-350.0250863296 1646.5493349123 -2000.0000000000
-350.0250863296 1646.5493349123 -2000.0000000000
-350.0250863296 1646.5493349123 -2000.0000000000
-350.0250863296 1646.5493349123 -2000.0000000000
1313.0517300348 1825.4728975277 353.1358567560
1313.0517300348 1825.4728975277 -2000.0000000000
430.3552851711 -1515.0389681881 124.8835307794
954.2068634962 -990.1757969161 1749.7179433118
954.2068634962 -990.1757969161 -2000.0000000000
954.2068634962 -990.1757969161 -2000.0000000000
-1489.4159164518 273.8477033665 1228.5708974289
736.8518733735 -814.5933677535 1899.7216318736
736.8518733735 -814.5933677535 -2000.0000000000
736.8518733735 -814.5933677535 -2000.0000000000
736.8518733735 -814.5933677535 -2000.0000000000
736.8518733735 -814.5933677535 -2000.0000000000
736.8518733735 -814.5933677535 -2000.0000000000
736.8518733735 -814.5933677535 -2000.0000000000
736.8518733735 -814.5933677535 -2000.0000000000
736.8518733735 -814.5933677535 -2000.0000000000
736.8518733735 -814.5933677535 -2000.0000000000
736.8518733735 -814.5933677535 -2000.0000000000
736.8518733735 -814.5933677535 -2000.0000000000
736.8518733735 -814.5933677535 -2000.0000000000
736.8518733735 -814.5933677535 -2000.0000000000
-1422.8276502559 -653.3472414785 -1240.2380831079
-1422.8276502559 -653.3472414785 -2000.0000000000
-1422.8276502559 -653.3472414785 -2000.0000000000
-1422.8276502559 -653.3472414785 -2000.0000000000
-1422.8276502559 -653.3472414785 -2000.0000000000
-1422.8276502559 -653.3472414785 -2000.0000000000
-1422.8276502559 -653.3472414785 -2000.0000000000
-1422.8276502559 -653.3472414785 -2000.0000000000
-1422.8276502559 -653.3472414785 -2000.0000000000
-1422.8276502559 -653.3472414785 -2000.0000000000
-1030.0110052216 -1777.2114101310 -498.4289180789
1637.6685920894 1426.1116218030 -478.3941889303
-1778.7368531363 1413.7522300259 858.3174436419
-1778.7368531363 1413.7522300259 -2000.0000000000
-1778.7368531363 1413.7522300259 -2000.0000000000
1147.0898332758 -1289.2025814351 295.9150651069
1147.0898332758 -1289.2025814351 -2000.0000000000
812.5979583927 629.8232000794 148.4099056140
812.5979583927 629.8232000794 -2000.0000000000
812.5979583927 629.8232000794 -2000.0000000000
812.5979583927 629.8232000794 -2000.0000000000
68.8930025764 -1675.4953000987 -1540.9546022453
68.8930025764 -1675.4953000987 -2000.0000000000
68.8930025764 -1675.4953000987 -2000.0000000000
-1133.4293979619 523.0864589920 -1761.6425133189
-1133.4293979619 523.0864589920 -2000.0000000000
988.5645167379 -316.4413149688 -1962.5386948354
988.5645167379 -316.4413149688 -2000.0000000000
347.0519915607 -1020.4010141492 -1365.1336787999
347.0519915607 -1020.4010141492 -2000.0000000000
347.0519915607 -1020.4010141492 -2000.0000000000
347.0519915607 -1020.4010141492 -2000.0000000000
347.0519915607 -1020.4010141492 -2000.0000000000
347.0519915607 -1020.4010141492 -2000.0000000000
5.9938777654 850.1173376996 1217.6129533490
5.9938777654 850.1173376996 -2000.0000000000
5.9938777654 850.1173376996 -2000.0000000000
5.9938777654 850.1173376996 -2000.0000000000
-40.4633984007 580.1634927624 -946.5578645438
-40.4633984007 580.1634927624 -2000.0000000000
-782.6308838817 554.9691417886 1131.1785353995
-782.6308838817 554.9691417886 -2000.0000000000
-782.6308838817 554.9691417886 -2000.0000000000
-782.6308838817 554.9691417886 -2000.0000000000
-410.0835120147 436.6630230479 503.8378743564
-410.0835120147 436.6630230479 -2000.0000000000
1392.8773323582 -1882.9837400464 845.8642580848
1392.8773323582 -1882.9837400464 -2000.0000000000
-164.5378437580 1051.1354518008 845.9628918044
-164.5378437580 1051.1354518008 -2000.0000000000
-164.5378437580 1051.1354518008 -2000.0000000000
-164.5378437580 1051.1354518008 -2000.0000000000
-164.5378437580 1051.1354518008 -2000.0000000000
-1222.7643196644 923.1713711164 -777.9449538948
195.1539395942 1456.6357167369 1636.9272307694
195.1539395942 1456.6357167369 -2000.0000000000
195.1539395942 1456.6357167369 -2000.0000000000
195.1539395942 1456.6357167369 -2000.0000000000
180.7799279392 1097.7671844317 -761.2456237744
-378.4872385765 -430.5012815959 1916.9333062946
-1377.0231145743 -1202.1272658574 -1362.5310471476
-280.8180774133 -1287.7610049839 748.5032610142
-280.8180774133 -1287.7610049839 -2000.0000000000
-280.8180774133 -1287.7610049839 -2000.0000000000
-280.8180774133 -1287.7610049839 -2000.0000000000
-280.8180774133 -1287.7610049839 -2000.0000000000
-280.8180774133 -1287.7610049839 -2000.0000000000
-280.8180774133 -1287.7610049839 -2000.0000000000
-280.8180774133 -1287.7610049839 -2000.0000000000
-280.8180774133 -1287.7610049839 -2000.0000000000
-280.8180774133 -1287.7610049839 -2000.0000000000
-280.8180774133 -1287.7610049839 -2000.0000000000
1905.5792045932 1555.0277649206 -1171.3495442363
1905.5792045932 1555.0277649206 -2000.0000000000
1905.5792045932 1555.0277649206 -2000.0000000000
-85.0106888432 1370.8227398858 -1340.9279212259
-85.0106888432 1370.8227398858 -2000.0000000000
-85.0106888432 1370.8227398858 -2000.0000000000
-85.0106888432 1370.8227398858 -2000.0000000000
-85.0106888432 1370.8227398858 -2000.0000000000
-85.0106888432 1370.8227398858 -2000.0000000000
-85.0106888432 1370.8227398858 -2000.0000000000
-85.0106888432 1370.8227398858 -2000.0000000000
-85.0106888432 1370.8227398858 -2000.0000000000
-85.0106888432 1370.8227398858 -2000.0000000000
-822.6789054577 43.9501777982 -911.7872347252
-822.6789054577 43.9501777982 -2000.0000000000
-822.6789054577 43.9501777982 -2000.0000000000
-822.6789054577 43.9501777982 -2000.0000000000
598.2331901791 1154.3090481522 -26.8567883593
508.8435482974 511.4618441071 -602.8519490820
508.8435482974 511.4618441071 -2000.0000000000
-1195.4620094596 -1322.3861527157 -1023.9740731598
1557.7114494618 500.3685585783 459.1705592370
-137.9880301633 331.0340226337 840.7559087361
-137.9880301633 331.0340226337 -2000.0000000000
-137.9880301633 331.0340226337 -2000.0000000000
-137.9880301633 331.0340226337 -2000.0000000000
-137.9880301633 331.0340226337 -2000.0000000000
-137.9880301633 331.0340226337 -2000.0000000000
606.5254884042 1440.1686191466 -1408.0785450504
606.5254884042 1440.1686191466 -2000.0000000000
606.5254884042 1440.1686191466 -2000.0000000000
606.5254884042 1440.1686191466 -2000.0000000000
606.5254884042 1440.1686191466 -2000.0000000000
606.5254884042 1440.1686191466 -2000.0000000000
769.3835166944 1332.0402643685 -1900.3704651522
-1181.5095059783 -617.3930446548 -134.0178318452
-1459.6705055643 -46.4430106833 -1168.3405125389
952.6491886045 966.7261079796 -281.3608568994
603.9677452654 -202.9094294434 -536.6946702511
-1001.9430594946 -1574.0433142076 1409.1896962633
-1001.9430594946 -1574.0433142076 -2000.0000000000
1077.1504755067 1300.1596896179 -893.2366947500
-1420.3858114538 835.9953034540 -1944.1624493714
-1420.3858114538 835.9953034540 -2000.0000000000
-1420.3858114538 835.9953034540 -2000.0000000000
-1662.9854326151 43.4748482667 1300.0089645378
534.0198977920 262.4584947363 -1737.3332481140
534.0198977920 262.4584947363 -2000.0000000000
534.0198977920 262.4584947363 -2000.0000000000
1267.3092767209 1946.7000733830 -666.4916029709
1267.3092767209 1946.7000733830 -2000.0000000000
499.9639447945 481.8809321360 1298.1576890703
499.9639447945 481.8809321360 -2000.0000000000
499.9639447945 481.8809321360 -2000.0000000000
499.9639447945 481.8809321360 -2000.0000000000
499.9639447945 481.8809321360 -2000.0000000000
499.9639447945 481.8809321360 -2000.0000000000
499.9639447945 481.8809321360 -2000.0000000000
-289.3609939140 -1954.6246243319 -1875.3402273718
-289.3609939140 -1954.6246243319 -2000.0000000000
-289.3609939140 -1954.6246243319 -2000.0000000000
-289.3609939140 -1954.6246243319 -2000.0000000000
1733.1241852288 336.1408140816 315.0315247202
1513.7096271229 1489.2038578739 1166.4992831186
1513.7096271229 1489.2038578739 -2000.0000000000
1513.7096271229 1489.2038578739 -2000.0000000000
1513.7096271229 1489.2038578739 -2000.0000000000
1513.7096271229 1489.2038578739 -2000.0000000000
1513.7096271229 1489.2038578739 -2000.0000000000
1513.7096271229 1489.2038578739 -2000.0000000000
1513.7096271229 1489.2038578739 -2000.0000000000
1513.7096271229 1489.2038578739 -2000.0000000000
-1417.9680022070 -1636.4359529126 -576.7459777274
-1417.9680022070 -1636.4359529126 -2000.0000000000
-1417.9680022070 -1636.4359529126 -2000.0000000000
688.5784261503 250.3853424601 546.1369688100
688.5784261503 250.3853424601 -2000.0000000000
688.5784261503 250.3853424601 -2000.0000000000
688.5784261503 250.3853424601 -2000.0000000000
897.6293891579 526.1514247152 -1565.6874401877
897.6293891579 526.1514247152 -2000.0000000000
1590.0079030691 417.4304602367 -1785.2798000935
1590.0079030691 417.4304602367 -2000.0000000000
-1235.2924715423 737.3181466796 617.7660733072
-1235.2924715423 737.3181466796 -2000.0000000000
-1235.2924715423 737.3181466796 -2000.0000000000
-1235.2924715423 737.3181466796 -2000.0000000000
-1235.2924715423 737.3181466796 -2000.0000000000
-1235.2924715423 737.3181466796 -2000.0000000000
-43.1083546657 -1201.0238524384 -1515.9293226556
1050.8662291204 1075.9875231580 1454.9205526654
1050.8662291204 1075.9875231580 -2000.0000000000
-282.1016048017 -986.0242779666 -464.0897231794
-282.1016048017 -986.0242779666 -2000.0000000000
-282.1016048017 -986.0242779666 -2000.0000000000
-282.1016048017 -986.0242779666 -2000.0000000000
-282.1016048017 -986.0242779666 -2000.0000000000
-282.1016048017 -986.0242779666 -2000.0000000000
-282.1016048017 -986.0242779666 -2000.0000000000
754.6512353344 1829.2980472120 1203.3792617485
754.6512353344 1829.2980472120 -2000.0000000000
754.6512353344 1829.2980472120 -2000.0000000000
754.6512353344 1829.2980472120 -2000.0000000000
754.6512353344 1829.2980472120 -2000.0000000000
754.6512353344 1829.2980472120 -2000.0000000000
754.6512353344 1829.2980472120 -2000.0000000000
754.6512353344 1829.2980472120 -2000.0000000000
754.6512353344 1829.2980472120 -2000.0000000000
-805.2358456633 1033.0034111935 49.7851137114
-710.5462030024 1283.9660299704 -1129.5977080100
-710.5462030024 1283.9660299704 -2000.0000000000
-710.5462030024 1283.9660299704 -2000.0000000000
1642.7543266859 349.0348149793 1005.9161133632
1642.7543266859 349.0348149793 -2000.0000000000
1642.7543266859 349.0348149793 -2000.0000000000
313.1022439460 -784.8473852249 593.0054546817
313.1022439460 -784.8473852249 -2000.0000000000
597.2925448382 -1538.4071143931 -287.4826377981
-1189.8290434482 1553.7132009813 1481.7723169135
-1189.8290434482 1553.7132009813 -2000.0000000000
-1189.8290434482 1553.7132009813 -2000.0000000000
-746.1228016100 707.7292677741 113.4247975952
386.5119634435 103.2897440013 -36.1116677333
-322.7357535074 534.9634492050 1184.4642181784
-322.7357535074 534.9634492050 -2000.0000000000
-322.7357535074 534.9634492050 -2000.0000000000
-322.7357535074 534.9634492050 -2000.0000000000
-322.7357535074 534.9634492050 -2000.0000000000
-322.7357535074 534.9634492050 -2000.0000000000
-322.7357535074 534.9634492050 -2000.0000000000
-322.7357535074 534.9634492050 -2000.0000000000
-322.7357535074 534.9634492050 -2000.0000000000
-1655.0374639093 -548.4547432017 1992.7090847526
-1655.0374639093 -548.4547432017 -2000.0000000000
-1655.0374639093 -548.4547432017 -2000.0000000000
-1655.0374639093 -548.4547432017 -2000.0000000000
-1244.1501137596 -565.3303525957 1445.3004021842
871.4181265385 640.8982244748 608.3155408159
-62.5572685343 -1199.1666865303 1509.5883244855
-62.5572685343 -1199.1666865303 -2000.0000000000
-62.5572685343 -1199.1666865303 -2000.0000000000
-62.5572685343 -1199.1666865303 -2000.0000000000
-62.5572685343 -1199.1666865303 -2000.0000000000
-62.5572685343 -1199.1666865303 -2000.0000000000
430.4921815166 -1798.3006708060 -1613.6189701103
430.4921815166 -1798.3006708060 -2000.0000000000
1931.2403133983 583.8765819667 -1277.6335296990
1931.2403133983 583.8765819667 -2000.0000000000
1931.2403133983 583.8765819667 -2000.0000000000
-1300.5598296393 -1002.1675834950 -1938.7058510518
-1300.5598296393 -1002.1675834950 -2000.0000000000
-1300.5598296393 -1002.1675834950 -2000.0000000000
1616.1862930975 -1923.8925846104 -1099.8672971049
1616.1862930975 -1923.8925846104 -2000.0000000000
298.5067297024 -852.9547362094 1725.6310757361
298.5067297024 -852.9547362094 -2000.0000000000
298.5067297024 -852.9547362094 -2000.0000000000
298.5067297024 -852.9547362094 -2000.0000000000
298.5067297024 -852.9547362094 -2000.0000000000
298.5067297024 -852.9547362094 -2000.0000000000
-214.9382380079 963.4033441384 1115.6743584356
1529.5378130105 701.8644640003 -1673.7440083707
1529.5378130105 701.8644640003 -2000.0000000000
1529.5378130105 701.8644640003 -2000.0000000000
-531.1925324771 414.8710869256 1745.9250562265
-531.1925324771 414.8710869256 -2000.0000000000
777.5437412176 -1588.3932169791 -939.8434566922
777.5437412176 -1588.3932169791 -2000.0000000000
615.1788930676 515.7361580128 -762.1666002309
615.1788930676 515.7361580128 -2000.0000000000
663.3869632295 -1682.8968314968 -324.6295402647
663.3869632295 -1682.8968314968 -2000.0000000000
663.3869632295 -1682.8968314968 -2000.0000000000
663.3869632295 -1682.8968314968 -2000.0000000000
663.3869632295 -1682.8968314968 -2000.0000000000
1215.8704157913 -1237.9817972743 277.1798502709
1215.8704157913 -1237.9817972743 -2000.0000000000
1215.8704157913 -1237.9817972743 -2000.0000000000
1215.8704157913 -1237.9817972743 -2000.0000000000
1215.8704157913 -1237.9817972743 -2000.0000000000
1215.8704157913 -1237.9817972743 -2000.0000000000
1215.8704157913 -1237.9817972743 -2000.0000000000
1215.8704157913 -1237.9817972743 -2000.0000000000
1215.8704157913 -1237.9817972743 -2000.0000000000
1215.8704157913 -1237.9817972743 -2000.0000000000
-501.4568550360 1595.2103694296 -1854.2106512313
-501.4568550360 1595.2103694296 -2000.0000000000
-501.4568550360 1595.2103694296 -2000.0000000000
-695.6071950968 450.7856665202 1029.0257174680
-695.6071950968 450.7856665202 -2000.0000000000
1477.3710849307 -1003.9335325252 1032.2339740529
-1211.6803630811 37.6472109168 1268.6571006945
-1211.6803630811 37.6472109168 -2000.0000000000
-1211.6803630811 37.6472109168 -2000.0000000000
-1211.6803630811 37.6472109168 -2000.0000000000
-1211.6803630811 37.6472109168 -2000.0000000000
-1211.6803630811 37.6472109168 -2000.0000000000
-1211.6803630811 37.6472109168 -2000.0000000000
304.5057357075 -1042.0712855589 -1953.1579950340
-1937.1548627132 -154.6440698274 80.2082394005
-1937.1548627132 -154.6440698274 -2000.0000000000
-260.9517147075 -1476.9525222061 -1077.2947151291
1387.0655317606 1076.4215933534 1413.4973546832
1387.0655317606 1076.4215933534 -2000.0000000000
1387.0655317606 1076.4215933534 -2000.0000000000
1387.0655317606 1076.4215933534 -2000.0000000000
1387.0655317606 1076.4215933534 -2000.0000000000
1289.7268174535 580.3583888210 -902.7783683152
1289.7268174535 580.3583888210 -2000.0000000000
1289.7268174535 580.3583888210 -2000.0000000000
1289.7268174535 580.3583888210 -2000.0000000000
1289.7268174535 580.3583888210 -2000.0000000000
1289.7268174535 580.3583888210 -2000.0000000000
-1318.0183855830 -1862.1902000150 1339.7822166258
-1318.0183855830 -1862.1902000150 -2000.0000000000
-1318.0183855830 -1862.1902000150 -2000.0000000000
1383.3814010544 1514.4680077941 -1320.7613604790
1383.3814010544 1514.4680077941 -2000.0000000000
1383.3814010544 1514.4680077941 -2000.0000000000
113.8741958817 1030.2414234010 951.2425091390
1948.6628010705 449.2595301321 -1765.9291818507
1948.6628010705 449.2595301321 -2000.0000000000
1948.6628010705 449.2595301321 -2000.0000000000
1948.6628010705 449.2595301321 -2000.0000000000
1948.6628010705 449.2595301321 -2000.0000000000
1948.6628010705 449.2595301321 -2000.0000000000
-914.7311939963 -312.9614424232 64.9417579690
-914.7311939963 -312.9614424232 -2000.0000000000
-914.7311939963 -312.9614424232 -2000.0000000000
-914.7311939963 -312.9614424232 -2000.0000000000
-86.9433874793 -837.0988556843 928.1614265020
-86.9433874793 -837.0988556843 -2000.0000000000
-1462.9411644484 -670.6588079635 -698.0599752169
-1462.9411644484 -670.6588079635 -2000.0000000000
-1462.9411644484 -670.6588079635 -2000.0000000000
-22.9089689487 379.0059581694 490.2720303190
1582.5485513294 -1157.3739141254 1445.1674413094
1582.5485513294 -1157.3739141254 -2000.0000000000
1582.5485513294 -1157.3739141254 -2000.0000000000
-559.5710942651 -431.3032754285 824.7677952159
-1691.7823792603 -1285.0509025509 271.2854140218
-1441.9165544920 1164.3861478039 -96.0804695614
-1441.9165544920 1164.3861478039 -2000.0000000000
-1441.9165544920 1164.3861478039 -2000.0000000000
-1441.9165544920 1164.3861478039 -2000.0000000000
-1441.9165544920 1164.3861478039 -2000.0000000000
-1441.9165544920 1164.3861478039 -2000.0000000000
684.7393665510 1820.5559959478 -1246.2786921353
684.7393665510 1820.5559959478 -2000.0000000000
-597.5040629487 355.7202572718 -1768.6006187341
-597.5040629487 355.7202572718 -2000.0000000000
1389.7621417940 172.4593524242 -413.2888584777
920.8167478111 360.7305368456 -1713.3211007266
-1832.7599430991 -1404.0944593819 60.2616000986
-1832.7599430991 -1404.0944593819 -2000.0000000000
-1832.7599430991 -1404.0944593819 -2000.0000000000
-1455.2242749637 -1244.4223296029 578.6026378155
-1455.2242749637 -1244.4223296029 -2000.0000000000
-1455.2242749637 -1244.4223296029 -2000.0000000000
-1455.2242749637 -1244.4223296029 -2000.0000000000
1261.8670848564 -523.3371775265 388.8874980969
-713.2107058451 505.0277964436 124.0347475146
457.9950893382 985.6108904271 -1567.1939989730
457.9950893382 985.6108904271 -2000.0000000000
128.5483249976 -1893.3915851216 1369.9480920079
128.5483249976 -1893.3915851216 -2000.0000000000
128.5483249976 -1893.3915851216 -2000.0000000000
341.0839940079 -1659.4082234005 -1945.2363276925
341.0839940079 -1659.4082234005 -2000.0000000000
341.0839940079 -1659.4082234005 -2000.0000000000
341.0839940079 -1659.4082234005 -2000.0000000000
341.0839940079 -1659.4082234005 -2000.0000000000
635.4691191658 864.8274371856 1768.8254271970
731.2243880998 -1367.9913081072 558.5083904544
731.2243880998 -1367.9913081072 -2000.0000000000
209.1295186070 -1150.6678832251 -1158.9619960288
209.1295186070 -1150.6678832251 -2000.0000000000
1900.4304757248 -1477.6689935188 -824.4325175853
-1206.4167851126 930.8058543772 577.9668006186
-1206.4167851126 930.8058543772 -2000.0000000000
1768.3816817785 783.0099722136 -1896.5811839803
1768.3816817785 783.0099722136 -2000.0000000000
1768.3816817785 783.0099722136 -2000.0000000000
1768.3816817785 783.0099722136 -2000.0000000000
1768.3816817785 783.0099722136 -2000.0000000000
1768.3816817785 783.0099722136 -2000.0000000000
-1529.2978983385 -1867.3960358197 631.6123158569
-417.0798745658 -1567.8453101220 221.9970866404
-417.0798745658 -1567.8453101220 -2000.0000000000
-417.0798745658 -1567.8453101220 -2000.0000000000
-417.0798745658 -1567.8453101220 -2000.0000000000
-822.8461709936 -1649.8754134726 1212.2167028362
-822.8461709936 -1649.8754134726 -2000.0000000000
-822.8461709936 -1649.8754134726 -2000.0000000000
-823.9126445626 -1223.8220171873 -982.0805727986
-823.9126445626 -1223.8220171873 -2000.0000000000
-823.9126445626 -1223.8220171873 -2000.0000000000
-224.8277864321 1019.7668931239 825.8944331469
-224.8277864321 1019.7668931239 -2000.0000000000
32.6512810836 -886.5344888673 -513.7299014693
32.6512810836 -886.5344888673 -2000.0000000000
32.6512810836 -886.5344888673 -2000.0000000000
32.6512810836 -886.5344888673 -2000.0000000000
32.6512810836 -886.5344888673 -2000.0000000000
168.2608790829 1897.8008063892 232.5313965548
168.2608790829 1897.8008063892 -2000.0000000000
342.2191702425 -1751.6681412066 792.4384324534
342.2191702425 -1751.6681412066 -2000.0000000000
1960.9446074928 -506.1037085716 795.4302424717
1960.9446074928 -506.1037085716 -2000.0000000000
-1727.0797354364 -1623.3448845308 332.5112999456
-1727.0797354364 -1623.3448845308 -2000.0000000000
-1727.0797354364 -1623.3448845308 -2000.0000000000
1520.2234613731 1231.6125182383 990.9204452176
1520.2234613731 1231.6125182383 -2000.0000000000
1520.2234613731 1231.6125182383 -2000.0000000000
1520.2234613731 1231.6125182383 -2000.0000000000
1520.2234613731 1231.6125182383 -2000.0000000000
1520.2234613731 1231.6125182383 -2000.0000000000
1520.2234613731 1231.6125182383 -2000.0000000000
1520.2234613731 1231.6125182383 -2000.0000000000
1520.2234613731 1231.6125182383 -2000.0000000000
1520.2234613731 1231.6125182383 -2000.0000000000
-395.0440152509 1279.1075775577 -1652.3247224254
-395.0440152509 1279.1075775577 -2000.0000000000
-1321.3555712012 1537.9252487080 1264.0359514237
-479.3153792556 -1162.3874570024 -839.2546831775
-479.3153792556 -1162.3874570024 -2000.0000000000
-479.3153792556 -1162.3874570024 -2000.0000000000
-479.3153792556 -1162.3874570024 -2000.0000000000
-479.3153792556 -1162.3874570024 -2000.0000000000
24.4923492539 -524.6871189545 467.3025807541
24.4923492539 -524.6871189545 -2000.0000000000
24.4923492539 -524.6871189545 -2000.0000000000
-1076.3386318031 368.7381258370 -1352.3806519238
319.8939565775 1864.4947016843 -206.8651438119
-253.9148651032 1631.7636510265 1580.7272787552
-1715.8505623558 1397.5587678292 799.8938790137
-1715.8505623558 1397.5587678292 -2000.0000000000
-1715.8505623558 1397.5587678292 -2000.0000000000
-1715.8505623558 1397.5587678292 -2000.0000000000
-1715.8505623558 1397.5587678292 -2000.0000000000
-1715.8505623558 1397.5587678292 -2000.0000000000
-1715.8505623558 1397.5587678292 -2000.0000000000
1970.4507923282 1724.7798074228 1087.5518021455
651.6727069623 -1488.1543326294 -1512.0799533582
651.6727069623 -1488.1543326294 -2000.0000000000
651.6727069623 -1488.1543326294 -2000.0000000000
484.1346283999 -318.3679528243 -927.0314567410
484.1346283999 -318.3679528243 -2000.0000000000
-1289.0561834622 1695.9554328501 -1630.1194492378
-1289.0561834622 1695.9554328501 -2000.0000000000
-1289.0561834622 1695.9554328501 -2000.0000000000
-1289.0561834622 1695.9554328501 -2000.0000000000
1530.1981980274 -399.0621774320 747.7124626602
1530.1981980274 -399.0621774320 -2000.0000000000
1919.9076638158 -1612.6775177719 -1102.6432457448
1919.9076638158 -1612.6775177719 -2000.0000000000
1919.9076638158 -1612.6775177719 -2000.0000000000
1919.9076638158 -1612.6775177719 -2000.0000000000
1919.9076638158 -1612.6775177719 -2000.0000000000
1143.6438060891 1137.5797532869 1798.3656166934
1143.6438060891 1137.5797532869 -2000.0000000000
1143.6438060891 1137.5797532869 -2000.0000000000
1143.6438060891 1137.5797532869 -2000.0000000000
1143.6438060891 1137.5797532869 -2000.0000000000
1143.6438060891 1137.5797532869 -2000.0000000000
-533.1796112364 1901.4114442044 1286.1719256720
-1714.6422029818 -1419.2666719097 1497.3930337291
-1714.6422029818 -1419.2666719097 -2000.0000000000
381.3929615969 -241.5517687523 1560.7764929359
381.3929615969 -241.5517687523 -2000.0000000000
381.3929615969 -241.5517687523 -2000.0000000000
381.3929615969 -241.5517687523 -2000.0000000000
-1002.6370632496 -1181.8594279966 -804.3561475025
1384.7039913287 -1448.0638969717 -1946.0358288355
-588.7981438686 -586.3283335841 864.8008124427
-588.7981438686 -586.3283335841 -2000.0000000000
-588.7981438686 -586.3283335841 -2000.0000000000
-588.7981438686 -586.3283335841 -2000.0000000000
-588.7981438686 -586.3283335841 -2000.0000000000
491.6221742629 -1896.6903788704 1171.4793424021
-479.1382108301 1542.5713077099 1713.8576361433
717.8244587406 -1648.1450451680 284.0852620941
717.8244587406 -1648.1450451680 -2000.0000000000
717.8244587406 -1648.1450451680 -2000.0000000000
717.8244587406 -1648.1450451680 -2000.0000000000
717.8244587406 -1648.1450451680 -2000.0000000000
717.8244587406 -1648.1450451680 -2000.0000000000
277.2509203876 -443.4075339441 -809.5638926970
323.9279689328 1417.8653130989 1654.2886108115
-46.0092380058 -1728.2668822586 -1534.9713118002
-46.0092380058 -1728.2668822586 -2000.0000000000
-46.0092380058 -1728.2668822586 -2000.0000000000
-46.0092380058 -1728.2668822586 -2000.0000000000
-46.0092380058 -1728.2668822586 -2000.0000000000
1739.2303302064 1952.2682064152 -1828.0449826560
1739.2303302064 1952.2682064152 -2000.0000000000
1463.2734063125 1791.6077738508 -731.6417431080
1463.2734063125 1791.6077738508 -2000.0000000000
1463.2734063125 1791.6077738508 -2000.0000000000
1463.2734063125 1791.6077738508 -2000.0000000000
-908.1201876136 -721.9809542131 855.3578725994
-908.1201876136 -721.9809542131 -2000.0000000000
-908.1201876136 -721.9809542131 -2000.0000000000
-908.1201876136 -721.9809542131 -2000.0000000000
-908.1201876136 -721.9809542131 -2000.0000000000
-1890.1464988241 -89.4973016318 -117.2441986302
-1890.1464988241 -89.4973016318 -2000.0000000000
1972.4529500945 -1746.1540768119 -494.1883959880
1972.4529500945 -1746.1540768119 -2000.0000000000
1972.4529500945 -1746.1540768119 -2000.0000000000
1972.4529500945 -1746.1540768119 -2000.0000000000
1972.4529500945 -1746.1540768119 -2000.0000000000
1972.4529500945 -1746.1540768119 -2000.0000000000
1972.4529500945 -1746.1540768119 -2000.0000000000
1972.4529500945 -1746.1540768119 -2000.0000000000
1972.4529500945 -1746.1540768119 -2000.0000000000
1972.4529500945 -1746.1540768119 -2000.0000000000
1972.4529500945 -1746.1540768119 -2000.0000000000
1972.4529500945 -1746.1540768119 -2000.0000000000
1972.4529500945 -1746.1540768119 -2000.0000000000
987.9441606669 -1048.9241521184 -56.5090471398
1604.4954205448 1313.4429534744 1679.9963911431
1604.4954205448 1313.4429534744 -2000.0000000000
1604.4954205448 1313.4429534744 -2000.0000000000
1604.4954205448 1313.4429534744 -2000.0000000000
1604.4954205448 1313.4429534744 -2000.0000000000
1604.4954205448 1313.4429534744 -2000.0000000000
1604.4954205448 1313.4429534744 -2000.0000000000
1720.8432504429 -693.3095196458 340.9202631769
1720.8432504429 -693.3095196458 -2000.0000000000
1720.8432504429 -693.3095196458 -2000.0000000000
1720.8432504429 -693.3095196458 -2000.0000000000
1720.8432504429 -693.3095196458 -2000.0000000000
-1955.7241842838 1827.8402405015 -127.0075678168
-1955.7241842838 1827.8402405015 -2000.0000000000
1600.8454214391 797.0087167883 460.7173644070
983.9181039604 -1825.3917420866 -834.6583838769
983.9181039604 -1825.3917420866 -2000.0000000000
983.9181039604 -1825.3917420866 -2000.0000000000
983.9181039604 -1825.3917420866 -2000.0000000000
983.9181039604 -1825.3917420866 -2000.0000000000
983.9181039604 -1825.3917420866 -2000.0000000000
983.9181039604 -1825.3917420866 -2000.0000000000
983.9181039604 -1825.3917420866 -2000.0000000000
-1459.0390851407 813.7877882411 -571.3231534489
-1459.0390851407 813.7877882411 -2000.0000000000
-1459.0390851407 813.7877882411 -2000.0000000000
-1459.0390851407 813.7877882411 -2000.0000000000
-1459.0390851407 813.7877882411 -2000.0000000000
-1459.0390851407 813.7877882411 -2000.0000000000
-1459.0390851407 813.7877882411 -2000.0000000000
-1459.0390851407 813.7877882411 -2000.0000000000
-1459.0390851407 813.7877882411 -2000.0000000000
-1459.0390851407 813.7877882411 -2000.0000000000
-1459.0390851407 813.7877882411 -2000.0000000000
50.6071895035 -1879.4493318095 -1745.6518678506
50.6071895035 -1879.4493318095 -2000.0000000000
50.6071895035 -1879.4493318095 -2000.0000000000
50.6071895035 -1879.4493318095 -2000.0000000000
50.6071895035 -1879.4493318095 -2000.0000000000
50.6071895035 -1879.4493318095 -2000.0000000000
50.6071895035 -1879.4493318095 -2000.0000000000
50.6071895035 -1879.4493318095 -2000.0000000000
1126.8018823583 -941.0142366929 302.1564107742
-1464.2700502547 -160.3343868762 -1778.1148175568
-727.9573502050 687.6105507138 -508.9999482418
-727.9573502050 687.6105507138 -2000.0000000000
-727.9573502050 687.6105507138 -2000.0000000000
-727.9573502050 687.6105507138 -2000.0000000000
-727.9573502050 687.6105507138 -2000.0000000000
-727.9573502050 687.6105507138 -2000.0000000000
-727.9573502050 687.6105507138 -2000.0000000000
-727.9573502050 687.6105507138 -2000.0000000000
-727.9573502050 687.6105507138 -2000.0000000000
-727.9573502050 687.6105507138 -2000.0000000000
-727.9573502050 687.6105507138 -2000.0000000000
-727.9573502050 687.6105507138 -2000.0000000000
-727.9573502050 687.6105507138 -2000.0000000000
-727.9573502050 687.6105507138 -2000.0000000000
-727.9573502050 687.6105507138 -2000.0000000000
-727.9573502050 687.6105507138 -2000.0000000000
1766.8418666230 707.6082123092 -1734.4204611172
1766.8418666230 707.6082123092 -2000.0000000000
-1337.8973185282 -1630.8164645804 129.2060443219
-1337.8973185282 -1630.8164645804 -2000.0000000000
-1337.8973185282 -1630.8164645804 -2000.0000000000
-1337.8973185282 -1630.8164645804 -2000.0000000000
-1337.8973185282 -1630.8164645804 -2000.0000000000
-1515.0524315605 -1174.2236497395 490.8959776655
-1515.0524315605 -1174.2236497395 -2000.0000000000
-1515.0524315605 -1174.2236497395 -2000.0000000000
1422.4378110583 1152.9083724623 -1208.6948166191
1422.4378110583 1152.9083724623 -2000.0000000000
1422.4378110583 1152.9083724623 -2000.0000000000
1422.4378110583 1152.9083724623 -2000.0000000000
1422.4378110583 1152.9083724623 -2000.0000000000
-1613.2338963895 1151.1548991364 1081.1724702158
1444.7828449717 345.4360687667 590.6695891420
-1476.4281779908 322.0137454056 -215.4778079377
-1476.4281779908 322.0137454056 -2000.0000000000
641.7573406344 1445.7771191930 26.1657848735
-458.9662722933 -68.0213934148 -1171.5982708989
-570.6886067177 1131.5768992585 -1064.8730163310
-570.6886067177 1131.5768992585 -2000.0000000000
-570.6886067177 1131.5768992585 -2000.0000000000
-570.6886067177 1131.5768992585 -2000.0000000000
-570.6886067177 1131.5768992585 -2000.0000000000
-570.6886067177 1131.5768992585 -2000.0000000000
-570.6886067177 1131.5768992585 -2000.0000000000
-500.2958437207 -1046.0068557287 -1125.1456481140
1576.2885729378 -467.8424919610 -535.9349132813
1576.2885729378 -467.8424919610 -2000.0000000000
1248.8170359698 -1144.2044859374 -1854.0871627981
1248.8170359698 -1144.2044859374 -2000.0000000000
1269.1981065973 -929.7246638079 1787.7064627245
1269.1981065973 -929.7246638079 -2000.0000000000
1269.1981065973 -929.7246638079 -2000.0000000000
1269.1981065973 -929.7246638079 -2000.0000000000
-400.2176013543 -604.9747881171 1227.1103658607
-400.2176013543 -604.9747881171 -2000.0000000000
-400.2176013543 -604.9747881171 -2000.0000000000
379.2884999530 -358.8829034479 -70.1913391790
379.2884999530 -358.8829034479 -2000.0000000000
379.2884999530 -358.8829034479 -2000.0000000000
1240.2615602602 -870.9618934725 -300.2271277690
1240.2615602602 -870.9618934725 -2000.0000000000
1240.2615602602 -870.9618934725 -2000.0000000000
1240.2615602602 -870.9618934725 -2000.0000000000
1240.2615602602 -870.9618934725 -2000.0000000000
1240.2615602602 -870.9618934725 -2000.0000000000
1240.2615602602 -870.9618934725 -2000.0000000000
686.2799503709 -1346.7480044337 991.3351267938
686.2799503709 -1346.7480044337 -2000.0000000000
686.2799503709 -1346.7480044337 -2000.0000000000
686.2799503709 -1346.7480044337 -2000.0000000000
993.4300096141 -1155.5710487116 100.9763057506
993.4300096141 -1155.5710487116 -2000.0000000000
993.4300096141 -1155.5710487116 -2000.0000000000
993.4300096141 -1155.5710487116 -2000.0000000000
993.4300096141 -1155.5710487116 -2000.0000000000
993.4300096141 -1155.5710487116 -2000.0000000000
993.4300096141 -1155.5710487116 -2000.0000000000
-1156.0648601372 1173.5960136554 -1549.9617782405
-1156.0648601372 1173.5960136554 -2000.0000000000
-1156.0648601372 1173.5960136554 -2000.0000000000
-1156.0648601372 1173.5960136554 -2000.0000000000
73.6698383935 124.3934588388 -1541.3790410403
73.6698383935 124.3934588388 -2000.0000000000
73.6698383935 124.3934588388 -2000.0000000000
-1213.7336649209 -1868.5853890728 1696.8033030054
-806.1798161249 -496.1070199218 1357.3740748846
-806.1798161249 -496.1070199218 -2000.0000000000
-1158.1208700924 -1121.9705212255 -980.5195740815
-1905.5600366200 -1712.5798154517 222.8329984811
-1905.5600366200 -1712.5798154517 -2000.0000000000
-1905.5600366200 -1712.5798154517 -2000.0000000000
-1905.5600366200 -1712.5798154517 -2000.0000000000
-1905.5600366200 -1712.5798154517 -2000.0000000000
-1905.5600366200 -1712.5798154517 -2000.0000000000
-1905.5600366200 -1712.5798154517 -2000.0000000000
-1905.5600366200 -1712.5798154517 -2000.0000000000
-1905.5600366200 -1712.5798154517 -2000.0000000000
123.4681512887 1799.9303214925 397.0602420529
123.4681512887 1799.9303214925 -2000.0000000000
-60.9157986163 -1135.3165229342 -96.7512658363
-60.9157986163 -1135.3165229342 -2000.0000000000
234.2411740438 8.7355987348 953.9888798422
1638.7298089836 542.3018266192 -1424.2492745995
1638.7298089836 542.3018266192 -2000.0000000000
1638.7298089836 542.3018266192 -2000.0000000000
230.0686870688 -1937.1659545931 1298.6068269287
230.0686870688 -1937.1659545931 -2000.0000000000
230.0686870688 -1937.1659545931 -2000.0000000000
-356.6678863718 -591.1057633638 -435.9773666117
69.5471813291 367.8257709012 -1111.9518607893
69.5471813291 367.8257709012 -2000.0000000000
69.5471813291 367.8257709012 -2000.0000000000
436.9158856864 -1058.2164677111 -1552.7349406782
436.9158856864 -1058.2164677111 -2000.0000000000
436.9158856864 -1058.2164677111 -2000.0000000000
436.9158856864 -1058.2164677111 -2000.0000000000
-1849.6690429971 1343.6883490046 -1716.4997018703
1350.4364665734 -857.3470364177 -1060.2238452093
-560.1244686370 -1891.9994503918 -1472.6982148670
-560.1244686370 -1891.9994503918 -2000.0000000000
-769.5813750318 -496.8272286221 1999.6490246208
-769.5813750318 -496.8272286221 -2000.0000000000
-769.5813750318 -496.8272286221 -2000.0000000000
1766.3185084674 -1662.4799725572 711.7852144293
1766.3185084674 -1662.4799725572 -2000.0000000000
1766.3185084674 -1662.4799725572 -2000.0000000000
1766.3185084674 -1662.4799725572 -2000.0000000000
1766.3185084674 -1662.4799725572 -2000.0000000000
1766.3185084674 -1662.4799725572 -2000.0000000000
-1058.7734328837 -1211.2130365900 429.8410980716
679.1830923530 1847.3325462097 -888.6757849151
679.1830923530 1847.3325462097 -2000.0000000000
-1443.9927505735 321.8527323792 -1141.9466795127
1481.4989559334 -464.9345029281 -1334.3539569360
1481.4989559334 -464.9345029281 -2000.0000000000
-586.1503956012 -340.4242507528 -1706.2784842049
-586.1503956012 -340.4242507528 -2000.0000000000
-586.1503956012 -340.4242507528 -2000.0000000000
1308.3621950625 -1628.3960710109 -1093.7319690960
1308.3621950625 -1628.3960710109 -2000.0000000000
1753.9545274407 -472.0802656366 -1902.1423326224
225.9563992172 1704.1807037114 -1546.9688843736
1449.4395983677 1157.9682431862 1143.1723908232
1449.4395983677 1157.9682431862 -2000.0000000000
1449.4395983677 1157.9682431862 -2000.0000000000
1449.4395983677 1157.9682431862 -2000.0000000000
1449.4395983677 1157.9682431862 -2000.0000000000
-996.2455861302 1.1346457489 -236.6361244094
-837.3749291937 -1773.9479006621 1961.5050659049
-837.3749291937 -1773.9479006621 -2000.0000000000
-837.3749291937 -1773.9479006621 -2000.0000000000
-837.3749291937 -1773.9479006621 -2000.0000000000
-837.3749291937 -1773.9479006621 -2000.0000000000
-837.3749291937 -1773.9479006621 -2000.0000000000
-837.3749291937 -1773.9479006621 -2000.0000000000
-837.3749291937 -1773.9479006621 -2000.0000000000
-1421.2883181873 751.8212798175 1945.4916500366
-1421.2883181873 751.8212798175 -2000.0000000000
-1421.2883181873 751.8212798175 -2000.0000000000
-1095.6842543135 -1177.7699046294 301.1230487726
-1095.6842543135 -1177.7699046294 -2000.0000000000
-1095.6842543135 -1177.7699046294 -2000.0000000000
-848.3329982142 1786.8908813194 744.8100937323
-848.3329982142 1786.8908813194 -2000.0000000000
-848.3329982142 1786.8908813194 -2000.0000000000
-848.3329982142 1786.8908813194 -2000.0000000000
570.7276102782 217.9981174179 -684.3929563899
570.7276102782 217.9981174179 -2000.0000000000
570.7276102782 217.9981174179 -2000.0000000000
570.7276102782 217.9981174179 -2000.0000000000
-1655.4501290611 276.9970646516 -706.6703655526
-1655.4501290611 276.9970646516 -2000.0000000000
-1342.8792631669 -419.2394549819 1676.8064745188
-1342.8792631669 -419.2394549819 -2000.0000000000
485.9799018583 1014.6955757298 -823.6753491288
485.9799018583 1014.6955757298 -2000.0000000000
485.9799018583 1014.6955757298 -2000.0000000000
485.9799018583 1014.6955757298 -2000.0000000000
485.9799018583 1014.6955757298 -2000.0000000000
485.9799018583 1014.6955757298 -2000.0000000000
485.9799018583 1014.6955757298 -2000.0000000000
1036.8209908379 1302.8915707582 -1070.5042583063
-272.9870990150 153.0475701506 1000.8368495019
-1918.5764458291 616.7025218589 902.1168741316
-1918.5764458291 616.7025218589 -2000.0000000000
-1918.5764458291 616.7025218589 -2000.0000000000
-1918.5764458291 616.7025218589 -2000.0000000000
1119.9921571176 1030.8177629831 -110.0997003036
-1583.1295573736 -393.4649455551 265.8101189003
-7.5809106982 -754.7644187902 1929.7348578544
1144.5575373295 -1129.0520890531 1750.5654185871
1144.5575373295 -1129.0520890531 -2000.0000000000
1055.5673280652 1863.3192211723 984.5910369927
1055.5673280652 1863.3192211723 -2000.0000000000
1055.5673280652 1863.3192211723 -2000.0000000000
-592.8342837557 1019.9521747145 636.9419331459
367.7763621614 1748.1732125514 1509.5223563254
367.7763621614 1748.1732125514 -2000.0000000000
367.7763621614 1748.1732125514 -2000.0000000000
367.7763621614 1748.1732125514 -2000.0000000000
-1042.9003191504 -1656.4624197901 -98.0892701835
-1042.9003191504 -1656.4624197901 -2000.0000000000
-1042.9003191504 -1656.4624197901 -2000.0000000000
1482.9531906174 1735.1912481932 690.7837240714
