-1407.9128442899 1461.8901302552 -1987.2702904093
-1407.9128442899 1461.8901302552 -2000.0000000000
1723.4358852223 -1959.5113929693 -1460.7726961498
-526.5132683092 1564.7938538945 403.2383219861
-596.5499380844 -1119.4006011261 104.4742312158
-804.4188966752 761.4628691722 933.1246541183
-804.4188966752 761.4628691722 -2000.0000000000
-804.4188966752 761.4628691722 -2000.0000000000
-804.4188966752 761.4628691722 -2000.0000000000
-804.4188966752 761.4628691722 -2000.0000000000
-804.4188966752 761.4628691722 -2000.0000000000
-804.4188966752 761.4628691722 -2000.0000000000
-804.4188966752 761.4628691722 -2000.0000000000
-804.4188966752 761.4628691722 -2000.0000000000
-804.4188966752 761.4628691722 -2000.0000000000
-804.4188966752 761.4628691722 -2000.0000000000
-804.4188966752 761.4628691722 -2000.0000000000
-804.4188966752 761.4628691722 -2000.0000000000
-804.4188966752 761.4628691722 -2000.0000000000
-804.4188966752 761.4628691722 -2000.0000000000
-804.4188966752 761.4628691722 -2000.0000000000
-804.4188966752 761.4628691722 -2000.0000000000
-804.4188966752 761.4628691722 -2000.0000000000
251.1855491996 125.1478423376 476.8335646035
251.1855491996 125.1478423376 -2000.0000000000
251.1855491996 125.1478423376 -2000.0000000000
251.1855491996 125.1478423376 -2000.0000000000
-537.4595455146 925.3119050150 -509.4352748128
-537.4595455146 925.3119050150 -2000.0000000000
-537.4595455146 925.3119050150 -2000.0000000000
-537.4595455146 925.3119050150 -2000.0000000000
-684.0928352130 1687.5620474082 1633.7903438537
-684.0928352130 1687.5620474082 -2000.0000000000
-684.0928352130 1687.5620474082 -2000.0000000000
-349.4745513839 971.6933618238 149.0073909787
-1807.1342408285 199.5337123115 -11.6861381987
-1675.9958186179 -428.6030382939 -950.4609826995
1900.6566962451 -1481.0838425733 316.4829306815
1900.6566962451 -1481.0838425733 -2000.0000000000
-4.4390036263 1020.4755751887 1461.4070898469
-4.4390036263 1020.4755751887 -2000.0000000000
-4.4390036263 1020.4755751887 -2000.0000000000
-4.4390036263 1020.4755751887 -2000.0000000000
-4.4390036263 1020.4755751887 -2000.0000000000
-4.4390036263 1020.4755751887 -2000.0000000000
-4.4390036263 1020.4755751887 -2000.0000000000
-4.4390036263 1020.4755751887 -2000.0000000000
-4.4390036263 1020.4755751887 -2000.0000000000
-4.4390036263 1020.4755751887 -2000.0000000000
-4.4390036263 1020.4755751887 -2000.0000000000
-4.4390036263 1020.4755751887 -2000.0000000000
-4.4390036263 1020.4755751887 -2000.0000000000
1055.1454149869 1535.0075347970 712.0977613018
1055.1454149869 1535.0075347970 -2000.0000000000
1130.1943148400 -1501.4492364118 -441.4467295668
1130.1943148400 -1501.4492364118 -2000.0000000000
1130.1943148400 -1501.4492364118 -2000.0000000000
1130.1943148400 -1501.4492364118 -2000.0000000000
1130.1943148400 -1501.4492364118 -2000.0000000000
1130.1943148400 -1501.4492364118 -2000.0000000000
-1615.8050689218 -901.5057938214 1533.5551696524
-1615.8050689218 -901.5057938214 -2000.0000000000
-1615.8050689218 -901.5057938214 -2000.0000000000
-1615.8050689218 -901.5057938214 -2000.0000000000
-1615.8050689218 -901.5057938214 -2000.0000000000
-1425.6624263532 957.5399795742 1322.4584451653
-1425.6624263532 957.5399795742 -2000.0000000000
-1425.6624263532 957.5399795742 -2000.0000000000
1239.5853406572 -945.4273713309 1849.0979159738
1239.5853406572 -945.4273713309 -2000.0000000000
1239.5853406572 -945.4273713309 -2000.0000000000
1239.5853406572 -945.4273713309 -2000.0000000000
754.7859132097 1126.8810448546 1146.5459137903
754.7859132097 1126.8810448546 -2000.0000000000
754.7859132097 1126.8810448546 -2000.0000000000
754.7859132097 1126.8810448546 -2000.0000000000
754.7859132097 1126.8810448546 -2000.0000000000
754.7859132097 1126.8810448546 -2000.0000000000
240.1201432613 -1059.2886308415 1764.7811180863
240.1201432613 -1059.2886308415 -2000.0000000000
240.1201432613 -1059.2886308415 -2000.0000000000
240.1201432613 -1059.2886308415 -2000.0000000000
260.9315607402 53.3110755908 1762.5331517403
260.9315607402 53.3110755908 -2000.0000000000
260.9315607402 53.3110755908 -2000.0000000000
260.9315607402 53.3110755908 -2000.0000000000
260.9315607402 53.3110755908 -2000.0000000000
260.9315607402 53.3110755908 -2000.0000000000
867.7294630546 -1215.4694438198 480.3697417275
867.7294630546 -1215.4694438198 -2000.0000000000
867.7294630546 -1215.4694438198 -2000.0000000000
867.7294630546 -1215.4694438198 -2000.0000000000
867.7294630546 -1215.4694438198 -2000.0000000000
867.7294630546 -1215.4694438198 -2000.0000000000
867.7294630546 -1215.4694438198 -2000.0000000000
867.7294630546 -1215.4694438198 -2000.0000000000
867.7294630546 -1215.4694438198 -2000.0000000000
867.7294630546 -1215.4694438198 -2000.0000000000
867.7294630546 -1215.4694438198 -2000.0000000000
867.7294630546 -1215.4694438198 -2000.0000000000
867.7294630546 -1215.4694438198 -2000.0000000000
989.2476842927 100.7542744585 -45.7119508647
798.9658042729 -237.8163841468 70.9817454699
-1594.7686334295 1717.1937087581 -749.7059940900
-1594.7686334295 1717.1937087581 -2000.0000000000
-438.6987668749 -1372.4590098868 -640.7343608538
-438.6987668749 -1372.4590098868 -2000.0000000000
-438.6987668749 -1372.4590098868 -2000.0000000000
912.2545273970 -763.9994353616 482.9911336582
912.2545273970 -763.9994353616 -2000.0000000000
912.2545273970 -763.9994353616 -2000.0000000000
912.2545273970 -763.9994353616 -2000.0000000000
912.2545273970 -763.9994353616 -2000.0000000000
912.2545273970 -763.9994353616 -2000.0000000000
912.2545273970 -763.9994353616 -2000.0000000000
912.2545273970 -763.9994353616 -2000.0000000000
912.2545273970 -763.9994353616 -2000.0000000000
-1674.2249489448 -397.6321286612 -1041.9112788883
-1674.2249489448 -397.6321286612 -2000.0000000000
-1674.2249489448 -397.6321286612 -2000.0000000000
-1458.2581104708 -658.4638001125 1389.0601303034
-1458.2581104708 -658.4638001125 -2000.0000000000
1493.7669882127 -1876.9321639672 793.5418856916
1493.7669882127 -1876.9321639672 -2000.0000000000
-1330.2640669625 966.1398679847 173.2126723308
-1330.2640669625 966.1398679847 -2000.0000000000
-91.3093006685 -1893.0695125830 86.5131522934
-91.3093006685 -1893.0695125830 -2000.0000000000
-91.3093006685 -1893.0695125830 -2000.0000000000
-91.3093006685 -1893.0695125830 -2000.0000000000
-596.2774110692 -1327.4821033597 1740.7783869023
-596.2774110692 -1327.4821033597 -2000.0000000000
-596.2774110692 -1327.4821033597 -2000.0000000000
-596.2774110692 -1327.4821033597 -2000.0000000000
1299.5096855333 1307.3292500272 -1861.0128509887
1299.5096855333 1307.3292500272 -2000.0000000000
1299.5096855333 1307.3292500272 -2000.0000000000
-806.6344511360 352.6603255535 1135.6666326567
-806.6344511360 352.6603255535 -2000.0000000000
-395.4438137916 -784.2871341323 -1111.2168488858
-395.4438137916 -784.2871341323 -2000.0000000000
-209.1326831632 -1222.4599525050 -169.1514804942
52.2000621653 -789.6854804416 -698.4161257406
-138.3133397107 -1871.7015447539 -275.1491970732
-138.3133397107 -1871.7015447539 -2000.0000000000
-138.3133397107 -1871.7015447539 -2000.0000000000
-138.3133397107 -1871.7015447539 -2000.0000000000
-296.3656108960 376.5580773388 658.7361373653
-1635.1725972263 -186.8428153896 -1619.0308756705
-1635.1725972263 -186.8428153896 -2000.0000000000
-279.7382905125 1280.8369809648 394.4269526644
-279.7382905125 1280.8369809648 -2000.0000000000
-279.7382905125 1280.8369809648 -2000.0000000000
-279.7382905125 1280.8369809648 -2000.0000000000
-654.6578140123 1978.3011025464 -1496.8148867547
1886.4742236916 1550.6548304904 -1090.5730564021
1886.4742236916 1550.6548304904 -2000.0000000000
-398.6190109317 -790.1886466087 1338.0711622556
778.1887917325 -1332.0816261207 -1097.4867312325
778.1887917325 -1332.0816261207 -2000.0000000000
778.1887917325 -1332.0816261207 -2000.0000000000
778.1887917325 -1332.0816261207 -2000.0000000000
778.1887917325 -1332.0816261207 -2000.0000000000
778.1887917325 -1332.0816261207 -2000.0000000000
778.1887917325 -1332.0816261207 -2000.0000000000
778.1887917325 -1332.0816261207 -2000.0000000000
778.1887917325 -1332.0816261207 -2000.0000000000
1378.5450135101 1933.7829019654 -439.1879189958
1378.5450135101 1933.7829019654 -2000.0000000000
1378.5450135101 1933.7829019654 -2000.0000000000
1378.5450135101 1933.7829019654 -2000.0000000000
1378.5450135101 1933.7829019654 -2000.0000000000
1378.5450135101 1933.7829019654 -2000.0000000000
1220.5172059036 554.1974508395 1736.1820110886
600.9116106194 -261.9255320456 -97.2268373006
600.9116106194 -261.9255320456 -2000.0000000000
600.9116106194 -261.9255320456 -2000.0000000000
600.9116106194 -261.9255320456 -2000.0000000000
600.9116106194 -261.9255320456 -2000.0000000000
600.9116106194 -261.9255320456 -2000.0000000000
600.9116106194 -261.9255320456 -2000.0000000000
974.5061982750 -1751.8927731034 1717.9874494891
974.5061982750 -1751.8927731034 -2000.0000000000
974.5061982750 -1751.8927731034 -2000.0000000000
974.5061982750 -1751.8927731034 -2000.0000000000
974.5061982750 -1751.8927731034 -2000.0000000000
-416.8837221871 1395.1064176294 7.7548744807
-416.8837221871 1395.1064176294 -2000.0000000000
-416.8837221871 1395.1064176294 -2000.0000000000
1132.7154345069 169.4959441107 1472.7239501249
-1494.4177185960 1304.0672958433 1139.0308576899
-1494.4177185960 1304.0672958433 -2000.0000000000
-1055.2245951323 1154.5424988108 -592.2962664649
77.9640839082 1485.7562426106 -1741.0188341930
77.9640839082 1485.7562426106 -2000.0000000000
77.9640839082 1485.7562426106 -2000.0000000000
979.3736116714 -1299.5512635643 154.7797394799
979.3736116714 -1299.5512635643 -2000.0000000000
779.5094319056 856.9585508714 -194.3888615775
779.5094319056 856.9585508714 -2000.0000000000
779.5094319056 856.9585508714 -2000.0000000000
779.5094319056 856.9585508714 -2000.0000000000
779.5094319056 856.9585508714 -2000.0000000000
779.5094319056 856.9585508714 -2000.0000000000
779.5094319056 856.9585508714 -2000.0000000000
779.5094319056 856.9585508714 -2000.0000000000
779.5094319056 856.9585508714 -2000.0000000000
779.5094319056 856.9585508714 -2000.0000000000
779.5094319056 856.9585508714 -2000.0000000000
572.7415263387 -621.0518413878 -293.3647946174
-758.4862876468 1289.1598081116 238.0106944686
112.1490721674 -683.4386710556 -108.6702574056
112.1490721674 -683.4386710556 -2000.0000000000
112.1490721674 -683.4386710556 -2000.0000000000
112.1490721674 -683.4386710556 -2000.0000000000
112.1490721674 -683.4386710556 -2000.0000000000
112.1490721674 -683.4386710556 -2000.0000000000
112.1490721674 -683.4386710556 -2000.0000000000
112.1490721674 -683.4386710556 -2000.0000000000
112.1490721674 -683.4386710556 -2000.0000000000
112.1490721674 -683.4386710556 -2000.0000000000
112.1490721674 -683.4386710556 -2000.0000000000
112.1490721674 -683.4386710556 -2000.0000000000
112.1490721674 -683.4386710556 -2000.0000000000
-1764.7393298443 1633.4009579604 -700.6492696870
-1764.7393298443 1633.4009579604 -2000.0000000000
-1764.7393298443 1633.4009579604 -2000.0000000000
-1764.7393298443 1633.4009579604 -2000.0000000000
-508.5423138922 316.2773034050 -2.7973848190
-508.5423138922 316.2773034050 -2000.0000000000
-508.5423138922 316.2773034050 -2000.0000000000
-508.5423138922 316.2773034050 -2000.0000000000
-65.6959178413 -123.2438485711 760.4424515285
-65.6959178413 -123.2438485711 -2000.0000000000
-65.6959178413 -123.2438485711 -2000.0000000000
-65.6959178413 -123.2438485711 -2000.0000000000
-65.6959178413 -123.2438485711 -2000.0000000000
-65.6959178413 -123.2438485711 -2000.0000000000
-65.6959178413 -123.2438485711 -2000.0000000000
-977.1158050728 1026.6098831741 -990.7437596127
-977.1158050728 1026.6098831741 -2000.0000000000
-977.1158050728 1026.6098831741 -2000.0000000000
-977.1158050728 1026.6098831741 -2000.0000000000
-977.1158050728 1026.6098831741 -2000.0000000000
-977.1158050728 1026.6098831741 -2000.0000000000
-977.1158050728 1026.6098831741 -2000.0000000000
-977.1158050728 1026.6098831741 -2000.0000000000
-977.1158050728 1026.6098831741 -2000.0000000000
-977.1158050728 1026.6098831741 -2000.0000000000
-845.3676636115 -1154.5101306026 1453.9522991039
-845.3676636115 -1154.5101306026 -2000.0000000000
1084.1137136800 -652.0670772080 -279.6956415520
1084.1137136800 -652.0670772080 -2000.0000000000
1805.6689467712 -1976.2156658248 1306.1254069473
1805.6689467712 -1976.2156658248 -2000.0000000000
-1064.7358655093 -1966.4831822476 -1590.7170565263
-1064.7358655093 -1966.4831822476 -2000.0000000000
-1064.7358655093 -1966.4831822476 -2000.0000000000
1703.2428323253 -1486.9474432548 -1357.8844960151
1703.2428323253 -1486.9474432548 -2000.0000000000
1703.2428323253 -1486.9474432548 -2000.0000000000
1703.2428323253 -1486.9474432548 -2000.0000000000
-402.3083762648 -1567.7909929028 306.9139771041
-402.3083762648 -1567.7909929028 -2000.0000000000
-402.3083762648 -1567.7909929028 -2000.0000000000
-402.3083762648 -1567.7909929028 -2000.0000000000
-402.3083762648 -1567.7909929028 -2000.0000000000
-402.3083762648 -1567.7909929028 -2000.0000000000
-402.3083762648 -1567.7909929028 -2000.0000000000
-402.3083762648 -1567.7909929028 -2000.0000000000
-402.3083762648 -1567.7909929028 -2000.0000000000
-402.3083762648 -1567.7909929028 -2000.0000000000
-402.3083762648 -1567.7909929028 -2000.0000000000
-402.3083762648 -1567.7909929028 -2000.0000000000
-402.3083762648 -1567.7909929028 -2000.0000000000
-402.3083762648 -1567.7909929028 -2000.0000000000
-402.3083762648 -1567.7909929028 -2000.0000000000
-402.3083762648 -1567.7909929028 -2000.0000000000
-402.3083762648 -1567.7909929028 -2000.0000000000
-402.3083762648 -1567.7909929028 -2000.0000000000
828.1248360209 274.2785051744 -1328.6798989653
828.1248360209 274.2785051744 -2000.0000000000
-1350.5399788675 1570.3288318671 -792.2652170141
-1350.5399788675 1570.3288318671 -2000.0000000000
-1350.5399788675 1570.3288318671 -2000.0000000000
-1350.5399788675 1570.3288318671 -2000.0000000000
-1350.5399788675 1570.3288318671 -2000.0000000000
-1350.5399788675 1570.3288318671 -2000.0000000000
-1350.5399788675 1570.3288318671 -2000.0000000000
-684.8271246760 -1837.6314195508 1743.4438072282
1327.7362762239 -57.6947817424 1873.8048764958
1327.7362762239 -57.6947817424 -2000.0000000000
1327.7362762239 -57.6947817424 -2000.0000000000
-1181.7319918115 97.8458522113 1899.1615143203
-1181.7319918115 97.8458522113 -2000.0000000000
-1181.7319918115 97.8458522113 -2000.0000000000
-1181.7319918115 97.8458522113 -2000.0000000000
-1181.7319918115 97.8458522113 -2000.0000000000
-1181.7319918115 97.8458522113 -2000.0000000000
-1181.7319918115 97.8458522113 -2000.0000000000
-1181.7319918115 97.8458522113 -2000.0000000000
-1181.7319918115 97.8458522113 -2000.0000000000
-1181.7319918115 97.8458522113 -2000.0000000000
-1398.9879505955 -886.5311654962 667.8670250161
1987.0648964228 728.3915684303 -275.3826835093
1987.0648964228 728.3915684303 -2000.0000000000
1987.0648964228 728.3915684303 -2000.0000000000
-42.4963531811 1725.3399233379 -565.2042020865
-42.4963531811 1725.3399233379 -2000.0000000000
-42.4963531811 1725.3399233379 -2000.0000000000
-541.5748085199 1693.5176455370 1997.7667946069
-541.5748085199 1693.5176455370 -2000.0000000000
-541.5748085199 1693.5176455370 -2000.0000000000
-541.5748085199 1693.5176455370 -2000.0000000000
-115.5329543562 1534.9287315815 -514.9849553768
1626.8822551513 639.2163300682 72.2751905188
1626.8822551513 639.2163300682 -2000.0000000000
1626.8822551513 639.2163300682 -2000.0000000000
1626.8822551513 639.2163300682 -2000.0000000000
1626.8822551513 639.2163300682 -2000.0000000000
-1806.0545541810 388.5811304732 -360.3581616414
-1669.9031007104 412.5988507668 183.7462060779
-1005.7523107833 -1666.1723442278 -379.3796810598
-1005.7523107833 -1666.1723442278 -2000.0000000000
-219.7180531583 -1144.6168018295 812.3306902285
-219.7180531583 -1144.6168018295 -2000.0000000000
-219.7180531583 -1144.6168018295 -2000.0000000000
917.0724443561 -907.3454278187 5.3758893685
917.0724443561 -907.3454278187 -2000.0000000000
917.0724443561 -907.3454278187 -2000.0000000000
-1811.2457308080 291.2537988409 -1134.0100566444
-1347.8911368230 -556.4934649925 -1791.7139721515
-1347.8911368230 -556.4934649925 -2000.0000000000
911.2291446962 1874.8169881870 -1853.6994192366
1754.2462194694 1274.4783437833 159.9245131589
1034.3600793773 -403.1430865784 -1434.9789288803
1034.3600793773 -403.1430865784 -2000.0000000000
1034.3600793773 -403.1430865784 -2000.0000000000
1034.3600793773 -403.1430865784 -2000.0000000000
1034.3600793773 -403.1430865784 -2000.0000000000
-509.0283623719 -804.4251250785 1297.3823930605
-509.0283623719 -804.4251250785 -2000.0000000000
-204.9353187362 -672.2588219641 -737.7991522553
-365.0703032623 438.6688378985 299.4600781851
-365.0703032623 438.6688378985 -2000.0000000000
1723.3087355302 1824.7288880865 985.3551068378
-1982.2607825519 1337.1746489511 -1483.1433016905
-1982.2607825519 1337.1746489511 -2000.0000000000
-1982.2607825519 1337.1746489511 -2000.0000000000
-1982.2607825519 1337.1746489511 -2000.0000000000
-1982.2607825519 1337.1746489511 -2000.0000000000
-1982.2607825519 1337.1746489511 -2000.0000000000
-1982.2607825519 1337.1746489511 -2000.0000000000
-1982.2607825519 1337.1746489511 -2000.0000000000
-1982.2607825519 1337.1746489511 -2000.0000000000
-1982.2607825519 1337.1746489511 -2000.0000000000
-1982.2607825519 1337.1746489511 -2000.0000000000
-1765.9646773617 -233.9898357084 558.0840085889
1736.2453153800 -1322.2767367008 -1252.8105559909
-1532.2766786705 1633.7791040302 1947.2717083084
596.9064318705 1193.3664155888 1637.8759016966
596.9064318705 1193.3664155888 -2000.0000000000
596.9064318705 1193.3664155888 -2000.0000000000
206.6585540638 -1193.9163512723 -1214.5749968759
206.6585540638 -1193.9163512723 -2000.0000000000
206.6585540638 -1193.9163512723 -2000.0000000000
206.6585540638 -1193.9163512723 -2000.0000000000
206.6585540638 -1193.9163512723 -2000.0000000000
206.6585540638 -1193.9163512723 -2000.0000000000
-393.6743657798 -291.1854138431 -738.4377380463
-571.0840505196 -1431.4216000455 977.5936327386
-571.0840505196 -1431.4216000455 -2000.0000000000
-571.0840505196 -1431.4216000455 -2000.0000000000
55.6803111163 -1696.3945172235 -1075.8278161182
55.6803111163 -1696.3945172235 -2000.0000000000
55.6803111163 -1696.3945172235 -2000.0000000000
-1234.7729958964 -728.7728595097 464.0250399393
905.8912097276 1201.0975835611 -1529.6925921842
905.8912097276 1201.0975835611 -2000.0000000000
905.8912097276 1201.0975835611 -2000.0000000000
1809.9019303424 745.0993955457 1775.6346157117
1809.9019303424 745.0993955457 -2000.0000000000
1809.9019303424 745.0993955457 -2000.0000000000
-1725.2805774357 1517.9673244852 -1052.4453406739
-1725.2805774357 1517.9673244852 -2000.0000000000
789.8197060240 1914.0362551123 1647.1833264650
382.9002351194 523.9800334797 -770.5212401929
382.9002351194 523.9800334797 -2000.0000000000
382.9002351194 523.9800334797 -2000.0000000000
382.9002351194 523.9800334797 -2000.0000000000
382.9002351194 523.9800334797 -2000.0000000000
382.9002351194 523.9800334797 -2000.0000000000
1148.4893531648 1790.1070133357 270.9143858617
1148.4893531648 1790.1070133357 -2000.0000000000
1148.4893531648 1790.1070133357 -2000.0000000000
1148.4893531648 1790.1070133357 -2000.0000000000
-1904.5027126520 -1334.7517992203 -1983.0346770454
-1904.5027126520 -1334.7517992203 -2000.0000000000
-1904.5027126520 -1334.7517992203 -2000.0000000000
-1904.5027126520 -1334.7517992203 -2000.0000000000
484.2534715280 -1643.7841252658 -1827.1140954310
-1395.6754902501 -1256.1813204211 1861.1543289542
-1395.6754902501 -1256.1813204211 -2000.0000000000
1951.9455437179 -1477.8283594270 1118.9996979519
-1974.4213172062 -1458.9374150945 1251.5258304653
781.5018144572 1183.9289737155 -1209.3384837022
781.5018144572 1183.9289737155 -2000.0000000000
459.0545583477 1958.3267278980 -1591.1684308817
459.0545583477 1958.3267278980 -2000.0000000000
1430.9561255272 767.0502378636 -1728.7451021489
1430.9561255272 767.0502378636 -2000.0000000000
1553.2064116838 590.0232520217 -574.6426230613
1553.2064116838 590.0232520217 -2000.0000000000
1553.2064116838 590.0232520217 -2000.0000000000
1553.2064116838 590.0232520217 -2000.0000000000
-595.2692244565 -1232.3599935667 642.7142253826
-595.2692244565 -1232.3599935667 -2000.0000000000
-595.2692244565 -1232.3599935667 -2000.0000000000
-272.5405927439 -481.3457816990 617.3165193394
1536.2416957037 -554.1706113696 -522.1041551560
1998.0851198077 -973.9088294233 1993.3611383396
1998.0851198077 -973.9088294233 -2000.0000000000
1998.0851198077 -973.9088294233 -2000.0000000000
694.6805625742 1730.9595295978 -840.6373677440
1362.1318706044 644.7853875773 -1483.4111218608
940.6342947195 1828.9093787516 -817.8097120971
-1879.1189194066 -455.4894945815 -1955.1311700590
-1879.1189194066 -455.4894945815 -2000.0000000000
-1879.1189194066 -455.4894945815 -2000.0000000000
177.9518395773 758.1191809159 -1214.2645541246
177.9518395773 758.1191809159 -2000.0000000000
177.9518395773 758.1191809159 -2000.0000000000
-1934.8658472561 -1442.9969787195 1086.5910240622
-1934.8658472561 -1442.9969787195 -2000.0000000000
1604.9270188988 848.3727016669 1132.1618603749
-643.9644609082 -501.5896319825 -904.7030374501
-643.9644609082 -501.5896319825 -2000.0000000000
-1410.7094783383 -512.9514373060 1479.5415405924
-1410.7094783383 -512.9514373060 -2000.0000000000
-154.1425519024 1992.1745728768 -1852.6691053379
-154.1425519024 1992.1745728768 -2000.0000000000
-154.1425519024 1992.1745728768 -2000.0000000000
-137.6628422603 -1680.6995159525 -1219.1042130093
-836.2419070768 1921.9193988748 -552.0335789549
-836.2419070768 1921.9193988748 -2000.0000000000
-1651.1396894675 1973.8333756918 1532.3623307591
-1651.1396894675 1973.8333756918 -2000.0000000000
-1651.1396894675 1973.8333756918 -2000.0000000000
-1651.1396894675 1973.8333756918 -2000.0000000000
1862.3458782238 -1354.9968493678 44.0353391786
1862.3458782238 -1354.9968493678 -2000.0000000000
1862.3458782238 -1354.9968493678 -2000.0000000000
1862.3458782238 -1354.9968493678 -2000.0000000000
1862.3458782238 -1354.9968493678 -2000.0000000000
1862.3458782238 -1354.9968493678 -2000.0000000000
1862.3458782238 -1354.9968493678 -2000.0000000000
1862.3458782238 -1354.9968493678 -2000.0000000000
1862.3458782238 -1354.9968493678 -2000.0000000000
1862.3458782238 -1354.9968493678 -2000.0000000000
1862.3458782238 -1354.9968493678 -2000.0000000000
1862.3458782238 -1354.9968493678 -2000.0000000000
1762.6836539086 1515.8368176853 942.8594495665
1762.6836539086 1515.8368176853 -2000.0000000000
1762.6836539086 1515.8368176853 -2000.0000000000
1762.6836539086 1515.8368176853 -2000.0000000000
1681.1674446872 -917.8789957765 1782.3098309386
1681.1674446872 -917.8789957765 -2000.0000000000
69.1552780053 919.0216413643 1773.8215064819
69.1552780053 919.0216413643 -2000.0000000000
69.1552780053 919.0216413643 -2000.0000000000
69.1552780053 919.0216413643 -2000.0000000000
-215.0244599646 -99.7817444111 -987.2959112175
-215.0244599646 -99.7817444111 -2000.0000000000
-215.0244599646 -99.7817444111 -2000.0000000000
-215.0244599646 -99.7817444111 -2000.0000000000
-215.0244599646 -99.7817444111 -2000.0000000000
-215.0244599646 -99.7817444111 -2000.0000000000
-215.0244599646 -99.7817444111 -2000.0000000000
-215.0244599646 -99.7817444111 -2000.0000000000
-215.0244599646 -99.7817444111 -2000.0000000000
-215.0244599646 -99.7817444111 -2000.0000000000
-215.0244599646 -99.7817444111 -2000.0000000000
1499.7453755147 154.1926634226 -1717.8695103898
1499.7453755147 154.1926634226 -2000.0000000000
-1788.3190722855 -1419.2153279500 902.7201168019
-1788.3190722855 -1419.2153279500 -2000.0000000000
-1788.3190722855 -1419.2153279500 -2000.0000000000
-1788.3190722855 -1419.2153279500 -2000.0000000000
1162.9642277471 -1222.5140245005 -578.5187694905
1162.9642277471 -1222.5140245005 -2000.0000000000
-891.7843268041 1104.5796834604 741.3591585504
-1252.0717113410 1683.0356442757 -673.5969777633
-1213.1581492097 598.1414279143 341.2691324407
-1213.1581492097 598.1414279143 -2000.0000000000
978.1685482373 -419.7865326443 -153.5376621515
978.1685482373 -419.7865326443 -2000.0000000000
978.1685482373 -419.7865326443 -2000.0000000000
1564.2377970991 -1116.8208690148 -208.0267913115
1564.2377970991 -1116.8208690148 -2000.0000000000
1564.2377970991 -1116.8208690148 -2000.0000000000
-519.7867384154 119.3683990011 -1688.2575364346
-1448.8601296367 -832.3881550267 -625.0162206346
-1448.8601296367 -832.3881550267 -2000.0000000000
-1448.8601296367 -832.3881550267 -2000.0000000000
-1448.8601296367 -832.3881550267 -2000.0000000000
-1448.8601296367 -832.3881550267 -2000.0000000000
-1448.8601296367 -832.3881550267 -2000.0000000000
-1448.8601296367 -832.3881550267 -2000.0000000000
-1448.8601296367 -832.3881550267 -2000.0000000000
-1576.5069645106 595.3880863528 103.9841612785
-641.7620934580 -1930.7353991095 -1646.3360365989
-609.3732400720 1111.3731423989 -1929.1148131399
-609.3732400720 1111.3731423989 -2000.0000000000
-609.3732400720 1111.3731423989 -2000.0000000000
-609.3732400720 1111.3731423989 -2000.0000000000
-609.3732400720 1111.3731423989 -2000.0000000000
1939.3306474877 977.9310435222 -82.8870738506
-675.2758763288 -1943.2092263484 433.2737547853
-675.2758763288 -1943.2092263484 -2000.0000000000
-675.2758763288 -1943.2092263484 -2000.0000000000
-682.9728861941 -1663.3508401370 -1761.3078675477
182.9332040054 1963.6664806648 1700.8818433548
188.0189390578 -931.0625494707 -1137.0994052975
846.7155711596 1494.6484507120 343.7170106046
846.7155711596 1494.6484507120 -2000.0000000000
846.7155711596 1494.6484507120 -2000.0000000000
846.7155711596 1494.6484507120 -2000.0000000000
846.7155711596 1494.6484507120 -2000.0000000000
846.7155711596 1494.6484507120 -2000.0000000000
846.7155711596 1494.6484507120 -2000.0000000000
-230.2516481125 1535.8660831317 767.6290372042
-230.2516481125 1535.8660831317 -2000.0000000000
-230.2516481125 1535.8660831317 -2000.0000000000
-230.2516481125 1535.8660831317 -2000.0000000000
-230.2516481125 1535.8660831317 -2000.0000000000
-1208.7338396635 -210.4236104508 -33.1196348725
-1208.7338396635 -210.4236104508 -2000.0000000000
-1241.4894479844 1221.3328868409 1512.9266492544
-1965.9895520854 -1344.6965638997 1520.9488810517
-1965.9895520854 -1344.6965638997 -2000.0000000000
-1721.1785282168 -653.8614988178 874.7253594332
-1721.1785282168 -653.8614988178 -2000.0000000000
-1721.1785282168 -653.8614988178 -2000.0000000000
-1028.3940718989 1536.4624196994 1379.8474216416
-1028.3940718989 1536.4624196994 -2000.0000000000
-1028.3940718989 1536.4624196994 -2000.0000000000
-1028.3940718989 1536.4624196994 -2000.0000000000
-1028.3940718989 1536.4624196994 -2000.0000000000
-1028.3940718989 1536.4624196994 -2000.0000000000
-1303.6849743489 399.1693957663 940.5855920093
-1115.1403597684 -939.7024427354 -158.5687492449
-1115.1403597684 -939.7024427354 -2000.0000000000
-1115.1403597684 -939.7024427354 -2000.0000000000
-1115.1403597684 -939.7024427354 -2000.0000000000
-1115.1403597684 -939.7024427354 -2000.0000000000
1219.9607347362 408.1900210470 100.7962165857
-1776.1346193137 1698.7208565793 150.3417408869
914.5405392610 -1905.7125303918 465.7749513454
914.5405392610 -1905.7125303918 -2000.0000000000
-1049.5315316159 -273.3921440677 -867.2524191970
-1049.5315316159 -273.3921440677 -2000.0000000000
-1049.5315316159 -273.3921440677 -2000.0000000000
-1049.5315316159 -273.3921440677 -2000.0000000000
-1023.4853818863 -1078.8798559351 1509.8483421587
-1023.4853818863 -1078.8798559351 -2000.0000000000
-1023.4853818863 -1078.8798559351 -2000.0000000000
-1023.4853818863 -1078.8798559351 -2000.0000000000
-1023.4853818863 -1078.8798559351 -2000.0000000000
-1023.4853818863 -1078.8798559351 -2000.0000000000
-1023.4853818863 -1078.8798559351 -2000.0000000000
-1023.4853818863 -1078.8798559351 -2000.0000000000
-1023.4853818863 -1078.8798559351 -2000.0000000000
-1023.4853818863 -1078.8798559351 -2000.0000000000
-908.6015065444 -193.7269190439 1030.3623562459
-908.6015065444 -193.7269190439 -2000.0000000000
-908.6015065444 -193.7269190439 -2000.0000000000
-779.6314542505 1285.3962840419 -558.0009897038
-779.6314542505 1285.3962840419 -2000.0000000000
-765.7163225118 1486.0153885545 -1596.7472061871
-1886.0531033732 459.3719021883 -90.1422087492
-1886.0531033732 459.3719021883 -2000.0000000000
1410.5361693827 -1948.7008260579 228.8789963171
1410.5361693827 -1948.7008260579 -2000.0000000000
-1241.7431430726 1847.1433098049 1529.4686787063
398.2112071390 1879.4491290943 -728.1238392695
398.2112071390 1879.4491290943 -2000.0000000000
398.2112071390 1879.4491290943 -2000.0000000000
398.2112071390 1879.4491290943 -2000.0000000000
398.2112071390 1879.4491290943 -2000.0000000000
398.2112071390 1879.4491290943 -2000.0000000000
398.2112071390 1879.4491290943 -2000.0000000000
398.2112071390 1879.4491290943 -2000.0000000000
398.2112071390 1879.4491290943 -2000.0000000000
398.2112071390 1879.4491290943 -2000.0000000000
398.2112071390 1879.4491290943 -2000.0000000000
-535.2332555965 -1849.0278347646 -477.9202856930
-535.2332555965 -1849.0278347646 -2000.0000000000
1868.8735293969 -660.4174605167 -861.0298801326
1868.8735293969 -660.4174605167 -2000.0000000000
-1886.9954757676 1014.5770398843 -1322.1031284035
-737.5463234875 -598.2357128356 -1048.5052864500
-1108.4951635962 -1156.5930278253 1061.6598968997
-1108.4951635962 -1156.5930278253 -2000.0000000000
-1108.4951635962 -1156.5930278253 -2000.0000000000
-1108.4951635962 -1156.5930278253 -2000.0000000000
-1108.4951635962 -1156.5930278253 -2000.0000000000
-1428.8928067106 126.3361982652 1341.4816861333
-1428.8928067106 126.3361982652 -2000.0000000000
-1428.8928067106 126.3361982652 -2000.0000000000
-1428.8928067106 126.3361982652 -2000.0000000000
780.4837194517 -1266.4302020463 1511.2562539018
-1089.8187912411 1423.4687960378 131.5139047854
-1089.8187912411 1423.4687960378 -2000.0000000000
-1089.8187912411 1423.4687960378 -2000.0000000000
-1089.8187912411 1423.4687960378 -2000.0000000000
-1089.8187912411 1423.4687960378 -2000.0000000000
-1089.8187912411 1423.4687960378 -2000.0000000000
-1089.8187912411 1423.4687960378 -2000.0000000000
-1089.8187912411 1423.4687960378 -2000.0000000000
392.3599277572 1720.9497421685 1889.6173584647
392.3599277572 1720.9497421685 -2000.0000000000
392.3599277572 1720.9497421685 -2000.0000000000
392.3599277572 1720.9497421685 -2000.0000000000
392.3599277572 1720.9497421685 -2000.0000000000
392.3599277572 1720.9497421685 -2000.0000000000
392.3599277572 1720.9497421685 -2000.0000000000
-475.5700993697 1539.6781877245 1110.0759295476
407.2290577511 996.8995461806 -88.7688388989
407.2290577511 996.8995461806 -2000.0000000000
407.2290577511 996.8995461806 -2000.0000000000
407.2290577511 996.8995461806 -2000.0000000000
407.2290577511 996.8995461806 -2000.0000000000
407.2290577511 996.8995461806 -2000.0000000000
407.2290577511 996.8995461806 -2000.0000000000
407.2290577511 996.8995461806 -2000.0000000000
407.2290577511 996.8995461806 -2000.0000000000
407.2290577511 996.8995461806 -2000.0000000000
407.2290577511 996.8995461806 -2000.0000000000
407.2290577511 996.8995461806 -2000.0000000000
407.2290577511 996.8995461806 -2000.0000000000
407.2290577511 996.8995461806 -2000.0000000000
407.2290577511 996.8995461806 -2000.0000000000
407.2290577511 996.8995461806 -2000.0000000000
-780.5237523834 -868.1441925563 876.5415930981
-780.5237523834 -868.1441925563 -2000.0000000000
-179.9215818493 1745.8353809335 412.2648380659
-268.6816415419 354.6126020037 -1743.6083375744
-268.6816415419 354.6126020037 -2000.0000000000
-268.6816415419 354.6126020037 -2000.0000000000
-268.6816415419 354.6126020037 -2000.0000000000
-268.6816415419 354.6126020037 -2000.0000000000
-1410.6880464323 -1815.2372842121 -623.7682592240
-1410.6880464323 -1815.2372842121 -2000.0000000000
902.7201481356 1470.1477694144 -694.0857437234
902.7201481356 1470.1477694144 -2000.0000000000
902.7201481356 1470.1477694144 -2000.0000000000
902.7201481356 1470.1477694144 -2000.0000000000
902.7201481356 1470.1477694144 -2000.0000000000
902.7201481356 1470.1477694144 -2000.0000000000
902.7201481356 1470.1477694144 -2000.0000000000
902.7201481356 1470.1477694144 -2000.0000000000
-546.2480259582 -635.4262526651 -1556.4726164102
-546.2480259582 -635.4262526651 -2000.0000000000
-546.2480259582 -635.4262526651 -2000.0000000000
-546.2480259582 -635.4262526651 -2000.0000000000
-546.2480259582 -635.4262526651 -2000.0000000000
1953.5805031289 1951.8269225028 -1890.9461669232
874.8745669280 760.5682212098 475.0776655911
874.8745669280 760.5682212098 -2000.0000000000
874.8745669280 760.5682212098 -2000.0000000000
874.8745669280 760.5682212098 -2000.0000000000
-725.7244198114 494.4246339814 -73.4781317182
497.6460034113 908.8918899519 -644.8935180219
497.6460034113 908.8918899519 -2000.0000000000
497.6460034113 908.8918899519 -2000.0000000000
497.6460034113 908.8918899519 -2000.0000000000
497.6460034113 908.8918899519 -2000.0000000000
-441.3477163370 -916.9541522019 1321.1466915196
-441.3477163370 -916.9541522019 -2000.0000000000
-441.3477163370 -916.9541522019 -2000.0000000000
-441.3477163370 -916.9541522019 -2000.0000000000
-441.3477163370 -916.9541522019 -2000.0000000000
-636.3494332348 -933.0443305673 1160.1970740431
1183.9107948401 277.8760462796 19.0901783814
1183.9107948401 277.8760462796 -2000.0000000000
1183.9107948401 277.8760462796 -2000.0000000000
1183.9107948401 277.8760462796 -2000.0000000000
1183.9107948401 277.8760462796 -2000.0000000000
1183.9107948401 277.8760462796 -2000.0000000000
1278.3697489816 -1685.1386309312 1318.1266896298
-1946.0560821528 -164.2303002174 358.1798413369
1928.6706884144 1096.2948904849 -813.4424473224
1928.6706884144 1096.2948904849 -2000.0000000000
404.4140969805 -1596.4975504279 260.3010799432
404.4140969805 -1596.4975504279 -2000.0000000000
1601.5757041679 -90.3139534317 -160.2053631805
1601.5757041679 -90.3139534317 -2000.0000000000
796.7382194721 -1847.4683455603 627.6872886443
-1674.1891581867 1620.4054607210 -922.2877223218
1993.6569526434 -1200.1714088628 1716.8510322254
1993.6569526434 -1200.1714088628 -2000.0000000000
1993.6569526434 -1200.1714088628 -2000.0000000000
-1366.8897141275 -231.1468494998 -1341.4342254112
-1366.8897141275 -231.1468494998 -2000.0000000000
-1366.8897141275 -231.1468494998 -2000.0000000000
-1366.8897141275 -231.1468494998 -2000.0000000000
-1926.7787838268 -398.3536971873 -169.0080814969
-1926.7787838268 -398.3536971873 -2000.0000000000
-1926.7787838268 -398.3536971873 -2000.0000000000
282.5496237924 -1876.3594902391 -728.3758103710
282.5496237924 -1876.3594902391 -2000.0000000000
282.5496237924 -1876.3594902391 -2000.0000000000
282.5496237924 -1876.3594902391 -2000.0000000000
-45.1496632588 1235.2401556413 -1777.5182538323
-45.1496632588 1235.2401556413 -2000.0000000000
-45.1496632588 1235.2401556413 -2000.0000000000
-45.1496632588 1235.2401556413 -2000.0000000000
858.8433200196 -1812.4124218150 -1338.9727845686
858.8433200196 -1812.4124218150 -2000.0000000000
858.8433200196 -1812.4124218150 -2000.0000000000
-1964.4935398323 706.1890527011 428.4723038700
665.1700529609 1742.4168970083 -1229.4028822339
841.5508459409 -238.7702387803 911.5047088264
-1486.5540870223 922.8261438039 283.1027516192
-1486.5540870223 922.8261438039 -2000.0000000000
-316.3067665470 -240.8792757512 -792.1639073140
521.5653318421 69.0302799860 -1382.0536791977
521.5653318421 69.0302799860 -2000.0000000000
521.5653318421 69.0302799860 -2000.0000000000
521.5653318421 69.0302799860 -2000.0000000000
521.5653318421 69.0302799860 -2000.0000000000
521.5653318421 69.0302799860 -2000.0000000000
521.5653318421 69.0302799860 -2000.0000000000
521.5653318421 69.0302799860 -2000.0000000000
521.5653318421 69.0302799860 -2000.0000000000
496.8913336111 226.3269723423 -70.1755881619
496.8913336111 226.3269723423 -2000.0000000000
496.8913336111 226.3269723423 -2000.0000000000
496.8913336111 226.3269723423 -2000.0000000000
496.8913336111 226.3269723423 -2000.0000000000
496.8913336111 226.3269723423 -2000.0000000000
496.8913336111 226.3269723423 -2000.0000000000
496.8913336111 226.3269723423 -2000.0000000000
329.0022433468 -1882.8417214419 1305.4037505841
329.0022433468 -1882.8417214419 -2000.0000000000
-519.9090831892 1852.6597529907 1437.1533659528
-85.5235356836 412.4241337851 906.1992176688
-85.5235356836 412.4241337851 -2000.0000000000
-85.5235356836 412.4241337851 -2000.0000000000
-85.5235356836 412.4241337851 -2000.0000000000
-85.5235356836 412.4241337851 -2000.0000000000
-85.5235356836 412.4241337851 -2000.0000000000
-85.5235356836 412.4241337851 -2000.0000000000
-85.5235356836 412.4241337851 -2000.0000000000
-85.5235356836 412.4241337851 -2000.0000000000
-85.5235356836 412.4241337851 -2000.0000000000
-85.5235356836 412.4241337851 -2000.0000000000
1658.2145949178 478.8302453845 1878.2220083601
-808.5008707843 109.6270247398 461.2660921598
-808.5008707843 109.6270247398 -2000.0000000000
-808.5008707843 109.6270247398 -2000.0000000000
-808.5008707843 109.6270247398 -2000.0000000000
-808.5008707843 109.6270247398 -2000.0000000000
-808.5008707843 109.6270247398 -2000.0000000000
-808.5008707843 109.6270247398 -2000.0000000000
-808.5008707843 109.6270247398 -2000.0000000000
-241.6851340883 -364.0519367349 1995.3111619037
-241.6851340883 -364.0519367349 -2000.0000000000
590.8851651677 1665.8242973635 -852.7427275398
590.8851651677 1665.8242973635 -2000.0000000000
590.8851651677 1665.8242973635 -2000.0000000000
590.8851651677 1665.8242973635 -2000.0000000000
-174.5539566871 1148.5877122899 -1207.1615454642
-174.5539566871 1148.5877122899 -2000.0000000000
-174.5539566871 1148.5877122899 -2000.0000000000
-174.5539566871 1148.5877122899 -2000.0000000000
-174.5539566871 1148.5877122899 -2000.0000000000
-174.5539566871 1148.5877122899 -2000.0000000000
-174.5539566871 1148.5877122899 -2000.0000000000
-174.5539566871 1148.5877122899 -2000.0000000000
-174.5539566871 1148.5877122899 -2000.0000000000
-174.5539566871 1148.5877122899 -2000.0000000000
-174.5539566871 1148.5877122899 -2000.0000000000
-447.8244523319 1714.1961572182 1012.6378458008
-447.8244523319 1714.1961572182 -2000.0000000000
-447.8244523319 1714.1961572182 -2000.0000000000
1244.4543887886 -515.7701337202 1073.6978768631
1216.2138446146 1368.7474415957 -628.1619955800
1216.2138446146 1368.7474415957 -2000.0000000000
-391.1889404763 1239.1159450667 547.5752526569
-391.1889404763 1239.1159450667 -2000.0000000000
1112.3300137017 -1438.6581896395 719.5588606451
1112.3300137017 -1438.6581896395 -2000.0000000000
1112.3300137017 -1438.6581896395 -2000.0000000000
1112.3300137017 -1438.6581896395 -2000.0000000000
1112.3300137017 -1438.6581896395 -2000.0000000000
1112.3300137017 -1438.6581896395 -2000.0000000000
1112.3300137017 -1438.6581896395 -2000.0000000000
1112.3300137017 -1438.6581896395 -2000.0000000000
1112.3300137017 -1438.6581896395 -2000.0000000000
-1201.6292256513 61.2150842237 1785.4188539820
1337.8100341665 1449.1115130152 -1821.8078277434
-1959.2820844267 873.1181935257 -348.2195146249
-1959.2820844267 873.1181935257 -2000.0000000000
-1959.2820844267 873.1181935257 -2000.0000000000
-1959.2820844267 873.1181935257 -2000.0000000000
-1959.2820844267 873.1181935257 -2000.0000000000
-1959.2820844267 873.1181935257 -2000.0000000000
-1959.2820844267 873.1181935257 -2000.0000000000
-24.0179829906 1632.9947853990 -1200.7546544166
-1363.0331449770 -1227.2698890726 527.3485673560
-1363.0331449770 -1227.2698890726 -2000.0000000000
262.3876677652 -182.1616968194 -1545.9243519223
-640.2677265459 -1186.8915365036 1978.1320613040
-640.2677265459 -1186.8915365036 -2000.0000000000
-640.2677265459 -1186.8915365036 -2000.0000000000
-640.2677265459 -1186.8915365036 -2000.0000000000
723.4983536115 1216.3331170402 1453.8350637407
723.4983536115 1216.3331170402 -2000.0000000000
723.4983536115 1216.3331170402 -2000.0000000000
723.4983536115 1216.3331170402 -2000.0000000000
723.4983536115 1216.3331170402 -2000.0000000000
-1932.0634976423 1173.0956406832 -1232.7737528562
-1932.0634976423 1173.0956406832 -2000.0000000000
1681.1516356191 -1786.7599444234 90.9979832650
1681.1516356191 -1786.7599444234 -2000.0000000000
-716.2785639194 -1821.8970545755 -1802.1400135879
-716.2785639194 -1821.8970545755 -2000.0000000000
-716.2785639194 -1821.8970545755 -2000.0000000000
-716.2785639194 -1821.8970545755 -2000.0000000000
-860.4226106198 -782.3755947227 1529.0669215039
-860.4226106198 -782.3755947227 -2000.0000000000
1408.2790164666 531.2693678314 1033.0002115705
1408.2790164666 531.2693678314 -2000.0000000000
1408.2790164666 531.2693678314 -2000.0000000000
1408.2790164666 531.2693678314 -2000.0000000000
1408.2790164666 531.2693678314 -2000.0000000000
1408.2790164666 531.2693678314 -2000.0000000000
1983.2335666281 -214.8815111768 -939.2267973562
1123.7548756984 1759.6494411565 1013.3713100340
1123.7548756984 1759.6494411565 -2000.0000000000
1123.7548756984 1759.6494411565 -2000.0000000000
1123.7548756984 1759.6494411565 -2000.0000000000
1123.7548756984 1759.6494411565 -2000.0000000000
-157.8197591227 -1671.8216863009 1182.4009897248
-1952.8681214571 453.1635953396 833.7033909899
-1952.8681214571 453.1635953396 -2000.0000000000
-1952.8681214571 453.1635953396 -2000.0000000000
-1952.8681214571 453.1635953396 -2000.0000000000
-1952.8681214571 453.1635953396 -2000.0000000000
-751.9364212178 -50.2556478522 -101.0454981051
-751.9364212178 -50.2556478522 -2000.0000000000
563.1000196360 -295.0094231073 -161.4835553911
563.1000196360 -295.0094231073 -2000.0000000000
563.1000196360 -295.0094231073 -2000.0000000000
563.1000196360 -295.0094231073 -2000.0000000000
563.1000196360 -295.0094231073 -2000.0000000000
563.1000196360 -295.0094231073 -2000.0000000000
563.1000196360 -295.0094231073 -2000.0000000000
-1267.3046898890 447.5241409570 636.6157569440
-86.0156926673 556.0955588734 -1640.2679724981
-86.0156926673 556.0955588734 -2000.0000000000
-86.0156926673 556.0955588734 -2000.0000000000
-86.0156926673 556.0955588734 -2000.0000000000
-86.0156926673 556.0955588734 -2000.0000000000
-86.0156926673 556.0955588734 -2000.0000000000
-86.0156926673 556.0955588734 -2000.0000000000
-1860.4526641501 -498.7037438998 -1673.2003255751
-1860.4526641501 -498.7037438998 -2000.0000000000
831.5169268594 1502.4400941688 1917.9096517564
831.5169268594 1502.4400941688 -2000.0000000000
831.5169268594 1502.4400941688 -2000.0000000000
831.5169268594 1502.4400941688 -2000.0000000000
831.5169268594 1502.4400941688 -2000.0000000000
831.5169268594 1502.4400941688 -2000.0000000000
831.5169268594 1502.4400941688 -2000.0000000000
831.5169268594 1502.4400941688 -2000.0000000000
831.5169268594 1502.4400941688 -2000.0000000000
831.5169268594 1502.4400941688 -2000.0000000000
-1622.0429333302 -1813.2836761773 790.7249553701
-1622.0429333302 -1813.2836761773 -2000.0000000000
-1312.2833759496 393.5989247909 356.3318835560
-1312.2833759496 393.5989247909 -2000.0000000000
1577.6796217617 -1951.7603451661 -534.8717484290
1577.6796217617 -1951.7603451661 -2000.0000000000
-1118.0839641210 959.3595815641 -142.9371260051
-1118.0839641210 959.3595815641 -2000.0000000000
-1118.0839641210 959.3595815641 -2000.0000000000
-1118.0839641210 959.3595815641 -2000.0000000000
-1118.0839641210 959.3595815641 -2000.0000000000
-1118.0839641210 959.3595815641 -2000.0000000000
592.0012492223 1957.5768416267 1456.9503785580
592.0012492223 1957.5768416267 -2000.0000000000
592.0012492223 1957.5768416267 -2000.0000000000
592.0012492223 1957.5768416267 -2000.0000000000
592.0012492223 1957.5768416267 -2000.0000000000
592.0012492223 1957.5768416267 -2000.0000000000
592.0012492223 1957.5768416267 -2000.0000000000
592.0012492223 1957.5768416267 -2000.0000000000
592.0012492223 1957.5768416267 -2000.0000000000
592.0012492223 1957.5768416267 -2000.0000000000
592.0012492223 1957.5768416267 -2000.0000000000
-1386.7048049363 1998.8488577370 -1961.7436834639
-1386.7048049363 1998.8488577370 -2000.0000000000
-1386.7048049363 1998.8488577370 -2000.0000000000
-1386.7048049363 1998.8488577370 -2000.0000000000
-1386.7048049363 1998.8488577370 -2000.0000000000
-1386.7048049363 1998.8488577370 -2000.0000000000
1501.8045643245 -1532.7626949482 -447.5683625318
-1078.2802828737 -1453.8048175471 -790.0866490091
-1078.2802828737 -1453.8048175471 -2000.0000000000
1543.6803087324 -1930.1626949771 -774.6298210805
1543.6803087324 -1930.1626949771 -2000.0000000000
-902.3472898261 1200.0185766257 1612.4919551048
-902.3472898261 1200.0185766257 -2000.0000000000
454.2159442291 1743.1104508007 1409.2608167441
454.2159442291 1743.1104508007 -2000.0000000000
-1282.6565378619 -771.5626743400 671.7447587858
1705.1567536813 1995.9965698400 -335.9348101299
1705.1567536813 1995.9965698400 -2000.0000000000
1705.1567536813 1995.9965698400 -2000.0000000000
1705.1567536813 1995.9965698400 -2000.0000000000
-408.5911245561 1645.7824784520 1583.1301184973
-408.5911245561 1645.7824784520 -2000.0000000000
721.2473579851 -433.1858758458 -812.2762927288
721.2473579851 -433.1858758458 -2000.0000000000
1710.9337184229 834.1611944599 1112.9991960420
1710.9337184229 834.1611944599 -2000.0000000000
1710.9337184229 834.1611944599 -2000.0000000000
-1785.6317950993 1041.9530817264 1155.2840271362
-1292.3399338992 819.6265100641 -1043.6485815831
-1292.3399338992 819.6265100641 -2000.0000000000
-1292.3399338992 819.6265100641 -2000.0000000000
-1292.3399338992 819.6265100641 -2000.0000000000
-342.2686836342 1393.9410248430 -709.8806926573
-342.2686836342 1393.9410248430 -2000.0000000000
-342.2686836342 1393.9410248430 -2000.0000000000
59.4413703639 -1763.7664995387 -1520.1898513250
59.4413703639 -1763.7664995387 -2000.0000000000
59.4413703639 -1763.7664995387 -2000.0000000000
59.4413703639 -1763.7664995387 -2000.0000000000
-105.9364998974 1484.5019665501 -367.5935820740
-105.9364998974 1484.5019665501 -2000.0000000000
1567.9259027809 -11.2816342319 -397.4558302655
1567.9259027809 -11.2816342319 -2000.0000000000
1567.9259027809 -11.2816342319 -2000.0000000000
1975.3565586357 678.1891910134 -1786.3229738115
1975.3565586357 678.1891910134 -2000.0000000000
1975.3565586357 678.1891910134 -2000.0000000000
-1917.6858176993 -1062.4474108530 1154.7094066204
-1917.6858176993 -1062.4474108530 -2000.0000000000
-1917.6858176993 -1062.4474108530 -2000.0000000000
-1917.6858176993 -1062.4474108530 -2000.0000000000
-1917.6858176993 -1062.4474108530 -2000.0000000000
-1917.6858176993 -1062.4474108530 -2000.0000000000
-1917.6858176993 -1062.4474108530 -2000.0000000000
-1917.6858176993 -1062.4474108530 -2000.0000000000
-1917.6858176993 -1062.4474108530 -2000.0000000000
-1917.6858176993 -1062.4474108530 -2000.0000000000
-1917.6858176993 -1062.4474108530 -2000.0000000000
-1917.6858176993 -1062.4474108530 -2000.0000000000
-1917.6858176993 -1062.4474108530 -2000.0000000000
-1917.6858176993 -1062.4474108530 -2000.0000000000
-278.0579883885 -1958.7765822247 381.1053294511
188.7899070231 46.0366160109 1795.0902156132
188.7899070231 46.0366160109 -2000.0000000000
-487.0893459653 77.3076136707 1236.1495886953
-487.0893459653 77.3076136707 -2000.0000000000
-176.2711085967 -1623.9840373963 -47.2395214308
-176.2711085967 -1623.9840373963 -2000.0000000000
-176.2711085967 -1623.9840373963 -2000.0000000000
-1976.6867208278 785.9354317043 -1313.8417062080
-1976.6867208278 785.9354317043 -2000.0000000000
-1976.6867208278 785.9354317043 -2000.0000000000
-1976.6867208278 785.9354317043 -2000.0000000000
-1976.6867208278 785.9354317043 -2000.0000000000
1233.8449872164 -122.6520353723 209.6453105246
1233.8449872164 -122.6520353723 -2000.0000000000
1880.1022253960 -1729.3219442149 -1575.0092800955
1880.1022253960 -1729.3219442149 -2000.0000000000
-635.0275726364 -30.2835182302 -1833.6528473553
1180.1879629395 773.7909144194 1304.1134785660
1180.1879629395 773.7909144194 -2000.0000000000
-388.7681359612 994.9458427031 234.7476819710
-388.7681359612 994.9458427031 -2000.0000000000
-388.7681359612 994.9458427031 -2000.0000000000
-388.7681359612 994.9458427031 -2000.0000000000
-831.2502442614 -204.7331611738 -274.0968849008
-831.2502442614 -204.7331611738 -2000.0000000000
-1599.9677919274 1915.7182865486 -1251.7474691044
-1599.9677919274 1915.7182865486 -2000.0000000000
-1599.9677919274 1915.7182865486 -2000.0000000000
-1635.1119460022 -618.1947054496 -705.6206240795
-1635.1119460022 -618.1947054496 -2000.0000000000
-1635.1119460022 -618.1947054496 -2000.0000000000
-1635.1119460022 -618.1947054496 -2000.0000000000
-1635.1119460022 -618.1947054496 -2000.0000000000
-1635.1119460022 -618.1947054496 -2000.0000000000
-1635.1119460022 -618.1947054496 -2000.0000000000
-1635.1119460022 -618.1947054496 -2000.0000000000
-1635.1119460022 -618.1947054496 -2000.0000000000
-1635.1119460022 -618.1947054496 -2000.0000000000
-1635.1119460022 -618.1947054496 -2000.0000000000
-847.3590910758 -338.7005483344 328.9109078460
919.3980245732 204.2323225768 1245.5172164859
919.3980245732 204.2323225768 -2000.0000000000
-1287.2989422208 1441.2856299594 414.1833531457
-1287.2989422208 1441.2856299594 -2000.0000000000
180.5951485465 -1788.3187906889 -1524.4457036071
180.5951485465 -1788.3187906889 -2000.0000000000
180.5951485465 -1788.3187906889 -2000.0000000000
180.5951485465 -1788.3187906889 -2000.0000000000
180.5951485465 -1788.3187906889 -2000.0000000000
180.5951485465 -1788.3187906889 -2000.0000000000
180.5951485465 -1788.3187906889 -2000.0000000000
268.8538785072 620.7579970451 1042.0877543401
268.8538785072 620.7579970451 -2000.0000000000
268.8538785072 620.7579970451 -2000.0000000000
268.8538785072 620.7579970451 -2000.0000000000
268.8538785072 620.7579970451 -2000.0000000000
268.8538785072 620.7579970451 -2000.0000000000
268.8538785072 620.7579970451 -2000.0000000000
-1827.6895905219 -178.5577911139 -147.9374390244
-1283.6850994450 118.4991675283 1540.9930357597
-1283.6850994450 118.4991675283 -2000.0000000000
-1283.6850994450 118.4991675283 -2000.0000000000
-1283.6850994450 118.4991675283 -2000.0000000000
670.3449683362 -1499.9638399701 92.3136412584
1626.0894876092 273.9892021037 -674.3043835078
1626.0894876092 273.9892021037 -2000.0000000000
1626.0894876092 273.9892021037 -2000.0000000000
1626.0894876092 273.9892021037 -2000.0000000000
1626.0894876092 273.9892021037 -2000.0000000000
1626.0894876092 273.9892021037 -2000.0000000000
1626.0894876092 273.9892021037 -2000.0000000000
1626.0894876092 273.9892021037 -2000.0000000000
1626.0894876092 273.9892021037 -2000.0000000000
1626.0894876092 273.9892021037 -2000.0000000000
1626.0894876092 273.9892021037 -2000.0000000000
1909.8319374807 17.0326945122 -96.6536510277
-641.7925927157 -699.7413193543 1793.7638747561
-641.7925927157 -699.7413193543 -2000.0000000000
-641.7925927157 -699.7413193543 -2000.0000000000
-641.7925927157 -699.7413193543 -2000.0000000000
-641.7925927157 -699.7413193543 -2000.0000000000
-641.7925927157 -699.7413193543 -2000.0000000000
1756.0875335693 -973.3485380289 1270.5748226075
-589.8966639204 27.0039882876 492.4623583070
-589.8966639204 27.0039882876 -2000.0000000000
-589.8966639204 27.0039882876 -2000.0000000000
-641.9958037196 -1268.6908918017 723.8872059986
-641.9958037196 -1268.6908918017 -2000.0000000000
-641.9958037196 -1268.6908918017 -2000.0000000000
1664.0743847399 -395.6296364707 -504.5272898001
1664.0743847399 -395.6296364707 -2000.0000000000
1664.0743847399 -395.6296364707 -2000.0000000000
1664.0743847399 -395.6296364707 -2000.0000000000
1664.0743847399 -395.6296364707 -2000.0000000000
1664.0743847399 -395.6296364707 -2000.0000000000
1664.0743847399 -395.6296364707 -2000.0000000000
1664.0743847399 -395.6296364707 -2000.0000000000
1664.0743847399 -395.6296364707 -2000.0000000000
-187.8595839685 -1097.5930821346 -364.4583786678
-187.8595839685 -1097.5930821346 -2000.0000000000
-187.8595839685 -1097.5930821346 -2000.0000000000
-187.8595839685 -1097.5930821346 -2000.0000000000
-187.8595839685 -1097.5930821346 -2000.0000000000
-187.8595839685 -1097.5930821346 -2000.0000000000
-187.8595839685 -1097.5930821346 -2000.0000000000
-187.8595839685 -1097.5930821346 -2000.0000000000
83.2249375810 403.7772026992 1654.3160680032
83.2249375810 403.7772026992 -2000.0000000000
-1266.0481698866 1512.0845969147 -1560.5203458345
-1137.4557820498 -1763.4627995721 344.9021255925
-1137.4557820498 -1763.4627995721 -2000.0000000000
-1137.4557820498 -1763.4627995721 -2000.0000000000
659.0753352104 252.9990230270 927.2047369790
659.0753352104 252.9990230270 -2000.0000000000
1144.9506856960 -1250.2419192688 1971.3677309620
1144.9506856960 -1250.2419192688 -2000.0000000000
1629.8596824915 -1796.6165502725 1065.7801437368
1444.2709221845 1041.9690447262 67.0658117516
1444.2709221845 1041.9690447262 -2000.0000000000
1444.2709221845 1041.9690447262 -2000.0000000000
-427.2291910084 -145.3438130287 -317.3136899777
-427.2291910084 -145.3438130287 -2000.0000000000
-427.2291910084 -145.3438130287 -2000.0000000000
1141.2529633765 1090.2836714883 -1772.0904060054
-118.8498318179 1611.0215869010 -1702.0740205900
1961.0803511619 793.8389225843 1984.0014161495
1961.0803511619 793.8389225843 -2000.0000000000
1961.0803511619 793.8389225843 -2000.0000000000
-1583.6003302598 -23.5088114617 -449.3014231303
858.6287750234 -542.2560218764 1582.4481333587
-93.2408962707 -1250.3565146486 -1803.3703536894
-93.2408962707 -1250.3565146486 -2000.0000000000
-1158.5683938180 -1168.0826940219 1265.1062679091
1940.4586267518 1960.4637547236 1924.3599750093
1089.7934485637 5.2163277081 -354.5163464256
1089.7934485637 5.2163277081 -2000.0000000000
1089.7934485637 5.2163277081 -2000.0000000000
1089.7934485637 5.2163277081 -2000.0000000000
236.5374466787 -379.4456614538 -1648.6520236520
236.5374466787 -379.4456614538 -2000.0000000000
236.5374466787 -379.4456614538 -2000.0000000000
236.5374466787 -379.4456614538 -2000.0000000000
236.5374466787 -379.4456614538 -2000.0000000000
236.5374466787 -379.4456614538 -2000.0000000000
236.5374466787 -379.4456614538 -2000.0000000000
236.5374466787 -379.4456614538 -2000.0000000000
236.5374466787 -379.4456614538 -2000.0000000000
1481.3125385933 -762.9716368717 -476.5904446366
538.4442770532 1622.7003946060 -1896.6165839821
538.4442770532 1622.7003946060 -2000.0000000000
-882.7976295863 1313.2919321026 -1221.9590972221
-882.7976295863 1313.2919321026 -2000.0000000000
-882.7976295863 1313.2919321026 -2000.0000000000
-882.7976295863 1313.2919321026 -2000.0000000000
-882.7976295863 1313.2919321026 -2000.0000000000
-882.7976295863 1313.2919321026 -2000.0000000000
-1513.8860126105 859.2769451590 233.6258335300
-1513.8860126105 859.2769451590 -2000.0000000000
-1513.8860126105 859.2769451590 -2000.0000000000
-1513.8860126105 859.2769451590 -2000.0000000000
-1513.8860126105 859.2769451590 -2000.0000000000
848.5412901922 1317.0196903235 631.3633449340
848.5412901922 1317.0196903235 -2000.0000000000
1957.3045936825 -990.1038554789 -1451.8815689345
1957.3045936825 -990.1038554789 -2000.0000000000
1004.4663721835 203.2047677954 955.1817512252
1004.4663721835 203.2047677954 -2000.0000000000
1004.4663721835 203.2047677954 -2000.0000000000
1925.1555814712 84.7680914994 834.3657069912
1925.1555814712 84.7680914994 -2000.0000000000
1925.1555814712 84.7680914994 -2000.0000000000
1925.1555814712 84.7680914994 -2000.0000000000
-995.6423180725 -67.1774720746 -1554.1705452840
-1610.3873062933 1463.6723971094 -1602.1053785931
635.5767563139 -373.2423425876 -601.4942121705
635.5767563139 -373.2423425876 -2000.0000000000
1114.2464625309 736.8380700109 -1594.5765012063
1114.2464625309 736.8380700109 -2000.0000000000
571.5944772187 -470.4260122714 1331.1933839903
571.5944772187 -470.4260122714 -2000.0000000000
571.5944772187 -470.4260122714 -2000.0000000000
571.5944772187 -470.4260122714 -2000.0000000000
571.5944772187 -470.4260122714 -2000.0000000000
571.5944772187 -470.4260122714 -2000.0000000000
571.5944772187 -470.4260122714 -2000.0000000000
571.5944772187 -470.4260122714 -2000.0000000000
-1042.7974226935 -567.9584361290 -1190.3972936988
-1042.7974226935 -567.9584361290 -2000.0000000000
-1042.7974226935 -567.9584361290 -2000.0000000000
-1042.7974226935 -567.9584361290 -2000.0000000000
-1042.7974226935 -567.9584361290 -2000.0000000000
-1042.7974226935 -567.9584361290 -2000.0000000000
-1042.7974226935 -567.9584361290 -2000.0000000000
816.9866983460 1768.4845112149 -1840.9602474617
-760.9240434817 -1839.9404271153 1453.7352180663
-760.9240434817 -1839.9404271153 -2000.0000000000
-608.5365177058 412.9452587001 -177.4627856221
-608.5365177058 412.9452587001 -2000.0000000000
-608.5365177058 412.9452587001 -2000.0000000000
-608.5365177058 412.9452587001 -2000.0000000000
447.9894334462 -1329.4669492848 476.1104105940
-654.8035518088 -1822.0131891438 1130.0065216539
-654.8035518088 -1822.0131891438 -2000.0000000000
-654.8035518088 -1822.0131891438 -2000.0000000000
-434.4428459726 1489.9152967355 1662.9278416969
1224.7950487496 -1951.5297909092 -1182.2677989745
876.0329063047 -1660.2635211755 -643.0878701261
897.4291758928 1880.6861843560 -1364.1040576785
897.4291758928 1880.6861843560 -2000.0000000000
897.4291758928 1880.6861843560 -2000.0000000000
897.4291758928 1880.6861843560 -2000.0000000000
709.1211574886 1765.7093841991 497.3075709975
709.1211574886 1765.7093841991 -2000.0000000000
709.1211574886 1765.7093841991 -2000.0000000000
709.1211574886 1765.7093841991 -2000.0000000000
1703.9686803479 1869.2158340068 742.8960105529
-1620.2049228969 -1358.5019352062 1758.7357028414
689.1602120666 1459.4044578938 844.2157230278
689.1602120666 1459.4044578938 -2000.0000000000
689.1602120666 1459.4044578938 -2000.0000000000
689.1602120666 1459.4044578938 -2000.0000000000
947.4269393531 -609.5563690179 -219.4961026604
-5.8046665470 1474.3457313810 725.9452578559
-5.8046665470 1474.3457313810 -2000.0000000000
482.4860617221 1075.5246272490 154.5446958343
-1447.4759503819 119.0060607743 -1355.8135330086
-1447.4759503819 119.0060607743 -2000.0000000000
-1447.4759503819 119.0060607743 -2000.0000000000
-1447.4759503819 119.0060607743 -2000.0000000000
-1447.4759503819 119.0060607743 -2000.0000000000
-467.7322612251 1967.1734024716 1670.6235171358
-467.7322612251 1967.1734024716 -2000.0000000000
-467.7322612251 1967.1734024716 -2000.0000000000
1903.2034449071 453.6134907314 1242.1516519784
1177.2278689685 1076.8172011418 -1071.8282092154
1177.2278689685 1076.8172011418 -2000.0000000000
-245.3932447674 713.2587196342 -118.2269054384
-245.3932447674 713.2587196342 -2000.0000000000
717.6906014243 1394.3394095753 1258.3701072013
-1063.6659127798 -1933.2919426504 590.3990130551
-1063.6659127798 -1933.2919426504 -2000.0000000000
-1063.6659127798 -1933.2919426504 -2000.0000000000
-1101.8208808522 1678.2312759068 -1097.4826329205
-1101.8208808522 1678.2312759068 -2000.0000000000
1772.4160938065 -842.8227323243 -1402.9872696479
1772.4160938065 -842.8227323243 -2000.0000000000
1772.4160938065 -842.8227323243 -2000.0000000000
665.9306313169 1974.4944709686 -238.1148555427
665.9306313169 1974.4944709686 -2000.0000000000
665.9306313169 1974.4944709686 -2000.0000000000
665.9306313169 1974.4944709686 -2000.0000000000
665.9306313169 1974.4944709686 -2000.0000000000
-641.9027263837 832.2436514473 -1010.5056014567
-641.9027263837 832.2436514473 -2000.0000000000
-641.9027263837 832.2436514473 -2000.0000000000
-641.9027263837 832.2436514473 -2000.0000000000
617.7253699755 -307.5387681693 710.4806549864
617.7253699755 -307.5387681693 -2000.0000000000
617.7253699755 -307.5387681693 -2000.0000000000
617.7253699755 -307.5387681693 -2000.0000000000
617.7253699755 -307.5387681693 -2000.0000000000
-1208.7032148248 -1504.2855770377 1643.6418643237
-1208.7032148248 -1504.2855770377 -2000.0000000000
-1208.7032148248 -1504.2855770377 -2000.0000000000
-1208.7032148248 -1504.2855770377 -2000.0000000000
522.6878204943 1663.3455013079 -1438.6497714816
-1718.5125779087 1785.2885178877 -1003.6653786329
-1718.5125779087 1785.2885178877 -2000.0000000000
-1718.5125779087 1785.2885178877 -2000.0000000000
1814.0335875374 782.5427256440 1201.6942791718
-1303.2214077857 1335.9015225996 -891.0998498336
-1303.2214077857 1335.9015225996 -2000.0000000000
-1303.2214077857 1335.9015225996 -2000.0000000000
1038.4536087560 1203.8696771369 -661.6554308983
1038.4536087560 1203.8696771369 -2000.0000000000
1038.4536087560 1203.8696771369 -2000.0000000000
1038.4536087560 1203.8696771369 -2000.0000000000
1038.4536087560 1203.8696771369 -2000.0000000000
1038.4536087560 1203.8696771369 -2000.0000000000
1038.4536087560 1203.8696771369 -2000.0000000000
1038.4536087560 1203.8696771369 -2000.0000000000
1038.4536087560 1203.8696771369 -2000.0000000000
1038.4536087560 1203.8696771369 -2000.0000000000
1995.5602852049 -1192.8201936440 455.9376519059
1995.5602852049 -1192.8201936440 -2000.0000000000
1995.5602852049 -1192.8201936440 -2000.0000000000
1995.5602852049 -1192.8201936440 -2000.0000000000
1995.5602852049 -1192.8201936440 -2000.0000000000
1995.5602852049 -1192.8201936440 -2000.0000000000
1995.5602852049 -1192.8201936440 -2000.0000000000
1995.5602852049 -1192.8201936440 -2000.0000000000
1995.5602852049 -1192.8201936440 -2000.0000000000
1035.6318762417 -692.0856562214 1284.6715982815
35.8494791422 -1613.8200623187 -1172.3691319249
121.6924647124 736.1034318053 -846.8502233774
121.6924647124 736.1034318053 -2000.0000000000
121.6924647124 736.1034318053 -2000.0000000000
121.6924647124 736.1034318053 -2000.0000000000
1252.0437350260 -87.6622980117 -817.9716089434
1252.0437350260 -87.6622980117 -2000.0000000000
1252.0437350260 -87.6622980117 -2000.0000000000
1252.0437350260 -87.6622980117 -2000.0000000000
1252.0437350260 -87.6622980117 -2000.0000000000
288.6498958506 857.8387583974 -160.7936609054
-753.7103465853 1857.7043279205 1972.4540435434
-753.7103465853 1857.7043279205 -2000.0000000000
-753.7103465853 1857.7043279205 -2000.0000000000
790.0159443739 -1440.5020257193 -12.8892670218
790.0159443739 -1440.5020257193 -2000.0000000000
923.4741007645 -998.2853727097 -110.4213807187
-212.7107952901 -1211.1694580317 -1394.9929782917
-212.7107952901 -1211.1694580317 -2000.0000000000
-212.7107952901 -1211.1694580317 -2000.0000000000
-212.7107952901 -1211.1694580317 -2000.0000000000
-212.7107952901 -1211.1694580317 -2000.0000000000
-212.7107952901 -1211.1694580317 -2000.0000000000
-212.7107952901 -1211.1694580317 -2000.0000000000
-212.7107952901 -1211.1694580317 -2000.0000000000
137.5897269214 1234.6431423096 -860.7369820409
32.1063077729 -1750.9038257692 1528.8899145526
32.1063077729 -1750.9038257692 -2000.0000000000
32.1063077729 -1750.9038257692 -2000.0000000000
32.1063077729 -1750.9038257692 -2000.0000000000
32.1063077729 -1750.9038257692 -2000.0000000000
32.1063077729 -1750.9038257692 -2000.0000000000
1742.6420938502 1837.2898337746 1605.0090820207
1742.6420938502 1837.2898337746 -2000.0000000000
-1217.5016246628 728.7126386571 900.4689245584
1287.6974547090 -367.7263054886 -1036.7486926033
1287.6974547090 -367.7263054886 -2000.0000000000
-835.3946301006 -22.6946263249 1936.3107535848
-835.3946301006 -22.6946263249 -2000.0000000000
-835.3946301006 -22.6946263249 -2000.0000000000
-835.3946301006 -22.6946263249 -2000.0000000000
1992.1996633307 397.5388285002 -240.7833956781
1992.1996633307 397.5388285002 -2000.0000000000
1992.1996633307 397.5388285002 -2000.0000000000
1992.1996633307 397.5388285002 -2000.0000000000
1992.1996633307 397.5388285002 -2000.0000000000
1721.4635079413 525.9448666555 1721.2342114357
1721.4635079413 525.9448666555 -2000.0000000000
1721.4635079413 525.9448666555 -2000.0000000000
1721.4635079413 525.9448666555 -2000.0000000000
1721.4635079413 525.9448666555 -2000.0000000000
1721.4635079413 525.9448666555 -2000.0000000000
1721.4635079413 525.9448666555 -2000.0000000000
1721.4635079413 525.9448666555 -2000.0000000000
-482.0493998430 -1770.1151138506 -1162.9248326624
-482.0493998430 -1770.1151138506 -2000.0000000000
-482.0493998430 -1770.1151138506 -2000.0000000000
-482.0493998430 -1770.1151138506 -2000.0000000000
-482.0493998430 -1770.1151138506 -2000.0000000000
-482.0493998430 -1770.1151138506 -2000.0000000000
-482.0493998430 -1770.1151138506 -2000.0000000000
-482.0493998430 -1770.1151138506 -2000.0000000000
-482.0493998430 -1770.1151138506 -2000.0000000000
-482.0493998430 -1770.1151138506 -2000.0000000000
-482.0493998430 -1770.1151138506 -2000.0000000000
-482.0493998430 -1770.1151138506 -2000.0000000000
-482.0493998430 -1770.1151138506 -2000.0000000000
-482.0493998430 -1770.1151138506 -2000.0000000000
-482.0493998430 -1770.1151138506 -2000.0000000000
-482.0493998430 -1770.1151138506 -2000.0000000000
-1464.8301283036 -1479.6165352327 1943.7498914622
-1464.8301283036 -1479.6165352327 -2000.0000000000
-1464.8301283036 -1479.6165352327 -2000.0000000000
1294.0147671091 407.2814930139 1437.9063499643
538.8763045529 -1855.8240101388 1553.4106004756
538.8763045529 -1855.8240101388 -2000.0000000000
-890.9912112980 794.8455652031 251.7918174795
-890.9912112980 794.8455652031 -2000.0000000000
854.9735015388 -730.6554562432 949.3190327505
854.9735015388 -730.6554562432 -2000.0000000000
854.9735015388 -730.6554562432 -2000.0000000000
854.9735015388 -730.6554562432 -2000.0000000000
854.9735015388 -730.6554562432 -2000.0000000000
854.9735015388 -730.6554562432 -2000.0000000000
854.9735015388 -730.6554562432 -2000.0000000000
854.9735015388 -730.6554562432 -2000.0000000000
286.2907671002 74.0183153134 1037.5639567827
90.5103436497 1852.7735866147 789.9095718519
90.5103436497 1852.7735866147 -2000.0000000000
462.9144543998 1231.7038091638 -950.1609329751
462.9144543998 1231.7038091638 -2000.0000000000
462.9144543998 1231.7038091638 -2000.0000000000
462.9144543998 1231.7038091638 -2000.0000000000
810.8444784264 -238.7076510029 -372.5481633711
810.8444784264 -238.7076510029 -2000.0000000000
810.8444784264 -238.7076510029 -2000.0000000000
810.8444784264 -238.7076510029 -2000.0000000000
-1283.3486687563 -1465.4744551262 -1654.9893476351
-1160.9838377491 -1501.8248536508 218.3125119570
897.5216234895 296.5667313036 906.8909842856
687.9806810345 1806.6817958703 -968.4802738948
867.0534412678 508.9538229384 -948.5032675710
-1254.8443523637 1708.2715031892 972.5425334692
-1254.8443523637 1708.2715031892 -2000.0000000000
-1254.8443523637 1708.2715031892 -2000.0000000000
1959.3699951221 -941.5956024321 1797.3677072944
-152.7229679385 1550.3908208102 -1205.4854911364
1836.4891745110 1973.9146108049 -1459.9845422012
1890.1096550233 -410.8354275370 -562.0921951045
1890.1096550233 -410.8354275370 -2000.0000000000
1890.1096550233 -410.8354275370 -2000.0000000000
-1410.2124976129 237.9525090567 -1757.5289229829
-1410.2124976129 237.9525090567 -2000.0000000000
60.5673102032 1408.1149407020 -1311.3208320001
60.5673102032 1408.1149407020 -2000.0000000000
60.5673102032 1408.1149407020 -2000.0000000000
60.5673102032 1408.1149407020 -2000.0000000000
60.5673102032 1408.1149407020 -2000.0000000000
60.5673102032 1408.1149407020 -2000.0000000000
1184.2858614682 -1365.9553385819 -26.6672506966
1184.2858614682 -1365.9553385819 -2000.0000000000
1184.2858614682 -1365.9553385819 -2000.0000000000
1184.2858614682 -1365.9553385819 -2000.0000000000
1184.2858614682 -1365.9553385819 -2000.0000000000
1184.2858614682 -1365.9553385819 -2000.0000000000
1184.2858614682 -1365.9553385819 -2000.0000000000
1184.2858614682 -1365.9553385819 -2000.0000000000
1184.2858614682 -1365.9553385819 -2000.0000000000
1488.5273772035 1657.9513087161 -251.4387173067
1689.7875699523 -1073.1325065233 984.3640352762
1689.7875699523 -1073.1325065233 -2000.0000000000
1689.7875699523 -1073.1325065233 -2000.0000000000
1689.7875699523 -1073.1325065233 -2000.0000000000
1235.6112967177 -1292.0754518001 1689.8271050254
1235.6112967177 -1292.0754518001 -2000.0000000000
1235.6112967177 -1292.0754518001 -2000.0000000000
1235.6112967177 -1292.0754518001 -2000.0000000000
1235.6112967177 -1292.0754518001 -2000.0000000000
1235.6112967177 -1292.0754518001 -2000.0000000000
514.8311023934 -633.7964608652 811.1491164972
514.8311023934 -633.7964608652 -2000.0000000000
514.8311023934 -633.7964608652 -2000.0000000000
514.8311023934 -633.7964608652 -2000.0000000000
514.8311023934 -633.7964608652 -2000.0000000000
514.8311023934 -633.7964608652 -2000.0000000000
514.8311023934 -633.7964608652 -2000.0000000000
514.8311023934 -633.7964608652 -2000.0000000000
514.8311023934 -633.7964608652 -2000.0000000000
514.8311023934 -633.7964608652 -2000.0000000000
1090.3724798171 -939.3463849595 966.2279572875
1090.3724798171 -939.3463849595 -2000.0000000000
1090.3724798171 -939.3463849595 -2000.0000000000
-288.8143092451 422.9381421674 250.8902983966
-288.8143092451 422.9381421674 -2000.0000000000
-1049.6549976233 1242.4743465731 -53.4574212243
-1049.6549976233 1242.4743465731 -2000.0000000000
-1049.6549976233 1242.4743465731 -2000.0000000000
-1049.6549976233 1242.4743465731 -2000.0000000000
-1049.6549976233 1242.4743465731 -2000.0000000000
-1049.6549976233 1242.4743465731 -2000.0000000000
-1049.6549976233 1242.4743465731 -2000.0000000000
-1049.6549976233 1242.4743465731 -2000.0000000000
-1049.6549976233 1242.4743465731 -2000.0000000000
-1049.6549976233 1242.4743465731 -2000.0000000000
1177.1405883735 -1877.9439068370 -1879.9901398236
1177.1405883735 -1877.9439068370 -2000.0000000000
-1089.4833526738 1450.0290006876 -268.8870132574
-1089.4833526738 1450.0290006876 -2000.0000000000
-1089.4833526738 1450.0290006876 -2000.0000000000
-1089.4833526738 1450.0290006876 -2000.0000000000
-1089.4833526738 1450.0290006876 -2000.0000000000
-1089.4833526738 1450.0290006876 -2000.0000000000
-1089.4833526738 1450.0290006876 -2000.0000000000
-1089.4833526738 1450.0290006876 -2000.0000000000
-1089.4833526738 1450.0290006876 -2000.0000000000
-1089.4833526738 1450.0290006876 -2000.0000000000
-1089.4833526738 1450.0290006876 -2000.0000000000
-1089.4833526738 1450.0290006876 -2000.0000000000
-1405.8768063721 -1943.7539064287 731.7175416049
-704.0195319011 1077.2304256953 1159.2618813972
-178.2566148768 1895.6224158824 -1184.1280265741
1507.8106154978 1159.4791743884 -958.8181979483
1507.8106154978 1159.4791743884 -2000.0000000000
1507.8106154978 1159.4791743884 -2000.0000000000
1507.8106154978 1159.4791743884 -2000.0000000000
1507.8106154978 1159.4791743884 -2000.0000000000
1507.8106154978 1159.4791743884 -2000.0000000000
1507.8106154978 1159.4791743884 -2000.0000000000
1507.8106154978 1159.4791743884 -2000.0000000000
1507.8106154978 1159.4791743884 -2000.0000000000
1507.8106154978 1159.4791743884 -2000.0000000000
1507.8106154978 1159.4791743884 -2000.0000000000
1507.8106154978 1159.4791743884 -2000.0000000000
-1665.2861552921 -700.6956727694 -664.6845947800
-1665.2861552921 -700.6956727694 -2000.0000000000
-812.3158847512 -983.2874237695 1616.9880638516
511.7268032546 -33.8352075921 1246.9708777544
-623.2828569245 1740.9405168846 -1705.0869815877
-623.2828569245 1740.9405168846 -2000.0000000000
-623.2828569245 1740.9405168846 -2000.0000000000
-623.2828569245 1740.9405168846 -2000.0000000000
-623.2828569245 1740.9405168846 -2000.0000000000
1986.8939794352 398.8331591192 852.8034819291
-1964.1062327777 -109.3756291545 1631.5471646448
-1964.1062327777 -109.3756291545 -2000.0000000000
-1964.1062327777 -109.3756291545 -2000.0000000000
-1928.1001525657 -283.7524634907 -316.0841477552
-1928.1001525657 -283.7524634907 -2000.0000000000
-1928.1001525657 -283.7524634907 -2000.0000000000
-1928.1001525657 -283.7524634907 -2000.0000000000
492.6271262982 -1766.2507697101 1992.0391894491
448.5470163090 -702.6740027639 -1784.0289813929
-1047.9791644151 -339.7207403573 -1491.7356974511
-1047.9791644151 -339.7207403573 -2000.0000000000
356.3249396900 -1463.8760173130 181.8006253078
356.3249396900 -1463.8760173130 -2000.0000000000
356.3249396900 -1463.8760173130 -2000.0000000000
356.3249396900 -1463.8760173130 -2000.0000000000
356.3249396900 -1463.8760173130 -2000.0000000000
-811.5271446674 -462.4288048639 1798.5293786961
-811.5271446674 -462.4288048639 -2000.0000000000
-811.5271446674 -462.4288048639 -2000.0000000000
-811.5271446674 -462.4288048639 -2000.0000000000
1575.3057591864 192.1186554103 1336.0723575352
-215.6219301517 395.8742871527 1800.3254446227
-215.6219301517 395.8742871527 -2000.0000000000
-215.6219301517 395.8742871527 -2000.0000000000
-215.6219301517 395.8742871527 -2000.0000000000
-1630.6172166773 78.5784157767 -910.8684910888
-1630.6172166773 78.5784157767 -2000.0000000000
-1410.7473626614 121.7634276480 1989.1461256001
-1410.7473626614 121.7634276480 -2000.0000000000
-921.4950306440 -1258.0110231592 1488.7937536455
-921.4950306440 -1258.0110231592 -2000.0000000000
-611.4636087903 -1234.6911005380 -1670.2359302508
-611.4636087903 -1234.6911005380 -2000.0000000000
-611.4636087903 -1234.6911005380 -2000.0000000000
-1455.5172470295 -544.2791228548 -822.4508391125
-1455.5172470295 -544.2791228548 -2000.0000000000
-1455.5172470295 -544.2791228548 -2000.0000000000
-550.1813256614 1053.7731022698 -665.6461322101
-550.1813256614 1053.7731022698 -2000.0000000000
-550.1813256614 1053.7731022698 -2000.0000000000
-74.0196737265 -925.0677709265 707.1697801494
-74.0196737265 -925.0677709265 -2000.0000000000
-74.0196737265 -925.0677709265 -2000.0000000000
-74.0196737265 -925.0677709265 -2000.0000000000
-74.0196737265 -925.0677709265 -2000.0000000000
-1606.0878229940 -542.4081487894 -477.2209787226
-1606.0878229940 -542.4081487894 -2000.0000000000
1640.5542928535 949.2702496369 -1290.7253133292
1640.5542928535 949.2702496369 -2000.0000000000
1640.5542928535 949.2702496369 -2000.0000000000
1640.5542928535 949.2702496369 -2000.0000000000
1640.5542928535 949.2702496369 -2000.0000000000
1640.5542928535 949.2702496369 -2000.0000000000
1640.5542928535 949.2702496369 -2000.0000000000
1640.5542928535 949.2702496369 -2000.0000000000
1640.5542928535 949.2702496369 -2000.0000000000
1640.5542928535 949.2702496369 -2000.0000000000
1640.5542928535 949.2702496369 -2000.0000000000
1640.5542928535 949.2702496369 -2000.0000000000
1640.5542928535 949.2702496369 -2000.0000000000
1640.5542928535 949.2702496369 -2000.0000000000
1640.5542928535 949.2702496369 -2000.0000000000
1640.5542928535 949.2702496369 -2000.0000000000
-198.9071798103 237.0838903466 1894.0277516611
-1475.6523125741 1136.9423742297 -1106.3782945369
-1152.2784948303 -1604.2880897395 -1142.7307255333
-1152.2784948303 -1604.2880897395 -2000.0000000000
-1152.2784948303 -1604.2880897395 -2000.0000000000
-1152.2784948303 -1604.2880897395 -2000.0000000000
783.5756540147 115.6867055943 -1560.4615868296
783.5756540147 115.6867055943 -2000.0000000000
831.5854673616 943.6472549219 -208.8767382216
831.5854673616 943.6472549219 -2000.0000000000
410.3727737100 1696.4917892023 -302.7050615115
410.3727737100 1696.4917892023 -2000.0000000000
410.3727737100 1696.4917892023 -2000.0000000000
-1226.0276754967 1114.7397065947 -31.6711620828
-1226.0276754967 1114.7397065947 -2000.0000000000
-1226.0276754967 1114.7397065947 -2000.0000000000
218.3061051087 -387.4435173556 1773.4999154946
218.3061051087 -387.4435173556 -2000.0000000000
1381.7192081221 1995.7349294755 -474.3931659698
1381.7192081221 1995.7349294755 -2000.0000000000
1381.7192081221 1995.7349294755 -2000.0000000000
-1860.1466098620 1041.4871004587 1669.3038754693
1916.6747027920 395.2754798066 -866.8533598429
1916.6747027920 395.2754798066 -2000.0000000000
476.5008795624 1693.2997516753 1326.3363071721
476.5008795624 1693.2997516753 -2000.0000000000
476.5008795624 1693.2997516753 -2000.0000000000
476.5008795624 1693.2997516753 -2000.0000000000
56.1215006096 1022.3609080802 1345.7484220450
56.1215006096 1022.3609080802 -2000.0000000000
56.1215006096 1022.3609080802 -2000.0000000000
56.1215006096 1022.3609080802 -2000.0000000000
56.1215006096 1022.3609080802 -2000.0000000000
56.1215006096 1022.3609080802 -2000.0000000000
-636.8095787973 1267.6616289002 299.6781653380
-636.8095787973 1267.6616289002 -2000.0000000000
-636.8095787973 1267.6616289002 -2000.0000000000
-636.8095787973 1267.6616289002 -2000.0000000000
-636.8095787973 1267.6616289002 -2000.0000000000
-1034.7545187221 1147.9373514292 1115.4596242927
-1034.7545187221 1147.9373514292 -2000.0000000000
-1825.3387293919 -159.0636844388 -1855.7911806186
-1825.3387293919 -159.0636844388 -2000.0000000000
-1825.3387293919 -159.0636844388 -2000.0000000000
-1825.3387293919 -159.0636844388 -2000.0000000000
-1825.3387293919 -159.0636844388 -2000.0000000000
452.0862253144 1879.9529469776 1846.7413731892
452.0862253144 1879.9529469776 -2000.0000000000
-881.6532569184 -1083.9090120562 -1913.4397222736
-881.6532569184 -1083.9090120562 -2000.0000000000
-881.6532569184 -1083.9090120562 -2000.0000000000
409.9220311463 -1207.3592442853 -53.9682195443
409.9220311463 -1207.3592442853 -2000.0000000000
409.9220311463 -1207.3592442853 -2000.0000000000
409.9220311463 -1207.3592442853 -2000.0000000000
409.9220311463 -1207.3592442853 -2000.0000000000
409.9220311463 -1207.3592442853 -2000.0000000000
409.9220311463 -1207.3592442853 -2000.0000000000
409.9220311463 -1207.3592442853 -2000.0000000000
409.9220311463 -1207.3592442853 -2000.0000000000
409.9220311463 -1207.3592442853 -2000.0000000000
409.9220311463 -1207.3592442853 -2000.0000000000
409.9220311463 -1207.3592442853 -2000.0000000000
-825.6681420805 1086.0093173622 1059.5198418977
-825.6681420805 1086.0093173622 -2000.0000000000
-825.6681420805 1086.0093173622 -2000.0000000000
-825.6681420805 1086.0093173622 -2000.0000000000
-208.1673269494 -86.3751685506 -1200.6823914624
128.3436000828 1348.7823554538 1754.6905271509
248.0382922872 1859.6889752808 1751.8557528341
248.0382922872 1859.6889752808 -2000.0000000000
248.0382922872 1859.6889752808 -2000.0000000000
248.0382922872 1859.6889752808 -2000.0000000000
-56.7610176259 -960.3321725612 -588.3569670018
-56.7610176259 -960.3321725612 -2000.0000000000
-56.7610176259 -960.3321725612 -2000.0000000000
-56.7610176259 -960.3321725612 -2000.0000000000
-56.7610176259 -960.3321725612 -2000.0000000000
-56.7610176259 -960.3321725612 -2000.0000000000
-56.7610176259 -960.3321725612 -2000.0000000000
-56.7610176259 -960.3321725612 -2000.0000000000
-56.7610176259 -960.3321725612 -2000.0000000000
-56.7610176259 -960.3321725612 -2000.0000000000
118.7423167846 1110.4218036178 -564.8732573078
118.7423167846 1110.4218036178 -2000.0000000000
118.7423167846 1110.4218036178 -2000.0000000000
118.7423167846 1110.4218036178 -2000.0000000000
215.7255119303 -1195.7740199014 1933.7126002166
215.7255119303 -1195.7740199014 -2000.0000000000
215.7255119303 -1195.7740199014 -2000.0000000000
215.7255119303 -1195.7740199014 -2000.0000000000
215.7255119303 -1195.7740199014 -2000.0000000000
320.7119681927 291.5665883904 652.7148690779
320.7119681927 291.5665883904 -2000.0000000000
387.0282814252 -345.9613062056 671.2565801387
387.0282814252 -345.9613062056 -2000.0000000000
752.4098123817 -497.8327837447 -1526.4084562332
163.8307277804 6.4762711627 -897.3781014015
163.8307277804 6.4762711627 -2000.0000000000
163.8307277804 6.4762711627 -2000.0000000000
163.8307277804 6.4762711627 -2000.0000000000
163.8307277804 6.4762711627 -2000.0000000000
163.8307277804 6.4762711627 -2000.0000000000
163.8307277804 6.4762711627 -2000.0000000000
163.8307277804 6.4762711627 -2000.0000000000
1570.7476830432 -284.6374853803 -647.3528190699
-55.3119808384 1996.1182898250 1113.8514620679
-55.3119808384 1996.1182898250 -2000.0000000000
-55.3119808384 1996.1182898250 -2000.0000000000
1193.1268917392 1349.9725731869 1221.7242689979
1193.1268917392 1349.9725731869 -2000.0000000000
1193.1268917392 1349.9725731869 -2000.0000000000
1193.1268917392 1349.9725731869 -2000.0000000000
651.6081804943 -1991.0021469903 -1740.9210663971
651.6081804943 -1991.0021469903 -2000.0000000000
651.6081804943 -1991.0021469903 -2000.0000000000
651.6081804943 -1991.0021469903 -2000.0000000000
651.6081804943 -1991.0021469903 -2000.0000000000
651.6081804943 -1991.0021469903 -2000.0000000000
651.6081804943 -1991.0021469903 -2000.0000000000
651.6081804943 -1991.0021469903 -2000.0000000000
651.6081804943 -1991.0021469903 -2000.0000000000
543.9419405786 241.8106317883 322.8880222070
543.9419405786 241.8106317883 -2000.0000000000
-1061.7592265187 1503.7710792119 -1543.1586258164
-1061.7592265187 1503.7710792119 -2000.0000000000
-1061.7592265187 1503.7710792119 -2000.0000000000
-734.1232601889 -1924.7302340993 1073.2081303760
-1330.5158949433 -417.2516477912 1973.1299083126
-1330.5158949433 -417.2516477912 -2000.0000000000
-1330.5158949433 -417.2516477912 -2000.0000000000
-1330.5158949433 -417.2516477912 -2000.0000000000
71.4082962294 1324.7181159945 1806.1053534573
71.4082962294 1324.7181159945 -2000.0000000000
71.4082962294 1324.7181159945 -2000.0000000000
716.7146136883 234.8502541559 1939.4303093942
716.7146136883 234.8502541559 -2000.0000000000
716.7146136883 234.8502541559 -2000.0000000000
1274.4873964759 1184.1694101444 -1567.3739167100
1274.4873964759 1184.1694101444 -2000.0000000000
-1502.4137244578 -1260.5866798475 -1417.1793829954
-1502.4137244578 -1260.5866798475 -2000.0000000000
-1502.4137244578 -1260.5866798475 -2000.0000000000
-1502.4137244578 -1260.5866798475 -2000.0000000000
203.0562761092 -1967.5663344830 -1216.0824925175
-401.5867767790 -631.7942849608 -1120.5972067071
-401.5867767790 -631.7942849608 -2000.0000000000
-1293.2105538834 1195.9311038615 584.0889269116
-1293.2105538834 1195.9311038615 -2000.0000000000
1065.2481630620 -1762.4147586961 -1860.0733737008
66.4578874582 -1259.0030448129 1924.4093170225
66.4578874582 -1259.0030448129 -2000.0000000000
-639.9781929005 -1429.0786858455 1787.9516711077
-639.9781929005 -1429.0786858455 -2000.0000000000
-639.9781929005 -1429.0786858455 -2000.0000000000
-639.9781929005 -1429.0786858455 -2000.0000000000
-639.9781929005 -1429.0786858455 -2000.0000000000
-639.9781929005 -1429.0786858455 -2000.0000000000
763.1938294535 -167.7753783438 -1299.5712777061
763.1938294535 -167.7753783438 -2000.0000000000
555.9134297572 -1406.0589473366 1028.2085142716
555.9134297572 -1406.0589473366 -2000.0000000000
-312.1360071886 451.6875019461 1545.0016214168
-236.4163139997 1633.3961823028 -1085.0448135971
-236.4163139997 1633.3961823028 -2000.0000000000
-236.4163139997 1633.3961823028 -2000.0000000000
-236.4163139997 1633.3961823028 -2000.0000000000
-997.8147119102 1064.6581989879 312.8040928489
1920.9738907631 -400.6568910222 -1857.3340387758
-262.4621427290 -835.7308490064 1433.2632518945
45.0567862843 -1942.3253018822 712.6541328913
45.0567862843 -1942.3253018822 -2000.0000000000
45.0567862843 -1942.3253018822 -2000.0000000000
45.0567862843 -1942.3253018822 -2000.0000000000
-438.8629380365 101.1229351707 -833.6430514790
-438.8629380365 101.1229351707 -2000.0000000000
-438.8629380365 101.1229351707 -2000.0000000000
-438.8629380365 101.1229351707 -2000.0000000000
-438.8629380365 101.1229351707 -2000.0000000000
-438.8629380365 101.1229351707 -2000.0000000000
-438.8629380365 101.1229351707 -2000.0000000000
-438.8629380365 101.1229351707 -2000.0000000000
-438.8629380365 101.1229351707 -2000.0000000000
-438.8629380365 101.1229351707 -2000.0000000000
-438.8629380365 101.1229351707 -2000.0000000000
-438.8629380365 101.1229351707 -2000.0000000000
-438.8629380365 101.1229351707 -2000.0000000000
-438.8629380365 101.1229351707 -2000.0000000000
-438.8629380365 101.1229351707 -2000.0000000000
-438.8629380365 101.1229351707 -2000.0000000000
-438.8629380365 101.1229351707 -2000.0000000000
16.7698472802 1575.1936966863 1475.5208317461
885.5403581608 502.3894528552 210.7218385244
885.5403581608 502.3894528552 -2000.0000000000
885.5403581608 502.3894528552 -2000.0000000000
885.5403581608 502.3894528552 -2000.0000000000
885.5403581608 502.3894528552 -2000.0000000000
885.5403581608 502.3894528552 -2000.0000000000
1601.1376821317 1209.8703671638 -820.3349647852
1601.1376821317 1209.8703671638 -2000.0000000000
1480.0239330925 -384.7016646619 80.7717105590
1480.0239330925 -384.7016646619 -2000.0000000000
1480.0239330925 -384.7016646619 -2000.0000000000
1183.3772029434 -944.6024960806 1004.4894758681
1183.3772029434 -944.6024960806 -2000.0000000000
1183.3772029434 -944.6024960806 -2000.0000000000
1183.3772029434 -944.6024960806 -2000.0000000000
1183.3772029434 -944.6024960806 -2000.0000000000
-1987.9972208086 978.5127484269 -421.8541634067
-840.7707890683 -395.7794982795 1771.9394533060
-1352.7919305646 -1293.0892640102 803.1442313626
-1352.7919305646 -1293.0892640102 -2000.0000000000
1757.7755138965 70.4519374226 1671.0626398927
-1406.2380266392 -1697.3239494815 375.9799280598
-1406.2380266392 -1697.3239494815 -2000.0000000000
-1406.2380266392 -1697.3239494815 -2000.0000000000
-1406.2380266392 -1697.3239494815 -2000.0000000000
-1406.2380266392 -1697.3239494815 -2000.0000000000
-1406.2380266392 -1697.3239494815 -2000.0000000000
1260.5219554065 -1371.3903267762 -930.8473540207
-140.2014146509 -1324.7569264796 -640.2025693793
-140.2014146509 -1324.7569264796 -2000.0000000000
-140.2014146509 -1324.7569264796 -2000.0000000000
1611.8147963971 1966.6730329985 1719.5587085278
1611.8147963971 1966.6730329985 -2000.0000000000
1611.8147963971 1966.6730329985 -2000.0000000000
1611.8147963971 1966.6730329985 -2000.0000000000
-621.4728162990 1201.3478051055 746.9525024318
-621.4728162990 1201.3478051055 -2000.0000000000
1190.6849121837 86.2718778069 1162.3661131007
428.4131628291 709.6875572426 1750.9308195474
428.4131628291 709.6875572426 -2000.0000000000
246.3181144706 -855.2417029005 1518.3369921215
-1333.3564666124 -1800.8740828956 -100.1520036903
-1333.3564666124 -1800.8740828956 -2000.0000000000
-244.4645003666 -197.8749377461 629.4057133011
-244.4645003666 -197.8749377461 -2000.0000000000
-483.9269267373 -627.7191287775 -373.2887820704
-483.9269267373 -627.7191287775 -2000.0000000000
-483.9269267373 -627.7191287775 -2000.0000000000
-483.9269267373 -627.7191287775 -2000.0000000000
414.4180789686 -1984.7694833593 1891.2109047678
414.4180789686 -1984.7694833593 -2000.0000000000
-693.2149099595 488.7184922066 -1142.1432765022
-693.2149099595 488.7184922066 -2000.0000000000
745.6082536537 -1531.0921280855 -1840.7472105494
745.6082536537 -1531.0921280855 -2000.0000000000
745.6082536537 -1531.0921280855 -2000.0000000000
745.6082536537 -1531.0921280855 -2000.0000000000
992.9430612357 -852.9702540719 463.8274000951
992.9430612357 -852.9702540719 -2000.0000000000
909.9331848353 1153.3702319484 -995.2862846676
-1323.0561086129 1263.1432937438 55.7878577907
-1323.0561086129 1263.1432937438 -2000.0000000000
-1323.0561086129 1263.1432937438 -2000.0000000000
-1323.0561086129 1263.1432937438 -2000.0000000000
-1323.0561086129 1263.1432937438 -2000.0000000000
-1448.3579594820 694.7334504818 1518.9641817466
-1448.3579594820 694.7334504818 -2000.0000000000
-1448.3579594820 694.7334504818 -2000.0000000000
-1448.3579594820 694.7334504818 -2000.0000000000
-1448.3579594820 694.7334504818 -2000.0000000000
-1448.3579594820 694.7334504818 -2000.0000000000
-1448.3579594820 694.7334504818 -2000.0000000000
-1703.2186061958 -1476.7388410844 -264.4916148877
-1703.2186061958 -1476.7388410844 -2000.0000000000
-1703.2186061958 -1476.7388410844 -2000.0000000000
1967.7974310184 939.2959532022 1785.4363113761
-413.8739983100 511.4412573637 -20.0266305277
-413.8739983100 511.4412573637 -2000.0000000000
-413.8739983100 511.4412573637 -2000.0000000000
-413.8739983100 511.4412573637 -2000.0000000000
-413.8739983100 511.4412573637 -2000.0000000000
-413.8739983100 511.4412573637 -2000.0000000000
-413.8739983100 511.4412573637 -2000.0000000000
92.9781351734 1367.3289478999 -1053.5710834109
242.5287841820 -1525.3097834858 -1686.7003242987
242.5287841820 -1525.3097834858 -2000.0000000000
242.5287841820 -1525.3097834858 -2000.0000000000
242.5287841820 -1525.3097834858 -2000.0000000000
242.5287841820 -1525.3097834858 -2000.0000000000
-501.7895259734 -535.7880353488 -154.6944417181
-501.7895259734 -535.7880353488 -2000.0000000000
-663.2513649599 1195.6319267313 868.7712378589
-663.2513649599 1195.6319267313 -2000.0000000000
-663.2513649599 1195.6319267313 -2000.0000000000
-663.2513649599 1195.6319267313 -2000.0000000000
-586.3986670964 434.3211606453 338.6840033997
-586.3986670964 434.3211606453 -2000.0000000000
-586.3986670964 434.3211606453 -2000.0000000000
-586.3986670964 434.3211606453 -2000.0000000000
258.4316042675 1276.1832119617 -1577.4679810491
258.4316042675 1276.1832119617 -2000.0000000000
258.4316042675 1276.1832119617 -2000.0000000000
545.4139060827 1071.2104675851 -682.5380001113
545.4139060827 1071.2104675851 -2000.0000000000
545.4139060827 1071.2104675851 -2000.0000000000
545.4139060827 1071.2104675851 -2000.0000000000
545.4139060827 1071.2104675851 -2000.0000000000
545.4139060827 1071.2104675851 -2000.0000000000
545.4139060827 1071.2104675851 -2000.0000000000
545.4139060827 1071.2104675851 -2000.0000000000
1141.7729876925 -1618.9198437794 -1257.8575229224
1141.7729876925 -1618.9198437794 -2000.0000000000
1141.7729876925 -1618.9198437794 -2000.0000000000
1141.7729876925 -1618.9198437794 -2000.0000000000
1141.7729876925 -1618.9198437794 -2000.0000000000
1141.7729876925 -1618.9198437794 -2000.0000000000
1564.7379298115 1471.1113195621 -301.7531020723
-524.1645723539 251.8636436167 -701.8567793385
-524.1645723539 251.8636436167 -2000.0000000000
-524.1645723539 251.8636436167 -2000.0000000000
-524.1645723539 251.8636436167 -2000.0000000000
-1245.0380724224 -1395.4651697776 86.8167340458
-1245.0380724224 -1395.4651697776 -2000.0000000000
-988.6414725984 1838.5590954890 954.1201632406
-557.4644306899 1604.1965861302 -1586.5179760509
102.9745436927 -43.3024816598 344.4681121611
102.9745436927 -43.3024816598 -2000.0000000000
102.9745436927 -43.3024816598 -2000.0000000000
682.5831472788 -668.6329519419 -1101.2125663673
682.5831472788 -668.6329519419 -2000.0000000000
682.5831472788 -668.6329519419 -2000.0000000000
682.5831472788 -668.6329519419 -2000.0000000000
879.9882147659 -345.5025647591 1324.7901110260
879.9882147659 -345.5025647591 -2000.0000000000
879.9882147659 -345.5025647591 -2000.0000000000
879.9882147659 -345.5025647591 -2000.0000000000
879.9882147659 -345.5025647591 -2000.0000000000
879.9882147659 -345.5025647591 -2000.0000000000
879.9882147659 -345.5025647591 -2000.0000000000
799.6893743365 -527.2418814762 387.0469447401
799.6893743365 -527.2418814762 -2000.0000000000
670.1424343548 -1200.0049676498 -1228.3717198438
1887.4991886199 1853.2001135580 -996.6377773826
1887.4991886199 1853.2001135580 -2000.0000000000
244.3863027168 472.0471552270 -1286.4080047274
244.3863027168 472.0471552270 -2000.0000000000
1450.7847886997 719.3162314732 -1191.8784704692
1450.7847886997 719.3162314732 -2000.0000000000
1450.7847886997 719.3162314732 -2000.0000000000
1450.7847886997 719.3162314732 -2000.0000000000
147.7126338920 -1236.1733893910 -836.8754039359
147.7126338920 -1236.1733893910 -2000.0000000000
147.7126338920 -1236.1733893910 -2000.0000000000
147.7126338920 -1236.1733893910 -2000.0000000000
584.1001140559 898.2877482540 -1394.6969266536
584.1001140559 898.2877482540 -2000.0000000000
584.1001140559 898.2877482540 -2000.0000000000
1944.1051380689 -1451.0651288601 -656.9619497129
1944.1051380689 -1451.0651288601 -2000.0000000000
1944.1051380689 -1451.0651288601 -2000.0000000000
-807.3915653259 1595.1869559544 1957.6306916167
-807.3915653259 1595.1869559544 -2000.0000000000
-807.3915653259 1595.1869559544 -2000.0000000000
-807.3915653259 1595.1869559544 -2000.0000000000
-807.3915653259 1595.1869559544 -2000.0000000000
-807.3915653259 1595.1869559544 -2000.0000000000
-807.3915653259 1595.1869559544 -2000.0000000000
-807.3915653259 1595.1869559544 -2000.0000000000
-807.3915653259 1595.1869559544 -2000.0000000000
-1001.3508222386 1600.7141193886 1394.6091879308
-1001.3508222386 1600.7141193886 -2000.0000000000
-1001.3508222386 1600.7141193886 -2000.0000000000
-1001.3508222386 1600.7141193886 -2000.0000000000
-1001.3508222386 1600.7141193886 -2000.0000000000
1812.1826186597 722.2356012843 -1559.3244575251
1812.1826186597 722.2356012843 -2000.0000000000
1812.1826186597 722.2356012843 -2000.0000000000
-595.7878989743 955.1675565085 -1179.3699723769
522.5263715067 -254.3565111717 1377.2548902630
-278.8602901074 -682.4502590432 1608.6862796801
-278.8602901074 -682.4502590432 -2000.0000000000
-278.8602901074 -682.4502590432 -2000.0000000000
-71.1137867608 -1078.6294110097 1586.0302141697
-71.1137867608 -1078.6294110097 -2000.0000000000
-71.1137867608 -1078.6294110097 -2000.0000000000
-71.1137867608 -1078.6294110097 -2000.0000000000
-71.1137867608 -1078.6294110097 -2000.0000000000
1846.9246657945 -1728.4947292474 -1268.5298725194
1846.9246657945 -1728.4947292474 -2000.0000000000
1846.9246657945 -1728.4947292474 -2000.0000000000
1846.9246657945 -1728.4947292474 -2000.0000000000
1846.9246657945 -1728.4947292474 -2000.0000000000
1846.9246657945 -1728.4947292474 -2000.0000000000
-899.2703794915 -418.1985784303 1071.4861773799
-899.2703794915 -418.1985784303 -2000.0000000000
-899.2703794915 -418.1985784303 -2000.0000000000
-899.2703794915 -418.1985784303 -2000.0000000000
-993.9584264794 -1831.5862285329 79.5246797000
-993.9584264794 -1831.5862285329 -2000.0000000000
-993.9584264794 -1831.5862285329 -2000.0000000000
-1654.2205927682 -1761.6631108370 1754.0219330138
1066.2732296276 1239.4647957000 127.8844658345
1450.9100082886 -1405.6321921979 1690.0259207953
1450.9100082886 -1405.6321921979 -2000.0000000000
1450.9100082886 -1405.6321921979 -2000.0000000000
348.9822752314 -1091.3056201286 619.4003777560
348.9822752314 -1091.3056201286 -2000.0000000000
-173.3106426099 -872.1658804716 618.3808635539
-173.3106426099 -872.1658804716 -2000.0000000000
-1330.4893454840 872.0695841050 1780.1433821868
-1330.4893454840 872.0695841050 -2000.0000000000
-1330.4893454840 872.0695841050 -2000.0000000000
-1330.4893454840 872.0695841050 -2000.0000000000
-1330.4893454840 872.0695841050 -2000.0000000000
-1330.4893454840 872.0695841050 -2000.0000000000
-1330.4893454840 872.0695841050 -2000.0000000000
-485.0129172327 198.1040892972 -1.7280082094
-1511.0322373842 1011.8392090319 1269.2717072354
-1511.0322373842 1011.8392090319 -2000.0000000000
-1511.0322373842 1011.8392090319 -2000.0000000000
1367.3884336260 1331.7549577500 1449.8552347110
-1064.0271857916 607.1777248150 369.8537751993
-1064.0271857916 607.1777248150 -2000.0000000000
-1064.0271857916 607.1777248150 -2000.0000000000
-1064.0271857916 607.1777248150 -2000.0000000000
-1064.0271857916 607.1777248150 -2000.0000000000
-1064.0271857916 607.1777248150 -2000.0000000000
-1064.0271857916 607.1777248150 -2000.0000000000
-1064.0271857916 607.1777248150 -2000.0000000000
912.4406753978 299.1097719929 -1780.8031849977
-498.4847661233 -217.7850714087 -1527.4727224898
-498.4847661233 -217.7850714087 -2000.0000000000
-498.4847661233 -217.7850714087 -2000.0000000000
-498.4847661233 -217.7850714087 -2000.0000000000
-1959.0788798431 1821.8980600444 -1192.5557616740
-1959.0788798431 1821.8980600444 -2000.0000000000
-1959.0788798431 1821.8980600444 -2000.0000000000
-1959.0788798431 1821.8980600444 -2000.0000000000
-1292.6654157709 152.4306957245 1126.1491830562
1734.8887942653 724.4303321185 -1795.6139370582
1734.8887942653 724.4303321185 -2000.0000000000
-359.1802772530 40.7613043994 1634.1669397612
-359.1802772530 40.7613043994 -2000.0000000000
-359.1802772530 40.7613043994 -2000.0000000000
-359.1802772530 40.7613043994 -2000.0000000000
1293.4359003755 1551.9925141609 468.9345505760
1293.4359003755 1551.9925141609 -2000.0000000000
-1316.7531896641 438.3371848130 347.3428759132
-1316.7531896641 438.3371848130 -2000.0000000000
-1316.7531896641 438.3371848130 -2000.0000000000
423.6815229957 -854.0841578261 1859.2184941310
423.6815229957 -854.0841578261 -2000.0000000000
423.6815229957 -854.0841578261 -2000.0000000000
1112.9596301903 1293.8824910597 499.1017857885
1112.9596301903 1293.8824910597 -2000.0000000000
-1284.0900970572 -1625.6272116013 1579.9627767861
-932.9026825117 38.9016976415 47.9099738867
-932.9026825117 38.9016976415 -2000.0000000000
-932.9026825117 38.9016976415 -2000.0000000000
-932.9026825117 38.9016976415 -2000.0000000000
-932.9026825117 38.9016976415 -2000.0000000000
-932.9026825117 38.9016976415 -2000.0000000000
-932.9026825117 38.9016976415 -2000.0000000000
-932.9026825117 38.9016976415 -2000.0000000000
221.3595883270 -882.8108201273 -903.5267543486
221.3595883270 -882.8108201273 -2000.0000000000
221.3595883270 -882.8108201273 -2000.0000000000
-1573.0276373268 -1375.3665312137 -1304.8057134505
-1573.0276373268 -1375.3665312137 -2000.0000000000
166.6479134472 829.4995110716 1784.5337386470
166.6479134472 829.4995110716 -2000.0000000000
-136.1224679807 1387.8616384033 -225.5539680146
-136.1224679807 1387.8616384033 -2000.0000000000
-136.1224679807 1387.8616384033 -2000.0000000000
-136.1224679807 1387.8616384033 -2000.0000000000
-1759.7403354644 977.2008084847 1758.3687020546
-1759.7403354644 977.2008084847 -2000.0000000000
-1759.7403354644 977.2008084847 -2000.0000000000
-1759.7403354644 977.2008084847 -2000.0000000000
-90.2350992136 1889.1436103153 420.3711495365
-90.2350992136 1889.1436103153 -2000.0000000000
-90.2350992136 1889.1436103153 -2000.0000000000
-90.2350992136 1889.1436103153 -2000.0000000000
-90.2350992136 1889.1436103153 -2000.0000000000
1971.3189163367 -1904.1361255741 -888.4125100930
