-17.9854670870 31.4099992041 93.2198204443
-38.2558698338 -46.9305408096 79.5865111848
34.1955108799 -28.6866291728 89.4860008178
-4.7415501099 28.4278233114 95.7568617089
-91.7042571318 31.2692669386 24.7499933138
29.7379691180 -51.3870340736 80.4675457675
25.0852146135 51.4514927894 81.9968041910
46.1338985415 48.7698465607 74.1158921676
49.5209802980 47.8987658485 72.4802093024
9.5214161360 -23.6661766451 96.6915441896
67.3085752499 -73.9451285706 1.2936995394
-54.2011377421 -52.6182626775 65.5252249157
58.5451075465 68.2261605881 43.7911108990
40.0068792298 -58.7605635409 70.3323950015
-18.2915832573 -47.7002206496 85.9657311487
14.4473720418 95.9323749989 24.2539247992
-85.8362304250 2.1242167862 51.2604062554
37.5375240229 45.8341734536 80.5615468698
-0.6768093816 -4.8151078726 99.8817133675
52.7922238387 -21.2584408126 82.2256638549
-44.8936209886 85.5251210859 25.8846761189
28.4682844705 32.7107279894 90.1086291856
4.8686169151 -97.8321573226 20.1287248213
-47.1950319427 -2.1842240581 88.1354532818
4.0611236416 -23.9744973491 96.9986121118
-57.4621513883 2.8436741592 81.7925098961
-42.4262731718 -10.3549103754 89.9599198303
-23.5707723098 -12.5078838500 96.3741227421
89.6412276450 22.1972034412 38.3631915472
-18.5030130239 16.5944302456 96.8620843977
-21.3177392744 -66.0990263347 71.9477081625
24.7363743341 -25.8194110010 93.3888098241
7.1511711265 4.8314463125 99.6268933474
-79.0543840493 9.5538016382 60.4907367854
0.3011864763 3.6438973210 99.9331341399
-97.1383411242 8.8714578683 22.0327011266
98.2193765581 -15.8636729895 10.0646881628
20.8158164358 -6.6283262105 97.5846662020
-27.4034402584 -66.7398094460 69.2448503293
30.1392316070 -79.3073518140 52.9336439932
46.0825608155 -77.1984108261 43.7813082789
7.9005058659 -9.8483367194 99.1997594298
1.5337422937 0.0958132507 99.9881915748
2.2615821983 -21.9076291803 97.5445592007
65.8942703782 -24.1914360280 71.2230268539
-17.4791102136 -10.6541184801 97.8824318535
20.3986840608 14.4025588220 96.8321227071
8.6499533077 -95.9158131505 26.9320458831
-4.9263932240 6.0150504910 99.6972909230
83.2572706190 -54.6623550073 8.9584504314
60.0770781607 41.8461234374 68.1149516108
84.1960984596 9.7988865263 53.0565625255
-43.9050482723 66.2685087928 60.6698564246
-48.9799108141 -28.3849141234 82.4333972784
-87.1967347326 23.5465603856 42.9218935507
81.6255888411 -57.7105455410 2.5992652258
0.1506839403 2.8941665912 99.9579966491
-42.4005373608 -48.7322954591 76.3371325817
2.0985444139 -74.1263287762 67.0886241736
-6.3066634731 -1.9264070590 99.7823378744
-15.4089984865 69.7405287366 69.9915810450
-84.9084185592 -46.6943756233 24.7021404522
-63.5748528921 -73.5335429785 23.4745849118
8.6765286769 44.2172229685 89.2723643860
-3.7429133868 -32.0573515983 94.6483851309
-89.8792353844 10.4456731591 42.5747690419
-7.0250986955 45.7868409027 88.6239989420
79.3424145587 55.5931670832 24.7826759179
17.3645064734 68.8014070643 70.4616228943
-12.7526293837 32.3906845565 93.7454745455
-74.7484567527 50.8584186259 42.7327680821
-1.3192923778 -1.4483719218 99.9808065901
65.1000157849 -39.4820324680 64.8317596322
-3.6849480723 -15.8529917599 98.6666296676
-24.6955343449 -9.5058126577 96.4353156740
-95.8758663252 -27.2176871483 8.1863155743
-30.6994351733 11.8820307014 94.4264900674
-87.4260920537 29.2636762816 38.7339086423
75.3722016952 52.3363538173 39.7484248836
-9.7186964379 -12.2212541413 98.7734169033
-21.5273544141 -25.7867056645 94.1892712728
-29.6616910782 -57.2192607131 76.4600567998
31.9584502326 -22.6022099943 92.0206366100
25.8961902003 23.8503630470 93.5977965319
-8.9062073175 26.3620761301 96.0506138103
23.5799505135 82.9804370770 50.5789778098
37.3718886524 -37.5729023708 84.8034135279
-91.0475898249 32.0764240323 26.1043944266
-4.0954879220 -99.0934281888 12.7952908712
1.5560879830 64.9007200654 76.0623108062
-7.7622813844 -12.9870256118 98.8487943956
-87.9746428983 15.2168276195 45.0434275351
-37.3104276372 -45.5400047568 80.8334086642
-19.2918140673 -62.8060734282 75.3871544133
35.5348656722 -3.9791883051 93.3886469657
-89.6896468747 -1.3505146144 44.2034314704
96.3054402204 26.8896020305 1.4871067905
42.6675832550 20.2262831402 88.1497294920
-90.2713701471 -38.1348728779 19.9201205408
-35.1067912648 -9.1864404090 93.1832738194
