-50.4671537116 -83.3620213228 22.4463760378
34.7239824010 -58.6878580453 73.1435599644
-45.1501433937 57.3650129701 68.3426648476
61.9988978670 76.8507091284 15.8147137101
72.7941814281 68.4961731798 3.0465406502
7.8160750483 95.2753467924 29.3516143410
32.7003270708 -15.8875551001 93.1572552322
-32.6656343959 72.6213527965 60.4904574914
86.5767564097 -32.5532089238 38.0099176313
-24.0770708109 44.3492858225 86.3332815790
-67.2706753699 49.8093905325 54.7145396586
85.5062592025 11.5415500029 50.5516791089
7.8279179531 -37.7838291830 92.2556553973
-19.9735759733 -10.7824147489 97.3899162902
77.6941939711 -60.4111709849 17.7229411617
-3.9654558699 6.4127210563 99.7153557302
83.8182429446 -50.8115385942 19.8163996570
1.3198589367 -46.0278067011 88.7676685661
26.9059560754 47.3734156914 83.8560016540
24.5543644802 9.5367086291 96.4683076119
35.0828162959 -56.9702178561 74.3208603165
-15.1252713683 -92.6016262183 34.5856182215
77.5532429734 24.9688711062 57.9831870459
12.2164683238 78.9455904229 60.1527360514
-80.4614318442 0.0689650857 59.3797375323
0.2492172883 -0.0396370049 99.9996815977
-86.3723605617 7.6656785912 49.8101666603
-28.3541608974 86.8351735915 40.6902222547
-92.3332007189 9.3254344370 37.2507223765
87.4902947994 -32.0293761481 36.3258500172
-16.6659049813 -2.6113345126 98.5668734577
-98.5362221306 -4.9270690026 16.3198320849
-1.2754410956 58.5084376642 81.0872121367
-75.2406650162 -60.7703828569 25.4126522691
-16.8834685249 5.1756481247 98.4284570491
-76.8638563975 -52.5762311681 36.4374463411
39.2474659612 -90.5801313484 15.9648432670
-80.9200678576 57.9413655723 9.7334872244
70.9269771602 -0.9448949119 70.4873824490
-19.7634185416 -17.3465404826 96.4805929751
-74.2882872898 42.6685053910 51.5814794208
56.3815736432 13.5213372432 81.4757116733
34.6981597244 55.8144190393 75.3710046307
-36.5453876178 30.4522958305 87.9607430762
7.8939936080 -0.9586760500 99.6833276188
-31.3566008134 -16.7145629327 93.4739908819
-24.7442139128 82.5910062086 50.6601378925
-5.3801975416 4.9961754595 99.7300942805
-77.6038313791 33.1037909905 53.6822538400
-19.0482268315 -95.3466496600 23.3705253083
7.1252556240 -51.5527174432 85.3905618702
-18.2013878135 -2.0769834891 98.3076579990
-72.4630919725 -37.4625219899 57.8416782946
-1.3005437904 20.3673631401 97.8952455667
89.2111559857 -5.9403748817 44.7893022267
-11.3156807595 94.9127413240 29.3858282732
58.9754866295 -71.9334583902 36.7078948025
28.9543346851 -68.2798041720 67.0784230970
31.9140156340 58.3684060125 74.6634099521
21.6417693092 27.6208570731 93.6414548996
-38.0635934862 66.9035707292 63.8363147010
-69.1059016308 70.7931366783 14.5844492198
-99.5665916868 5.1232218526 7.7618565901
-74.3648500946 -37.8642077036 55.1014595577
1.3416122328 17.2776187404 98.4869735918
-37.2853866975 -44.1216765552 81.6276766592
5.8745133873 -1.7317009157 99.8122803286
70.1259754443 33.0023957524 63.1916880815
-11.2285199771 62.0725521085 77.5945785082
8.0425066018 81.1491766019 57.8803008319
81.4870766471 -56.8471330911 11.3251842732
1.2171223468 -7.3391723865 99.7228918648
24.8819201337 87.0434774797 42.4773242883
64.1224113448 69.0056120607 33.5639965955
-5.2330290531 -0.8356110881 99.8594870858
-6.7739008772 -2.1488856050 99.7471631555
8.3770481643 31.3531606354 94.5875487695
-62.5883745786 -52.5157721648 57.6609837025
-11.4484006588 -0.8276857500 99.3390610921
11.5780942869 -94.6035273915 30.2674798715
-15.3841293225 -98.8080608568 0.5437597954
-6.8392590612 84.8944691752 52.4037559622
-14.8649655169 77.6959109639 61.1749803406
-27.3253817812 -10.9417635230 95.5698766428
52.2102379038 50.2756334823 68.8944971386
6.1470831231 21.7840670054 97.4046600209
-22.6674699461 -75.9223924932 61.0080004946
0.0715538177 86.3069302441 50.5085009864
80.6425457375 -8.2378017341 58.5569674724
2.7723559689 99.8460365605 4.8044797374
-53.2653161275 -55.4092438958 63.9736022804
42.6374602553 80.0036417439 42.2073961611
84.2290283366 38.1472514406 38.0822529927
23.1526287051 -92.7081007209 29.4815848416
-0.8317893287 13.5897323226 99.0688008503
88.7770435264 35.9151314376 28.7878425125
-66.2680148619 -23.2073669930 71.2037100404
56.9418712170 -17.9329860105 80.2248796512
-39.7026508902 -39.3524281372 82.9161378261
9.9013990354 2.2321084970 99.4835664258
