0.7160542795 -67.5051932773 73.7735463893
71.9644764629 18.2141047557 67.0026903592
83.4314252469 37.2817778809 40.6111600341
87.8614629124 -46.1333207894 12.3320739467
-16.6016281533 -84.4991300650 50.8358432694
-58.6844004305 -31.5180826128 74.5838562594
21.2480037243 -44.8624506003 86.8094629857
39.2780382373 -33.2416938850 85.7451193940
-28.4511800889 50.5746001331 81.4416366052
38.1410520719 -92.1013897264 7.9116469403
54.8824415716 36.2699280603 75.3154029774
-47.1477457836 13.0143731838 87.2222228458
-16.3355818696 56.7813131740 80.6785674093
58.1699347230 -62.4704431852 52.0932089871
-9.5061434126 -51.9600271377 84.9104753094
-24.1219843850 -79.0906947577 56.2387043953
54.7964887001 69.6124706897 46.3837121264
72.0060553883 -69.2447918612 4.5040856481
64.1431877846 -73.2771772520 22.7179830710
-72.8452589889 49.9567769925 46.8816453995
-84.1965145349 -50.7208383402 18.3941158591
-59.3760201580 21.2916043301 77.5961069594
-12.4123819338 16.1238202170 97.9078913895
-68.8032294780 -29.0389970305 66.5045281530
51.4853431317 -52.8200419169 67.5226081732
34.7336588573 -25.8584760963 90.1382946164
53.5275608662 54.7429727726 64.3273437951
33.2879832314 -47.3512817270 81.5460991783
81.6186370755 8.7885025873 57.1065697114
-25.3849530223 72.3601003810 64.1842662410
-33.8397035582 25.4515161117 90.5930173397
16.3605434020 -28.3098140931 94.5033705516
13.4062265208 6.8940438799 98.8571962452
-47.8416175083 57.9250781466 65.9989769307
-49.4318141280 -84.9790124980 18.3047312702
38.6277679972 -11.7377646684 91.4883622115
50.3697271197 30.4716728792 80.8354361764
69.9360313606 63.6535730486 32.5142146710
0.5400500181 -1.7210908980 99.9837296369
-68.0527246643 -1.0660047939 73.2645227893
13.6907359237 88.3151237907 44.8664981886
25.0357593461 15.8619851410 95.5071106324
88.7798047536 12.6858210368 44.2404363962
-55.0651968696 56.7812140812 61.1859282938
-88.8977103541 -1.2869140462 45.7770788281
10.0810780738 -4.1793775306 99.4027397426
1.1956920805 43.1821315836 90.1879916194
28.5405413944 89.9860719252 32.9840015217
-48.1711379626 87.6285534590 0.8820918727
96.8231008108 3.0124519482 24.8236234794
87.5431522909 42.6663020156 22.7108599417
-14.1906586870 3.7700635675 98.9161858683
76.9986336553 38.9727042255 50.5206763669
37.0640068744 53.8515018435 75.6721556692
-4.1944004353 -87.8728609382 47.5475269128
-6.2648241482 -16.2188770645 98.4769008710
-0.9271030199 -31.9853711331 94.7421580579
10.6715613886 -13.3849721742 98.5239072379
-46.1802013341 77.7120013326 42.7578513682
78.1671371307 -3.1195693005 62.2909861871
95.3319903446 -29.9018486441 4.2060747253
-90.9410320140 -40.0919546970 11.0618201395
38.8922669021 83.6053938117 38.6979288956
-34.8012193494 -14.0262389756 92.6937956499
11.5205866153 -70.3135975397 70.1660465258
-55.5410658286 70.0899832827 44.7502430167
-21.6233053198 7.5898057420 97.3387256740
53.9629850962 75.3394175431 37.5761680294
20.3755405121 -24.2831154760 94.8428576732
67.0479142235 45.6804030059 58.4626203612
-16.8850282101 -63.2366039892 75.6044161294
42.9017614518 -34.9640248657 83.2883895241
0.8291218530 -4.2594814438 99.9058025081
-9.5940192195 98.4800282456 14.4789099021
63.4544652051 33.1651375936 69.8112060771
15.3163998274 -29.3734938094 94.3536207984
5.8870349838 -1.4818594258 99.8155644764
-68.5555291214 -5.9265907684 72.5604227437
-30.6833701367 10.3028084053 94.6170330121
44.4645884875 44.5266294662 77.7192359652
36.3225704237 3.9709085910 93.0854594594
82.6035247073 54.5621742789 14.1289364034
64.9871525788 -64.5384808500 40.1429257686
-44.8340425898 0.6082686381 89.3842191571
65.4458385765 -11.5945020135 74.7155254018
-8.5371206238 -36.1000753205 92.8649672014
86.5403459518 37.5428861805 33.1858436654
-92.1401725554 30.6066568053 23.9462139109
52.7036024616 -60.6689491501 59.5114182035
63.6002299279 76.9292450508 6.0747023818
-12.9920719876 68.6964048394 71.4983218517
-94.4994671764 -32.7079196912 0.2066224656
-69.5354744474 -70.8063359104 12.2996174053
-6.1899075447 -4.3709156159 99.7124873888
92.7482536854 -23.6019480898 28.9949906823
28.7288647970 53.3932559244 79.5224028137
-2.9751618887 -16.5041167360 98.5837843791
-8.1071534559 -55.8648784025 82.5432578950
-62.7449357242 -45.6849095965 63.0552303630
-52.3688895390 -20.0545221117 82.7968329788
